2 0.33125 0.6781248125 0.328125 0.6812503765625 0.3265625 0.6812503765625 0.325 0.68281278125 0.325 0.6875 0.3234375 0.6890624062499999 0.3234375 0.7125 0.325 0.71406240625 0.325 0.7218751875 0.3265625 0.72343759375 0.3265625 0.725 0.3296875 0.7281248125 0.33125 0.7281248125 0.3328125 0.72968721875 0.3578125 0.72968721875 0.359375 0.7312503765625 0.375 0.7312503765625 0.3765625 0.72968721875 0.378125 0.72968721875 0.378125 0.7281248125 0.3796875 0.72656240625 0.3796875 0.72343759375 0.38125 0.7218751875 0.38125 0.72031278125 0.3828125 0.7187503765625001 0.384375 0.7187503765625001 0.384375 0.70156240625 0.3828125 0.70156240625 0.38125 0.7 0.375 0.7 0.371875 0.6968751875 0.3703125 0.6968751875 0.36875 0.69531278125 0.3671875 0.69531278125 0.365625 0.6937503765625 0.3640625 0.6937503765625 0.3609375 0.6906248125000001 0.3609375 0.68281278125 0.359375 0.6812503765625 0.3578125 0.6812503765625 0.3546875 0.6781248125 0.3546875 0.67343759375 0.3359375 0.67343759375 0.334375 0.675 0.3328125 0.675 0.33125 0.67656240625 0.33125 0.6781248125
34 0.48125 0.40781278125 0.4796875 0.40937518749999996 0.4796875 0.42968721875 0.48125 0.43125037656250004 0.48125 0.43281278125 0.484375 0.43593759375 0.5140625 0.43593759375 0.5171875 0.43281278125 0.5171875 0.43125037656250004 0.5203125 0.4281248125 0.5203125 0.4062503765625 0.51875 0.40468721875 0.51875 0.40312481250000004 0.5171875 0.40156240624999995 0.5171875 0.39531278125 0.509375 0.3875 0.5078125 0.3875 0.5046875 0.3843751875 0.5046875 0.38281278125 0.4890625 0.38281278125 0.484375 0.3875 0.4828125 0.3875 0.48125 0.38906240625 0.48125 0.40781278125
30 0.7 0.43906240625 0.7 0.45312481250000003 0.6984375 0.45468721875 0.6984375 0.475 0.7 0.47656240624999996 0.7 0.4812503765625 0.7015625 0.48281278125 0.7015625 0.48437518749999997 0.703125 0.48437518749999997 0.7046875 0.48593759375 0.734375 0.48593759375 0.7359375 0.48437518749999997 0.7359375 0.48281278125 0.7390625 0.47968721875 0.740625 0.47968721875 0.740625 0.44218721875 0.7390625 0.4406248125 0.7390625 0.43906240625 0.7359375 0.43593759375 0.7359375 0.43281278125 0.734375 0.43125037656250004 0.734375 0.42968721875 0.703125 0.42968721875 0.703125 0.43281278125 0.7015625 0.4343751875 0.7015625 0.4375 0.7 0.43906240625
2 0.61875 0.29843759375 0.6171875 0.3 0.6171875 0.325 0.61875 0.32656240625 0.61875 0.3312503765625 0.6203125 0.33281278125 0.6203125 0.3343751875 0.621875 0.3343751875 0.6234375 0.33593759375 0.6234375 0.3375 0.625 0.33906240625 0.625 0.3406248125 0.6265625 0.34218721875 0.6640625 0.34218721875 0.6703125 0.33593759375 0.671875 0.33593759375 0.675 0.33281278125 0.675 0.3312503765625 0.6765625 0.32968721875 0.678125 0.32968721875 0.678125 0.3187503765625 0.675 0.31562481249999996 0.675 0.31406240625000004 0.6734375 0.31406240625000004 0.671875 0.3125 0.6703125 0.3125 0.6671875 0.30937518750000004 0.6671875 0.30781278125 0.6625 0.3031248125 0.6625 0.30156240625 0.6609375 0.3 0.659375 0.3 0.6546875 0.29531278125 0.6546875 0.29218721875 0.65 0.2875 0.6484375 0.2875 0.646875 0.28593759375 0.6453125 0.28593759375 0.64375 0.2843751875 0.625 0.2843751875 0.621875 0.2875 0.6203125 0.2875 0.61875 0.28906240625 0.61875 0.29843759375
0 0.696875 0.3 0.6953125 0.30156240625 0.69375 0.30156240625 0.69375 0.3031248125 0.6921875 0.30468721875 0.690625 0.30468721875 0.68125 0.31406240625000004 0.68125 0.3218751875 0.6796875 0.32343759375 0.6796875 0.3281248125 0.678125 0.32968721875 0.678125 0.3312503765625 0.6765625 0.33281278125 0.6765625 0.3343751875 0.6734375 0.3375 0.671875 0.3375 0.665625 0.34375037656249996 0.6640625 0.34375037656249996 0.659375 0.34843759375 0.659375 0.42187518749999997 0.6640625 0.42656240624999997 0.6640625 0.4281248125 0.665625 0.4281248125 0.6671875 0.42968721875 0.66875 0.42968721875 0.6703125 0.43125037656250004 0.671875 0.43125037656250004 0.675 0.4343751875 0.678125 0.4343751875 0.6796875 0.43593759375 0.7 0.43593759375 0.7015625 0.4343751875 0.703125 0.4343751875 0.7078125 0.42968721875 0.709375 0.42968721875 0.7109375 0.4281248125 0.7140625 0.4281248125 0.715625 0.42656240624999997 0.7171875 0.4281248125 0.7296875 0.4281248125 0.73125 0.42968721875 0.734375 0.42968721875 0.7359375 0.43125037656250004 0.7390625 0.43125037656250004 0.740625 0.43281278125 0.7421875 0.43281278125 0.74375 0.4343751875 0.7484375 0.4343751875 0.7515625 0.43125037656250004 0.7609375 0.43125037656250004 0.7625 0.42968721875 0.7703125 0.42968721875 0.7765625 0.42343759375 0.778125 0.42343759375 0.7796875 0.42187518749999997 0.7796875 0.41093759375000005 0.78125 0.40937518749999996 0.78125 0.38281278125 0.7796875 0.3812503765625 0.7796875 0.32656240625 0.775 0.3218751875 0.775 0.32031278125 0.7734375 0.32031278125 0.771875 0.3187503765625 0.7703125 0.3187503765625 0.7640625 0.3125 0.759375 0.3125 0.753125 0.3062503765625 0.7515625 0.3062503765625 0.746875 0.30156240625 0.7453125 0.30156240625 0.74375 0.3 0.740625 0.3 0.7359375 0.29531278125 0.734375 0.29531278125 0.7328125 0.29375037656249997 0.7078125 0.29375037656249997 0.703125 0.29843759375 0.7015625 0.29843759375 0.7 0.3 0.696875 0.3
30 0.70625 0.1468751875 0.703125 0.15 0.7015625 0.15 0.7 0.15156240625 0.7 0.19062481250000002 0.7015625 0.19218721875 0.703125 0.19218721875 0.7046875 0.1937503765625 0.70625 0.1937503765625 0.709375 0.1968751875 0.7296875 0.1968751875 0.7328125 0.1937503765625 0.734375 0.1937503765625 0.7359375 0.19218721875 0.7375 0.19218721875 0.7390625 0.19062481250000002 0.740625 0.19062481250000002 0.740625 0.18906240624999998 0.7421875 0.1875 0.7421875 0.15781278125 0.740625 0.15625037656250002 0.7390625 0.15625037656250002 0.7359375 0.1531248125 0.7359375 0.15156240625 0.734375 0.15 0.7328125 0.15 0.7296875 0.1468751875 0.7296875 0.14531278125 0.728125 0.1437503765625 0.7265625 0.1437503765625 0.7234375 0.1406248125 0.7234375 0.13906240625 0.7109375 0.13906240625 0.7078125 0.14218721875 0.7078125 0.1437503765625 0.70625 0.14531278125 0.70625 0.1468751875
0 0.4734375 0.7375 0.471875 0.73906240625 0.4703125 0.73906240625 0.4703125 0.7406248125 0.46875 0.74218721875 0.4671875 0.74218721875 0.465625 0.7437503765625 0.4640625 0.7437503765625 0.4625 0.74531278125 0.4609375 0.74531278125 0.4578125 0.7484375937500001 0.45625 0.7484375937500001 0.4546875 0.75 0.4515625 0.75 0.446875 0.75468721875 0.4453125 0.75468721875 0.4421875 0.75781278125 0.4421875 0.7593751875 0.4390625 0.7625 0.4390625 0.85468721875 0.4515625 0.86718721875 0.453125 0.86718721875 0.4546875 0.8687503765625 0.45625 0.8687503765625 0.459375 0.8718751875 0.4609375 0.8718751875 0.4625 0.87343759375 0.465625 0.87343759375 0.471875 0.87968721875 0.4734375 0.87968721875 0.4765625 0.88281278125 0.478125 0.88281278125 0.4828125 0.8875 0.484375 0.8875 0.490625 0.8937503765624999 0.4921875 0.8937503765624999 0.4953125 0.8968751875000001 0.5046875 0.8968751875000001 0.5078125 0.8937503765624999 0.509375 0.8937503765624999 0.5125 0.8906248124999999 0.5125 0.8890624062500001 0.5140625 0.8875 0.515625 0.8875 0.5234375 0.87968721875 0.525 0.87968721875 0.5296875 0.875 0.5328125 0.875 0.534375 0.87343759375 0.5390625 0.87343759375 0.5453125 0.86718721875 0.546875 0.86718721875 0.553125 0.8609375937499999 0.5546875 0.8609375937499999 0.55625 0.8593751875000001 0.5578125 0.8593751875000001 0.559375 0.85781278125 0.559375 0.8562503765624999 0.5625 0.8531248124999999 0.5625 0.85156240625 0.5640625 0.85 0.5640625 0.79843759375 0.5625 0.7968751875 0.5625 0.7875 0.5609375 0.78593759375 0.5609375 0.775 0.559375 0.77343759375 0.559375 0.77031278125 0.55625 0.76718721875 0.55625 0.7656248125 0.546875 0.7562503765625 0.5453125 0.7562503765625 0.54375 0.75468721875 0.5421875 0.75468721875 0.5375 0.75 0.5359375 0.75 0.534375 0.7484375937500001 0.5328125 0.7484375937500001 0.528125 0.7437503765625 0.5265625 0.7437503765625 0.521875 0.73906240625 0.5203125 0.73906240625 0.5171875 0.73593759375 0.515625 0.73593759375 0.5109375 0.7312503765625 0.509375 0.7312503765625 0.5078125 0.72968721875 0.4875 0.72968721875 0.4859375 0.7312503765625 0.4828125 0.7312503765625 0.4765625 0.7375 0.4734375 0.7375
17 0.4015625 0.29843759375 0.3984375 0.30156240625 0.396875 0.30156240625 0.3921875 0.3062503765625 0.390625 0.3062503765625 0.3890625 0.30781278125 0.3875 0.30781278125 0.3828125 0.3125 0.38125 0.3125 0.38125 0.31406240625000004 0.378125 0.31718721875 0.3765625 0.31718721875 0.375 0.3187503765625 0.371875 0.3187503765625 0.3625 0.3281248125 0.3625 0.3875 0.3640625 0.38906240625 0.3640625 0.3906248125 0.36875 0.39531278125 0.36875 0.39843759375 0.3703125 0.4 0.3703125 0.40156240624999995 0.3734375 0.40468721875 0.3734375 0.4062503765625 0.375 0.40781278125 0.375 0.42656240624999997 0.384375 0.43593759375 0.3875 0.43593759375 0.3890625 0.4375 0.3921875 0.4375 0.3953125 0.4406248125 0.3984375 0.4406248125 0.4 0.44218721875 0.403125 0.44218721875 0.4046875 0.44375037656250005 0.40625 0.44375037656250005 0.4078125 0.44531278125 0.409375 0.44531278125 0.4109375 0.4468751875 0.4140625 0.4468751875 0.415625 0.44843759375000003 0.4203125 0.44843759375000003 0.421875 0.45 0.428125 0.45 0.4296875 0.45156240625 0.4328125 0.45156240625 0.434375 0.45 0.4359375 0.45 0.4375 0.44843759375000003 0.4390625 0.44843759375000003 0.440625 0.4468751875 0.4453125 0.4468751875 0.446875 0.44531278125 0.4484375 0.44531278125 0.45 0.44375037656250005 0.453125 0.44375037656250005 0.4546875 0.44218721875 0.4578125 0.44218721875 0.459375 0.4406248125 0.4609375 0.4406248125 0.465625 0.43593759375 0.46875 0.43593759375 0.4703125 0.4343751875 0.471875 0.4343751875 0.471875 0.43281278125 0.4734375 0.43125037656250004 0.4734375 0.4281248125 0.475 0.42656240624999997 0.475 0.41406240624999996 0.4765625 0.4125 0.4765625 0.41093759375000005 0.478125 0.40937518749999996 0.478125 0.4062503765625 0.4796875 0.40468721875 0.4796875 0.39218721875 0.48125 0.3906248125 0.48125 0.38906240625 0.4859375 0.3843751875 0.4859375 0.3812503765625 0.4875 0.37968721875 0.4875 0.36718721875 0.4859375 0.3656248125 0.4859375 0.3625 0.4875 0.36093759375 0.4875 0.35468721875 0.4859375 0.3531248125 0.4859375 0.3343751875 0.484375 0.33281278125 0.484375 0.3312503765625 0.471875 0.3187503765625 0.4703125 0.3187503765625 0.4640625 0.3125 0.459375 0.3125 0.4578125 0.31093759374999996 0.45625 0.31093759374999996 0.4515625 0.3062503765625 0.45 0.3062503765625 0.4484375 0.30468721875 0.446875 0.30468721875 0.44375 0.30156240625 0.440625 0.30156240625 0.4390625 0.3 0.4359375 0.3 0.4328125 0.2968751875 0.43125 0.2968751875 0.4296875 0.29531278125 0.41875 0.29531278125 0.4171875 0.29375037656249997 0.4125 0.29375037656249997 0.4109375 0.29531278125 0.40625 0.29531278125 0.403125 0.29843759375 0.4015625 0.29843759375
35 0.7015625 0.5937503765625001 0.7 0.59531278125 0.696875 0.59531278125 0.6921875 0.6 0.690625 0.6 0.6890625 0.60156240625 0.6875 0.60156240625 0.684375 0.60468721875 0.6828125 0.60468721875 0.68125 0.6062503765625 0.6796875 0.6062503765625 0.678125 0.60781278125 0.6765625 0.60781278125 0.6734375 0.61093759375 0.671875 0.61093759375 0.6703125 0.6125 0.66875 0.6125 0.6640625 0.61718721875 0.6625 0.61718721875 0.6609375 0.6187503765625 0.659375 0.6187503765625 0.6578125 0.62031278125 0.6578125 0.6906248125000001 0.665625 0.69843759375 0.6703125 0.69843759375 0.671875 0.7 0.6734375 0.7 0.675 0.70156240625 0.675 0.7062503765625 0.6765625 0.70781278125 0.6765625 0.7125 0.678125 0.71406240625 0.678125 0.71718721875 0.6796875 0.7187503765625001 0.6796875 0.72031278125 0.68125 0.7218751875 0.68125 0.725 0.6828125 0.72656240625 0.6828125 0.7281248125 0.684375 0.7281248125 0.6859375 0.72968721875 0.6875 0.72968721875 0.6890625 0.7312503765625 0.690625 0.7312503765625 0.6953125 0.73593759375 0.696875 0.73593759375 0.7 0.73906240625 0.7 0.7406248125 0.7015625 0.74218721875 0.703125 0.74218721875 0.70625 0.74531278125 0.7078125 0.74531278125 0.709375 0.7468751874999999 0.7109375 0.7468751874999999 0.7125 0.7484375937500001 0.7265625 0.7484375937500001 0.728125 0.7468751874999999 0.7296875 0.7468751874999999 0.734375 0.74218721875 0.7359375 0.74218721875 0.740625 0.7375 0.7421875 0.7375 0.74375 0.73593759375 0.7453125 0.73593759375 0.75 0.7312503765625 0.7515625 0.7312503765625 0.753125 0.72968721875 0.75625 0.72968721875 0.7578125 0.7281248125 0.759375 0.7281248125 0.7640625 0.72343759375 0.7671875 0.72343759375 0.76875 0.7218751875 0.7703125 0.7218751875 0.775 0.71718721875 0.7765625 0.71718721875 0.778125 0.7156248125 0.7796875 0.7156248125 0.7796875 0.71406240625 0.7828125 0.71093759375 0.784375 0.71093759375 0.7859375 0.7093751875 0.7859375 0.70468721875 0.7875 0.7031248125 0.7875 0.65468721875 0.7859375 0.6531248125 0.7859375 0.625 0.784375 0.6234375937500001 0.784375 0.62031278125 0.7765625 0.6125 0.775 0.6125 0.7734375 0.61093759375 0.771875 0.61093759375 0.76875 0.60781278125 0.7671875 0.60781278125 0.765625 0.6062503765625 0.7640625 0.6062503765625 0.7625 0.60468721875 0.7609375 0.60468721875 0.759375 0.6031248125 0.7578125 0.6031248125 0.75625 0.60156240625 0.7515625 0.60156240625 0.75 0.6 0.746875 0.6 0.7453125 0.59843759375 0.74375 0.59843759375 0.740625 0.59531278125 0.7375 0.59531278125 0.7359375 0.5937503765625001 0.734375 0.5937503765625001 0.7296875 0.58906240625 0.7125 0.58906240625 0.7109375 0.5906248125 0.709375 0.5906248125 0.70625 0.5937503765625001 0.7015625 0.5937503765625001
35 0.559375 0.58593759375 0.5578125 0.5875 0.5546875 0.5875 0.553125 0.58906240625 0.5515625 0.58906240625 0.5484375 0.59218721875 0.546875 0.59218721875 0.54375 0.59531278125 0.5421875 0.59531278125 0.5421875 0.5968751875 0.540625 0.59843759375 0.5390625 0.59843759375 0.5359375 0.60156240625 0.534375 0.60156240625 0.5328125 0.6031248125 0.5328125 0.60468721875 0.5296875 0.60781278125 0.5296875 0.61093759375 0.5265625 0.61406240625 0.5265625 0.61718721875 0.525 0.6187503765625 0.525 0.6218751874999999 0.51875 0.6281248125000001 0.51875 0.62968721875 0.5125 0.63593759375 0.5125 0.6375 0.5078125 0.64218721875 0.5078125 0.70781278125 0.5109375 0.71093759375 0.5125 0.71093759375 0.5171875 0.7156248125 0.51875 0.7156248125 0.521875 0.7187503765625001 0.5234375 0.7187503765625001 0.528125 0.72343759375 0.53125 0.72343759375 0.5359375 0.7281248125 0.5375 0.7281248125 0.5390625 0.72968721875 0.540625 0.72968721875 0.5421875 0.7312503765625 0.5453125 0.7312503765625 0.55 0.73593759375 0.5515625 0.73593759375 0.5578125 0.74218721875 0.559375 0.74218721875 0.5640625 0.7468751874999999 0.5671875 0.7468751874999999 0.56875 0.7484375937500001 0.5765625 0.7484375937500001 0.58125 0.7437503765625 0.5828125 0.7437503765625 0.5890625 0.7375 0.590625 0.7375 0.5921875 0.73593759375 0.5953125 0.73593759375 0.6 0.7312503765625 0.6015625 0.7312503765625 0.603125 0.72968721875 0.6078125 0.72968721875 0.6109375 0.72656240625 0.6109375 0.725 0.6140625 0.7218751875 0.6140625 0.72031278125 0.615625 0.7187503765625001 0.615625 0.71718721875 0.6171875 0.7156248125 0.6171875 0.71093759375 0.615625 0.7093751875 0.615625 0.7062503765625 0.6171875 0.70468721875 0.6171875 0.68281278125 0.6203125 0.67968721875 0.621875 0.67968721875 0.6234375 0.6781248125 0.6234375 0.67656240625 0.6265625 0.67343759375 0.628125 0.67343759375 0.6296875 0.6718751875 0.6296875 0.67031278125 0.6359375 0.66406240625 0.6359375 0.625 0.634375 0.6234375937500001 0.634375 0.62031278125 0.6328125 0.6187503765625 0.63125 0.6187503765625 0.6296875 0.61718721875 0.628125 0.61718721875 0.625 0.61406240625 0.6234375 0.61406240625 0.621875 0.6125 0.6203125 0.6125 0.615625 0.60781278125 0.6140625 0.60781278125 0.6125 0.6062503765625 0.609375 0.6062503765625 0.60625 0.6031248125 0.6046875 0.6031248125 0.6015625 0.6 0.6 0.6 0.59375 0.5937503765625001 0.5921875 0.5937503765625001 0.5859375 0.5875 0.584375 0.5875 0.5796875 0.58281278125 0.578125 0.58281278125 0.5765625 0.5812503765625 0.56875 0.5812503765625 0.5671875 0.58281278125 0.5640625 0.58281278125 0.5609375 0.58593759375 0.559375 0.58593759375
37 0.3390625 0.1437503765625 0.3375 0.14531278125 0.3359375 0.14531278125 0.3328125 0.14843759375 0.33125 0.14843759375 0.3296875 0.15 0.328125 0.15 0.3265625 0.15156240625 0.325 0.15156240625 0.3203125 0.15625037656250002 0.3171875 0.15625037656250002 0.315625 0.15781278125 0.3140625 0.15781278125 0.309375 0.1625 0.30625 0.1625 0.3046875 0.16406240625 0.303125 0.16406240625 0.2984375 0.1687503765625 0.296875 0.1687503765625 0.2953125 0.17031278125 0.29375 0.17031278125 0.29375 0.1718751875 0.290625 0.175 0.2890625 0.175 0.2890625 0.17656240625 0.2875 0.1781248125 0.2875 0.2718751875 0.2890625 0.27343759375 0.2890625 0.275 0.2921875 0.2781248125 0.2921875 0.27968721875 0.29375 0.28125037656249996 0.29375 0.28281278125 0.296875 0.28593759375 0.3 0.28593759375 0.3015625 0.2875 0.303125 0.2875 0.30625 0.2906248125 0.3078125 0.2906248125 0.309375 0.29218721875 0.3140625 0.29218721875 0.315625 0.29375037656249997 0.3171875 0.29375037656249997 0.3203125 0.2968751875 0.321875 0.2968751875 0.3234375 0.29843759375 0.328125 0.29843759375 0.33125 0.30156240625 0.3328125 0.30156240625 0.334375 0.3031248125 0.3359375 0.3031248125 0.3375 0.30468721875 0.340625 0.30468721875 0.3421875 0.3062503765625 0.3453125 0.3062503765625 0.346875 0.30781278125 0.35 0.30781278125 0.3515625 0.30937518750000004 0.353125 0.30937518750000004 0.3546875 0.30781278125 0.3578125 0.30781278125 0.359375 0.3062503765625 0.3625 0.3062503765625 0.3640625 0.30468721875 0.36875 0.30468721875 0.3703125 0.3031248125 0.371875 0.3031248125 0.375 0.3 0.3765625 0.3 0.378125 0.29843759375 0.384375 0.29843759375 0.3890625 0.29375037656249997 0.3921875 0.29375037656249997 0.39375 0.29218721875 0.396875 0.29218721875 0.4 0.28906240625 0.4015625 0.28906240625 0.4046875 0.28593759375 0.4078125 0.28593759375 0.4140625 0.27968721875 0.415625 0.27968721875 0.4171875 0.2781248125 0.4171875 0.27656240625 0.4203125 0.27343759375 0.4203125 0.20468721875 0.41875 0.20312481249999997 0.41875 0.1937503765625 0.4171875 0.19218721875 0.4171875 0.18281278125 0.409375 0.175 0.4078125 0.175 0.4015625 0.1687503765625 0.4 0.1687503765625 0.396875 0.1656248125 0.396875 0.16406240625 0.3953125 0.16406240625 0.39375 0.1625 0.390625 0.1625 0.3859375 0.15781278125 0.384375 0.15781278125 0.3828125 0.15625037656250002 0.38125 0.15625037656250002 0.3765625 0.15156240625 0.375 0.15156240625 0.3734375 0.15 0.36875 0.15 0.365625 0.1468751875 0.3640625 0.1468751875 0.3609375 0.1437503765625 0.3578125 0.1437503765625 0.35625 0.14218721875 0.3546875 0.14218721875 0.353125 0.1406248125 0.3515625 0.1406248125 0.35 0.14218721875 0.346875 0.14218721875 0.3453125 0.1437503765625 0.3390625 0.1437503765625
0 0.7796875 0.44218721875 0.778125 0.44375037656250005 0.775 0.44375037656250005 0.7703125 0.44843759375000003 0.76875 0.44843759375000003 0.7671875 0.45 0.7640625 0.45 0.7625 0.45156240625 0.7609375 0.45156240625 0.7578125 0.45468721875 0.75625 0.45468721875 0.7546875 0.4562503765625 0.753125 0.4562503765625 0.75 0.45937518749999995 0.75 0.46093759375000004 0.7484375 0.4625 0.7484375 0.46406240624999995 0.746875 0.46562481250000004 0.746875 0.46718721875 0.7453125 0.4687503765625 0.7453125 0.47343759375000005 0.74375 0.475 0.74375 0.4812503765625 0.7421875 0.48281278125 0.7421875 0.48437518749999997 0.740625 0.48593759375 0.7390625 0.48593759375 0.7375 0.4875 0.734375 0.4875 0.7328125 0.48906240624999997 0.73125 0.48906240624999997 0.73125 0.4906248125 0.7296875 0.49218721875 0.7296875 0.5593751874999999 0.73125 0.5609375937500001 0.73125 0.5640624062499999 0.7328125 0.5656248125000001 0.7328125 0.56718721875 0.734375 0.56718721875 0.740625 0.57343759375 0.7421875 0.57343759375 0.746875 0.5781248125 0.7484375 0.5781248125 0.75 0.57968721875 0.7515625 0.57968721875 0.753125 0.5812503765625 0.7546875 0.5812503765625 0.7578125 0.5843751875 0.759375 0.5843751875 0.7609375 0.58593759375 0.7640625 0.58593759375 0.765625 0.5875 0.7671875 0.5875 0.76875 0.58906240625 0.7703125 0.58906240625 0.771875 0.5906248125 0.7734375 0.5906248125 0.775 0.59218721875 0.7765625 0.59218721875 0.778125 0.5937503765625001 0.78125 0.5937503765625001 0.7828125 0.59531278125 0.784375 0.59531278125 0.7859375 0.5968751875 0.7890625 0.5968751875 0.790625 0.59843759375 0.803125 0.59843759375 0.8046875 0.5968751875 0.8078125 0.5968751875 0.8109375 0.5937503765625001 0.8125 0.5937503765625001 0.8140625 0.59218721875 0.8171875 0.59218721875 0.81875 0.5906248125 0.8203125 0.5906248125 0.825 0.58593759375 0.828125 0.58593759375 0.834375 0.57968721875 0.8390625 0.57968721875 0.8453125 0.57343759375 0.846875 0.57343759375 0.85625 0.5640624062499999 0.85625 0.5625 0.859375 0.5593751874999999 0.859375 0.50468721875 0.8578125 0.5031248125000001 0.8578125 0.5015624062499999 0.859375 0.5 0.859375 0.48593759375 0.8578125 0.48437518749999997 0.8578125 0.4812503765625 0.85625 0.47968721875 0.85625 0.47656240624999996 0.8546875 0.475 0.8546875 0.47031278125 0.846875 0.4625 0.84375 0.4625 0.8390625 0.45781278125 0.8375 0.45781278125 0.8359375 0.4562503765625 0.834375 0.4562503765625 0.8296875 0.45156240625 0.828125 0.45156240625 0.8265625 0.45 0.8234375 0.45 0.821875 0.44843759375000003 0.81875 0.44843759375000003 0.815625 0.44531278125 0.8140625 0.44531278125 0.8125 0.44375037656250005 0.809375 0.44375037656250005 0.8078125 0.44218721875 0.80625 0.44218721875 0.8046875 0.4406248125 0.803125 0.4406248125 0.8015625 0.43906240625 0.796875 0.43906240625 0.7953125 0.4375 0.7875 0.4375 0.7859375 0.43906240625 0.784375 0.43906240625 0.78125 0.44218721875 0.7796875 0.44218721875
36 0.2609375 0.5937503765625001 0.259375 0.59531278125 0.2578125 0.59531278125 0.253125 0.6 0.246875 0.6 0.2421875 0.60468721875 0.240625 0.60468721875 0.2390625 0.6062503765625 0.2359375 0.6062503765625 0.234375 0.60781278125 0.2328125 0.60781278125 0.228125 0.6125 0.2265625 0.6125 0.221875 0.61718721875 0.2203125 0.61718721875 0.2171875 0.62031278125 0.2171875 0.6218751874999999 0.215625 0.6234375937500001 0.215625 0.7093751875 0.2171875 0.7093751875 0.21875 0.71093759375 0.2203125 0.71093759375 0.2265625 0.71718721875 0.2296875 0.71718721875 0.234375 0.7218751875 0.2359375 0.7218751875 0.2375 0.72343759375 0.2390625 0.72343759375 0.240625 0.725 0.2421875 0.725 0.24375 0.72656240625 0.24375 0.7281248125 0.2453125 0.7281248125 0.2515625 0.7343751875 0.253125 0.7343751875 0.2546875 0.73593759375 0.25625 0.73593759375 0.2578125 0.7375 0.259375 0.7375 0.2609375 0.73906240625 0.2609375 0.7406248125 0.2625 0.7406248125 0.265625 0.7437503765625 0.2671875 0.7437503765625 0.2703125 0.7468751874999999 0.2734375 0.7468751874999999 0.275 0.7484375937500001 0.2828125 0.7484375937500001 0.284375 0.7468751874999999 0.2859375 0.7468751874999999 0.2890625 0.7437503765625 0.290625 0.7437503765625 0.2921875 0.74218721875 0.29375 0.74218721875 0.2953125 0.7406248125 0.296875 0.7406248125 0.3015625 0.73593759375 0.303125 0.73593759375 0.3046875 0.7343751875 0.30625 0.7343751875 0.3109375 0.72968721875 0.3125 0.72968721875 0.315625 0.72656240625 0.315625 0.7218751875 0.3171875 0.72031278125 0.3171875 0.6937503765625 0.31875 0.69218721875 0.31875 0.6890624062499999 0.3234375 0.6843751874999999 0.3234375 0.68281278125 0.3296875 0.67656240625 0.3296875 0.675 0.33125 0.67343759375 0.3328125 0.67343759375 0.3359375 0.67031278125 0.3359375 0.66718721875 0.3390625 0.66406240625 0.3390625 0.6625 0.340625 0.66093759375 0.340625 0.6593751875 0.3421875 0.65781278125 0.3421875 0.625 0.340625 0.6234375937500001 0.340625 0.62031278125 0.3328125 0.6125 0.33125 0.6125 0.3265625 0.60781278125 0.325 0.60781278125 0.3234375 0.6062503765625 0.321875 0.6062503765625 0.315625 0.6 0.3140625 0.6 0.30625 0.59218721875 0.3046875 0.59218721875 0.3 0.5875 0.271875 0.5875 0.2703125 0.58906240625 0.26875 0.58906240625 0.2640625 0.5937503765625001 0.2609375 0.5937503765625001
35 0.528125 0.32031278125 0.5234375 0.32031278125 0.5203125 0.32343759375 0.51875 0.32343759375 0.5171875 0.325 0.5140625 0.325 0.5140625 0.32656240625 0.5125 0.3281248125 0.5125 0.32968721875 0.5109375 0.3312503765625 0.5109375 0.38593759375 0.5125 0.3875 0.5125 0.3906248125 0.5140625 0.39218721875 0.515625 0.39218721875 0.5171875 0.3937503765625 0.5171875 0.39531278125 0.51875 0.3968751875 0.51875 0.40156240624999995 0.5203125 0.40312481250000004 0.5203125 0.40468721875 0.5234375 0.40781278125 0.5234375 0.4125 0.525 0.41406240624999996 0.525 0.43125037656250004 0.5265625 0.43281278125 0.5265625 0.4343751875 0.528125 0.4343751875 0.5296875 0.43593759375 0.53125 0.43593759375 0.5328125 0.4375 0.534375 0.4375 0.5390625 0.44218721875 0.5421875 0.44218721875 0.54375 0.44375037656250005 0.5453125 0.44375037656250005 0.5484375 0.4468751875 0.55 0.4468751875 0.5515625 0.44843759375000003 0.5546875 0.44843759375000003 0.55625 0.45 0.559375 0.45 0.5609375 0.45156240625 0.5625 0.45156240625 0.5640625 0.45312481250000003 0.5734375 0.45312481250000003 0.575 0.45156240625 0.5765625 0.45156240625 0.578125 0.45 0.5796875 0.45 0.58125 0.44843759375000003 0.584375 0.44843759375000003 0.5859375 0.4468751875 0.5890625 0.4468751875 0.590625 0.44531278125 0.5921875 0.44531278125 0.59375 0.44375037656250005 0.5953125 0.44375037656250005 0.596875 0.44218721875 0.6 0.44218721875 0.6015625 0.4406248125 0.6046875 0.4406248125 0.6078125 0.4375 0.6109375 0.4375 0.6125 0.43593759375 0.61875 0.43593759375 0.6203125 0.4343751875 0.621875 0.4343751875 0.6265625 0.42968721875 0.628125 0.42968721875 0.634375 0.42343759375 0.6359375 0.42343759375 0.6359375 0.42187518749999997 0.640625 0.41718721875 0.640625 0.34531278125 0.6390625 0.34375037656249996 0.63125 0.34375037656249996 0.6296875 0.34218721875 0.628125 0.34218721875 0.6234375 0.3375 0.6234375 0.33593759375 0.615625 0.3281248125 0.615625 0.32656240625 0.6109375 0.3218751875 0.6109375 0.32031278125 0.60625 0.31562481249999996 0.6046875 0.31562481249999996 0.6015625 0.3125 0.5957611843749999 0.306016540625 0.5808243421875 0.29251503749999996 0.5704059203125 0.292593984375 0.5478309203125 0.309458646875 0.5296875 0.3187503765625 0.528125 0.32031278125
36 0.4875 0.1437503765625 0.4828125 0.14843759375 0.48125 0.14843759375 0.4796875 0.15 0.478125 0.15 0.471875 0.15625037656250002 0.46875 0.15625037656250002 0.4640625 0.16093759375 0.4625 0.16093759375 0.4609375 0.1625 0.4578125 0.1625 0.45625 0.16406240625 0.45625 0.1656248125 0.453125 0.1687503765625 0.45 0.1687503765625 0.44375 0.175 0.4421875 0.175 0.4375 0.17968721875 0.4375 0.1812503765625 0.434375 0.18437518749999998 0.434375 0.18593759375000002 0.4328125 0.1875 0.4328125 0.26093759375 0.4359375 0.26406240625 0.4359375 0.2656248125 0.4375 0.26718721875 0.4375 0.2687503765625 0.4421875 0.27343759375 0.4453125 0.27343759375 0.45 0.2781248125 0.4515625 0.2781248125 0.453125 0.27968721875 0.4546875 0.27968721875 0.45625 0.28125037656249996 0.4578125 0.28125037656249996 0.4609375 0.2843751875 0.4625 0.2843751875 0.4640625 0.28593759375 0.4671875 0.28593759375 0.46875 0.2875 0.4703125 0.2875 0.4734375 0.2906248125 0.475 0.2906248125 0.4765625 0.29218721875 0.4796875 0.29218721875 0.48125 0.29375037656249997 0.4828125 0.29375037656249997 0.4859375 0.2968751875 0.4875 0.2968751875 0.4890625 0.29843759375 0.490625 0.29843759375 0.4921875 0.3 0.49375 0.3 0.496875 0.3031248125 0.5 0.3031248125 0.5015625 0.30468721875 0.509375 0.30468721875 0.5109375 0.3031248125 0.5125 0.3031248125 0.515625 0.3 0.51875 0.3 0.5203125 0.29843759375 0.525 0.29843759375 0.5265625 0.2968751875 0.528125 0.2968751875 0.53125 0.29375037656249997 0.5328125 0.29375037656249997 0.534375 0.29218721875 0.5390625 0.29218721875 0.540625 0.2906248125 0.5421875 0.2906248125 0.5421875 0.28906240625 0.54375 0.2875 0.5453125 0.2875 0.546875 0.28593759375 0.5515625 0.28593759375 0.5609375 0.27656240625 0.5609375 0.275 0.5625 0.27343759375 0.5625 0.2718751875 0.5640625 0.27031278125 0.5640625 0.2687503765625 0.565625 0.26718721875 0.565625 0.1875 0.5625 0.18437518749999998 0.5625 0.18281278125 0.559375 0.17968721875 0.5578125 0.17968721875 0.55625 0.1781248125 0.55625 0.17656240625 0.5546875 0.175 0.553125 0.175 0.5515625 0.17343759375 0.55 0.17343759375 0.5484375 0.1718751875 0.5484375 0.17031278125 0.546875 0.17031278125 0.5453125 0.1687503765625 0.54375 0.1687503765625 0.5421875 0.16718721875 0.540625 0.16718721875 0.5359375 0.1625 0.5328125 0.1625 0.5265625 0.15625037656250002 0.525 0.15625037656250002 0.51875 0.15 0.5171875 0.15 0.515625 0.14843759375 0.5140625 0.14843759375 0.5078125 0.14218721875 0.50625 0.14218721875 0.5046875 0.1406248125 0.4953125 0.1406248125 0.49375 0.14218721875 0.4921875 0.14218721875 0.490625 0.1437503765625 0.4875 0.1437503765625
17 0.625 0.15 0.6203125 0.15468721875 0.61875 0.15468721875 0.6171875 0.15625037656250002 0.615625 0.15625037656250002 0.6140625 0.15781278125 0.6125 0.15781278125 0.6125 0.1593751875 0.6109375 0.16093759375 0.609375 0.16093759375 0.6078125 0.1625 0.60625 0.1625 0.6046875 0.16406240625 0.603125 0.16406240625 0.6 0.16718721875 0.5984375 0.16718721875 0.596875 0.1687503765625 0.5953125 0.1687503765625 0.5890625 0.175 0.5859375 0.175 0.584375 0.17656240625 0.5828125 0.17656240625 0.5828125 0.1781248125 0.58125 0.17968721875 0.58125 0.1875 0.584375 0.19062481250000002 0.5859375 0.18906240624999998 0.5875 0.18906240624999998 0.5890625 0.1875 0.590625 0.1875 0.5921875 0.18906240624999998 0.596875 0.18906240624999998 0.5984375 0.19062481250000002 0.603125 0.19062481250000002 0.6046875 0.19218721875 0.60625 0.19218721875 0.6078125 0.1937503765625 0.609375 0.1937503765625 0.6109375 0.19531278125 0.6109375 0.1968751875 0.6125 0.19843759375 0.6125 0.20156240625000002 0.6140625 0.20312481249999997 0.6140625 0.20468721875 0.61875 0.2093751875 0.61875 0.21093759374999999 0.6203125 0.21093759374999999 0.6234375 0.21406240625 0.6234375 0.21562481249999998 0.625 0.21718721875 0.625 0.225 0.6234375 0.22656240625000001 0.6234375 0.2281248125 0.6203125 0.23125037656249997 0.61875 0.23125037656249997 0.61875 0.23281278125 0.6140625 0.2375 0.6109375 0.2375 0.609375 0.23906240625000003 0.5953125 0.23906240625000003 0.59375 0.2375 0.5859375 0.2375 0.584375 0.23593759374999998 0.58125 0.23906240625000003 0.58125 0.25468721875 0.5796875 0.2562503765625 0.5796875 0.26718721875 0.58125 0.2687503765625 0.58125 0.2718751875 0.5890625 0.27968721875 0.5921875 0.27968721875 0.59375 0.28125037656249996 0.5953125 0.28125037656249996 0.5984375 0.2843751875 0.6 0.2843751875 0.6015625 0.28593759375 0.60625 0.28593759375 0.6078125 0.2875 0.615625 0.2875 0.6171875 0.28593759375 0.61875 0.28593759375 0.6203125 0.2843751875 0.621875 0.2843751875 0.621875 0.28281278125 0.6234375 0.28125037656249996 0.625 0.28125037656249996 0.6265625 0.27968721875 0.640625 0.27968721875 0.6453125 0.2843751875 0.6484375 0.2843751875 0.65 0.28593759375 0.653125 0.28593759375 0.6578125 0.2906248125 0.6609375 0.2906248125 0.6625 0.29218721875 0.6703125 0.29218721875 0.6765625 0.28593759375 0.6890625 0.28593759375 0.6953125 0.27968721875 0.696875 0.27968721875 0.6984375 0.2781248125 0.7 0.2781248125 0.703125 0.275 0.7046875 0.275 0.7078125 0.2718751875 0.709375 0.2718751875 0.709375 0.27031278125 0.7109375 0.2687503765625 0.7109375 0.2468751875 0.7125 0.24531278125 0.7125 0.22968721875 0.7140625 0.2281248125 0.7140625 0.20468721875 0.7125 0.20312481249999997 0.7125 0.20156240625000002 0.709375 0.19843759375 0.709375 0.1968751875 0.7078125 0.19531278125 0.70625 0.19531278125 0.7046875 0.1937503765625 0.703125 0.1937503765625 0.6984375 0.18906240624999998 0.6984375 0.18593759375000002 0.696875 0.18437518749999998 0.696875 0.18281278125 0.69375 0.17968721875 0.69375 0.1781248125 0.6921875 0.17656240625 0.6921875 0.17031278125 0.690625 0.1687503765625 0.690625 0.16718721875 0.6859375 0.1625 0.684375 0.1625 0.6828125 0.16093759375 0.68125 0.16093759375 0.6765625 0.15625037656250002 0.6734375 0.15625037656250002 0.671875 0.15468721875 0.6703125 0.15468721875 0.665625 0.15 0.6640625 0.15 0.659375 0.14531278125 0.6578125 0.14531278125 0.65625 0.1437503765625 0.6546875 0.1437503765625 0.653125 0.14218721875 0.6375 0.14218721875 0.6359375 0.1437503765625 0.6328125 0.1437503765625 0.6265625 0.15 0.625 0.15
35 0.48125 0.45156240625 0.4765625 0.4562503765625 0.4734375 0.4562503765625 0.471875 0.45781278125 0.4703125 0.45781278125 0.46875 0.45937518749999995 0.4671875 0.45937518749999995 0.465625 0.46093759375000004 0.4640625 0.46093759375000004 0.4625 0.4625 0.4578125 0.4625 0.45625 0.46406240624999995 0.4546875 0.46406240624999995 0.4515625 0.46718721875 0.45 0.46718721875 0.4484375 0.4687503765625 0.446875 0.4687503765625 0.4375 0.47812481250000005 0.4375 0.4812503765625 0.4359375 0.48281278125 0.4359375 0.48437518749999997 0.4328125 0.4875 0.4328125 0.49218721875 0.43125 0.49375037656250004 0.43125 0.5609375937500001 0.4328125 0.5625 0.4328125 0.5640624062499999 0.4359375 0.56718721875 0.4375 0.56718721875 0.44375 0.57343759375 0.4453125 0.57343759375 0.446875 0.575 0.4484375 0.575 0.4515625 0.5781248125 0.453125 0.5781248125 0.4546875 0.57968721875 0.4609375 0.57968721875 0.4625 0.5812503765625 0.465625 0.5812503765625 0.4671875 0.58281278125 0.471875 0.58281278125 0.4734375 0.5812503765625 0.475 0.5812503765625 0.4765625 0.57968721875 0.478125 0.57968721875 0.4796875 0.5781248125 0.48125 0.5781248125 0.484375 0.575 0.4859375 0.575 0.4875 0.57343759375 0.509375 0.57343759375 0.5109375 0.575 0.5140625 0.575 0.5171875 0.5781248125 0.51875 0.5781248125 0.5203125 0.57968721875 0.521875 0.57968721875 0.5234375 0.5812503765625 0.525 0.5812503765625 0.5265625 0.58281278125 0.5296875 0.58281278125 0.53125 0.5812503765625 0.5359375 0.5812503765625 0.5375 0.57968721875 0.5421875 0.57968721875 0.54375 0.5781248125 0.5453125 0.5781248125 0.5484375 0.575 0.55 0.575 0.5515625 0.57343759375 0.553125 0.57343759375 0.5546875 0.5718751875 0.55625 0.5718751875 0.5609375 0.56718721875 0.5625 0.56718721875 0.565625 0.5640624062499999 0.565625 0.4875 0.5640625 0.48593759375 0.5640625 0.48437518749999997 0.5625 0.48281278125 0.5625 0.4812503765625 0.5609375 0.47968721875 0.5609375 0.47656240624999996 0.553125 0.4687503765625 0.5515625 0.4687503765625 0.5453125 0.4625 0.5421875 0.4625 0.540625 0.46093759375000004 0.5390625 0.46093759375000004 0.5359375 0.45781278125 0.534375 0.45781278125 0.5328125 0.4562503765625 0.5265625 0.4562503765625 0.525 0.45468721875 0.5234375 0.45468721875 0.5203125 0.45156240625 0.51875 0.45156240625 0.515625 0.44843759375000003 0.515625 0.4468751875 0.5109375 0.44218721875 0.4859375 0.44218721875 0.4828125 0.44531278125 0.4828125 0.44843759375000003 0.48125 0.45 0.48125 0.45156240625
17 0.6234375 0.44218721875 0.621875 0.44375037656250005 0.6203125 0.44375037656250005 0.61875 0.44531278125 0.61875 0.4468751875 0.6171875 0.44843759375000003 0.615625 0.44843759375000003 0.6140625 0.45 0.6125 0.45 0.6109375 0.45156240625 0.609375 0.45156240625 0.603125 0.45781278125 0.6015625 0.45781278125 0.596875 0.4625 0.5953125 0.4625 0.58125 0.47656240624999996 0.58125 0.4812503765625 0.5796875 0.48281278125 0.5796875 0.5625 0.58125 0.5640624062499999 0.58125 0.5656248125000001 0.5828125 0.56718721875 0.584375 0.56718721875 0.5859375 0.5687503765625 0.5875 0.5687503765625 0.5921875 0.57343759375 0.59375 0.57343759375 0.5953125 0.575 0.596875 0.575 0.6015625 0.57968721875 0.6046875 0.57968721875 0.609375 0.5843751875 0.6109375 0.5843751875 0.6125 0.58593759375 0.615625 0.58593759375 0.621875 0.59218721875 0.625 0.59218721875 0.6265625 0.5937503765625001 0.628125 0.5937503765625001 0.6328125 0.59843759375 0.6390625 0.59843759375 0.640625 0.6 0.64375 0.6 0.6453125 0.60156240625 0.646875 0.60156240625 0.6484375 0.6 0.6515625 0.6 0.653125 0.59843759375 0.659375 0.59843759375 0.6625 0.59531278125 0.6640625 0.59531278125 0.665625 0.5937503765625001 0.6671875 0.5937503765625001 0.66875 0.59218721875 0.6703125 0.59218721875 0.675 0.5875 0.6765625 0.5875 0.678125 0.58593759375 0.68125 0.58593759375 0.6828125 0.5843751875 0.684375 0.5843751875 0.6875 0.5812503765625 0.6890625 0.5812503765625 0.690625 0.57968721875 0.69375 0.57968721875 0.6953125 0.5781248125 0.696875 0.5781248125 0.7015625 0.57343759375 0.703125 0.57343759375 0.7046875 0.5718751875 0.7046875 0.57031278125 0.7078125 0.56718721875 0.709375 0.56718721875 0.709375 0.5656248125000001 0.7109375 0.5640624062499999 0.7109375 0.5625 0.7125 0.5609375937500001 0.7125 0.55781278125 0.7140625 0.5562503765625 0.7140625 0.49531278125 0.7125 0.49375037656250004 0.7125 0.49218721875 0.7109375 0.4906248125 0.7109375 0.48906240624999997 0.709375 0.4875 0.703125 0.4875 0.696875 0.4812503765625 0.696875 0.47968721875 0.69375 0.47656240624999996 0.69375 0.475 0.6921875 0.47343759375000005 0.6921875 0.46718721875 0.690625 0.46562481250000004 0.690625 0.46406240624999995 0.6875 0.46093759375000004 0.6875 0.45937518749999995 0.684375 0.4562503765625 0.6828125 0.4562503765625 0.68125 0.45468721875 0.6796875 0.45468721875 0.678125 0.45312481250000003 0.6765625 0.45312481250000003 0.6734375 0.45 0.671875 0.45 0.6703125 0.44843759375000003 0.66875 0.44843759375000003 0.6640625 0.44375037656250005 0.6625 0.44375037656250005 0.659375 0.4406248125 0.6578125 0.4406248125 0.65625 0.43906240625 0.6515625 0.43906240625 0.65 0.4375 0.63125 0.4375 0.628125 0.4406248125 0.6265625 0.4406248125 0.625 0.44218721875 0.6234375 0.44218721875
36 0.325 0.7375 0.31875 0.7437503765625 0.3171875 0.7437503765625 0.3125 0.7484375937500001 0.3109375 0.7484375937500001 0.309375 0.75 0.3078125 0.75 0.3015625 0.7562503765625 0.2984375 0.7562503765625 0.296875 0.75781278125 0.2953125 0.75781278125 0.2953125 0.7593751875 0.2921875 0.7625 0.290625 0.7625 0.2875 0.7656248125 0.2875 0.76718721875 0.2859375 0.7687503765625 0.2859375 0.77031278125 0.284375 0.7718751875 0.284375 0.82031278125 0.2859375 0.8218751875000001 0.2859375 0.84218721875 0.2875 0.8437503765625 0.2875 0.85156240625 0.296875 0.8609375937499999 0.3 0.8609375937499999 0.3015625 0.8625 0.303125 0.8625 0.3046875 0.8640624062500001 0.3046875 0.8656248124999999 0.30625 0.8656248124999999 0.3078125 0.86718721875 0.309375 0.86718721875 0.3109375 0.8687503765625 0.3125 0.8687503765625 0.315625 0.8718751875 0.3171875 0.8718751875 0.31875 0.87343759375 0.325 0.87343759375 0.3265625 0.875 0.3296875 0.875 0.334375 0.87968721875 0.334375 0.8812503765624999 0.3375 0.8843751875000001 0.3390625 0.8843751875000001 0.340625 0.8859375937499999 0.34375 0.8859375937499999 0.3453125 0.8875 0.3609375 0.8875 0.3625 0.8859375937499999 0.3640625 0.8859375937499999 0.365625 0.8843751875000001 0.3671875 0.8843751875000001 0.3671875 0.88281278125 0.36875 0.8812503765624999 0.3703125 0.8812503765624999 0.3734375 0.8781248125 0.375 0.8781248125 0.378125 0.875 0.3796875 0.875 0.38125 0.87343759375 0.384375 0.87343759375 0.3859375 0.8718751875 0.3875 0.8718751875 0.390625 0.8687503765625 0.39375 0.8687503765625 0.3953125 0.86718721875 0.396875 0.86718721875 0.4015625 0.8625 0.403125 0.8625 0.4109375 0.85468721875 0.4125 0.85468721875 0.415625 0.85156240625 0.415625 0.8484375937499999 0.4171875 0.8468751875 0.4171875 0.77343759375 0.415625 0.7718751875 0.415625 0.77031278125 0.4125 0.76718721875 0.4125 0.7656248125 0.409375 0.7625 0.4078125 0.7625 0.4046875 0.7593751875 0.4046875 0.75781278125 0.403125 0.7562503765625 0.396875 0.7562503765625 0.390625 0.75 0.3875 0.75 0.3859375 0.7484375937500001 0.384375 0.7484375937500001 0.38125 0.74531278125 0.3796875 0.74531278125 0.378125 0.7437503765625 0.3765625 0.7437503765625 0.3734375 0.7406248125 0.3734375 0.73906240625 0.371875 0.7375 0.3640625 0.7375 0.3625 0.73593759375 0.3546875 0.73593759375 0.353125 0.7343751875 0.34375 0.7343751875 0.3421875 0.73593759375 0.3296875 0.73593759375 0.328125 0.7375 0.325 0.7375
37 0.19375 0.45312481250000003 0.1921875 0.45312481250000003 0.190625 0.45468721875 0.1890625 0.45468721875 0.1875 0.4562503765625 0.1796875 0.4562503765625 0.178125 0.45781278125 0.175 0.45781278125 0.171875 0.46093759375000004 0.1703125 0.46093759375000004 0.16875 0.4625 0.159375 0.4625 0.1578125 0.46406240624999995 0.15625 0.46406240624999995 0.1515625 0.4687503765625 0.1484375 0.4687503765625 0.146875 0.47031278125 0.1453125 0.47031278125 0.14375 0.47187518749999996 0.1421875 0.47187518749999996 0.1421875 0.47343759375000005 0.140625 0.475 0.140625 0.52968721875 0.14375 0.53281278125 0.14375 0.5343751875 0.1453125 0.53593759375 0.1453125 0.5375 0.1484375 0.5406248125 0.1484375 0.54218721875 0.15 0.5437503765625 0.15 0.5593751874999999 0.1515625 0.5609375937500001 0.1515625 0.5640624062499999 0.1546875 0.56718721875 0.1546875 0.57031278125 0.15625 0.5718751875 0.15625 0.5781248125 0.1578125 0.57968721875 0.1609375 0.57968721875 0.1625 0.5812503765625 0.1640625 0.5812503765625 0.1734375 0.5906248125 0.175 0.5906248125 0.1765625 0.59218721875 0.178125 0.59218721875 0.1828125 0.5968751875 0.184375 0.5968751875 0.1859375 0.59843759375 0.1890625 0.59843759375 0.190625 0.6 0.2046875 0.6 0.20625 0.59843759375 0.209375 0.59843759375 0.215625 0.59218721875 0.2171875 0.59218721875 0.21875 0.5906248125 0.2203125 0.5906248125 0.2234375 0.5875 0.225 0.5875 0.2265625 0.58593759375 0.2328125 0.58593759375 0.234375 0.5843751875 0.2359375 0.5843751875 0.2359375 0.58281278125 0.2375 0.5812503765625 0.2390625 0.5812503765625 0.240625 0.57968721875 0.246875 0.57968721875 0.2546875 0.5718751875 0.2546875 0.5640624062499999 0.25625 0.5625 0.25625 0.5609375937500001 0.2578125 0.5593751874999999 0.2578125 0.55781278125 0.259375 0.5562503765625 0.259375 0.55468721875 0.2609375 0.5531248125 0.2609375 0.5468751875 0.2625 0.54531278125 0.2625 0.5437503765625 0.265625 0.5406248125 0.265625 0.53906240625 0.2671875 0.5375 0.2671875 0.5312503765625001 0.26875 0.52968721875 0.26875 0.4906248125 0.2671875 0.48906240624999997 0.2671875 0.475 0.265625 0.47343759375000005 0.265625 0.47031278125 0.25625 0.46093759375000004 0.2546875 0.46093759375000004 0.2515625 0.45781278125 0.25 0.45781278125 0.2484375 0.4562503765625 0.2453125 0.4562503765625 0.24375 0.45468721875 0.2421875 0.45468721875 0.240625 0.45312481250000003 0.2390625 0.45312481250000003 0.2375 0.45156240625 0.234375 0.45156240625 0.2328125 0.45 0.2203125 0.45 0.21875 0.44843759375000003 0.21875 0.4468751875 0.215625 0.44375037656250005 0.215625 0.44218721875 0.2015625 0.44218721875 0.2015625 0.44375037656250005 0.1984375 0.4468751875 0.1984375 0.44843759375000003 0.19375 0.45312481250000003
37 0.6234375 0.73593759375 0.621875 0.7375 0.61875 0.7375 0.6171875 0.73906240625 0.615625 0.73906240625 0.6125 0.74218721875 0.6109375 0.74218721875 0.609375 0.7437503765625 0.6078125 0.7437503765625 0.60625 0.74531278125 0.60625 0.7468751874999999 0.6046875 0.7484375937500001 0.603125 0.7484375937500001 0.6015625 0.75 0.6 0.75 0.5984375 0.7515624062499999 0.596875 0.7515624062499999 0.5921875 0.7562503765625 0.590625 0.7562503765625 0.5890625 0.75781278125 0.5875 0.75781278125 0.5875 0.7593751875 0.584375 0.7625 0.5828125 0.7625 0.58125 0.76406240625 0.58125 0.7687503765625 0.5796875 0.77031278125 0.5796875 0.8312503765624999 0.58125 0.83281278125 0.58125 0.8531248124999999 0.5890625 0.8609375937499999 0.590625 0.8609375937499999 0.596875 0.86718721875 0.6015625 0.86718721875 0.6078125 0.87343759375 0.609375 0.87343759375 0.615625 0.87968721875 0.61875 0.87968721875 0.6203125 0.8812503765624999 0.621875 0.8812503765624999 0.6265625 0.8859375937499999 0.628125 0.8859375937499999 0.634375 0.89218721875 0.6359375 0.89218721875 0.6375 0.8937503765624999 0.6390625 0.8937503765624999 0.6421875 0.8968751875000001 0.64375 0.8968751875000001 0.6453125 0.89843759375 0.646875 0.89843759375 0.6484375 0.8968751875000001 0.6515625 0.8968751875000001 0.6578125 0.8906248124999999 0.659375 0.8906248124999999 0.6640625 0.8859375937499999 0.665625 0.8859375937499999 0.671875 0.87968721875 0.675 0.87968721875 0.6765625 0.8781248125 0.678125 0.8781248125 0.68125 0.875 0.684375 0.875 0.6859375 0.87343759375 0.6875 0.87343759375 0.6890625 0.8718751875 0.690625 0.8718751875 0.6953125 0.86718721875 0.696875 0.86718721875 0.6984375 0.8656248124999999 0.7 0.8656248124999999 0.7046875 0.8609375937499999 0.70625 0.8609375937499999 0.7109375 0.8562503765624999 0.7109375 0.85468721875 0.7140625 0.85156240625 0.7140625 0.85 0.715625 0.8484375937499999 0.715625 0.77343759375 0.7140625 0.7718751875 0.7140625 0.77031278125 0.7125 0.7687503765625 0.7125 0.76718721875 0.7109375 0.7656248125 0.7109375 0.76406240625 0.70625 0.7593751875 0.70625 0.75781278125 0.7046875 0.75781278125 0.7015625 0.75468721875 0.7 0.75468721875 0.6984375 0.7531248125000001 0.6984375 0.7515624062499999 0.696875 0.7515624062499999 0.6953125 0.75 0.69375 0.75 0.6890625 0.74531278125 0.6875 0.74531278125 0.6859375 0.7437503765625 0.6828125 0.7437503765625 0.6796875 0.7406248125 0.6796875 0.73906240625 0.6765625 0.73593759375 0.675 0.73593759375 0.671875 0.73281278125 0.6296875 0.73281278125 0.628125 0.7343751875 0.6265625 0.7343751875 0.625 0.73593759375 0.6234375 0.73593759375
36 0.39375 0.57968721875 0.3953125 0.57968721875 0.396875 0.5812503765625 0.4 0.5812503765625 0.4015625 0.58281278125 0.4015625 0.5843751875 0.3953125 0.5906248125 0.3953125 0.59218721875 0.3890625 0.59843759375 0.3875 0.59843759375 0.3796875 0.6062503765625 0.378125 0.6062503765625 0.3734375 0.61093759375 0.371875 0.61093759375 0.3625 0.62031278125 0.3625 0.6843751874999999 0.36875 0.6906248125000001 0.36875 0.69218721875 0.3703125 0.69218721875 0.3765625 0.69843759375 0.3796875 0.69843759375 0.38125 0.7 0.3828125 0.7 0.3859375 0.7031248125 0.3859375 0.70468721875 0.3875 0.7062503765625 0.3875 0.7125 0.3890625 0.71406240625 0.3890625 0.7187503765625001 0.39375 0.72343759375 0.396875 0.72343759375 0.4015625 0.7281248125 0.403125 0.7281248125 0.4046875 0.72968721875 0.4078125 0.72968721875 0.4125 0.7343751875 0.4140625 0.7343751875 0.415625 0.73593759375 0.4171875 0.73593759375 0.41875 0.7375 0.4203125 0.7375 0.421875 0.73906240625 0.434375 0.73906240625 0.4359375 0.7375 0.4390625 0.7375 0.440625 0.73593759375 0.4453125 0.73593759375 0.446875 0.7343751875 0.4484375 0.7343751875 0.4515625 0.7312503765625 0.453125 0.7312503765625 0.4546875 0.72968721875 0.459375 0.72968721875 0.4640625 0.725 0.465625 0.725 0.4671875 0.72343759375 0.4703125 0.72343759375 0.4765625 0.71718721875 0.478125 0.71718721875 0.4875 0.70781278125 0.4875 0.7062503765625 0.4890625 0.70468721875 0.4890625 0.64531278125 0.4875 0.6437503765625 0.4875 0.64218721875 0.4859375 0.6406248125 0.4859375 0.63906240625 0.484375 0.6375 0.4828125 0.6375 0.4796875 0.6343751875 0.4796875 0.63281278125 0.478125 0.6312503765625 0.4765625 0.6312503765625 0.4734375 0.6281248125000001 0.4734375 0.6218751874999999 0.471875 0.62031278125 0.471875 0.61406240625 0.4703125 0.6125 0.4703125 0.61093759375 0.46875 0.6093751875 0.46875 0.60781278125 0.4671875 0.6062503765625 0.4671875 0.6031248125 0.4640625 0.6 0.4625 0.6 0.4609375 0.59843759375 0.459375 0.59843759375 0.4546875 0.5937503765625001 0.453125 0.5937503765625001 0.446875 0.5875 0.4453125 0.5875 0.4390625 0.5812503765625 0.4375 0.5812503765625 0.4359375 0.57968721875 0.434375 0.57968721875 0.43125 0.57656240625 0.3890625 0.57656240625 0.390625 0.5781248125 0.3921875 0.5781248125 0.39375 0.57968721875
37 0.34375 0.45 0.340625 0.45312481250000003 0.3390625 0.45312481250000003 0.3375 0.45468721875 0.3359375 0.45468721875 0.334375 0.4562503765625 0.3265625 0.4562503765625 0.325 0.45781278125 0.3203125 0.45781278125 0.31875 0.45937518749999995 0.3140625 0.45937518749999995 0.3125 0.46093759375000004 0.3109375 0.46093759375000004 0.309375 0.4625 0.30625 0.4625 0.3046875 0.46406240624999995 0.3015625 0.46406240624999995 0.2890625 0.47656240624999996 0.2890625 0.5343751875 0.29375 0.53906240625 0.29375 0.5437503765625 0.2953125 0.54531278125 0.2953125 0.5468751875 0.2984375 0.55 0.2984375 0.55156240625 0.3 0.5531248125 0.3 0.57656240625 0.3015625 0.5781248125 0.3015625 0.57968721875 0.30625 0.5843751875 0.3078125 0.5843751875 0.309375 0.58593759375 0.315625 0.58593759375 0.3171875 0.5875 0.3203125 0.5875 0.3234375 0.5906248125 0.325 0.5906248125 0.3265625 0.59218721875 0.328125 0.59218721875 0.3296875 0.5937503765625001 0.33125 0.5937503765625001 0.334375 0.5968751875 0.3359375 0.5968751875 0.3375 0.59843759375 0.3421875 0.59843759375 0.34375 0.6 0.35 0.6 0.3515625 0.60156240625 0.353125 0.60156240625 0.3546875 0.6 0.359375 0.6 0.3609375 0.59843759375 0.365625 0.59843759375 0.3703125 0.5937503765625001 0.371875 0.5937503765625001 0.3734375 0.59218721875 0.375 0.59218721875 0.3765625 0.5906248125 0.378125 0.5906248125 0.38125 0.5875 0.3828125 0.5875 0.384375 0.58593759375 0.390625 0.58593759375 0.3921875 0.5843751875 0.3953125 0.5843751875 0.3984375 0.5812503765625 0.4015625 0.5812503765625 0.403125 0.57968721875 0.40625 0.57968721875 0.4125 0.57343759375 0.4140625 0.57343759375 0.415625 0.5718751875 0.415625 0.57031278125 0.41875 0.56718721875 0.41875 0.49531278125 0.4171875 0.49375037656250004 0.4171875 0.47968721875 0.415625 0.47812481250000005 0.415625 0.47656240624999996 0.4078125 0.4687503765625 0.40625 0.4687503765625 0.4046875 0.46718721875 0.403125 0.46718721875 0.3984375 0.4625 0.396875 0.4625 0.3953125 0.46093759375000004 0.39375 0.46093759375000004 0.3890625 0.4562503765625 0.3859375 0.4562503765625 0.384375 0.45468721875 0.3828125 0.45468721875 0.38125 0.45312481250000003 0.3796875 0.45312481250000003 0.378125 0.45156240625 0.371875 0.45156240625 0.36875 0.44843759375000003 0.3671875 0.44843759375000003 0.365625 0.4468751875 0.365625 0.44531278125 0.3640625 0.44375037656250005 0.35625 0.44375037656250005 0.3546875 0.44218721875 0.3515625 0.44218721875 0.35 0.44375037656250005 0.346875 0.44375037656250005 0.34375 0.4468751875 0.34375 0.45
25 0.38125 0.74218721875 0.3828125 0.74218721875 0.3890625 0.7484375937500001 0.390625 0.7484375937500001 0.396875 0.75468721875 0.4015625 0.75468721875 0.4078125 0.76093759375 0.4125 0.76093759375 0.4140625 0.7625 0.4171875 0.7625 0.41875 0.76093759375 0.421875 0.76093759375 0.4234375 0.7593751875 0.4234375 0.7468751874999999 0.4203125 0.7437503765625 0.4171875 0.7437503765625 0.415625 0.74218721875 0.4140625 0.74218721875 0.4125 0.7406248125 0.4125 0.73906240625 0.4109375 0.73906240625 0.403125 0.7312503765625 0.403125 0.72968721875 0.4015625 0.72968721875 0.4 0.7281248125 0.4 0.72656240625 0.3984375 0.72656240625 0.396875 0.725 0.3734375 0.725 0.3734375 0.73593759375 0.375 0.7375 0.3765625 0.7375 0.38125 0.74218721875
15 0.178125 0.57968721875 0.228125 0.57968721875 0.2296875 0.5781248125 0.2296875 0.57656240625 0.23125 0.575 0.23125 0.5718751875 0.2328125 0.57031278125 0.2328125 0.525 0.23125 0.52343759375 0.23125 0.5218751875 0.228125 0.5187503765625 0.221875 0.5187503765625 0.2203125 0.51718721875 0.1875 0.51718721875 0.1859375 0.5187503765625 0.18125 0.5187503765625 0.178125 0.5218751875 0.178125 0.57968721875
5 0.61875 0.71718721875 0.6203125 0.7187503765625001 0.6203125 0.72031278125 0.6234375 0.72343759375 0.6234375 0.725 0.625 0.72656240625 0.625 0.7281248125 0.6265625 0.72968721875 0.665625 0.72968721875 0.6671875 0.7281248125 0.66875 0.7281248125 0.66875 0.72656240625 0.6703125 0.725 0.671875 0.725 0.671875 0.72343759375 0.6734375 0.7218751875 0.6734375 0.72031278125 0.6765625 0.71718721875 0.6765625 0.70468721875 0.671875 0.7 0.665625 0.7 0.659375 0.6937503765625 0.6578125 0.6937503765625 0.6546875 0.6906248125000001 0.6546875 0.6843751874999999 0.6484375 0.6781248125 0.6484375 0.67656240625 0.646875 0.675 0.6453125 0.675 0.64375 0.67343759375 0.6296875 0.67343759375 0.628125 0.675 0.6265625 0.675 0.61875 0.68281278125 0.61875 0.71718721875
6 0.259375 0.2968751875 0.2578125 0.29843759375 0.25625 0.29843759375 0.2546875 0.3 0.253125 0.3 0.2515625 0.30156240625 0.25 0.30156240625 0.246875 0.30468721875 0.2453125 0.30468721875 0.24375 0.3062503765625 0.2421875 0.3062503765625 0.240625 0.30781278125 0.2390625 0.30781278125 0.2359375 0.31093759374999996 0.234375 0.31093759374999996 0.2328125 0.3125 0.23125 0.3125 0.2296875 0.31406240625000004 0.228125 0.31406240625000004 0.2234375 0.3187503765625 0.221875 0.3187503765625 0.21875 0.3218751875 0.21875 0.32343759375 0.2171875 0.325 0.2171875 0.3875 0.21875 0.38906240625 0.21875 0.39218721875 0.2203125 0.3937503765625 0.2203125 0.39531278125 0.225 0.4 0.225 0.40312481250000004 0.2265625 0.40468721875 0.2265625 0.4062503765625 0.228125 0.40781278125 0.228125 0.40937518749999996 0.2296875 0.41093759375000005 0.2296875 0.41562481250000005 0.23125 0.41718721875 0.23125 0.42656240624999997 0.2328125 0.4281248125 0.2328125 0.42968721875 0.234375 0.42968721875 0.2359375 0.43125037656250004 0.2359375 0.43281278125 0.2390625 0.43593759375 0.240625 0.43593759375 0.246875 0.44218721875 0.25 0.44218721875 0.2515625 0.44375037656250005 0.253125 0.44375037656250005 0.2578125 0.44843759375000003 0.2609375 0.44843759375000003 0.2625 0.45 0.2671875 0.45 0.26875 0.45156240625 0.2734375 0.45156240625 0.275 0.45312481250000003 0.284375 0.45312481250000003 0.2875 0.45 0.2890625 0.45 0.290625 0.44843759375000003 0.29375 0.44843759375000003 0.2953125 0.4468751875 0.296875 0.4468751875 0.296875 0.44531278125 0.2984375 0.44375037656250005 0.3 0.44375037656250005 0.3015625 0.44218721875 0.303125 0.44218721875 0.3078125 0.4375 0.309375 0.4375 0.3109375 0.43593759375 0.3140625 0.43593759375 0.3234375 0.42656240624999997 0.3234375 0.425 0.328125 0.42031278125 0.328125 0.41718721875 0.3296875 0.41562481250000005 0.3296875 0.40468721875 0.33125 0.40312481250000004 0.33125 0.40156240624999995 0.3328125 0.4 0.3328125 0.39843759375 0.334375 0.3968751875 0.334375 0.39531278125 0.3359375 0.3937503765625 0.3359375 0.38906240625 0.3390625 0.38593759375 0.340625 0.38593759375 0.3421875 0.3843751875 0.3421875 0.37812481249999996 0.34375 0.37656240625000004 0.34375 0.34375037656249996 0.3421875 0.34218721875 0.3421875 0.3312503765625 0.340625 0.32968721875 0.340625 0.3281248125 0.3390625 0.32656240625 0.3375 0.32656240625 0.3359375 0.325 0.334375 0.325 0.328125 0.3187503765625 0.3265625 0.3187503765625 0.325 0.31718721875 0.3234375 0.31718721875 0.31875 0.3125 0.3171875 0.3125 0.3125 0.30781278125 0.3109375 0.30781278125 0.309375 0.3062503765625 0.3078125 0.3062503765625 0.30625 0.30468721875 0.3046875 0.30468721875 0.303125 0.3031248125 0.3015625 0.3031248125 0.296875 0.29843759375 0.2953125 0.29843759375 0.2921875 0.29531278125 0.2875 0.29531278125 0.2859375 0.29375037656249997 0.271875 0.29375037656249997 0.2703125 0.29531278125 0.2625 0.29531278125 0.2609375 0.2968751875 0.259375 0.2968751875
11 0.378125 0.57968721875 0.3796875 0.5781248125 0.3796875 0.52031278125 0.378125 0.5187503765625 0.375 0.5187503765625 0.3734375 0.51718721875 0.33125 0.51718721875 0.3296875 0.5187503765625 0.3265625 0.5187503765625 0.3265625 0.57968721875 0.378125 0.57968721875
24 0.7265625 0.29218721875 0.7296875 0.29218721875 0.73125 0.29375037656249997 0.734375 0.29375037656249997 0.7359375 0.29531278125 0.7359375 0.2968751875 0.7375 0.2968751875 0.7390625 0.29843759375 0.740625 0.29843759375 0.74375 0.30156240625 0.74375 0.3031248125 0.7453125 0.30468721875 0.746875 0.30468721875 0.7515625 0.30937518750000004 0.753125 0.30937518750000004 0.7546875 0.31093759374999996 0.759375 0.31093759374999996 0.7625 0.31406240625000004 0.7625 0.31562481249999996 0.7640625 0.31718721875 0.765625 0.31718721875 0.771875 0.32343759375 0.7890625 0.32343759375 0.7890625 0.30781278125 0.7828125 0.30156240625 0.78125 0.30156240625 0.7796875 0.3 0.7765625 0.3 0.7734375 0.2968751875 0.7734375 0.29531278125 0.771875 0.29375037656249997 0.7671875 0.29375037656249997 0.765625 0.29218721875 0.7640625 0.29218721875 0.7625 0.2906248125 0.7625 0.28906240625 0.7609375 0.28906240625 0.759375 0.2875 0.75625 0.2875 0.753125 0.2843751875 0.7515625 0.2843751875 0.75 0.28281278125 0.75 0.28125037656249996 0.746875 0.2781248125 0.746875 0.27656240625 0.7453125 0.27656240625 0.74375 0.275 0.721875 0.275 0.721875 0.28593759375 0.725 0.28906240625 0.725 0.2906248125 0.7265625 0.29218721875
33 0.478125 0.6281248125000001 0.4796875 0.6281248125000001 0.48125 0.62968721875 0.4828125 0.62968721875 0.4875 0.6343751875 0.5109375 0.6343751875 0.5109375 0.63281278125 0.5140625 0.62968721875 0.515625 0.62968721875 0.5171875 0.6281248125000001 0.5171875 0.6234375937500001 0.51875 0.6218751874999999 0.51875 0.62031278125 0.5203125 0.6187503765625 0.5203125 0.6062503765625 0.51875 0.60468721875 0.51875 0.6 0.5203125 0.59843759375 0.5203125 0.59531278125 0.51875 0.5937503765625001 0.51875 0.58906240625 0.5171875 0.5875 0.5171875 0.5843751875 0.5109375 0.5781248125 0.4859375 0.5781248125 0.48125 0.58281278125 0.48125 0.5843751875 0.478125 0.5875 0.478125 0.6281248125000001
24 0.1578125 0.59843759375 0.165625 0.59843759375 0.16875 0.60156240625 0.16875 0.6031248125 0.1703125 0.60468721875 0.171875 0.60468721875 0.175 0.60781278125 0.175 0.6093751875 0.1765625 0.61093759375 0.1828125 0.61093759375 0.184375 0.6125 0.1875 0.6125 0.1890625 0.61406240625 0.196875 0.61406240625 0.196875 0.6125 0.1984375 0.61093759375 0.1984375 0.59843759375 0.196875 0.5968751875 0.196875 0.59531278125 0.1953125 0.59531278125 0.19375 0.5937503765625001 0.1890625 0.5937503765625001 0.1859375 0.5906248125 0.1859375 0.58906240625 0.184375 0.5875 0.1828125 0.5875 0.1765625 0.5812503765625 0.171875 0.5812503765625 0.165625 0.575 0.15 0.575 0.15 0.58906240625 0.15625 0.59531278125 0.15625 0.5968751875 0.1578125 0.59843759375
28 0.4375 0.29375037656249997 0.4390625 0.29375037656249997 0.4421875 0.2968751875 0.44375 0.2968751875 0.4453125 0.29843759375 0.446875 0.29843759375 0.45 0.30156240625 0.45 0.3031248125 0.4515625 0.30468721875 0.4546875 0.30468721875 0.45625 0.3062503765625 0.4578125 0.3062503765625 0.4609375 0.30937518750000004 0.4625 0.30937518750000004 0.4640625 0.31093759374999996 0.465625 0.31093759374999996 0.46875 0.31406240625000004 0.46875 0.31562481249999996 0.4703125 0.31718721875 0.471875 0.31718721875 0.478125 0.32343759375 0.4953125 0.32343759375 0.4953125 0.30781278125 0.49375 0.30781278125 0.4875 0.30156240625 0.4859375 0.30156240625 0.484375 0.3 0.4828125 0.3 0.4796875 0.2968751875 0.4796875 0.29531278125 0.478125 0.29375037656249997 0.4765625 0.29375037656249997 0.475 0.29218721875 0.4734375 0.29218721875 0.4703125 0.28906240625 0.46875 0.28906240625 0.4671875 0.2875 0.465625 0.2875 0.459375 0.28125037656249996 0.4578125 0.28125037656249996 0.4515625 0.275 0.4296875 0.275 0.4296875 0.2875 0.434375 0.29218721875 0.4359375 0.29218721875 0.4375 0.29375037656249997
24 0.1609375 0.43281278125 0.1578125 0.43593759375 0.15625 0.43593759375 0.1546875 0.4375 0.1515625 0.4375 0.1390625 0.45 0.1375 0.45 0.1375 0.45156240625 0.134375 0.45468721875 0.134375 0.47187518749999996 0.1484375 0.47187518749999996 0.1484375 0.47031278125 0.1515625 0.46718721875 0.1578125 0.46718721875 0.1640625 0.46093759375000004 0.165625 0.46093759375000004 0.1671875 0.45937518749999995 0.1671875 0.45781278125 0.1703125 0.45468721875 0.171875 0.45468721875 0.178125 0.44843759375000003 0.18125 0.44843759375000003 0.1828125 0.4468751875 0.184375 0.4468751875 0.184375 0.44531278125 0.1875 0.44218721875 0.1890625 0.44218721875 0.190625 0.4406248125 0.190625 0.42968721875 0.16875 0.42968721875 0.1671875 0.43125037656250004 0.1640625 0.43125037656250004 0.1625 0.43281278125 0.1609375 0.43281278125
27 0.228125 0.58593759375 0.2265625 0.58593759375 0.2234375 0.58906240625 0.221875 0.58906240625 0.2171875 0.5937503765625001 0.2140625 0.5937503765625001 0.2125 0.59531278125 0.2125 0.5968751875 0.2109375 0.59843759375 0.2109375 0.6 0.209375 0.60156240625 0.209375 0.61406240625 0.2109375 0.6156248125 0.221875 0.6156248125 0.2265625 0.61093759375 0.2296875 0.61093759375 0.234375 0.6062503765625 0.2359375 0.6062503765625 0.2375 0.60468721875 0.2390625 0.60468721875 0.2453125 0.59843759375 0.2484375 0.59843759375 0.25 0.5968751875 0.2515625 0.5968751875 0.25625 0.59218721875 0.2578125 0.59218721875 0.2609375 0.58906240625 0.2609375 0.575 0.2390625 0.575 0.2328125 0.5812503765625 0.23125 0.5812503765625 0.23125 0.58281278125 0.228125 0.58593759375
30 0.11875 0.5343751875 0.1125 0.5406248125 0.1125 0.54843759375 0.1109375 0.55 0.1109375 0.575 0.1125 0.57656240625 0.1125 0.5781248125 0.1140625 0.57968721875 0.115625 0.57968721875 0.11875 0.58281278125 0.11875 0.5843751875 0.146875 0.5843751875 0.1484375 0.58281278125 0.1484375 0.5812503765625 0.1515625 0.5781248125 0.153125 0.5781248125 0.153125 0.5531248125 0.15 0.55 0.15 0.54531278125 0.1484375 0.5437503765625 0.1484375 0.53906240625 0.146875 0.5375 0.1453125 0.5375 0.1421875 0.5343751875 0.1421875 0.53281278125 0.140625 0.5312503765625001 0.1390625 0.5312503765625001 0.1375 0.52968721875 0.1234375 0.52968721875 0.121875 0.5312503765625001 0.1203125 0.5312503765625001 0.11875 0.53281278125 0.11875 0.5343751875
29 0.5828125 0.18906240624999998 0.5828125 0.19218721875 0.584375 0.1937503765625 0.584375 0.19531278125 0.5828125 0.1968751875 0.5828125 0.2 0.58125 0.20156240625000002 0.58125 0.20312481249999997 0.578125 0.20625037656249998 0.578125 0.2281248125 0.5828125 0.2281248125 0.584375 0.22968721875 0.5859375 0.22968721875 0.590625 0.23437518750000003 0.5921875 0.23437518750000003 0.5953125 0.2375 0.5984375 0.2375 0.6015625 0.24062481249999998 0.603125 0.24062481249999998 0.6046875 0.23906240625000003 0.60625 0.23906240625000003 0.6078125 0.2375 0.6109375 0.2375 0.6125 0.23593759374999998 0.6140625 0.23593759374999998 0.6171875 0.23281278125 0.6171875 0.23125037656249997 0.61875 0.22968721875 0.6203125 0.22968721875 0.6234375 0.22656240625000001 0.6234375 0.22343759375 0.625 0.22187518750000002 0.625 0.2187503765625 0.6234375 0.21718721875 0.6234375 0.21406240625 0.6171875 0.20781278125 0.6171875 0.20156240625000002 0.615625 0.2 0.615625 0.19843759375 0.6140625 0.1968751875 0.6140625 0.19531278125 0.6109375 0.19218721875 0.6109375 0.18906240624999998 0.609375 0.1875 0.6078125 0.1875 0.60625 0.18593759375000002 0.6046875 0.18593759375000002 0.603125 0.18437518749999998 0.603125 0.18281278125 0.6015625 0.18281278125 0.6 0.1812503765625 0.5859375 0.1812503765625 0.5859375 0.18281278125 0.584375 0.18437518749999998 0.584375 0.1875 0.5828125 0.18906240624999998
25 0.6828125 0.28593759375 0.68125 0.2875 0.6765625 0.2875 0.675 0.28906240625 0.675 0.2906248125 0.671875 0.29375037656249997 0.6703125 0.29375037656249997 0.6671875 0.2968751875 0.6671875 0.29843759375 0.665625 0.3 0.665625 0.31093759374999996 0.6671875 0.31093759374999996 0.66875 0.3125 0.68125 0.3125 0.6828125 0.31093759374999996 0.6859375 0.31093759374999996 0.690625 0.3062503765625 0.6921875 0.3062503765625 0.69375 0.30468721875 0.696875 0.30468721875 0.6984375 0.3031248125 0.6984375 0.30156240625 0.7015625 0.29843759375 0.703125 0.29843759375 0.7046875 0.2968751875 0.7046875 0.29531278125 0.7078125 0.29218721875 0.709375 0.29218721875 0.7109375 0.2906248125 0.7125 0.2906248125 0.7125 0.28906240625 0.7140625 0.2875 0.715625 0.2875 0.715625 0.28593759375 0.7171875 0.2843751875 0.7171875 0.27656240625 0.6953125 0.27656240625 0.690625 0.28125037656249996 0.6890625 0.28125037656249996 0.684375 0.28593759375 0.6828125 0.28593759375
14 0.446875 0.725 0.4484375 0.725 0.45 0.72343759375 0.4515625 0.72343759375 0.453125 0.7218751875 0.453125 0.66406240625 0.4515625 0.6625 0.4015625 0.6625 0.4 0.66406240625 0.4 0.72656240625 0.4453125 0.72656240625 0.446875 0.725
14 0.61875 0.28125037656249996 0.6203125 0.28281278125 0.6203125 0.2843751875 0.63125 0.2843751875 0.6328125 0.28281278125 0.634375 0.28281278125 0.6359375 0.2843751875 0.640625 0.2843751875 0.6421875 0.28593759375 0.646875 0.28593759375 0.6484375 0.2875 0.65 0.2875 0.6515625 0.28906240625 0.6671875 0.28906240625 0.66875 0.2875 0.6703125 0.2875 0.6734375 0.2843751875 0.6734375 0.2281248125 0.671875 0.22656240625000001 0.621875 0.22656240625000001 0.6203125 0.2281248125 0.6203125 0.22968721875 0.61875 0.23125037656249997 0.61875 0.28125037656249996
11 0.696875 0.4343751875 0.6984375 0.4343751875 0.7 0.43593759375 0.7078125 0.43593759375 0.7140625 0.42968721875 0.721875 0.42968721875 0.7265625 0.4343751875 0.728125 0.4343751875 0.7296875 0.43593759375 0.740625 0.43593759375 0.746875 0.42968721875 0.746875 0.375 0.7421875 0.37031278125 0.69375 0.37031278125 0.69375 0.42968721875 0.6953125 0.43125037656250004 0.6953125 0.43281278125 0.696875 0.4343751875
12 0.6734375 0.52031278125 0.671875 0.5187503765625 0.6703125 0.5187503765625 0.66875 0.51718721875 0.6203125 0.51718721875 0.6203125 0.57968721875 0.671875 0.57968721875 0.6734375 0.5781248125 0.6734375 0.52031278125
25 0.4296875 0.8531248124999999 0.4296875 0.85156240625 0.43125 0.85 0.43125 0.8484375937499999 0.4328125 0.8468751875 0.4328125 0.76718721875 0.4296875 0.76406240625 0.4296875 0.7625 0.41875 0.7625 0.41875 0.8531248124999999 0.4203125 0.85468721875 0.428125 0.85468721875 0.4296875 0.8531248124999999
25 0.359375 0.67968721875 0.359375 0.6187503765625 0.3453125 0.6187503765625 0.3453125 0.67343759375 0.346875 0.67343759375 0.353125 0.67968721875 0.359375 0.67968721875
33 0.3375 0.3906248125 0.3328125 0.39531278125 0.3328125 0.4343751875 0.334375 0.43593759375 0.365625 0.43593759375 0.3671875 0.4343751875 0.3671875 0.43281278125 0.3703125 0.42968721875 0.371875 0.42968721875 0.371875 0.4 0.3671875 0.39531278125 0.3671875 0.3937503765625 0.365625 0.39218721875 0.365625 0.3906248125 0.359375 0.3843751875 0.34375 0.3843751875 0.340625 0.3875 0.3390625 0.3875 0.3375 0.38906240625 0.3375 0.3906248125
8 0.3796875 0.8656248124999999 0.3796875 0.80781278125 0.3265625 0.80781278125 0.3265625 0.8718751875 0.328125 0.87343759375 0.371875 0.87343759375 0.3796875 0.8656248124999999
30 0.1875 0.40312481250000004 0.1859375 0.40468721875 0.1859375 0.43125037656250004 0.1875 0.43281278125 0.1875 0.4343751875 0.1890625 0.43593759375 0.21875 0.43593759375 0.2203125 0.4343751875 0.221875 0.4343751875 0.2234375 0.43281278125 0.2234375 0.43125037656250004 0.228125 0.42656240624999997 0.228125 0.41093759375000005 0.225 0.40781278125 0.225 0.4062503765625 0.2234375 0.40468721875 0.2234375 0.39531278125 0.2171875 0.38906240625 0.2171875 0.38593759375 0.215625 0.3843751875 0.19375 0.3843751875 0.190625 0.3875 0.1890625 0.3875 0.1875 0.38906240625 0.1875 0.40312481250000004
7 0.69375 0.70781278125 0.69375 0.72343759375 0.6953125 0.725 0.6953125 0.72656240625 0.696875 0.72656240625 0.6984375 0.7281248125 0.7390625 0.7281248125 0.7421875 0.725 0.74375 0.725 0.7453125 0.72343759375 0.746875 0.72343759375 0.7484375 0.7218751875 0.7484375 0.6656248125 0.7453125 0.6625 0.69375 0.6625 0.69375 0.66406240625 0.6921875 0.6656248125 0.6921875 0.7062503765625 0.69375 0.70781278125
27 0.3078125 0.43593759375 0.30625 0.4375 0.303125 0.4375 0.296875 0.44375037656250005 0.2953125 0.44375037656250005 0.2875 0.45156240625 0.2875 0.4687503765625 0.29375 0.4687503765625 0.2953125 0.46718721875 0.303125 0.46718721875 0.3046875 0.46562481250000004 0.3046875 0.46406240624999995 0.3078125 0.46093759375000004 0.309375 0.46093759375000004 0.315625 0.45468721875 0.31875 0.45468721875 0.3203125 0.45312481250000003 0.321875 0.45312481250000003 0.3265625 0.44843759375000003 0.328125 0.44843759375000003 0.3296875 0.4468751875 0.3296875 0.44531278125 0.3328125 0.44218721875 0.334375 0.44218721875 0.3359375 0.4406248125 0.3359375 0.42968721875 0.3171875 0.42968721875 0.315625 0.43125037656250004 0.3140625 0.43125037656250004 0.309375 0.43593759375 0.3078125 0.43593759375
28 0.646875 0.675 0.6515625 0.67031278125 0.6515625 0.6187503765625 0.6390625 0.6187503765625 0.6390625 0.67343759375 0.6421875 0.67343759375 0.64375 0.675 0.646875 0.675
15 0.7671875 0.5687503765625 0.76875 0.57031278125 0.76875 0.5781248125 0.7703125 0.57968721875 0.815625 0.57968721875 0.8203125 0.575 0.8203125 0.5218751875 0.81875 0.52031278125 0.8171875 0.52031278125 0.815625 0.5187503765625 0.8109375 0.5187503765625 0.809375 0.51718721875 0.771875 0.51718721875 0.7703125 0.5187503765625 0.76875 0.5187503765625 0.7671875 0.52031278125 0.7671875 0.5687503765625
33 0.2609375 0.55 0.2625 0.55156240625 0.2625 0.5531248125 0.2609375 0.55468721875 0.2609375 0.55781278125 0.259375 0.5593751874999999 0.259375 0.57968721875 0.2609375 0.5812503765625 0.2625 0.5812503765625 0.265625 0.5843751875 0.290625 0.5843751875 0.2953125 0.57968721875 0.296875 0.57968721875 0.296875 0.5781248125 0.2984375 0.57656240625 0.2984375 0.5437503765625 0.296875 0.54218721875 0.296875 0.5406248125 0.2875 0.5312503765625001 0.2703125 0.5312503765625001 0.2625 0.53906240625 0.2625 0.5437503765625 0.2609375 0.54531278125 0.2609375 0.55
28 0.5046875 0.37812481249999996 0.5046875 0.32656240625 0.49375 0.32656240625 0.49375 0.37812481249999996 0.4953125 0.37968721875 0.503125 0.37968721875 0.5046875 0.37812481249999996
8 0.475 0.57656240625 0.475 0.5781248125 0.4765625 0.57968721875 0.490625 0.57968721875 0.4921875 0.5781248125 0.49375 0.5781248125 0.4953125 0.57656240625 0.496875 0.57656240625 0.4984375 0.5781248125 0.5015625 0.5781248125 0.503125 0.57968721875 0.521875 0.57968721875 0.5234375 0.5781248125 0.5234375 0.5718751875 0.525 0.57031278125 0.525 0.5625 0.5265625 0.5609375937500001 0.5265625 0.5187503765625 0.521875 0.5187503765625 0.5203125 0.51718721875 0.4765625 0.51718721875 0.475 0.5187503765625 0.471875 0.5187503765625 0.471875 0.57343759375 0.475 0.57656240625
16 0.6734375 0.8718751875 0.6734375 0.81406240625 0.671875 0.8125 0.671875 0.81093759375 0.6703125 0.8093751875 0.6203125 0.8093751875 0.6203125 0.8718751875 0.621875 0.87343759375 0.671875 0.87343759375 0.6734375 0.8718751875
24 0.7546875 0.43125037656250004 0.753125 0.43281278125 0.7515625 0.43281278125 0.74375 0.4406248125 0.74375 0.46562481250000004 0.746875 0.46562481250000004 0.7515625 0.46093759375000004 0.753125 0.46093759375000004 0.7546875 0.45937518749999995 0.7546875 0.45781278125 0.7578125 0.45468721875 0.7609375 0.45468721875 0.7625 0.45312481250000003 0.765625 0.45312481250000003 0.765625 0.45156240625 0.7671875 0.45 0.76875 0.45 0.7703125 0.44843759375000003 0.771875 0.44843759375000003 0.7734375 0.4468751875 0.7734375 0.44531278125 0.7765625 0.44218721875 0.778125 0.44218721875 0.7796875 0.4406248125 0.7796875 0.43906240625 0.7828125 0.43593759375 0.784375 0.43593759375 0.790625 0.42968721875 0.790625 0.42343759375 0.7890625 0.42187518749999997 0.76875 0.42187518749999997 0.765625 0.425 0.7640625 0.425 0.7578125 0.43125037656250004 0.7546875 0.43125037656250004
27 0.2796875 0.52968721875 0.284375 0.52968721875 0.284375 0.47343759375000005 0.275 0.47343759375000005 0.275 0.52968721875 0.2765625 0.5312503765625001 0.278125 0.5312503765625001 0.2796875 0.52968721875
12 0.3015625 0.72656240625 0.3046875 0.72343759375 0.3046875 0.72031278125 0.30625 0.7187503765625001 0.30625 0.71718721875 0.3078125 0.7156248125 0.3078125 0.6687503765625 0.3046875 0.6656248125 0.3046875 0.66406240625 0.303125 0.6625 0.253125 0.6625 0.253125 0.725 0.2546875 0.725 0.25625 0.72656240625 0.3015625 0.72656240625
24 0.79375 0.41562481250000005 0.7953125 0.41562481250000005 0.796875 0.41406240624999996 0.796875 0.4125 0.7984375 0.41093759375000005 0.7984375 0.32968721875 0.8 0.3281248125 0.8 0.32343759375 0.7875 0.32343759375 0.7875 0.41562481250000005 0.7890625 0.41718721875 0.7921875 0.41718721875 0.79375 0.41562481250000005
13 0.553125 0.72656240625 0.5546875 0.72656240625 0.55625 0.7281248125 0.590625 0.7281248125 0.5953125 0.72343759375 0.596875 0.72343759375 0.5984375 0.7218751875 0.5984375 0.7156248125 0.6 0.71406240625 0.6 0.69218721875 0.5984375 0.6906248125000001 0.5984375 0.6875 0.6 0.6859375937500001 0.6 0.6687503765625 0.5984375 0.66718721875 0.5984375 0.66406240625 0.596875 0.6625 0.546875 0.6625 0.546875 0.7218751875 0.5484375 0.72343759375 0.55 0.72343759375 0.553125 0.72656240625
24 0.7217105265625 0.2736842109375 0.7282894734375 0.2691729328125 0.7296052625 0.25864661718750004 0.7302631578125001 0.1992481203125 0.7230263156250001 0.1962406015625 0.7118421046875001 0.1977443609375 0.7092105265625 0.1992481203125 0.7118421046875001 0.20626541406249999 0.7111842109375 0.26842105312500003 0.7217105265625 0.2736842109375
24 0.13947368437500002 0.47593984999999994 0.13421052656250002 0.47142857187500004 0.12894736874999999 0.47142857187500004 0.123026315625 0.477443609375 0.123026315625 0.52706766875 0.1375 0.5293233078124999 0.13947368437500002 0.5278195484375 0.13947368437500002 0.47593984999999994
24 0.2138157890625 0.6263157890625 0.20657894687499997 0.6172932328125 0.1973684203125 0.62406015 0.1973684203125 0.7052631578125 0.20460526250000002 0.7112781953125 0.2138157890625 0.7060150375 0.2138157890625 0.6263157890625
27 0.505921053125 0.70902255625 0.5078947375 0.7022556390625 0.5085526312499999 0.637593984375 0.4986842109375 0.634586465625 0.49144736875 0.637593984375 0.49144736875 0.7037593984375 0.49407894687500004 0.70902255625 0.501973684375 0.7112781953125 0.505921053125 0.70902255625
10 0.506578946875 0.29097744375 0.5203947375 0.2902255640625 0.5269736843749999 0.286466165625 0.52894736875 0.253383459375 0.5282894734375 0.2338345859375 0.525 0.2278195484375 0.47828947343749995 0.2263157890625 0.473026315625 0.2300751875 0.4723684203125 0.283458646875 0.475 0.2887218046875 0.47894736875 0.29097744375 0.506578946875 0.29097744375
13 0.37105263125 0.2902255640625 0.38026315781250003 0.286466165625 0.380921053125 0.23082706718749998 0.3782894734375 0.2278195484375 0.34144736875000004 0.225563909375 0.32828947343750003 0.22706766875 0.3256578953125 0.23082706718749998 0.325 0.280451128125 0.32828947343750003 0.28796992499999996 0.3388157890625 0.2917293234375 0.37105263125 0.2902255640625
16 0.5993421046875 0.4338345859375 0.6013157890625 0.43007518749999996 0.601973684375 0.3796992484375 0.5986842109375 0.37293233125 0.5539473687500001 0.371428571875 0.5467105265625001 0.37593985 0.54605263125 0.43157894687500004 0.548026315625 0.4338345859375 0.556578946875 0.43684210468750007 0.5993421046875 0.4338345859375
7 0.4532894734375 0.43308270625 0.45526315781250004 0.3939849625 0.45394736875 0.377443609375 0.45065789531249995 0.37293233125 0.40394736875000004 0.3721804515625 0.3993421046875 0.37593985 0.4 0.43308270625 0.40394736875000004 0.43609022499999994 0.4486842109375 0.43609022499999994 0.4532894734375 0.43308270625
9 0.5223684203125 0.87293233125 0.5276315796875 0.8691729328125 0.5282894734375 0.816541353125 0.5243421046875001 0.810526315625 0.47960526249999996 0.8090225562500001 0.473026315625 0.813533834375 0.4723684203125 0.8654135343749999 0.475 0.871428571875 0.505921053125 0.8744360906249999 0.5223684203125 0.87293233125
18 0.153125 0.67968721875 0.153125 0.6 0.096875 0.6 0.096875 0.6812503765625 0.15 0.6812503765625 0.1515625 0.67968721875 0.153125 0.67968721875
20 0.8125 0.825 0.8140625 0.8234375937499999 0.815625 0.8234375937499999 0.8171875 0.8218751875000001 0.8171875 0.7468751874999999 0.759375 0.7468751874999999 0.759375 0.8265624062500001 0.79375 0.8265624062500001 0.7953125 0.825 0.8125 0.825
18 0.5375 0.014062406250000001 0.5375 0.09531278125 0.5953125 0.09531278125 0.5953125 0.014062406250000001 0.5375 0.014062406250000001
18 0.24375 0.8937503765624999 0.24375 0.975 0.3015625 0.975 0.3015625 0.8937503765624999 0.24375 0.8937503765624999
18 0.2984375 0.01718721875 0.2453125 0.01718721875 0.2453125 0.09843759375 0.296875 0.09843759375 0.2984375 0.0968751875 0.2984375 0.01718721875
22 0.9015625 0.45156240625 0.9015625 0.5343751875 0.9671875 0.5343751875 0.9671875 0.45156240625 0.9015625 0.45156240625
19 0.59375 0.96718721875 0.59375 0.89218721875 0.540625 0.89218721875 0.540625 0.97031278125 0.5921875 0.97031278125 0.5921875 0.9687503765625 0.59375 0.96718721875
23 0.1015625 0.38906240625 0.103125 0.3906248125 0.1484375 0.3906248125 0.15 0.38906240625 0.1515625 0.38906240625 0.1515625 0.3062503765625 0.096875 0.3062503765625 0.096875 0.3875 0.0984375 0.3875 0.1 0.38906240625 0.1015625 0.38906240625
21 0.8159243421875001 0.165409775 0.7565756578125 0.165409775 0.7565756578125 0.2444248125 0.8159243421875001 0.2444248125 0.8159243421875001 0.165409775