6 0.3421875 0.135937409375 0.340625 0.1375 0.3390625 0.1375 0.3375 0.13906259062499998 0.334375 0.13906259062499998 0.3296875 0.1437496359375 0.3265625 0.1437496359375 0.3203125 0.15 0.31875 0.15 0.3171875 0.151562590625 0.315625 0.151562590625 0.3109375 0.15624963593750002 0.3078125 0.15624963593750002 0.3015625 0.1625 0.3 0.1625 0.2921875 0.1703122265625 0.2921875 0.25468777343750004 0.29375 0.2562496359375 0.29375 0.260937409375 0.3 0.2671877734375 0.3015625 0.2671877734375 0.3078125 0.273437409375 0.309375 0.273437409375 0.3140625 0.27812518124999996 0.315625 0.27812518124999996 0.3171875 0.2796877734375 0.321875 0.2796877734375 0.325 0.2828122265625 0.325 0.28437481875000004 0.3265625 0.28437481875000004 0.328125 0.285937409375 0.33125 0.285937409375 0.3328125 0.2875 0.334375 0.2875 0.3359375 0.289062590625 0.3359375 0.29062518125 0.3375 0.29062518125 0.3390625 0.2921877734375 0.340625 0.2921877734375 0.3421875 0.2937496359375 0.34375 0.2937496359375 0.3453125 0.2953122265625 0.3609375 0.2953122265625 0.3625 0.2937496359375 0.3640625 0.2937496359375 0.365625 0.2921877734375 0.3703125 0.2921877734375 0.3765625 0.285937409375 0.3796875 0.285937409375 0.384375 0.28124963593749996 0.3859375 0.28124963593749996 0.3875 0.2796877734375 0.390625 0.2796877734375 0.396875 0.273437409375 0.4015625 0.273437409375 0.4078125 0.2671877734375 0.409375 0.2671877734375 0.4109375 0.26562518125 0.4109375 0.264062590625 0.4140625 0.260937409375 0.415625 0.260937409375 0.4171875 0.25937481875 0.4171875 0.1796877734375 0.415625 0.17812518125000001 0.415625 0.175 0.4109375 0.1703122265625 0.4109375 0.1687496359375 0.4046875 0.1625 0.403125 0.1625 0.4015625 0.160937409375 0.4 0.160937409375 0.3984375 0.15937481874999998 0.3984375 0.1578122265625 0.396875 0.1578122265625 0.3953125 0.15624963593750002 0.39375 0.15624963593750002 0.3890625 0.151562590625 0.3875 0.151562590625 0.3859375 0.15 0.3828125 0.15 0.3765625 0.1437496359375 0.375 0.1437496359375 0.3734375 0.1421877734375 0.371875 0.1421877734375 0.36875 0.13906259062499998 0.3671875 0.13906259062499998 0.365625 0.1375 0.3640625 0.1375 0.359375 0.1328122265625 0.3484375 0.1328122265625 0.346875 0.13437481874999999 0.3453125 0.13437481874999999 0.34375 0.135937409375 0.3421875 0.135937409375
0 0.275 0.276562590625 0.2703125 0.28124963593749996 0.265625 0.28124963593749996 0.259375 0.2875 0.2546875 0.2875 0.253125 0.289062590625 0.2515625 0.289062590625 0.246875 0.2937496359375 0.2453125 0.2937496359375 0.24375 0.2953122265625 0.2421875 0.2953122265625 0.2390625 0.298437409375 0.2375 0.298437409375 0.234375 0.301562590625 0.2328125 0.301562590625 0.228125 0.3062496359375 0.2265625 0.3062496359375 0.2203125 0.3125 0.2203125 0.40156259062500005 0.2234375 0.4046877734375 0.225 0.4046877734375 0.2296875 0.40937481875000004 0.23125 0.40937481875000004 0.2328125 0.41093740937499995 0.234375 0.41093740937499995 0.2359375 0.4125 0.2375 0.4125 0.240625 0.41562518125 0.2421875 0.41562518125 0.24375 0.4171877734375 0.2484375 0.4171877734375 0.25 0.41874963593750003 0.2515625 0.41874963593750003 0.2546875 0.42187481875 0.25625 0.42187481875 0.2578125 0.42343740937499996 0.259375 0.42343740937499996 0.2640625 0.42812518125 0.265625 0.42812518125 0.26875 0.43124963593750004 0.2703125 0.43124963593750004 0.2734375 0.43437481875 0.275 0.43437481875 0.2765625 0.435937409375 0.28125 0.435937409375 0.2828125 0.4375 0.2859375 0.4375 0.2875 0.435937409375 0.29375 0.435937409375 0.2953125 0.43437481875 0.296875 0.43437481875 0.3015625 0.42968777343750003 0.3046875 0.42968777343750003 0.30625 0.42812518125 0.3078125 0.42812518125 0.3109375 0.425 0.3125 0.425 0.3140625 0.42343740937499996 0.3171875 0.42343740937499996 0.31875 0.42187481875 0.3203125 0.42187481875 0.3234375 0.41874963593750003 0.325 0.41874963593750003 0.3296875 0.41406259062500006 0.3296875 0.398437409375 0.33125 0.39687481875 0.33125 0.3937496359375 0.334375 0.39062518125 0.334375 0.389062590625 0.3359375 0.3875 0.3359375 0.37656259062499997 0.3421875 0.37031222656249996 0.3421875 0.36562518125 0.34375 0.364062590625 0.34375 0.3625 0.3453125 0.360937409375 0.3453125 0.31562518125 0.3375 0.30781222656249996 0.3359375 0.30781222656249996 0.334375 0.3062496359375 0.3328125 0.3062496359375 0.3265625 0.3 0.325 0.3 0.321875 0.29687481875 0.3203125 0.29687481875 0.3171875 0.2937496359375 0.3140625 0.2937496359375 0.3109375 0.29062518125 0.3109375 0.289062590625 0.309375 0.289062590625 0.3078125 0.2875 0.30625 0.2875 0.3015625 0.2828122265625 0.3 0.2828122265625 0.2921875 0.275 0.2875 0.275 0.2859375 0.273437409375 0.2828125 0.273437409375 0.28125 0.275 0.278125 0.275 0.2765625 0.276562590625 0.275 0.276562590625
0 0.325 0.7109374093749999 0.3234375 0.7125 0.321875 0.7125 0.315625 0.7187496359375001 0.3140625 0.7187496359375001 0.3125 0.7203122265624999 0.3109375 0.7203122265624999 0.30625 0.725 0.3046875 0.725 0.303125 0.7265625906250001 0.3015625 0.7265625906250001 0.29375 0.73437481875 0.29375 0.7375 0.2921875 0.739062590625 0.2921875 0.74062518125 0.290625 0.7421877734375 0.290625 0.8218748187499999 0.296875 0.8281251812500001 0.2984375 0.8281251812500001 0.3 0.8296877734375 0.303125 0.8296877734375 0.309375 0.835937409375 0.3125 0.835937409375 0.3171875 0.8406251812500001 0.31875 0.8406251812500001 0.3203125 0.8421877734375001 0.3234375 0.8421877734375001 0.325 0.8437503640624999 0.3265625 0.8437503640624999 0.3296875 0.8468748187499999 0.33125 0.8468748187499999 0.3390625 0.8546877734375 0.340625 0.8546877734375 0.3453125 0.8593748187499999 0.346875 0.8593748187499999 0.3484375 0.8609374093750001 0.359375 0.8609374093750001 0.3609375 0.8593748187499999 0.3625 0.8593748187499999 0.3671875 0.8546877734375 0.36875 0.8546877734375 0.3703125 0.85312518125 0.371875 0.85312518125 0.3765625 0.848437409375 0.378125 0.848437409375 0.384375 0.8421877734375001 0.3875 0.8421877734375001 0.3890625 0.8406251812500001 0.390625 0.8406251812500001 0.3953125 0.835937409375 0.396875 0.835937409375 0.3984375 0.83437481875 0.4 0.83437481875 0.403125 0.8312496359375 0.4046875 0.8312496359375 0.40625 0.8296877734375 0.409375 0.8296877734375 0.4109375 0.8281251812500001 0.4109375 0.8265625906249999 0.4125 0.825 0.4140625 0.825 0.4171875 0.8218748187499999 0.4171875 0.7437496359375 0.415625 0.7421877734375 0.415625 0.739062590625 0.4140625 0.7375 0.4140625 0.735937409375 0.409375 0.7312496359375 0.4078125 0.7312496359375 0.4046875 0.72812518125 0.4046875 0.7265625906250001 0.403125 0.7265625906250001 0.4015625 0.725 0.4 0.725 0.3953125 0.7203122265624999 0.39375 0.7203122265624999 0.3921875 0.7187496359375001 0.390625 0.7187496359375001 0.3890625 0.7171877734375001 0.3875 0.7171877734375001 0.3859375 0.71562518125 0.3859375 0.714062590625 0.384375 0.7125 0.3828125 0.7125 0.3765625 0.7062496359375 0.3640625 0.7062496359375 0.3625 0.7046877734375 0.3515625 0.7046877734375 0.35 0.7062496359375 0.3359375 0.7062496359375 0.334375 0.7046877734375 0.3328125 0.7062496359375 0.33125 0.7062496359375 0.3265625 0.7109374093749999 0.325 0.7109374093749999
37 0.6921875 0.5625 0.690625 0.5625 0.684375 0.5687496359375 0.6828125 0.5687496359375 0.678125 0.573437409375 0.6765625 0.573437409375 0.675 0.575 0.6703125 0.575 0.66875 0.576562590625 0.66875 0.5796877734375 0.6671875 0.5812496359375 0.6671875 0.59062518125 0.665625 0.5921877734375001 0.665625 0.5937496359375001 0.6640625 0.5953122265624999 0.6640625 0.598437409375 0.6625 0.6 0.6625 0.60312518125 0.659375 0.6062496359375 0.6578125 0.6062496359375 0.653125 0.610937409375 0.6515625 0.610937409375 0.65 0.6125 0.6484375 0.6125 0.646875 0.614062590625 0.646875 0.6812496359375 0.6515625 0.6859374093749999 0.653125 0.6859374093749999 0.659375 0.6921877734375 0.665625 0.6921877734375 0.671875 0.698437409375 0.678125 0.698437409375 0.68125 0.701562590625 0.6828125 0.701562590625 0.684375 0.70312518125 0.6859375 0.70312518125 0.6875 0.7046877734375 0.690625 0.7046877734375 0.696875 0.7109374093749999 0.6984375 0.7109374093749999 0.7046875 0.7171877734375001 0.70625 0.7171877734375001 0.7078125 0.7187496359375001 0.7140625 0.7187496359375001 0.715625 0.7171877734375001 0.71875 0.7171877734375001 0.7234375 0.7125 0.725 0.7125 0.7265625 0.7109374093749999 0.728125 0.7109374093749999 0.734375 0.7046877734375 0.7375 0.7046877734375 0.7390625 0.70312518125 0.740625 0.70312518125 0.7453125 0.698437409375 0.746875 0.698437409375 0.7515625 0.6937496359375 0.753125 0.6937496359375 0.7546875 0.6921877734375 0.7578125 0.6921877734375 0.7640625 0.6859374093749999 0.765625 0.6859374093749999 0.7671875 0.6843748187500001 0.7671875 0.6828122265625 0.7703125 0.6796877734375 0.7703125 0.60312518125 0.76875 0.6015625906250001 0.76875 0.598437409375 0.7671875 0.59687481875 0.7671875 0.5937496359375001 0.7625 0.589062590625 0.7625 0.5875 0.759375 0.58437481875 0.7578125 0.58437481875 0.75625 0.5828122265625 0.7546875 0.5828122265625 0.753125 0.5812496359375 0.75 0.5812496359375 0.7484375 0.5796877734375 0.7453125 0.5796877734375 0.740625 0.575 0.7390625 0.575 0.734375 0.5703122265625 0.7328125 0.5703122265625 0.73125 0.5687496359375 0.728125 0.5687496359375 0.7265625 0.5671877734375 0.725 0.5671877734375 0.7234375 0.5656251812499999 0.7234375 0.5640625906250001 0.721875 0.5640625906250001 0.715625 0.5578122265625 0.7140625 0.5578122265625 0.7125 0.5562496359375 0.7 0.5562496359375 0.6984375 0.5578122265625 0.6953125 0.5578122265625 0.6953125 0.5593748187500001 0.6921875 0.5625
37 0.61875 0.1375 0.6171875 0.13906259062499998 0.615625 0.13906259062499998 0.6125 0.1421877734375 0.6109375 0.1421877734375 0.609375 0.1437496359375 0.6078125 0.1437496359375 0.60625 0.1453122265625 0.6046875 0.1453122265625 0.6 0.15 0.5984375 0.15 0.596875 0.151562590625 0.5953125 0.151562590625 0.59375 0.15312518125000002 0.59375 0.1546877734375 0.5921875 0.15624963593750002 0.590625 0.15624963593750002 0.5859375 0.160937409375 0.584375 0.160937409375 0.575 0.1703122265625 0.575 0.1828122265625 0.5734375 0.18437481875 0.5734375 0.26562518125 0.575 0.26562518125 0.5765625 0.2671877734375 0.578125 0.2671877734375 0.5796875 0.2687496359375 0.58125 0.2687496359375 0.584375 0.27187481875 0.5859375 0.27187481875 0.5875 0.273437409375 0.590625 0.273437409375 0.5921875 0.275 0.59375 0.275 0.596875 0.27812518124999996 0.6 0.27812518124999996 0.6015625 0.2796877734375 0.603125 0.2796877734375 0.6046875 0.27812518124999996 0.6078125 0.27812518124999996 0.6109375 0.275 0.6125 0.275 0.6140625 0.273437409375 0.6234375 0.273437409375 0.625 0.27187481875 0.628125 0.27187481875 0.6296875 0.273437409375 0.634375 0.273437409375 0.6359375 0.275 0.6375 0.275 0.640625 0.27812518124999996 0.6421875 0.27812518124999996 0.64375 0.2796877734375 0.6484375 0.2796877734375 0.65 0.28124963593749996 0.653125 0.28124963593749996 0.6546875 0.2796877734375 0.6625 0.2796877734375 0.6640625 0.27812518124999996 0.665625 0.27812518124999996 0.6703125 0.273437409375 0.675 0.273437409375 0.6765625 0.27187481875 0.678125 0.27187481875 0.6828125 0.2671877734375 0.690625 0.2671877734375 0.6953125 0.2625 0.696875 0.2625 0.6984375 0.260937409375 0.6984375 0.25781222656249997 0.7 0.2562496359375 0.7 0.175 0.6984375 0.17343740937500002 0.6984375 0.1703122265625 0.696875 0.1687496359375 0.696875 0.1671877734375 0.69375 0.164062590625 0.6921875 0.164062590625 0.690625 0.1625 0.6890625 0.1625 0.6828125 0.15624963593750002 0.68125 0.15624963593750002 0.6796875 0.1546877734375 0.678125 0.1546877734375 0.675 0.151562590625 0.6734375 0.151562590625 0.671875 0.15 0.6703125 0.15 0.66875 0.148437409375 0.6671875 0.148437409375 0.665625 0.14687481875 0.665625 0.1453122265625 0.6625 0.1453122265625 0.6609375 0.1437496359375 0.6578125 0.1437496359375 0.6515625 0.1375 0.6484375 0.1375 0.646875 0.135937409375 0.6453125 0.135937409375 0.6421875 0.1328122265625 0.640625 0.1328122265625 0.6390625 0.1312496359375 0.63125 0.1312496359375 0.6296875 0.1328122265625 0.6265625 0.1328122265625 0.621875 0.1375 0.61875 0.1375
36 0.621875 0.70312518125 0.6203125 0.7046877734375 0.61875 0.7046877734375 0.6171875 0.7062496359375 0.615625 0.7062496359375 0.6109375 0.7109374093749999 0.609375 0.7109374093749999 0.60625 0.714062590625 0.6046875 0.714062590625 0.6015625 0.7171877734375001 0.6 0.7171877734375001 0.5984375 0.7187496359375001 0.5953125 0.7187496359375001 0.590625 0.723437409375 0.5890625 0.723437409375 0.5875 0.725 0.5859375 0.725 0.584375 0.7265625906250001 0.5828125 0.7265625906250001 0.5734375 0.735937409375 0.571875 0.735937409375 0.5703125 0.7375 0.5703125 0.8046877734375 0.571875 0.8062496359375 0.571875 0.8078122265625 0.5734375 0.80937481875 0.5734375 0.81562518125 0.575 0.8171877734375 0.575 0.8218748187499999 0.5765625 0.8234374093750001 0.578125 0.8234374093750001 0.5796875 0.825 0.58125 0.825 0.5828125 0.8265625906249999 0.5828125 0.8281251812500001 0.584375 0.8281251812500001 0.5859375 0.8296877734375 0.5890625 0.8296877734375 0.5953125 0.835937409375 0.596875 0.835937409375 0.603125 0.8421877734375001 0.6046875 0.8421877734375001 0.60625 0.8437503640624999 0.6078125 0.8437503640624999 0.6125 0.848437409375 0.6140625 0.848437409375 0.61875 0.85312518125 0.6203125 0.85312518125 0.621875 0.8546877734375 0.6234375 0.8546877734375 0.6265625 0.8578122265625 0.628125 0.8578122265625 0.6296875 0.8593748187499999 0.6375 0.8593748187499999 0.6390625 0.8578122265625 0.640625 0.8578122265625 0.6421875 0.8562496359375 0.64375 0.8562496359375 0.6453125 0.8546877734375 0.6484375 0.8546877734375 0.6515625 0.851562590625 0.653125 0.851562590625 0.65625 0.848437409375 0.659375 0.848437409375 0.6609375 0.8468748187499999 0.6609375 0.8453122265624999 0.6640625 0.8421877734375001 0.665625 0.8421877734375001 0.6671875 0.8406251812500001 0.66875 0.8406251812500001 0.671875 0.8375 0.6734375 0.8375 0.675 0.835937409375 0.6765625 0.835937409375 0.678125 0.83437481875 0.6796875 0.83437481875 0.684375 0.8296877734375 0.6875 0.8296877734375 0.6890625 0.8281251812500001 0.690625 0.8281251812500001 0.690625 0.8265625906249999 0.6921875 0.825 0.69375 0.825 0.6953125 0.8234374093750001 0.696875 0.8234374093750001 0.696875 0.8218748187499999 0.6984375 0.8203122265625 0.6984375 0.8171877734375 0.7 0.81562518125 0.7 0.74062518125 0.6984375 0.739062590625 0.6984375 0.7375 0.690625 0.7296877734375 0.6890625 0.7296877734375 0.6859375 0.7265625906250001 0.684375 0.7265625906250001 0.6828125 0.725 0.678125 0.725 0.671875 0.7187496359375001 0.66875 0.7187496359375001 0.6640625 0.714062590625 0.6625 0.714062590625 0.6609375 0.7125 0.6578125 0.7125 0.6546875 0.70937481875 0.6546875 0.7078122265625 0.653125 0.7078122265625 0.6515625 0.7062496359375 0.65 0.7062496359375 0.6484375 0.7046877734375 0.646875 0.7046877734375 0.6390625 0.69687481875 0.6375 0.69687481875 0.6359375 0.6953122265625 0.6296875 0.6953122265625 0.6265625 0.698437409375 0.625 0.698437409375 0.621875 0.701562590625 0.621875 0.70312518125
35 0.4796875 0.135937409375 0.478125 0.1375 0.4765625 0.1375 0.471875 0.1421877734375 0.4703125 0.1421877734375 0.46875 0.1437496359375 0.465625 0.1437496359375 0.459375 0.15 0.4578125 0.15 0.4515625 0.15624963593750002 0.4484375 0.15624963593750002 0.446875 0.1578122265625 0.4453125 0.1578122265625 0.4390625 0.164062590625 0.4375 0.164062590625 0.4375 0.16562518125 0.434375 0.1687496359375 0.4328125 0.1687496359375 0.4328125 0.1703122265625 0.43125 0.17187481875 0.43125 0.260937409375 0.4375 0.2671877734375 0.4390625 0.2671877734375 0.4453125 0.273437409375 0.4515625 0.273437409375 0.453125 0.275 0.4546875 0.275 0.4578125 0.27812518124999996 0.459375 0.27812518124999996 0.4609375 0.2796877734375 0.4765625 0.2796877734375 0.48125 0.275 0.4828125 0.275 0.484375 0.273437409375 0.503125 0.273437409375 0.5046875 0.275 0.50625 0.275 0.5078125 0.276562590625 0.509375 0.276562590625 0.5109375 0.27812518124999996 0.5171875 0.27812518124999996 0.51875 0.276562590625 0.5203125 0.276562590625 0.521875 0.275 0.5234375 0.275 0.525 0.273437409375 0.5296875 0.273437409375 0.53125 0.27187481875 0.5328125 0.27187481875 0.534375 0.2703122265625 0.5359375 0.2703122265625 0.5375 0.2687496359375 0.540625 0.2687496359375 0.5421875 0.2671877734375 0.553125 0.2671877734375 0.5546875 0.26562518125 0.5546875 0.264062590625 0.55625 0.2625 0.55625 0.175 0.5546875 0.17343740937500002 0.5546875 0.1703122265625 0.5453125 0.160937409375 0.54375 0.160937409375 0.5421875 0.15937481874999998 0.5421875 0.1578122265625 0.540625 0.1578122265625 0.5390625 0.15624963593750002 0.5359375 0.15624963593750002 0.534375 0.1546877734375 0.5328125 0.1546877734375 0.53125 0.15312518125000002 0.53125 0.151562590625 0.5296875 0.151562590625 0.528125 0.15 0.5265625 0.15 0.5203125 0.1437496359375 0.5171875 0.1437496359375 0.515625 0.1421877734375 0.5140625 0.1421877734375 0.5125 0.14062518125 0.5125 0.13906259062499998 0.5109375 0.13906259062499998 0.509375 0.1375 0.5078125 0.1375 0.5046875 0.13437481874999999 0.5046875 0.1328122265625 0.503125 0.1328122265625 0.5015625 0.1312496359375 0.4875 0.1312496359375 0.4859375 0.1328122265625 0.484375 0.1328122265625 0.48125 0.135937409375 0.4796875 0.135937409375
37 0.7703125 0.41874963593750003 0.7640625 0.425 0.7578125 0.425 0.75625 0.426562590625 0.753125 0.426562590625 0.75 0.42968777343750003 0.7484375 0.42968777343750003 0.746875 0.43124963593750004 0.74375 0.43124963593750004 0.7421875 0.43281222656249996 0.740625 0.43281222656249996 0.7359375 0.4375 0.7359375 0.439062590625 0.73125 0.44374963593750005 0.73125 0.448437409375 0.7296875 0.45 0.7296875 0.45312518125 0.7265625 0.4562496359375 0.7265625 0.4578122265625 0.725 0.45937481875 0.725 0.4625 0.7234375 0.46406259062500005 0.7234375 0.46562518124999996 0.721875 0.4671877734375 0.7203125 0.4671877734375 0.71875 0.4687503640625 0.715625 0.4687503640625 0.7125 0.47187481875000004 0.7125 0.5421877734375 0.7140625 0.5421877734375 0.7265625 0.5546877734375 0.7296875 0.5546877734375 0.73125 0.5562496359375 0.7328125 0.5562496359375 0.7375 0.5609374093749999 0.740625 0.5609374093749999 0.7453125 0.5656251812499999 0.746875 0.5656251812499999 0.7484375 0.5671877734375 0.7515625 0.5671877734375 0.7578125 0.573437409375 0.7609375 0.573437409375 0.765625 0.57812518125 0.76875 0.57812518125 0.7703125 0.5796877734375 0.784375 0.5796877734375 0.7890625 0.575 0.790625 0.575 0.7921875 0.573437409375 0.7953125 0.573437409375 0.8015625 0.5671877734375 0.8046875 0.5671877734375 0.8078125 0.5640625906250001 0.809375 0.5640625906250001 0.8125 0.5609374093749999 0.815625 0.5609374093749999 0.8171875 0.5593748187500001 0.8171875 0.5578122265625 0.81875 0.5562496359375 0.8203125 0.5562496359375 0.821875 0.5546877734375 0.825 0.5546877734375 0.8265625 0.55312518125 0.828125 0.55312518125 0.8421875 0.5390625906250001 0.8421875 0.4562496359375 0.840625 0.4546877734375 0.840625 0.45312518125 0.8328125 0.44531222656249997 0.83125 0.44531222656249997 0.8296875 0.44374963593750005 0.828125 0.44374963593750005 0.821875 0.4375 0.81875 0.4375 0.8140625 0.43281222656249996 0.8125 0.43281222656249996 0.8109375 0.43124963593750004 0.8078125 0.43124963593750004 0.803125 0.426562590625 0.8015625 0.426562590625 0.8 0.425 0.796875 0.425 0.7921875 0.4203122265625 0.790625 0.4203122265625 0.7890625 0.41874963593750003 0.7859375 0.41874963593750003 0.784375 0.4171877734375 0.78125 0.4171877734375 0.7796875 0.41562518125 0.7765625 0.41562518125 0.775 0.4171877734375 0.7734375 0.4171877734375 0.771875 0.41874963593750003 0.7703125 0.41874963593750003
35 0.7015625 0.2828122265625 0.7 0.28437481875000004 0.7 0.289062590625 0.6984375 0.29062518125 0.6890625 0.29062518125 0.6875 0.289062590625 0.6859375 0.289062590625 0.684375 0.2875 0.6828125 0.2875 0.6796875 0.29062518125 0.678125 0.29062518125 0.6765625 0.2921877734375 0.675 0.2921877734375 0.6734375 0.2937496359375 0.6703125 0.2937496359375 0.6671875 0.29687481875 0.6671875 0.301562590625 0.665625 0.30312518125 0.665625 0.30468777343750003 0.6640625 0.3062496359375 0.6640625 0.30781222656249996 0.6625 0.30937481875 0.6625 0.31562518125 0.653125 0.325 0.6515625 0.325 0.6453125 0.3312496359375 0.64375 0.3312496359375 0.6421875 0.3328122265625 0.6421875 0.3953122265625 0.64375 0.39687481875 0.64375 0.4 0.6453125 0.40156259062500005 0.6453125 0.40312518124999996 0.646875 0.40312518124999996 0.6484375 0.4046877734375 0.65 0.4046877734375 0.65625 0.41093740937499995 0.659375 0.41093740937499995 0.6640625 0.41562518125 0.665625 0.41562518125 0.6671875 0.4171877734375 0.671875 0.4171877734375 0.6765625 0.42187481875 0.6859375 0.42187481875 0.6859375 0.4203122265625 0.6875 0.41874963593750003 0.6890625 0.41874963593750003 0.690625 0.4171877734375 0.69375 0.4171877734375 0.6953125 0.41562518125 0.696875 0.41562518125 0.7 0.4125 0.7078125 0.4125 0.709375 0.41406259062500006 0.7109375 0.41406259062500006 0.7125 0.41562518125 0.7140625 0.41562518125 0.715625 0.4171877734375 0.73125 0.4171877734375 0.7328125 0.41562518125 0.7359375 0.41562518125 0.7390625 0.4125 0.7421875 0.4125 0.74375 0.41093740937499995 0.7515625 0.41093740937499995 0.753125 0.40937481875000004 0.7546875 0.40937481875000004 0.7546875 0.4078122265625 0.75625 0.4062503640625 0.7578125 0.4062503640625 0.759375 0.4046877734375 0.7640625 0.4046877734375 0.7671875 0.40156259062500005 0.7671875 0.35 0.76875 0.348437409375 0.76875 0.3296877734375 0.7671875 0.32812518125 0.7671875 0.326562590625 0.765625 0.325 0.7640625 0.325 0.7609375 0.32187481875 0.7609375 0.32031222656249997 0.759375 0.3187496359375 0.7578125 0.3187496359375 0.7546875 0.31562518125 0.7546875 0.3125 0.753125 0.31093740937500003 0.753125 0.30781222656249996 0.7515625 0.3062496359375 0.7515625 0.30468777343750003 0.75 0.30312518125 0.75 0.301562590625 0.7484375 0.3 0.7484375 0.298437409375 0.7453125 0.2953122265625 0.74375 0.2953122265625 0.740625 0.2921877734375 0.7390625 0.2921877734375 0.7375 0.29062518125 0.7359375 0.29062518125 0.734375 0.289062590625 0.7328125 0.289062590625 0.73125 0.2875 0.7296875 0.2875 0.725 0.2828122265625 0.7234375 0.2828122265625 0.721875 0.28124963593749996 0.71875 0.28124963593749996 0.7171875 0.2796877734375 0.709375 0.2796877734375 0.7078125 0.28124963593749996 0.70625 0.28124963593749996 0.7046875 0.2828122265625 0.7015625 0.2828122265625
17 0.2671875 0.5687496359375 0.265625 0.5703122265625 0.2640625 0.5703122265625 0.2625 0.57187481875 0.2625 0.573437409375 0.259375 0.576562590625 0.253125 0.576562590625 0.25 0.5796877734375 0.2484375 0.5796877734375 0.246875 0.5812496359375 0.240625 0.5812496359375 0.234375 0.5875 0.2328125 0.5875 0.23125 0.589062590625 0.2296875 0.589062590625 0.2234375 0.5953122265624999 0.2234375 0.6859374093749999 0.2265625 0.6859374093749999 0.2328125 0.6921877734375 0.2359375 0.6921877734375 0.2375 0.6937496359375 0.2390625 0.6937496359375 0.2421875 0.69687481875 0.24375 0.69687481875 0.2453125 0.698437409375 0.246875 0.698437409375 0.25 0.701562590625 0.25 0.70312518125 0.2515625 0.70312518125 0.253125 0.7046877734375 0.2546875 0.7046877734375 0.2609375 0.7109374093749999 0.2625 0.7109374093749999 0.2640625 0.7125 0.265625 0.7125 0.2703125 0.7171877734375001 0.271875 0.7171877734375001 0.275 0.7203122265624999 0.290625 0.7203122265624999 0.29375 0.7171877734375001 0.2953125 0.7171877734375001 0.296875 0.71562518125 0.2984375 0.71562518125 0.303125 0.7109374093749999 0.3046875 0.7109374093749999 0.3078125 0.7078122265625 0.309375 0.7078122265625 0.3125 0.7046877734375 0.3140625 0.7046877734375 0.315625 0.70312518125 0.3171875 0.70312518125 0.3171875 0.701562590625 0.3234375 0.6953122265625 0.3234375 0.6625 0.325 0.660937409375 0.325 0.65937481875 0.3296875 0.6546877734375001 0.3296875 0.65312518125 0.334375 0.6484374093749999 0.3359375 0.6484374093749999 0.340625 0.6437496359375 0.340625 0.6421877734375 0.3421875 0.64062518125 0.3421875 0.5921877734375001 0.340625 0.59062518125 0.340625 0.589062590625 0.3390625 0.589062590625 0.3375 0.5875 0.334375 0.5875 0.3328125 0.5859374093749999 0.33125 0.5859374093749999 0.328125 0.5828122265625 0.3265625 0.5828122265625 0.325 0.5812496359375 0.3203125 0.5812496359375 0.31875 0.5796877734375 0.3171875 0.5796877734375 0.3125 0.575 0.3109375 0.575 0.309375 0.573437409375 0.3078125 0.573437409375 0.303125 0.5687496359375 0.3 0.5687496359375 0.2984375 0.5671877734375 0.2953125 0.5671877734375 0.2921875 0.5640625906250001 0.2765625 0.5640625906250001 0.275 0.5656251812499999 0.2734375 0.5656251812499999 0.2703125 0.5687496359375 0.2671875 0.5687496359375
35 0.3875 0.29687481875 0.3859375 0.29687481875 0.384375 0.298437409375 0.3828125 0.298437409375 0.38125 0.3 0.378125 0.3 0.371875 0.3062496359375 0.3703125 0.3062496359375 0.36875 0.30781222656249996 0.36875 0.30937481875 0.365625 0.3125 0.3640625 0.3125 0.3625 0.31406259062499997 0.3625 0.31718777343750004 0.3609375 0.3187496359375 0.3609375 0.32187481875 0.3625 0.323437409375 0.3625 0.32812518125 0.3640625 0.3296877734375 0.3640625 0.3312496359375 0.365625 0.3328122265625 0.3671875 0.3328122265625 0.36875 0.33437481875 0.3702967171875 0.320521834375 0.37718560624999997 0.31361863125 0.390774621875 0.316401746875 0.3978958328125 0.32960553125000003 0.39608964687500003 0.3337227078125 0.40436616093750005 0.340599709375 0.41022790468750003 0.3533770015625 0.40603156562500003 0.35496142656249996 0.407217171875 0.3572161578125 0.3953125 0.3562496359375 0.39375 0.35937481875 0.398469696875 0.36612372656250003 0.3917077015625 0.374372634375 0.380274621875 0.3759403203125 0.3703125 0.36718777343750003 0.3703125 0.3687496359375 0.36875 0.37031222656249996 0.36875 0.37812518125 0.3703125 0.37968777343750004 0.3703125 0.3812496359375 0.3734375 0.38437481875 0.3734375 0.385937409375 0.375 0.3875 0.375 0.40156259062500005 0.3796875 0.4062503640625 0.3796875 0.4078122265625 0.3890625 0.4171877734375 0.396875 0.4171877734375 0.3984375 0.41874963593750003 0.4 0.41874963593750003 0.4015625 0.4203122265625 0.403125 0.4203122265625 0.4046875 0.42187481875 0.40625 0.42187481875 0.4078125 0.42343740937499996 0.409375 0.42343740937499996 0.4109375 0.425 0.4125 0.425 0.4203125 0.43281222656249996 0.4203125 0.43437481875 0.434375 0.43437481875 0.4375 0.43124963593750004 0.4390625 0.43124963593750004 0.440625 0.42968777343750003 0.44375 0.42968777343750003 0.4453125 0.42812518125 0.446875 0.42812518125 0.4515625 0.42343740937499996 0.4546875 0.42343740937499996 0.4578125 0.4203122265625 0.459375 0.4203122265625 0.4609375 0.41874963593750003 0.4625 0.41874963593750003 0.4640625 0.4171877734375 0.465625 0.4171877734375 0.4671875 0.41562518125 0.46875 0.41562518125 0.46875 0.41406259062500006 0.4703125 0.4125 0.471875 0.4125 0.4734375 0.41093740937499995 0.4765625 0.41093740937499995 0.4828125 0.4046877734375 0.484375 0.4046877734375 0.4859375 0.40312518124999996 0.4859375 0.398437409375 0.4875 0.39687481875 0.4875 0.3312496359375 0.4859375 0.3296877734375 0.4859375 0.32812518125 0.484375 0.326562590625 0.4828125 0.326562590625 0.48125 0.325 0.478125 0.325 0.4734375 0.32031222656249997 0.4734375 0.31406259062499997 0.471875 0.3125 0.471875 0.30937481875 0.46875 0.3062496359375 0.46875 0.30312518125 0.4671875 0.301562590625 0.4671875 0.3 0.4625 0.2953122265625 0.4609375 0.2953122265625 0.459375 0.2937496359375 0.4546875 0.2937496359375 0.453125 0.2921877734375 0.4515625 0.2921877734375 0.446875 0.2875 0.4453125 0.2875 0.440625 0.2828122265625 0.4390625 0.2828122265625 0.4375 0.28124963593749996 0.4265625 0.28124963593749996 0.425 0.2828122265625 0.421875 0.2828122265625 0.3890625 0.2953122265625 0.3875 0.29687481875
17 0.5796875 0.2953122265625 0.578125 0.29687481875 0.578125 0.298437409375 0.5765625 0.3 0.5765625 0.301562590625 0.575 0.30312518125 0.5734375 0.30312518125 0.565625 0.31093740937500003 0.5609375 0.3062496359375 0.5609375 0.30312518125 0.559375 0.301562590625 0.559375 0.3 0.55625 0.3 0.5546875 0.298437409375 0.5515625 0.298437409375 0.55 0.29687481875 0.5484375 0.29687481875 0.546875 0.2953122265625 0.5453125 0.2953122265625 0.54375 0.2937496359375 0.5328125 0.2937496359375 0.53125 0.2953122265625 0.528125 0.2953122265625 0.521875 0.301562590625 0.521875 0.30312518125 0.5203125 0.30468777343750003 0.5203125 0.3062496359375 0.51875 0.30781222656249996 0.51875 0.31562518125 0.5140625 0.32031222656249997 0.5140625 0.32187481875 0.509375 0.326562590625 0.5078125 0.326562590625 0.503125 0.3312496359375 0.5015625 0.3312496359375 0.5015625 0.4 0.50625 0.4046877734375 0.509375 0.4046877734375 0.5140625 0.40937481875000004 0.515625 0.40937481875000004 0.5171875 0.41093740937499995 0.51875 0.41093740937499995 0.5203125 0.4125 0.521875 0.4125 0.5265625 0.4171877734375 0.53125 0.4171877734375 0.5328125 0.41874963593750003 0.534375 0.41874963593750003 0.5359375 0.4171877734375 0.540625 0.4171877734375 0.5421875 0.41562518125 0.5421875 0.41406259062500006 0.5453125 0.41093740937499995 0.5546875 0.41093740937499995 0.55625 0.40937481875000004 0.5609375 0.40937481875000004 0.5625 0.41093740937499995 0.565625 0.41093740937499995 0.56875 0.41406259062500006 0.56875 0.41562518125 0.5703125 0.4171877734375 0.5734375 0.4171877734375 0.5765625 0.4203122265625 0.578125 0.4203122265625 0.5796875 0.42187481875 0.58125 0.42187481875 0.5828125 0.42343740937499996 0.5921875 0.42343740937499996 0.59375 0.42187481875 0.5953125 0.42187481875 0.6 0.4171877734375 0.603125 0.4171877734375 0.609375 0.41093740937499995 0.6140625 0.41093740937499995 0.6203125 0.4046877734375 0.621875 0.4046877734375 0.6234375 0.40312518124999996 0.6234375 0.40156259062500005 0.6296875 0.3953122265625 0.6296875 0.3328122265625 0.628125 0.3328122265625 0.6265625 0.3312496359375 0.621875 0.3312496359375 0.6203125 0.3296877734375 0.61875 0.3296877734375 0.6140625 0.325 0.6125 0.325 0.6109375 0.323437409375 0.6109375 0.32187481875 0.609375 0.32031222656249997 0.609375 0.3187496359375 0.60625 0.31562518125 0.60625 0.31406259062499997 0.6046875 0.3125 0.6046875 0.30468777343750003 0.603125 0.30312518125 0.603125 0.3 0.6 0.29687481875 0.6 0.2953122265625 0.5984375 0.2937496359375 0.596875 0.2937496359375 0.5953125 0.2921877734375 0.5921875 0.2921877734375 0.5890625 0.289062590625 0.5859375 0.289062590625 0.584375 0.2875 0.5828125 0.2875 0.58125 0.289062590625 0.58125 0.29062518125 0.5796875 0.2921877734375 0.5796875 0.2953122265625
36 0.4640625 0.7125 0.4578125 0.7187496359375001 0.45625 0.7187496359375001 0.4515625 0.723437409375 0.45 0.723437409375 0.446875 0.7265625906250001 0.4453125 0.7265625906250001 0.440625 0.7312496359375 0.4390625 0.7312496359375 0.4375 0.7328122265625 0.4359375 0.7328122265625 0.4328125 0.735937409375 0.4328125 0.8171877734375 0.4375 0.8218748187499999 0.4375 0.8234374093750001 0.4390625 0.8234374093750001 0.44375 0.8281251812500001 0.4453125 0.8281251812500001 0.446875 0.8296877734375 0.4484375 0.8296877734375 0.45 0.8312496359375 0.4515625 0.8312496359375 0.45625 0.835937409375 0.459375 0.835937409375 0.465625 0.8421877734375001 0.46875 0.8421877734375001 0.4734375 0.8468748187499999 0.475 0.8468748187499999 0.48125 0.85312518125 0.4828125 0.85312518125 0.484375 0.8546877734375 0.4859375 0.8546877734375 0.4890625 0.8578122265625 0.490625 0.8578122265625 0.4921875 0.8593748187499999 0.496875 0.8593748187499999 0.4984375 0.8578122265625 0.5 0.8578122265625 0.5015625 0.8562496359375 0.503125 0.8562496359375 0.5046875 0.8546877734375 0.50625 0.8546877734375 0.5109375 0.85 0.5125 0.85 0.5203125 0.8421877734375001 0.521875 0.8421877734375001 0.5234375 0.8406251812500001 0.5234375 0.839062590625 0.525 0.8375 0.5265625 0.8375 0.528125 0.835937409375 0.53125 0.835937409375 0.5328125 0.83437481875 0.534375 0.83437481875 0.5390625 0.8296877734375 0.5421875 0.8296877734375 0.54375 0.8281251812500001 0.5453125 0.8281251812500001 0.55 0.8234374093750001 0.5515625 0.8234374093750001 0.5546875 0.8203122265625 0.5546875 0.8187496359375 0.55625 0.8171877734375 0.55625 0.81562518125 0.5578125 0.814062590625 0.5578125 0.8125 0.559375 0.810937409375 0.559375 0.74062518125 0.55 0.7312496359375 0.5484375 0.7312496359375 0.54375 0.7265625906250001 0.5421875 0.7265625906250001 0.540625 0.725 0.5375 0.725 0.5359375 0.723437409375 0.534375 0.723437409375 0.5296875 0.7187496359375001 0.5265625 0.7187496359375001 0.5234375 0.71562518125 0.5234375 0.714062590625 0.521875 0.7125 0.51875 0.7125 0.5140625 0.7078122265625 0.5109375 0.7078122265625 0.509375 0.7062496359375 0.5046875 0.7062496359375 0.503125 0.7046877734375 0.5 0.7046877734375 0.4984375 0.70312518125 0.4765625 0.70312518125 0.4734375 0.7062496359375 0.471875 0.7062496359375 0.465625 0.7125 0.4640625 0.7125
34 0.4078125 0.5171877734375 0.40625 0.5187496359375 0.40625 0.5312496359375001 0.4046875 0.5328122265624999 0.4046875 0.551562590625 0.4078125 0.5546877734375 0.409375 0.5546877734375 0.4109375 0.5562496359375 0.4125 0.5562496359375 0.4140625 0.5578122265625 0.4140625 0.5593748187500001 0.4359375 0.5593748187500001 0.4421875 0.55312518125 0.4421875 0.551562590625 0.4453125 0.548437409375 0.4453125 0.5390625906250001 0.44375 0.5375 0.44375 0.535937409375 0.4421875 0.53437481875 0.4421875 0.5203122265625 0.4375 0.51562518125 0.4375 0.514062590625 0.4359375 0.5125 0.4359375 0.510937409375 0.434375 0.50937481875 0.434375 0.5078122265625 0.4171875 0.5078122265625 0.4125 0.5125 0.4109375 0.5125 0.4078125 0.51562518125 0.4078125 0.5171877734375
35 0.19375 0.42343740937499996 0.1921875 0.425 0.1890625 0.425 0.1875 0.426562590625 0.1859375 0.426562590625 0.184375 0.42812518125 0.1828125 0.42812518125 0.1796875 0.43124963593750004 0.1765625 0.43124963593750004 0.171875 0.435937409375 0.1703125 0.435937409375 0.16875 0.4375 0.1671875 0.4375 0.1625 0.44218777343750004 0.1609375 0.44218777343750004 0.1578125 0.44531222656249997 0.15625 0.44531222656249997 0.15625 0.44687481875 0.1515625 0.45156259062500004 0.1515625 0.4546877734375 0.15 0.4562496359375 0.15 0.5437496359375 0.153125 0.54687481875 0.1546875 0.54687481875 0.15625 0.548437409375 0.1578125 0.548437409375 0.159375 0.55 0.1609375 0.55 0.1625 0.551562590625 0.1625 0.55312518125 0.1640625 0.55312518125 0.165625 0.5546877734375 0.1671875 0.5546877734375 0.171875 0.5593748187500001 0.1734375 0.5593748187500001 0.175 0.5609374093749999 0.1765625 0.5609374093749999 0.178125 0.5625 0.1796875 0.5625 0.18125 0.5640625906250001 0.18125 0.5656251812499999 0.1828125 0.5656251812499999 0.184375 0.5671877734375 0.1859375 0.5671877734375 0.1875 0.5687496359375 0.1890625 0.5687496359375 0.1921875 0.57187481875 0.19375 0.57187481875 0.1953125 0.573437409375 0.2 0.573437409375 0.2015625 0.575 0.209375 0.575 0.2109375 0.573437409375 0.2140625 0.573437409375 0.215625 0.57187481875 0.2171875 0.57187481875 0.2171875 0.5703122265625 0.21875 0.5687496359375 0.2203125 0.5687496359375 0.2234375 0.5656251812499999 0.225 0.5656251812499999 0.228125 0.5625 0.2296875 0.5625 0.23125 0.5609374093749999 0.234375 0.5609374093749999 0.2359375 0.5593748187500001 0.2375 0.5593748187500001 0.2421875 0.5546877734375 0.24375 0.5546877734375 0.2484375 0.55 0.2484375 0.548437409375 0.25 0.54687481875 0.25 0.5437496359375 0.2515625 0.5421877734375 0.2515625 0.5375 0.253125 0.535937409375 0.253125 0.5312496359375001 0.2546875 0.5296877734375001 0.2546875 0.52187481875 0.25625 0.5203122265625 0.25625 0.5187496359375 0.2578125 0.5171877734375 0.259375 0.5171877734375 0.259375 0.51562518125 0.2640625 0.510937409375 0.265625 0.510937409375 0.2765625 0.5 0.2765625 0.45937481875 0.2734375 0.4562496359375 0.2734375 0.4546877734375 0.2703125 0.45156259062500004 0.26875 0.45156259062500004 0.2671875 0.45 0.2640625 0.45 0.2625 0.448437409375 0.2609375 0.448437409375 0.2578125 0.44531222656249997 0.25625 0.44531222656249997 0.2546875 0.44374963593750005 0.2515625 0.44374963593750005 0.25 0.44218777343750004 0.2484375 0.44218777343750004 0.2453125 0.439062590625 0.24375 0.439062590625 0.2421875 0.4375 0.2390625 0.4375 0.234375 0.43281222656249996 0.2328125 0.43281222656249996 0.2296875 0.42968777343750003 0.2296875 0.42812518125 0.228125 0.426562590625 0.2265625 0.426562590625 0.2234375 0.42343740937499996 0.221875 0.42343740937499996 0.2203125 0.42187481875 0.21875 0.42187481875 0.2171875 0.4203122265625 0.2015625 0.4203122265625 0.2 0.42187481875 0.196875 0.42187481875 0.1953125 0.42343740937499996 0.19375 0.42343740937499996
36 0.628125 0.41874963593750003 0.6265625 0.4203122265625 0.625 0.4203122265625 0.621875 0.42343740937499996 0.6203125 0.42343740937499996 0.6171875 0.426562590625 0.615625 0.426562590625 0.6125 0.42968777343750003 0.6109375 0.42968777343750003 0.609375 0.43124963593750004 0.60625 0.43124963593750004 0.6046875 0.43281222656249996 0.603125 0.43281222656249996 0.6 0.435937409375 0.6 0.439062590625 0.5984375 0.44062518125 0.5984375 0.448437409375 0.596875 0.45 0.596875 0.45156259062500004 0.5953125 0.45312518125 0.5953125 0.4562496359375 0.59375 0.4578122265625 0.59375 0.45937481875 0.5921875 0.46093740937499994 0.5921875 0.4625 0.5875 0.4671877734375 0.5859375 0.4671877734375 0.584375 0.4687503640625 0.5828125 0.4687503640625 0.575 0.47656259062500006 0.575 0.5421877734375 0.5765625 0.5421877734375 0.5828125 0.548437409375 0.584375 0.548437409375 0.5859375 0.55 0.5875 0.55 0.5890625 0.551562590625 0.590625 0.551562590625 0.5921875 0.55312518125 0.59375 0.55312518125 0.5953125 0.5546877734375 0.61875 0.5546877734375 0.6203125 0.55312518125 0.63125 0.55312518125 0.6328125 0.5546877734375 0.6390625 0.5546877734375 0.640625 0.5562496359375 0.6421875 0.5562496359375 0.64375 0.5578122265625 0.64375 0.5593748187500001 0.6453125 0.5593748187500001 0.646875 0.5609374093749999 0.65 0.5609374093749999 0.6515625 0.5625 0.6625 0.5625 0.6640625 0.5609374093749999 0.665625 0.5609374093749999 0.6671875 0.5593748187500001 0.66875 0.5593748187500001 0.66875 0.5578122265625 0.6703125 0.5562496359375 0.671875 0.5562496359375 0.6734375 0.5546877734375 0.678125 0.5546877734375 0.684375 0.548437409375 0.690625 0.548437409375 0.7 0.5390625906250001 0.7 0.47187481875000004 0.696875 0.4687503640625 0.6953125 0.4687503640625 0.6859375 0.45937481875 0.6859375 0.4578122265625 0.68125 0.45312518125 0.68125 0.45 0.6796875 0.448437409375 0.6796875 0.44218777343750004 0.678125 0.44062518125 0.678125 0.439062590625 0.6765625 0.439062590625 0.675 0.4375 0.6734375 0.4375 0.671875 0.435937409375 0.6703125 0.435937409375 0.6671875 0.43281222656249996 0.665625 0.43281222656249996 0.6640625 0.43124963593750004 0.6625 0.43124963593750004 0.6609375 0.42968777343750003 0.659375 0.42968777343750003 0.6578125 0.42812518125 0.65625 0.42812518125 0.653125 0.425 0.6515625 0.425 0.64375 0.4171877734375 0.6421875 0.4171877734375 0.640625 0.41562518125 0.634375 0.41562518125 0.6328125 0.4171877734375 0.63125 0.4171877734375 0.6296875 0.41874963593750003 0.628125 0.41874963593750003
37 0.553125 0.5640625906250001 0.5484375 0.5687496359375 0.546875 0.5687496359375 0.5453125 0.5703122265625 0.54375 0.5703122265625 0.5421875 0.57187481875 0.540625 0.57187481875 0.5375 0.575 0.534375 0.575 0.5328125 0.576562590625 0.5296875 0.576562590625 0.5265625 0.5796877734375 0.525 0.5796877734375 0.5234375 0.5812496359375 0.5203125 0.5812496359375 0.51875 0.5828122265625 0.515625 0.5828122265625 0.5140625 0.58437481875 0.5125 0.58437481875 0.509375 0.5875 0.5078125 0.5875 0.5078125 0.589062590625 0.50625 0.59062518125 0.50625 0.598437409375 0.5046875 0.6 0.5046875 0.6421877734375 0.50625 0.6437496359375 0.50625 0.65312518125 0.5078125 0.6546877734375001 0.5078125 0.6562496359375001 0.509375 0.6562496359375001 0.5109375 0.6578122265624999 0.5109375 0.660937409375 0.5125 0.6625 0.5125 0.6687496359375 0.5140625 0.6703122265625 0.5140625 0.67187481875 0.515625 0.673437409375 0.515625 0.675 0.5171875 0.676562590625 0.5171875 0.67812518125 0.51875 0.6796877734375 0.51875 0.6890625906250001 0.528125 0.698437409375 0.53125 0.698437409375 0.5328125 0.7 0.534375 0.7 0.5359375 0.701562590625 0.5375 0.701562590625 0.5390625 0.70312518125 0.54375 0.70312518125 0.5453125 0.7046877734375 0.5484375 0.7046877734375 0.553125 0.70937481875 0.5546875 0.70937481875 0.55625 0.7109374093749999 0.559375 0.7109374093749999 0.5609375 0.7125 0.5640625 0.7125 0.5671875 0.71562518125 0.56875 0.71562518125 0.5703125 0.7171877734375001 0.571875 0.7171877734375001 0.5734375 0.71562518125 0.575 0.71562518125 0.5765625 0.714062590625 0.578125 0.714062590625 0.58125 0.7109374093749999 0.5828125 0.7109374093749999 0.584375 0.70937481875 0.5859375 0.70937481875 0.590625 0.7046877734375 0.5953125 0.7046877734375 0.6 0.7 0.6015625 0.7 0.603125 0.698437409375 0.60625 0.698437409375 0.6078125 0.69687481875 0.609375 0.69687481875 0.6109375 0.6953122265625 0.6125 0.6953122265625 0.6140625 0.6937496359375 0.615625 0.6937496359375 0.6171875 0.6921877734375 0.621875 0.6921877734375 0.6234375 0.6906251812499999 0.6234375 0.6890625906250001 0.625 0.6875 0.6265625 0.6875 0.6265625 0.6234374093749999 0.625 0.6218748187500001 0.625 0.6187496359375 0.6234375 0.6171877734375 0.6234375 0.614062590625 0.615625 0.6062496359375 0.6140625 0.6062496359375 0.6109375 0.60312518125 0.6109375 0.59687481875 0.6046875 0.59062518125 0.6046875 0.5828122265625 0.603125 0.5812496359375 0.603125 0.5796877734375 0.5984375 0.575 0.5984375 0.573437409375 0.5953125 0.5703122265625 0.59375 0.5703122265625 0.5921875 0.5687496359375 0.5890625 0.5687496359375 0.5828125 0.5625 0.58125 0.5625 0.5796875 0.5609374093749999 0.578125 0.5609374093749999 0.5765625 0.5593748187500001 0.5703125 0.5593748187500001 0.56875 0.5578122265625 0.5640625 0.5578122265625 0.559375 0.5625 0.5578125 0.5625 0.55625 0.5640625906250001 0.553125 0.5640625906250001
36 0.3265625 0.43281222656249996 0.3234375 0.435937409375 0.321875 0.435937409375 0.315625 0.44218777343750004 0.3125 0.44218777343750004 0.3109375 0.44374963593750005 0.3078125 0.44374963593750005 0.3015625 0.45 0.3 0.45 0.2984375 0.45156259062500004 0.296875 0.45156259062500004 0.2953125 0.45312518125 0.2953125 0.4546877734375 0.29375 0.4562496359375 0.29375 0.4578122265625 0.2921875 0.45937481875 0.2921875 0.514062590625 0.29375 0.51562518125 0.29375 0.52187481875 0.2953125 0.5234374093749999 0.2953125 0.525 0.2984375 0.52812518125 0.3 0.52812518125 0.3015625 0.5296877734375001 0.303125 0.5296877734375001 0.3046875 0.5312496359375001 0.30625 0.5312496359375001 0.3109375 0.535937409375 0.3109375 0.5375 0.3125 0.5390625906250001 0.3125 0.5437496359375 0.3140625 0.5453122265625 0.3140625 0.54687481875 0.31875 0.551562590625 0.31875 0.55312518125 0.3203125 0.55312518125 0.321875 0.5546877734375 0.3234375 0.5546877734375 0.325 0.5562496359375 0.3265625 0.5562496359375 0.3296875 0.5593748187500001 0.33125 0.5593748187500001 0.3328125 0.5609374093749999 0.334375 0.5609374093749999 0.3359375 0.5625 0.3390625 0.5625 0.340625 0.5640625906250001 0.346875 0.5640625906250001 0.3484375 0.5656251812499999 0.3515625 0.5656251812499999 0.353125 0.5671877734375 0.35625 0.5671877734375 0.3578125 0.5687496359375 0.359375 0.5687496359375 0.3609375 0.5671877734375 0.3625 0.5671877734375 0.3640625 0.5656251812499999 0.365625 0.5656251812499999 0.36875 0.5625 0.3703125 0.5625 0.371875 0.5609374093749999 0.378125 0.5609374093749999 0.3796875 0.5593748187500001 0.3796875 0.5578122265625 0.3828125 0.5546877734375 0.390625 0.5546877734375 0.3984375 0.54687481875 0.3984375 0.5421877734375 0.4 0.54062518125 0.4 0.5375 0.4015625 0.535937409375 0.4015625 0.53437481875 0.403125 0.5328122265624999 0.403125 0.52812518125 0.4046875 0.526562590625 0.4046875 0.5187496359375 0.40625 0.5171877734375 0.40625 0.51562518125 0.4109375 0.510937409375 0.4109375 0.5078122265625 0.4125 0.5062496359375 0.4125 0.5046877734375 0.4140625 0.5031251812499999 0.4140625 0.4671877734375 0.4125 0.46562518124999996 0.4125 0.46093740937499994 0.4109375 0.45937481875 0.4109375 0.45312518125 0.4078125 0.45 0.40625 0.45 0.4015625 0.44531222656249997 0.4 0.44531222656249997 0.3984375 0.44374963593750005 0.3953125 0.44374963593750005 0.39375 0.44218777343750004 0.3921875 0.44218777343750004 0.3890625 0.439062590625 0.3875 0.439062590625 0.3859375 0.4375 0.3828125 0.4375 0.3765625 0.43124963593750004 0.3703125 0.43124963593750004 0.36875 0.42968777343750003 0.359375 0.42968777343750003 0.3578125 0.43124963593750004 0.35 0.43124963593750004 0.3484375 0.42968777343750003 0.3328125 0.42968777343750003 0.33125 0.43124963593750004 0.3296875 0.43124963593750004 0.328125 0.43281222656249996 0.3265625 0.43281222656249996
0 0.4921875 0.425 0.4921875 0.426562590625 0.490625 0.42812518125 0.4890625 0.42812518125 0.4875 0.42968777343750003 0.4828125 0.42968777343750003 0.48125 0.43124963593750004 0.48125 0.43281222656249996 0.4796875 0.43437481875 0.4796875 0.44062518125 0.4765625 0.44374963593750005 0.475 0.44218777343750004 0.4703125 0.44218777343750004 0.4671875 0.439062590625 0.4671875 0.4375 0.4640625 0.4375 0.4625 0.439062590625 0.4609375 0.439062590625 0.4578125 0.44218777343750004 0.45625 0.44218777343750004 0.453125 0.44531222656249997 0.4515625 0.44531222656249997 0.45 0.44687481875 0.4484375 0.44687481875 0.446875 0.448437409375 0.4453125 0.448437409375 0.44375 0.45 0.440625 0.45 0.4375 0.45312518125 0.4375 0.4546877734375 0.4359375 0.4562496359375 0.4359375 0.510937409375 0.4375 0.5125 0.4375 0.51562518125 0.44375 0.52187481875 0.44375 0.53437481875 0.4453125 0.535937409375 0.4453125 0.5375 0.4484375 0.54062518125 0.4484375 0.5421877734375 0.45 0.5437496359375 0.45 0.54687481875 0.4578125 0.5546877734375 0.459375 0.5546877734375 0.4609375 0.5562496359375 0.4625 0.5562496359375 0.4671875 0.5609374093749999 0.4703125 0.5609374093749999 0.471875 0.5625 0.4734375 0.5625 0.478125 0.5671877734375 0.4796875 0.5671877734375 0.4859375 0.573437409375 0.4875 0.573437409375 0.4890625 0.575 0.4921875 0.575 0.49375 0.576562590625 0.496875 0.576562590625 0.4984375 0.575 0.5015625 0.575 0.503125 0.573437409375 0.5046875 0.573437409375 0.509375 0.5687496359375 0.5109375 0.5687496359375 0.5125 0.5671877734375 0.5140625 0.5671877734375 0.5265625 0.5546877734375 0.53125 0.5546877734375 0.5328125 0.55312518125 0.534375 0.55312518125 0.5390625 0.548437409375 0.54375 0.548437409375 0.5453125 0.54687481875 0.546875 0.54687481875 0.5546875 0.5390625906250001 0.5546875 0.48124963593750003 0.553125 0.4796877734375 0.553125 0.47656259062500006 0.5453125 0.4687503640625 0.54375 0.4687503640625 0.5390625 0.46406259062500005 0.5390625 0.4625 0.5359375 0.45937481875 0.5359375 0.45156259062500004 0.53125 0.44687481875 0.53125 0.44374963593750005 0.5296875 0.44218777343750004 0.5296875 0.439062590625 0.521875 0.43124963593750004 0.51875 0.43124963593750004 0.5171875 0.42968777343750003 0.515625 0.42968777343750003 0.5125 0.426562590625 0.5109375 0.426562590625 0.509375 0.425 0.5078125 0.425 0.50625 0.42343740937499996 0.5046875 0.42343740937499996 0.5015625 0.4203122265625 0.496875 0.4203122265625 0.4953125 0.42187481875 0.49375 0.42187481875 0.49375 0.42343740937499996 0.4921875 0.425
17 0.4 0.573437409375 0.3984375 0.575 0.3953125 0.575 0.39375 0.576562590625 0.3921875 0.576562590625 0.390625 0.57812518125 0.3890625 0.57812518125 0.3859375 0.5812496359375 0.38125 0.5812496359375 0.3796875 0.5828122265625 0.378125 0.5828122265625 0.3734375 0.5875 0.3703125 0.5875 0.3640625 0.5937496359375001 0.3640625 0.6671877734375 0.365625 0.6671877734375 0.36875 0.6703122265625 0.36875 0.67187481875 0.3703125 0.673437409375 0.371875 0.673437409375 0.3734375 0.675 0.375 0.675 0.3796875 0.6796877734375 0.3796875 0.6812496359375 0.38125 0.6828122265625 0.38125 0.6906251812499999 0.3828125 0.6921877734375 0.3828125 0.6937496359375 0.3875 0.698437409375 0.3875 0.7 0.390625 0.70312518125 0.3921875 0.70312518125 0.3953125 0.7062496359375 0.396875 0.7062496359375 0.4015625 0.7109374093749999 0.403125 0.7109374093749999 0.4046875 0.7125 0.40625 0.7125 0.4109375 0.7171877734375001 0.4125 0.7171877734375001 0.4140625 0.7187496359375001 0.415625 0.7187496359375001 0.41875 0.72187481875 0.4296875 0.72187481875 0.4328125 0.7187496359375001 0.434375 0.7187496359375001 0.4359375 0.7171877734375001 0.4375 0.7171877734375001 0.4390625 0.71562518125 0.440625 0.71562518125 0.4453125 0.7109374093749999 0.446875 0.7109374093749999 0.4484375 0.70937481875 0.45 0.70937481875 0.453125 0.7062496359375 0.4546875 0.7062496359375 0.45625 0.7046877734375 0.4578125 0.7046877734375 0.459375 0.70312518125 0.4609375 0.70312518125 0.4609375 0.701562590625 0.4625 0.7 0.4640625 0.7 0.465625 0.698437409375 0.4671875 0.698437409375 0.46875 0.69687481875 0.46875 0.6953122265625 0.471875 0.6921877734375 0.471875 0.6906251812499999 0.4734375 0.6890625906250001 0.4734375 0.6640625906250001 0.478125 0.65937481875 0.478125 0.6578122265624999 0.4796875 0.6562496359375001 0.4796875 0.651562590625 0.484375 0.64687481875 0.484375 0.6 0.4828125 0.598437409375 0.4828125 0.59687481875 0.4796875 0.5937496359375001 0.4796875 0.5921877734375001 0.4765625 0.589062590625 0.475 0.589062590625 0.4734375 0.5875 0.471875 0.5875 0.4703125 0.5859374093749999 0.46875 0.5859374093749999 0.4671875 0.58437481875 0.4671875 0.5828122265625 0.465625 0.5828122265625 0.4640625 0.5812496359375 0.4609375 0.5812496359375 0.459375 0.5796877734375 0.4578125 0.5796877734375 0.453125 0.575 0.4515625 0.575 0.4453125 0.5687496359375 0.4421875 0.5687496359375 0.440625 0.5671877734375 0.4390625 0.5671877734375 0.434375 0.5625 0.4140625 0.5625 0.4125 0.5640625906250001 0.4109375 0.5640625906250001 0.4015625 0.573437409375 0.4 0.573437409375
2 0.6125 0.276562590625 0.6125 0.27812518124999996 0.609375 0.28124963593749996 0.6078125 0.28124963593749996 0.60625 0.2828122265625 0.60625 0.30937481875 0.6125 0.31562518125 0.6125 0.323437409375 0.6171875 0.32812518125 0.646875 0.32812518125 0.6515625 0.323437409375 0.6578125 0.323437409375 0.6609375 0.32031222656249997 0.6609375 0.3125 0.6625 0.31093740937500003 0.6625 0.30312518125 0.6578125 0.298437409375 0.65625 0.298437409375 0.6546875 0.29687481875 0.6546875 0.2953122265625 0.653125 0.2937496359375 0.6515625 0.2937496359375 0.6421875 0.28437481875000004 0.6421875 0.2828122265625 0.6359375 0.276562590625 0.6359375 0.275 0.634375 0.275 0.6296875 0.2703122265625 0.61875 0.2703122265625 0.61875 0.27187481875 0.615625 0.275 0.6140625 0.275 0.6125 0.276562590625
3 0.3328125 0.65 0.33125 0.651562590625 0.33125 0.65312518125 0.328125 0.6562496359375001 0.3265625 0.6562496359375001 0.3265625 0.6859374093749999 0.3296875 0.6890625906250001 0.3296875 0.6906251812499999 0.33125 0.6921877734375 0.33125 0.69687481875 0.3328125 0.698437409375 0.334375 0.698437409375 0.3390625 0.70312518125 0.371875 0.70312518125 0.3765625 0.698437409375 0.378125 0.698437409375 0.3796875 0.69687481875 0.3796875 0.6937496359375 0.38125 0.6921877734375 0.38125 0.6906251812499999 0.3828125 0.6890625906250001 0.3828125 0.676562590625 0.38125 0.675 0.3796875 0.675 0.378125 0.673437409375 0.3765625 0.673437409375 0.3734375 0.6703122265625 0.371875 0.6703122265625 0.3703125 0.6687496359375 0.365625 0.6687496359375 0.3609375 0.6640625906250001 0.3609375 0.6578122265624999 0.35 0.64687481875 0.3390625 0.64687481875 0.3375 0.6484374093749999 0.3359375 0.6484374093749999 0.334375 0.65 0.3328125 0.65
27 0.5359375 0.2703122265625 0.5328125 0.273437409375 0.53125 0.273437409375 0.5296875 0.275 0.5265625 0.275 0.525 0.276562590625 0.525 0.27812518124999996 0.521875 0.28124963593749996 0.5203125 0.28124963593749996 0.5171875 0.28437481875000004 0.5171875 0.301562590625 0.5234375 0.301562590625 0.5265625 0.298437409375 0.528125 0.298437409375 0.534375 0.2921877734375 0.540625 0.2921877734375 0.5421875 0.29062518125 0.5421875 0.289062590625 0.5453125 0.285937409375 0.546875 0.285937409375 0.5515625 0.28124963593749996 0.553125 0.28124963593749996 0.5546875 0.2796877734375 0.5578125 0.2796877734375 0.5609375 0.276562590625 0.5609375 0.2625 0.546875 0.2625 0.540625 0.2687496359375 0.5390625 0.2687496359375 0.5375 0.2703122265625 0.5359375 0.2703122265625
3 0.25625 0.526562590625 0.2546875 0.52812518125 0.2546875 0.548437409375 0.2625 0.5562496359375 0.2625 0.5578122265625 0.265625 0.5609374093749999 0.303125 0.5609374093749999 0.303125 0.5593748187500001 0.3078125 0.5546877734375 0.309375 0.5546877734375 0.3109375 0.55312518125 0.3109375 0.5328122265624999 0.309375 0.5312496359375001 0.296875 0.5312496359375001 0.2921875 0.526562590625 0.2921875 0.5203122265625 0.290625 0.5187496359375 0.290625 0.5171877734375 0.2859375 0.5125 0.2859375 0.510937409375 0.28125 0.5062496359375 0.265625 0.5062496359375 0.259375 0.5125 0.2578125 0.5125 0.25625 0.514062590625 0.25625 0.526562590625
25 0.68125 0.2671877734375 0.6796875 0.2687496359375 0.6765625 0.2687496359375 0.675 0.2703122265625 0.675 0.27187481875 0.671875 0.275 0.6703125 0.275 0.6640625 0.28124963593749996 0.6578125 0.28124963593749996 0.65625 0.2828122265625 0.65625 0.28437481875000004 0.653125 0.2875 0.653125 0.29687481875 0.6546875 0.29687481875 0.65625 0.298437409375 0.671875 0.298437409375 0.6734375 0.29687481875 0.6734375 0.2953122265625 0.6765625 0.2921877734375 0.678125 0.2921877734375 0.6796875 0.29062518125 0.6796875 0.289062590625 0.6828125 0.285937409375 0.690625 0.285937409375 0.6921875 0.28437481875000004 0.6921875 0.2828122265625 0.6953125 0.2796877734375 0.696875 0.2796877734375 0.6984375 0.27812518124999996 0.6984375 0.276562590625 0.7015625 0.273437409375 0.703125 0.273437409375 0.7046875 0.27187481875 0.7046875 0.2625 0.703125 0.260937409375 0.6921875 0.260937409375 0.690625 0.2625 0.6875 0.2625 0.6828125 0.2671877734375 0.68125 0.2671877734375
31 0.7625 0.2796877734375 0.759375 0.2828122265625 0.7578125 0.2828122265625 0.7578125 0.28437481875000004 0.75625 0.285937409375 0.75625 0.31562518125 0.7578125 0.31718777343750004 0.7578125 0.3187496359375 0.7609375 0.32187481875 0.7625 0.32187481875 0.7640625 0.323437409375 0.790625 0.323437409375 0.7921875 0.32187481875 0.7921875 0.32031222656249997 0.7953125 0.31718777343750004 0.796875 0.31718777343750004 0.796875 0.2937496359375 0.79375 0.29062518125 0.79375 0.2875 0.7921875 0.285937409375 0.7921875 0.2828122265625 0.790625 0.28124963593749996 0.7890625 0.28124963593749996 0.7859375 0.27812518124999996 0.7859375 0.273437409375 0.784375 0.27187481875 0.7703125 0.27187481875 0.7671875 0.275 0.765625 0.275 0.7625 0.27812518124999996 0.7625 0.2796877734375
28 0.5375 0.548437409375 0.5359375 0.548437409375 0.534375 0.55 0.5328125 0.55 0.53125 0.551562590625 0.5296875 0.551562590625 0.5265625 0.5546877734375 0.525 0.5546877734375 0.5234375 0.5562496359375 0.5203125 0.5562496359375 0.5203125 0.5578122265625 0.515625 0.5625 0.5140625 0.5625 0.5078125 0.5687496359375 0.503125 0.5687496359375 0.5 0.57187481875 0.5 0.589062590625 0.5125 0.589062590625 0.515625 0.5859374093749999 0.5171875 0.5859374093749999 0.51875 0.58437481875 0.5203125 0.58437481875 0.525 0.5796877734375 0.5265625 0.5796877734375 0.5328125 0.573437409375 0.5359375 0.573437409375 0.5375 0.57187481875 0.5390625 0.57187481875 0.54375 0.5671877734375 0.546875 0.5671877734375 0.5484375 0.5656251812499999 0.5484375 0.5640625906250001 0.5515625 0.5609374093749999 0.5546875 0.5609374093749999 0.5609375 0.5546877734375 0.5609375 0.551562590625 0.5625 0.55 0.5625 0.5437496359375 0.5421875 0.5437496359375 0.540625 0.5453122265625 0.5390625 0.5453122265625 0.5390625 0.54687481875 0.5375 0.548437409375
34 0.4796875 0.65937481875 0.478125 0.660937409375 0.4765625 0.660937409375 0.4765625 0.6921877734375 0.4828125 0.698437409375 0.509375 0.698437409375 0.5109375 0.69687481875 0.5109375 0.6953122265625 0.5140625 0.6921877734375 0.515625 0.6921877734375 0.5171875 0.6906251812499999 0.5171875 0.675 0.515625 0.673437409375 0.515625 0.67187481875 0.5125 0.6687496359375 0.5125 0.6671877734375 0.5109375 0.66562518125 0.5109375 0.6578122265624999 0.509375 0.6562496359375001 0.5078125 0.6562496359375001 0.5046875 0.65312518125 0.5046875 0.651562590625 0.503125 0.65 0.5015625 0.65 0.5 0.6484374093749999 0.4875 0.6484374093749999 0.48125 0.6546877734375001 0.48125 0.6562496359375001 0.4796875 0.6578122265624999 0.4796875 0.65937481875
28 0.375 0.426562590625 0.375 0.42812518125 0.3765625 0.42968777343750003 0.378125 0.42968777343750003 0.38125 0.43281222656249996 0.38125 0.43437481875 0.3828125 0.435937409375 0.3890625 0.435937409375 0.3953125 0.44218777343750004 0.396875 0.44218777343750004 0.4 0.44531222656249997 0.4 0.44687481875 0.4015625 0.448437409375 0.40625 0.448437409375 0.4078125 0.45 0.409375 0.45 0.4109375 0.45156259062500004 0.4171875 0.45156259062500004 0.4203125 0.448437409375 0.421875 0.448437409375 0.4234375 0.44687481875 0.4234375 0.439062590625 0.421875 0.4375 0.4203125 0.4375 0.4171875 0.43437481875 0.4171875 0.43281222656249996 0.415625 0.43124963593750004 0.4140625 0.43124963593750004 0.4109375 0.42812518125 0.4109375 0.426562590625 0.409375 0.425 0.403125 0.425 0.396875 0.41874963593750003 0.3953125 0.41874963593750003 0.3890625 0.4125 0.38125 0.4125 0.3796875 0.41093740937499995 0.36875 0.41093740937499995 0.36875 0.42187481875 0.3703125 0.42343740937499996 0.371875 0.42343740937499996 0.375 0.426562590625
28 0.4515625 0.573437409375 0.453125 0.573437409375 0.4546875 0.575 0.45625 0.575 0.4578125 0.576562590625 0.4578125 0.57812518125 0.459375 0.57812518125 0.4609375 0.5796877734375 0.465625 0.5796877734375 0.46875 0.5828122265625 0.46875 0.58437481875 0.4703125 0.5859374093749999 0.471875 0.5859374093749999 0.4765625 0.59062518125 0.4921875 0.59062518125 0.4921875 0.576562590625 0.484375 0.5687496359375 0.4828125 0.5687496359375 0.4765625 0.5625 0.471875 0.5625 0.465625 0.5562496359375 0.4640625 0.5562496359375 0.4625 0.5546877734375 0.4609375 0.5546877734375 0.459375 0.55312518125 0.440625 0.55312518125 0.440625 0.5609374093749999 0.4421875 0.5625 0.4421875 0.5640625906250001 0.4515625 0.573437409375
15 0.3046875 0.698437409375 0.30625 0.69687481875 0.3078125 0.69687481875 0.309375 0.6953122265625 0.309375 0.6937496359375 0.3109375 0.6921877734375 0.3109375 0.64062518125 0.3078125 0.6375 0.259375 0.6375 0.259375 0.69687481875 0.2609375 0.69687481875 0.2625 0.698437409375 0.3046875 0.698437409375
25 0.6453125 0.7046877734375 0.6515625 0.7046877734375 0.6578125 0.7109374093749999 0.659375 0.7109374093749999 0.6625 0.714062590625 0.6625 0.71562518125 0.6640625 0.7171877734375001 0.6703125 0.7171877734375001 0.6765625 0.723437409375 0.678125 0.723437409375 0.684375 0.7296877734375 0.690625 0.7296877734375 0.69375 0.7328122265625 0.7 0.7328122265625 0.7046875 0.72812518125 0.7046875 0.7203122265624999 0.703125 0.7187496359375001 0.7015625 0.7187496359375001 0.6984375 0.71562518125 0.6984375 0.714062590625 0.696875 0.7125 0.6953125 0.7125 0.6921875 0.70937481875 0.6921875 0.7078122265625 0.690625 0.7062496359375 0.684375 0.7062496359375 0.678125 0.7 0.6765625 0.7 0.6734375 0.69687481875 0.6734375 0.6953122265625 0.671875 0.6937496359375 0.6671875 0.6937496359375 0.665625 0.6921877734375 0.6640625 0.6921877734375 0.6625 0.6906251812499999 0.6625 0.6890625906250001 0.6609375 0.6890625906250001 0.659375 0.6875 0.6578125 0.6875 0.6546875 0.6843748187500001 0.6546875 0.6828122265625 0.653125 0.6812496359375 0.6375 0.6812496359375 0.6375 0.6953122265625 0.64375 0.701562590625 0.64375 0.70312518125 0.6453125 0.7046877734375
34 0.3375 0.38437481875 0.3359375 0.385937409375 0.3359375 0.39062518125 0.334375 0.3921877734375 0.334375 0.41093740937499995 0.3375 0.41406259062500006 0.3375 0.41562518125 0.3390625 0.4171877734375 0.3671875 0.4171877734375 0.36875 0.41562518125 0.3703125 0.41562518125 0.371875 0.41406259062500006 0.371875 0.4125 0.3734375 0.41093740937499995 0.3734375 0.38281222656249997 0.371875 0.3812496359375 0.371875 0.37968777343750004 0.36875 0.37656259062499997 0.36875 0.375 0.3671875 0.37343740937500003 0.3671875 0.37031222656249996 0.3640625 0.36718777343750003 0.3453125 0.36718777343750003 0.34375 0.3687496359375 0.34375 0.37031222656249996 0.3375 0.37656259062499997 0.3375 0.38437481875
7 0.7734375 0.5546877734375 0.775 0.5562496359375 0.790625 0.5562496359375 0.7921875 0.5546877734375 0.803125 0.5546877734375 0.803125 0.5 0.8 0.49687481875 0.7515625 0.49687481875 0.75 0.498437409375 0.75 0.55312518125 0.7515625 0.5546877734375 0.7734375 0.5546877734375
28 0.5265625 0.7171877734375001 0.528125 0.7171877734375001 0.534375 0.723437409375 0.5390625 0.723437409375 0.5453125 0.7296877734375 0.546875 0.7296877734375 0.55 0.7328122265625 0.5609375 0.7328122265625 0.5609375 0.7312496359375 0.5625 0.7296877734375 0.5625 0.7265625906250001 0.5640625 0.725 0.5640625 0.7203122265624999 0.5609375 0.7171877734375001 0.5609375 0.714062590625 0.559375 0.7125 0.55625 0.7125 0.5546875 0.7109374093749999 0.553125 0.7109374093749999 0.5484375 0.7062496359375 0.5453125 0.7062496359375 0.5421875 0.70312518125 0.5421875 0.701562590625 0.540625 0.7 0.5375 0.7 0.5359375 0.698437409375 0.534375 0.698437409375 0.53125 0.6953122265625 0.5296875 0.6953122265625 0.528125 0.6937496359375 0.509375 0.6937496359375 0.509375 0.701562590625 0.51875 0.7109374093749999 0.5203125 0.7109374093749999 0.5265625 0.7171877734375001
25 0.6421875 0.67812518125 0.6421875 0.61562518125 0.64375 0.614062590625 0.64375 0.6125 0.6296875 0.6125 0.6296875 0.676562590625 0.6328125 0.6796877734375 0.640625 0.6796877734375 0.6421875 0.67812518125
2 0.6125 0.5593748187500001 0.6078125 0.5640625906250001 0.6078125 0.5921877734375001 0.609375 0.5921877734375001 0.6125 0.5953122265624999 0.6125 0.60312518125 0.6140625 0.6046877734375 0.615625 0.6046877734375 0.6203125 0.60937481875 0.653125 0.60937481875 0.6578125 0.6046877734375 0.659375 0.6046877734375 0.6609375 0.60312518125 0.6609375 0.6 0.6625 0.598437409375 0.6625 0.5953122265624999 0.6640625 0.5937496359375001 0.6640625 0.5875 0.6625 0.5859374093749999 0.6625 0.58437481875 0.6609375 0.5828122265625 0.6609375 0.5796877734375 0.6578125 0.576562590625 0.65625 0.576562590625 0.6546875 0.575 0.65 0.575 0.64375 0.5687496359375 0.64375 0.5671877734375 0.6421875 0.5656251812499999 0.6421875 0.5640625906250001 0.6328125 0.5546877734375 0.63125 0.5546877734375 0.6296875 0.55312518125 0.61875 0.55312518125 0.615625 0.5562496359375 0.6140625 0.5562496359375 0.6125 0.5578122265625 0.6125 0.5593748187500001
33 0.69375 0.4203122265625 0.6875 0.426562590625 0.6875 0.43437481875 0.6859375 0.435937409375 0.6859375 0.4546877734375 0.6875 0.4562496359375 0.6875 0.45937481875 0.6890625 0.46093740937499994 0.690625 0.46093740937499994 0.69375 0.46406259062500005 0.69375 0.46562518124999996 0.6953125 0.4671877734375 0.71875 0.4671877734375 0.7203125 0.46562518124999996 0.721875 0.46562518124999996 0.721875 0.46406259062500005 0.7234375 0.4625 0.7234375 0.426562590625 0.715625 0.41874963593750003 0.7140625 0.41874963593750003 0.7109375 0.41562518125 0.7109375 0.41406259062500006 0.696875 0.41406259062500006 0.6953125 0.41562518125 0.6953125 0.4171877734375 0.69375 0.41874963593750003 0.69375 0.4203122265625
25 0.7125 0.27812518124999996 0.7140625 0.2796877734375 0.715625 0.2796877734375 0.721875 0.285937409375 0.7265625 0.285937409375 0.7328125 0.2921877734375 0.734375 0.2921877734375 0.7375 0.2953122265625 0.7375 0.29687481875 0.7390625 0.298437409375 0.7421875 0.298437409375 0.74375 0.3 0.7453125 0.3 0.7484375 0.30312518125 0.75 0.30312518125 0.7515625 0.30468777343750003 0.7546875 0.30468777343750003 0.7546875 0.2828122265625 0.753125 0.28124963593749996 0.7515625 0.28124963593749996 0.746875 0.276562590625 0.7453125 0.276562590625 0.74375 0.275 0.7390625 0.275 0.7359375 0.27187481875 0.7359375 0.2703122265625 0.734375 0.2687496359375 0.7328125 0.2687496359375 0.73125 0.2671877734375 0.7296875 0.2671877734375 0.728125 0.26562518125 0.728125 0.264062590625 0.7265625 0.264062590625 0.725 0.2625 0.7234375 0.2625 0.721875 0.260937409375 0.7078125 0.260937409375 0.7078125 0.273437409375 0.709375 0.273437409375 0.7125 0.276562590625 0.7125 0.27812518124999996
33 0.48125 0.27812518124999996 0.48125 0.2796877734375 0.478125 0.2828122265625 0.4765625 0.2828122265625 0.4765625 0.32187481875 0.478125 0.323437409375 0.509375 0.323437409375 0.5109375 0.32187481875 0.5109375 0.32031222656249997 0.5140625 0.31718777343750004 0.515625 0.31718777343750004 0.515625 0.29687481875 0.5125 0.2937496359375 0.5125 0.2921877734375 0.5109375 0.29062518125 0.5109375 0.2828122265625 0.503125 0.275 0.5015625 0.275 0.5 0.273437409375 0.4859375 0.273437409375 0.484375 0.275 0.4828125 0.275 0.4828125 0.276562590625 0.48125 0.27812518124999996
26 0.309375 0.57187481875 0.3109375 0.57187481875 0.3125 0.573437409375 0.3140625 0.573437409375 0.3203125 0.5796877734375 0.321875 0.5796877734375 0.325 0.5828122265625 0.325 0.58437481875 0.3265625 0.5859374093749999 0.328125 0.5859374093749999 0.334375 0.5921877734375001 0.3484375 0.5921877734375001 0.35 0.59062518125 0.35 0.5796877734375 0.3484375 0.57812518125 0.3484375 0.5703122265625 0.346875 0.5687496359375 0.34375 0.5687496359375 0.3390625 0.5640625906250001 0.3375 0.5640625906250001 0.3359375 0.5625 0.3328125 0.5625 0.3296875 0.5593748187500001 0.3296875 0.5578122265625 0.328125 0.5562496359375 0.30625 0.5562496359375 0.30625 0.5671877734375 0.3078125 0.5687496359375 0.3078125 0.5703122265625 0.309375 0.57187481875
26 0.378125 0.5578122265625 0.3734375 0.5625 0.371875 0.5625 0.365625 0.5687496359375 0.3640625 0.5687496359375 0.3625 0.5703122265625 0.3625 0.57187481875 0.3578125 0.576562590625 0.3578125 0.5921877734375001 0.371875 0.5921877734375001 0.378125 0.5859374093749999 0.3796875 0.5859374093749999 0.384375 0.5812496359375 0.3859375 0.5812496359375 0.3875 0.5796877734375 0.390625 0.5796877734375 0.3921875 0.57812518125 0.3921875 0.576562590625 0.3953125 0.573437409375 0.396875 0.573437409375 0.3984375 0.57187481875 0.4 0.57187481875 0.4046875 0.5671877734375 0.4046875 0.5656251812499999 0.409375 0.5609374093749999 0.409375 0.551562590625 0.3890625 0.551562590625 0.384375 0.5562496359375 0.38125 0.5562496359375 0.3796875 0.5578122265625 0.378125 0.5578122265625
15 0.6953125 0.4171877734375 0.7015625 0.41093740937499995 0.7078125 0.41093740937499995 0.7140625 0.4171877734375 0.7265625 0.4171877734375 0.7296875 0.41406259062500006 0.7296875 0.4 0.73125 0.398437409375 0.73125 0.36562518125 0.7296875 0.364062590625 0.7296875 0.3578122265625 0.728125 0.3562496359375 0.6828125 0.3562496359375 0.68125 0.3578122265625 0.68125 0.41562518125 0.6828125 0.4171877734375 0.6953125 0.4171877734375
26 0.23125 0.5625 0.23125 0.5640625906250001 0.228125 0.5671877734375 0.2265625 0.5671877734375 0.225 0.5687496359375 0.221875 0.5687496359375 0.215625 0.575 0.215625 0.5921877734375001 0.23125 0.5921877734375001 0.2328125 0.59062518125 0.234375 0.59062518125 0.2390625 0.5859374093749999 0.240625 0.5859374093749999 0.2421875 0.58437481875 0.2421875 0.5828122265625 0.2453125 0.5796877734375 0.246875 0.5796877734375 0.2484375 0.57812518125 0.2484375 0.576562590625 0.2515625 0.573437409375 0.253125 0.573437409375 0.2609375 0.5656251812499999 0.2609375 0.5640625906250001 0.2625 0.5625 0.2625 0.5609374093749999 0.2640625 0.5593748187500001 0.2640625 0.551562590625 0.2453125 0.551562590625 0.2421875 0.5546877734375 0.240625 0.5546877734375 0.2328125 0.5625 0.23125 0.5625
27 0.740625 0.4125 0.734375 0.41874963593750003 0.7328125 0.41874963593750003 0.73125 0.4203122265625 0.73125 0.42187481875 0.7296875 0.42343740937499996 0.7296875 0.44062518125 0.7359375 0.44062518125 0.7359375 0.439062590625 0.7375 0.4375 0.7390625 0.4375 0.740625 0.435937409375 0.7453125 0.435937409375 0.7515625 0.42968777343750003 0.753125 0.42968777343750003 0.7546875 0.42812518125 0.7546875 0.426562590625 0.7578125 0.42343740937499996 0.7640625 0.42343740937499996 0.7703125 0.4171877734375 0.771875 0.4171877734375 0.7734375 0.41562518125 0.7734375 0.40156259062500005 0.7578125 0.40156259062500005 0.753125 0.4062503640625 0.7515625 0.4062503640625 0.7453125 0.4125 0.740625 0.4125
27 0.5625 0.25937481875 0.5640625 0.260937409375 0.565625 0.260937409375 0.5734375 0.25312518125 0.5734375 0.1703122265625 0.5625 0.1703122265625 0.559375 0.17343740937500002 0.559375 0.25781222656249997 0.5609375 0.25937481875 0.5625 0.25937481875
28 0.4984375 0.6421877734375 0.4984375 0.5937496359375001 0.4890625 0.5937496359375001 0.4890625 0.6453122265625 0.496875 0.6453122265625 0.496875 0.6437496359375 0.4984375 0.6421877734375
28 0.5671875 0.5390625906250001 0.5703125 0.535937409375 0.571875 0.535937409375 0.571875 0.475 0.5578125 0.475 0.5578125 0.535937409375 0.559375 0.535937409375 0.5625 0.5390625906250001 0.5671875 0.5390625906250001
13 0.196875 0.5562496359375 0.1984375 0.5578122265625 0.234375 0.5578122265625 0.2359375 0.5562496359375 0.2359375 0.5546877734375 0.2375 0.55312518125 0.2375 0.551562590625 0.2390625 0.55 0.2390625 0.5015625906250001 0.2375 0.5 0.2375 0.498437409375 0.2359375 0.49687481875 0.1890625 0.49687481875 0.1890625 0.5546877734375 0.190625 0.5546877734375 0.1921875 0.5562496359375 0.196875 0.5562496359375
26 0.21875 0.67812518125 0.21875 0.59687481875 0.2171875 0.5953122265624999 0.21875 0.5937496359375001 0.21875 0.5921877734375001 0.20625 0.5921877734375001 0.20625 0.67812518125 0.2078125 0.6796877734375 0.2171875 0.6796877734375 0.21875 0.67812518125
5 0.54375 0.41562518125 0.5375 0.42187481875 0.5375 0.4562496359375 0.5390625 0.4578122265625 0.5390625 0.45937481875 0.54375 0.46406259062500005 0.54375 0.46562518124999996 0.5453125 0.4671877734375 0.56875 0.4671877734375 0.5703125 0.4687503640625 0.571875 0.4687503640625 0.5734375 0.4671877734375 0.584375 0.4671877734375 0.5859375 0.46562518124999996 0.5875 0.46562518124999996 0.590625 0.4625 0.590625 0.46093740937499994 0.5921875 0.45937481875 0.5921875 0.4546877734375 0.59375 0.45312518125 0.59375 0.44374963593750005 0.5921875 0.44218777343750004 0.5921875 0.439062590625 0.590625 0.4375 0.5890625 0.4375 0.5875 0.435937409375 0.5859375 0.435937409375 0.5828125 0.43281222656249996 0.58125 0.43281222656249996 0.5796875 0.43124963593750004 0.578125 0.43124963593750004 0.5734375 0.426562590625 0.5734375 0.42187481875 0.5671875 0.41562518125 0.5671875 0.4125 0.565625 0.41093740937499995 0.5484375 0.41093740937499995 0.546875 0.4125 0.5453125 0.4125 0.54375 0.41406259062500006 0.54375 0.41562518125
28 0.43125 0.5015625906250001 0.43125 0.498437409375 0.4328125 0.49687481875 0.4328125 0.4578122265625 0.43125 0.4562496359375 0.43125 0.4546877734375 0.4296875 0.45312518125 0.4203125 0.45312518125 0.4203125 0.5031251812499999 0.421875 0.5046877734375 0.428125 0.5046877734375 0.43125 0.5015625906250001
8 0.4796875 0.8375 0.48125 0.835937409375 0.5203125 0.835937409375 0.5203125 0.7796877734375001 0.51875 0.7796877734375001 0.5171875 0.77812518125 0.4703125 0.77812518125 0.4703125 0.835937409375 0.475 0.835937409375 0.4765625 0.8375 0.4796875 0.8375
10 0.309375 0.41093740937499995 0.309375 0.3578122265625 0.3078125 0.3562496359375 0.2578125 0.3562496359375 0.2578125 0.41093740937499995 0.2625 0.41562518125 0.3046875 0.41562518125 0.309375 0.41093740937499995
14 0.4734375 0.275 0.475 0.275 0.4765625 0.276562590625 0.478125 0.276562590625 0.4796875 0.275 0.48125 0.275 0.4828125 0.273437409375 0.5046875 0.273437409375 0.50625 0.275 0.5078125 0.275 0.509375 0.276562590625 0.5109375 0.275 0.5125 0.275 0.5140625 0.273437409375 0.5203125 0.273437409375 0.521875 0.27187481875 0.521875 0.2187503640625 0.5203125 0.2187503640625 0.5171875 0.21562518125 0.46875 0.21562518125 0.46875 0.27187481875 0.4703125 0.273437409375 0.471875 0.273437409375 0.4734375 0.275
26 0.35625 0.651562590625 0.359375 0.651562590625 0.359375 0.65 0.3609375 0.6484374093749999 0.3609375 0.5937496359375001 0.3484375 0.5937496359375001 0.3484375 0.64687481875 0.35 0.6484374093749999 0.353125 0.6484374093749999 0.35625 0.651562590625
14 0.5859375 0.698437409375 0.5875 0.69687481875 0.5890625 0.69687481875 0.590625 0.6953122265625 0.590625 0.6375 0.540625 0.6375 0.5390625 0.639062590625 0.5390625 0.6921877734375 0.5453125 0.698437409375 0.5859375 0.698437409375
12 0.5640625 0.41093740937499995 0.565625 0.4125 0.5671875 0.4125 0.56875 0.41406259062500006 0.56875 0.41562518125 0.5890625 0.41562518125 0.590625 0.41406259062500006 0.590625 0.4125 0.5921875 0.41093740937499995 0.5921875 0.3578122265625 0.590625 0.3562496359375 0.5390625 0.3562496359375 0.5390625 0.4125 0.5421875 0.4125 0.54375 0.41093740937499995 0.5640625 0.41093740937499995
12 0.3296875 0.83437481875 0.33125 0.835937409375 0.3328125 0.835937409375 0.334375 0.8375 0.3375 0.8375 0.3390625 0.839062590625 0.340625 0.839062590625 0.3421875 0.8406251812500001 0.3703125 0.8406251812500001 0.371875 0.839062590625 0.3734375 0.839062590625 0.375 0.8375 0.3765625 0.8375 0.3796875 0.83437481875 0.3796875 0.77812518125 0.3296875 0.77812518125 0.328125 0.7796877734375001 0.328125 0.8312496359375 0.3296875 0.8328122265625 0.3296875 0.83437481875
11 0.6125 0.273437409375 0.61875 0.273437409375 0.6203125 0.27187481875 0.625 0.27187481875 0.6265625 0.2703122265625 0.628125 0.27187481875 0.6296875 0.27187481875 0.63125 0.273437409375 0.6421875 0.273437409375 0.64375 0.275 0.646875 0.275 0.6484375 0.273437409375 0.659375 0.273437409375 0.6609375 0.27187481875 0.6609375 0.2187503640625 0.659375 0.2171877734375 0.659375 0.21562518125 0.6578125 0.214062590625 0.6140625 0.214062590625 0.609375 0.2187503640625 0.609375 0.27187481875 0.6109375 0.27187481875 0.6125 0.273437409375
9 0.6609375 0.83437481875 0.6609375 0.7812503640624999 0.6578125 0.77812518125 0.6109375 0.77812518125 0.6109375 0.83437481875 0.6125 0.835937409375 0.659375 0.835937409375 0.6609375 0.83437481875
11 0.450757575 0.69650655 0.45265151562500006 0.671033478125 0.4520202015625 0.6441048031250001 0.44949494999999995 0.6390101890625 0.40467171718749995 0.637554584375 0.3989898984375 0.641921396875 0.40088383906249997 0.6972343515625 0.41351010156249995 0.7001455609375 0.446338384375 0.6994177578125 0.450757575 0.69650655
16 0.450757575 0.4148471609375 0.4513888890625 0.3617176125 0.44886363593749995 0.35735079999999997 0.40656565625 0.3566229984375 0.40025252499999997 0.3609898109375 0.3989898984375 0.366084425 0.3983585859375 0.40684133906250003 0.40088383906249997 0.41339155781250003 0.41161616093750003 0.418486171875 0.450757575 0.4148471609375
16 0.7329545453125 0.695050946875 0.7335858578125001 0.646288209375 0.73169191875 0.639737990625 0.7253787875000001 0.637554584375 0.6868686875 0.637554584375 0.6805555562500001 0.6426491999999999 0.6805555562500001 0.695050946875 0.6875 0.6994177578125 0.7272727265625 0.6994177578125 0.7329545453125 0.695050946875
29 0.3573232328125 0.3522561859375 0.3604797984375 0.35589519687500004 0.36931818125000004 0.3566229984375 0.372474746875 0.360262009375 0.375 0.371906840625 0.3863636359375 0.37263464375 0.3945707078125 0.36826783125 0.3945707078125 0.358078603125 0.40656565625 0.3544395921875 0.40782828281250005 0.3486171765625 0.40277777812500004 0.34133915625 0.3952020203125 0.3355167390625 0.3926767671875 0.3216885 0.38068181874999996 0.3144104796875 0.3800505046875 0.3144104796875 0.371843434375 0.3231441046875 0.3705808078125 0.3340611359375 0.3623737375 0.3398835515625 0.3573232328125 0.3522561859375
7 0.3390151515625 0.5582241625 0.3516414140625 0.558951965625 0.37436868749999996 0.5582241625 0.3794191921875 0.55604075625 0.38131313125 0.5531295484375 0.3800505046875 0.5 0.3768939390625 0.49708879218749996 0.3396464640625 0.49636098906250004 0.3371212125 0.49636098906250004 0.33143939375000003 0.49781659375 0.328282828125 0.5043668125 0.32954545468749996 0.5538573515625 0.3390151515625 0.5582241625
8 0.48042929218749997 0.5596797671875 0.51893939375 0.5574963609375 0.522095959375 0.5531295484375 0.5208333328125 0.5 0.5151515156250001 0.49636098906250004 0.47979797968750004 0.49636098906250004 0.47601010156249995 0.49636098906250004 0.46906565625 0.5007278015625001 0.4678030296875 0.5465793296875 0.4696969703125 0.554585153125 0.48042929218749997 0.5596797671875
13 0.6136363640625 0.5538573515625 0.6123737375 0.5574963609375 0.616161615625 0.556768559375 0.621843434375 0.5502183406250001 0.6268939390625 0.5502183406250001 0.6401515156250001 0.558951965625 0.6616161609375 0.55604075625 0.6635101015625 0.5494905390625 0.662247475 0.5 0.6578282828125 0.49636098906250004 0.621212121875 0.49636098906250004 0.616161615625 0.49636098906250004 0.6104797984375 0.5007278015625001 0.609217171875 0.508005821875 0.609217171875 0.5429403203125001 0.6136363640625 0.5538573515625
20 0.303125 0.085937409375 0.303125 0.0125 0.25 0.0125 0.25 0.0875 0.2640625 0.0875 0.265625 0.085937409375 0.303125 0.085937409375
22 0.940625 0.510937409375 0.940625 0.43281222656249996 0.8828125 0.43281222656249996 0.8828125 0.5125 0.9375 0.5125 0.9390625 0.510937409375 0.940625 0.510937409375
18 0.5859375 0.014062590625 0.53125 0.014062590625 0.53125 0.0875 0.584375 0.0875 0.5859375 0.085937409375 0.5859375 0.014062590625
18 0.5859375 0.8593748187499999 0.534375 0.8593748187499999 0.534375 0.935937409375 0.584375 0.935937409375 0.5859375 0.93437481875 0.5859375 0.8593748187499999
18 0.7953125 0.7921877734375 0.7953125 0.71562518125 0.7453125 0.71562518125 0.7453125 0.7937496359375 0.7515625 0.7937496359375 0.753125 0.7921877734375 0.7953125 0.7921877734375
18 0.1625 0.6312496359375 0.1625 0.576562590625 0.109375 0.576562590625 0.109375 0.6546877734375001 0.1609375 0.6546877734375001 0.1609375 0.6328122265625 0.1625 0.6312496359375
19 0.76875 0.22968777343750002 0.7703125 0.23124963593749998 0.79375 0.23124963593749998 0.7953125 0.22968777343750002 0.7984375 0.22968777343750002 0.7984375 0.15 0.7421875 0.15 0.7421875 0.23124963593749998 0.746875 0.23124963593749998 0.7484375 0.22968777343750002 0.76875 0.22968777343750002
21 0.25 0.8578122265625 0.25 0.93437481875 0.303125 0.93437481875 0.303125 0.8578122265625 0.25 0.8578122265625
23 0.1625 0.301562590625 0.1640625 0.3 0.1640625 0.2937496359375 0.109375 0.2937496359375 0.109375 0.37187481875 0.1609375 0.37187481875 0.1625 0.37031222656249996 0.1625 0.301562590625