34 0.4703125828125 0.676562875 0.4703125828125 0.710937875 0.471874834375 0.710937875 0.4765622515625 0.715625 0.50625033125 0.715625 0.50625033125 0.714062875 0.5078125828125 0.7125 0.509374834375 0.7125 0.509374834375 0.710937875 0.5109377484375 0.709375 0.5109377484375 0.676562875 0.4984377484375 0.664062875 0.4984377484375 0.6625 0.48125033124999994 0.6625 0.48125033124999994 0.664062875 0.475 0.670312875 0.475 0.671875 0.4703125828125 0.676562875
35 0.48437483437499995 0.44531287500000005 0.4796874171875 0.45 0.475 0.45 0.4734377484375 0.45156287500000003 0.4703125828125 0.45156287500000003 0.465625165625 0.45625 0.4625 0.45625 0.4609377484375 0.457812875 0.4578125828125 0.457812875 0.45625033125 0.45625 0.45468741718750005 0.45625 0.45312516562500005 0.454687875 0.4390622515625 0.454687875 0.4375 0.45625 0.43281258281249996 0.45625 0.43125033124999995 0.457812875 0.43125033124999995 0.459375 0.42968741718750003 0.46093787500000005 0.428125165625 0.46093787500000005 0.425 0.46406287500000004 0.425 0.46718787500000003 0.4234377484375 0.46875 0.4234377484375 0.554687875 0.425 0.55625 0.425 0.557812875 0.428125165625 0.560937875 0.42968741718750003 0.560937875 0.43281258281249996 0.5640628750000001 0.43437483437499996 0.5640628750000001 0.4375 0.567187875 0.44062516562500004 0.567187875 0.44531258281249997 0.571875 0.446874834375 0.571875 0.4484377484375 0.573437875 0.45 0.573437875 0.4515622515625 0.575 0.45312516562500005 0.575 0.4578125828125 0.5796878750000001 0.459374834375 0.5796878750000001 0.4609377484375 0.58125 0.4625 0.58125 0.465625165625 0.584375 0.4671874171875 0.584375 0.46875033125 0.585937875 0.4703125828125 0.585937875 0.471874834375 0.5875 0.4734377484375 0.5875 0.4765622515625 0.590625 0.478125165625 0.590625 0.4796874171875 0.592187875 0.49531258281249996 0.592187875 0.49687483437499996 0.590625 0.4984377484375 0.590625 0.503125165625 0.585937875 0.5046874171875 0.585937875 0.50625033125 0.584375 0.5078125828125 0.584375 0.5109377484375 0.58125 0.5125 0.58125 0.5140622515625 0.5796878750000001 0.515625165625 0.5796878750000001 0.5171874171875 0.578125 0.5187503312499999 0.578125 0.5218748343749999 0.575 0.5234377484375 0.575 0.525 0.573437875 0.528125165625 0.573437875 0.5296874171875 0.571875 0.53125033125 0.571875 0.534374834375 0.56875 0.5359377484375 0.56875 0.5375 0.567187875 0.5406251656250001 0.567187875 0.546874834375 0.560937875 0.5484377484375 0.560937875 0.55625033125 0.553125 0.55625033125 0.551562875 0.559374834375 0.5484378750000001 0.559374834375 0.46406287500000004 0.5578125828125 0.46406287500000004 0.553125165625 0.459375 0.553125165625 0.457812875 0.55 0.457812875 0.5484377484375 0.45625 0.5453125828125 0.45625 0.5437503312499999 0.454687875 0.5421874171875001 0.454687875 0.5390622515625 0.45156287500000003 0.5375 0.45156287500000003 0.5359377484375 0.45 0.534374834375 0.45 0.5328125828125 0.44843787500000004 0.53125033125 0.44843787500000004 0.5296874171875 0.446875 0.528125165625 0.446875 0.5265622515625 0.44531287500000005 0.5234377484375 0.44531287500000005 0.5218748343749999 0.44375 0.5203125828124999 0.44375 0.5187503312499999 0.442187875 0.5171874171875 0.442187875 0.5140622515625 0.439062875 0.509374834375 0.439062875 0.5078125828125 0.4375 0.5 0.4375 0.4984377484375 0.43593787500000003 0.4890622515625 0.43593787500000003 0.4875 0.4375 0.4859377484375 0.4375 0.48437483437499995 0.439062875 0.48437483437499995 0.44531287500000005
17 0.3 0.710937875 0.3046874171875 0.710937875 0.30625033125 0.7125 0.3125 0.7125 0.3140622515625 0.710937875 0.3203125828125 0.710937875 0.3234377484375 0.714062875 0.3203125828125 0.717187875 0.31875033125 0.717187875 0.315625165625 0.7203128750000001 0.315625165625 0.721875 0.3140622515625 0.723437875 0.3125 0.723437875 0.3046874171875 0.73125 0.30312516562499997 0.73125 0.296874834375 0.7375 0.2953125828125 0.7375 0.29062516562499996 0.742187875 0.2890622515625 0.742187875 0.2875 0.74375 0.284374834375 0.74375 0.28125033125 0.746875 0.28125033125 0.748437875 0.2765622515625 0.753125 0.2765622515625 0.8421878749999999 0.2828125828125 0.8484378749999999 0.2859377484375 0.8484378749999999 0.2875 0.85 0.2890622515625 0.85 0.29375033125 0.854687875 0.296874834375 0.854687875 0.3015622515625 0.859375 0.30312516562499997 0.859375 0.3046874171875 0.860937875 0.30625033125 0.860937875 0.3078125828125 0.8625 0.309374834375 0.8625 0.3140622515625 0.8671878749999999 0.315625165625 0.8671878749999999 0.3203125828125 0.871875 0.32187483437500003 0.871875 0.3234377484375 0.8734378749999999 0.325 0.8734378749999999 0.3296874171875 0.878125 0.33125033125000003 0.878125 0.33281258281250004 0.8796878749999999 0.33437483437500004 0.8796878749999999 0.3359377484375 0.88125 0.3375 0.88125 0.3390622515625 0.8828128749999999 0.340625165625 0.8828128749999999 0.3421874171875 0.88125 0.346874834375 0.88125 0.3484377484375 0.8796878749999999 0.35312516562499996 0.8796878749999999 0.3578125828125 0.875 0.359374834375 0.875 0.3609377484375 0.8734378749999999 0.3640622515625 0.8734378749999999 0.3703125828125 0.8671878749999999 0.371874834375 0.8671878749999999 0.378125165625 0.860937875 0.38125033125 0.860937875 0.3828125828125 0.859375 0.38437483437500003 0.859375 0.38437483437500003 0.8578128749999999 0.3859377484375 0.85625 0.3875 0.85625 0.3890622515625 0.854687875 0.390625165625 0.854687875 0.39531258281250004 0.85 0.39687483437500004 0.85 0.3984377484375 0.8484378749999999 0.4 0.8484378749999999 0.4015622515625 0.846875 0.403125165625 0.846875 0.403125165625 0.845312875 0.409374834375 0.839062875 0.409374834375 0.8359378749999999 0.4109377484375 0.834375 0.4109377484375 0.757812875 0.409374834375 0.75625 0.409374834375 0.753125 0.403125165625 0.746875 0.403125165625 0.745312875 0.4015622515625 0.745312875 0.4 0.74375 0.3984377484375 0.74375 0.39687483437500004 0.742187875 0.39531258281250004 0.742187875 0.39375033125000003 0.740625 0.39375033125000003 0.739062875 0.3921874171875 0.739062875 0.390625165625 0.7375 0.3890622515625 0.7375 0.38437483437500003 0.732812875 0.3828125828125 0.732812875 0.38125033125 0.73125 0.3796874171875 0.73125 0.371874834375 0.723437875 0.3703125828125 0.723437875 0.3640622515625 0.717187875 0.3625 0.717187875 0.3609377484375 0.715625 0.3609377484375 0.7125 0.3578125828125 0.709375 0.29218741718749996 0.709375 0.2953125828125 0.7125 0.2984377484375 0.7125 0.3 0.710937875
33 0.3234377484375 0.289062875 0.32187483437500003 0.290625 0.32187483437500003 0.323437875 0.325 0.326562875 0.325 0.328125 0.3265622515625 0.32968787499999996 0.3578125828125 0.32968787499999996 0.3609377484375 0.326562875 0.3609377484375 0.284375 0.35468741718749996 0.278125 0.35468741718749996 0.276562875 0.33125033125000003 0.276562875 0.325 0.28281287499999996 0.325 0.285937875 0.3234377484375 0.2875 0.3234377484375 0.289062875
37 0.7703125828124999 0.43281287500000004 0.7671874171875 0.43593787500000003 0.765625165625 0.43593787500000003 0.7640622515625 0.4375 0.7578125828125 0.4375 0.753125165625 0.442187875 0.7515622515625 0.442187875 0.75 0.44375 0.7453125828125 0.44375 0.740625165625 0.44843787500000004 0.7390622515625 0.44843787500000004 0.7375 0.45 0.734374834375 0.45 0.7281251656250001 0.45625 0.7265622515625 0.45625 0.7234377484375 0.459375 0.7234377484375 0.46093787500000005 0.721874834375 0.4625 0.721874834375 0.523437875 0.725 0.526562875 0.725 0.5328128750000001 0.7296874171875001 0.5375 0.7296874171875001 0.539062875 0.7312503312499999 0.540625 0.7312503312499999 0.546875 0.7328125828125 0.5484378750000001 0.7328125828125 0.55 0.734374834375 0.551562875 0.734374834375 0.553125 0.7359377484375 0.554687875 0.7359377484375 0.55625 0.7375 0.557812875 0.7375 0.5640628750000001 0.7390622515625 0.565625 0.7390622515625 0.567187875 0.740625165625 0.567187875 0.74375033125 0.570312875 0.74375033125 0.571875 0.7453125828125 0.573437875 0.7484377484375 0.573437875 0.753125165625 0.578125 0.7546874171875 0.578125 0.75625033125 0.5796878750000001 0.759374834375 0.5796878750000001 0.7640622515625 0.584375 0.765625165625 0.584375 0.7671874171875 0.585937875 0.7718748343749999 0.585937875 0.775 0.589062875 0.7765622515625 0.589062875 0.778125165625 0.590625 0.7796874171875 0.590625 0.78125033125 0.592187875 0.7953125828125 0.592187875 0.796874834375 0.590625 0.7984377484375 0.590625 0.8031251656249999 0.585937875 0.80625033125 0.585937875 0.8078125828125 0.584375 0.809374834375 0.584375 0.8140622515624999 0.5796878750000001 0.8171874171875 0.5796878750000001 0.8218748343750001 0.575 0.8234377484375001 0.575 0.825 0.573437875 0.8281251656249999 0.573437875 0.834374834375 0.567187875 0.8375 0.567187875 0.8390622515624999 0.565625 0.8406251656249999 0.565625 0.8453125828125 0.560937875 0.8468748343750001 0.560937875 0.8484377484375001 0.559375 0.8484377484375001 0.557812875 0.8515622515624999 0.554687875 0.853125165625 0.554687875 0.8546874171875001 0.553125 0.8546874171875001 0.475 0.85625033125 0.473437875 0.85625033125 0.470312875 0.8546874171875001 0.46875 0.8546874171875001 0.46093787500000005 0.853125165625 0.459375 0.853125165625 0.457812875 0.8515622515624999 0.457812875 0.85 0.45625 0.8484377484375001 0.45625 0.8468748343750001 0.454687875 0.8453125828125 0.454687875 0.8406251656249999 0.45 0.8390622515624999 0.45 0.8375 0.44843787500000004 0.8359377484375001 0.44843787500000004 0.8328125828124999 0.44531287500000005 0.83125033125 0.44531287500000005 0.8296874171875 0.44375 0.8281251656249999 0.44375 0.8265622515625 0.442187875 0.825 0.442187875 0.8203125828125 0.4375 0.8171874171875 0.4375 0.815625165625 0.43593787500000003 0.8140622515624999 0.43593787500000003 0.8109377484375001 0.43281287500000004 0.809374834375 0.43281287500000004 0.8078125828125 0.43125 0.8046874171875 0.43125 0.8031251656249999 0.42968787500000005 0.8015622515624999 0.42968787500000005 0.8 0.428125 0.7984377484375 0.428125 0.796874834375 0.426562875 0.7828125828125 0.426562875 0.778125165625 0.43125 0.775 0.43125 0.7734377484375 0.43281287500000004 0.7703125828124999 0.43281287500000004
37 0.6984377484375 0.5796878750000001 0.6984377484375 0.582812875 0.696874834375 0.584375 0.696874834375 0.585937875 0.6921874171875 0.590625 0.6890622515625 0.590625 0.6875 0.589062875 0.6859377484375 0.589062875 0.684374834375 0.5875 0.6828125828125 0.589062875 0.678125165625 0.589062875 0.6765622515625 0.590625 0.675 0.590625 0.6734377484375 0.592187875 0.671874834375 0.592187875 0.6703125828125 0.59375 0.6640622515625 0.59375 0.659374834375 0.598437875 0.6578125828125 0.598437875 0.6546874171875 0.601562875 0.653125165625 0.601562875 0.6484377484375 0.60625 0.6484377484375 0.607812875 0.6468748343749999 0.609375 0.6468748343749999 0.698437875 0.65 0.701562875 0.65 0.703125 0.6515622515625 0.7046878750000001 0.653125165625 0.7046878750000001 0.6546874171875 0.70625 0.65625033125 0.70625 0.659374834375 0.709375 0.6609377484375 0.709375 0.6625 0.710937875 0.6656251656250001 0.710937875 0.6703125828125 0.715625 0.671874834375 0.715625 0.6734377484375 0.717187875 0.675 0.717187875 0.6765622515625 0.71875 0.678125165625 0.71875 0.6828125828125 0.723437875 0.6859377484375 0.723437875 0.6890622515625 0.726562875 0.690625165625 0.726562875 0.69375033125 0.729687875 0.696874834375 0.729687875 0.7015622515625 0.734375 0.703125165625 0.734375 0.7046874171875 0.7359378750000001 0.7125 0.7359378750000001 0.7140622515625 0.7375 0.715625165625 0.7359378750000001 0.721874834375 0.7359378750000001 0.7265622515625 0.73125 0.7281251656250001 0.73125 0.7296874171875001 0.729687875 0.7312503312499999 0.729687875 0.7328125828125 0.728125 0.734374834375 0.728125 0.7390622515625 0.723437875 0.7421874171875 0.723437875 0.7453125828125 0.7203128750000001 0.746874834375 0.7203128750000001 0.75 0.717187875 0.753125165625 0.717187875 0.759374834375 0.710937875 0.7625 0.710937875 0.7640622515625 0.709375 0.765625165625 0.709375 0.7703125828124999 0.7046878750000001 0.7718748343749999 0.7046878750000001 0.7734377484375 0.703125 0.775 0.703125 0.778125165625 0.7 0.778125165625 0.698437875 0.7796874171875 0.696875 0.7796874171875 0.607812875 0.778125165625 0.60625 0.778125165625 0.604687875 0.7687503312499999 0.5953128750000001 0.7671874171875 0.5953128750000001 0.765625165625 0.59375 0.759374834375 0.59375 0.7578125828125 0.592187875 0.75625033125 0.592187875 0.7515622515625 0.5875 0.7484377484375 0.5875 0.746874834375 0.585937875 0.7453125828125 0.585937875 0.7421874171875 0.582812875 0.740625165625 0.582812875 0.7390622515625 0.58125 0.734374834375 0.58125 0.7281251656250001 0.575 0.703125165625 0.575 0.7015622515625 0.576562875 0.7 0.576562875 0.7 0.578125 0.6984377484375 0.5796878750000001
31 0.253125165625 0.428125 0.25 0.43125 0.25 0.43593787500000003 0.2484377484375 0.4375 0.2484377484375 0.439062875 0.24687483437500002 0.440625 0.24687483437500002 0.46718787500000003 0.25 0.470312875 0.25 0.471875 0.2515622515625 0.473437875 0.284374834375 0.473437875 0.2859377484375 0.471875 0.2859377484375 0.470312875 0.29062516562499996 0.465625 0.29062516562499996 0.44375 0.2875 0.440625 0.2875 0.4375 0.2859377484375 0.43593787500000003 0.2859377484375 0.426562875 0.284374834375 0.425 0.2828125828125 0.425 0.2796874171875 0.421875 0.2796874171875 0.42031287500000003 0.278125165625 0.41875 0.2578125828125 0.41875 0.25625033125 0.42031287500000003 0.25625033125 0.423437875 0.253125165625 0.426562875 0.253125165625 0.428125
37 0.2453125828125 0.5796878750000001 0.24062516562499997 0.584375 0.2390622515625 0.584375 0.23593774843749998 0.5875 0.234374834375 0.5875 0.228125165625 0.59375 0.22187483437500002 0.59375 0.22031258281250002 0.5953128750000001 0.21875033125 0.5953128750000001 0.2140622515625 0.6 0.2109377484375 0.6 0.209374834375 0.601562875 0.2078125828125 0.601562875 0.20625033125 0.603125 0.20625033125 0.604687875 0.20156225156250002 0.609375 0.20156225156250002 0.698437875 0.203125165625 0.698437875 0.20625033125 0.701562875 0.20625033125 0.703125 0.2078125828125 0.7046878750000001 0.209374834375 0.7046878750000001 0.2140622515625 0.709375 0.21562516562499998 0.709375 0.21718741718749998 0.710937875 0.22031258281250002 0.710937875 0.2265622515625 0.717187875 0.2296874171875 0.717187875 0.23125033125 0.71875 0.2328125828125 0.71875 0.2375 0.723437875 0.24062516562499997 0.723437875 0.24687483437500002 0.729687875 0.25 0.729687875 0.2515622515625 0.73125 0.253125165625 0.73125 0.2578125828125 0.7359378750000001 0.278125165625 0.7359378750000001 0.2828125828125 0.73125 0.284374834375 0.73125 0.2859377484375 0.729687875 0.2875 0.729687875 0.2890622515625 0.728125 0.29062516562499996 0.728125 0.29375033125 0.725 0.2953125828125 0.725 0.296874834375 0.723437875 0.2984377484375 0.723437875 0.30312516562499997 0.71875 0.30625033125 0.71875 0.3078125828125 0.717187875 0.3109377484375 0.717187875 0.3125 0.715625 0.3140622515625 0.715625 0.3171874171875 0.7125 0.3203125828125 0.7125 0.32187483437500003 0.710937875 0.3234377484375 0.710937875 0.325 0.709375 0.325 0.707812875 0.3265622515625 0.70625 0.328125165625 0.70625 0.3296874171875 0.7046878750000001 0.3296874171875 0.703125 0.3359377484375 0.696875 0.3359377484375 0.648437875 0.3375 0.646875 0.3375 0.628125 0.328125165625 0.61875 0.3265622515625 0.61875 0.3234377484375 0.615625 0.3234377484375 0.614062875 0.3171874171875 0.607812875 0.3171874171875 0.598437875 0.315625165625 0.596875 0.315625165625 0.5953128750000001 0.3140622515625 0.59375 0.3125 0.59375 0.309374834375 0.590625 0.3078125828125 0.590625 0.3046874171875 0.5875 0.30312516562499997 0.5875 0.296874834375 0.58125 0.29375033125 0.58125 0.29062516562499996 0.578125 0.2890622515625 0.578125 0.284374834375 0.573437875 0.2828125828125 0.573437875 0.28125033125 0.571875 0.28125033125 0.570312875 0.2796874171875 0.56875 0.2765622515625 0.56875 0.275 0.567187875 0.2640622515625 0.567187875 0.2625 0.56875 0.2578125828125 0.56875 0.24687483437500002 0.5796878750000001 0.2453125828125 0.5796878750000001
35 0.5484377484375 0.575 0.546874834375 0.576562875 0.5453125828125 0.576562875 0.5406251656250001 0.58125 0.5390622515625 0.58125 0.5375 0.582812875 0.5359377484375 0.582812875 0.5328125828125 0.585937875 0.53125033125 0.585937875 0.528125165625 0.589062875 0.5265622515625 0.589062875 0.5218748343749999 0.59375 0.5203125828124999 0.59375 0.5187503312499999 0.5953128750000001 0.5171874171875 0.5953128750000001 0.5140622515625 0.598437875 0.5125 0.598437875 0.5109377484375 0.6 0.5078125828125 0.6 0.50625033125 0.601562875 0.50625033125 0.603125 0.5046874171875 0.604687875 0.503125165625 0.604687875 0.503125165625 0.667187875 0.50625033125 0.670312875 0.50625033125 0.6734378750000001 0.509374834375 0.676562875 0.509374834375 0.678125 0.5125 0.68125 0.5125 0.703125 0.5140622515625 0.7046878750000001 0.5140622515625 0.70625 0.5171874171875 0.709375 0.5171874171875 0.710937875 0.5203125828124999 0.714062875 0.5203125828124999 0.715625 0.5218748343749999 0.715625 0.5234377484375 0.717187875 0.525 0.717187875 0.5265622515625 0.71875 0.528125165625 0.71875 0.5328125828125 0.723437875 0.5359377484375 0.723437875 0.5406251656250001 0.728125 0.5421874171875001 0.728125 0.5437503312499999 0.729687875 0.5453125828125 0.729687875 0.546874834375 0.73125 0.5484377484375 0.73125 0.5515622515625 0.734375 0.553125165625 0.734375 0.5546874171875 0.7359378750000001 0.571874834375 0.7359378750000001 0.5734377484375 0.734375 0.575 0.734375 0.5765622515625 0.732812875 0.578125165625 0.732812875 0.5812503312499999 0.729687875 0.5828125828124999 0.729687875 0.5843748343749999 0.728125 0.5859377484375 0.728125 0.590625165625 0.723437875 0.5921874171875 0.723437875 0.59375033125 0.721875 0.5953125828125 0.721875 0.6 0.717187875 0.6015622515625 0.717187875 0.6031251656250001 0.715625 0.6046874171875001 0.715625 0.6046874171875001 0.714062875 0.6062503312499999 0.7125 0.6078125828125 0.7125 0.609374834375 0.710937875 0.6140622515625 0.710937875 0.61875033125 0.70625 0.6203125828125 0.70625 0.621874834375 0.7046878750000001 0.6234377484375 0.7046878750000001 0.6296874171875 0.698437875 0.6296874171875 0.69375 0.63125033125 0.692187875 0.63125033125 0.685937875 0.6296874171875 0.684375 0.6296874171875 0.609375 0.628125165625 0.607812875 0.628125165625 0.60625 0.6265622515625 0.60625 0.621874834375 0.601562875 0.6203125828125 0.601562875 0.61875033125 0.6 0.6171874171875 0.6 0.615625165625 0.598437875 0.6140622515625 0.598437875 0.609374834375 0.59375 0.6031251656250001 0.59375 0.6015622515625 0.592187875 0.6 0.592187875 0.5953125828125 0.5875 0.5921874171875 0.5875 0.590625165625 0.585937875 0.5890622515625 0.585937875 0.5843748343749999 0.58125 0.5828125828124999 0.58125 0.578125165625 0.576562875 0.5765622515625 0.576562875 0.5734377484375 0.573437875 0.571874834375 0.573437875 0.56875033125 0.570312875 0.5578125828125 0.570312875 0.5546874171875 0.573437875 0.553125165625 0.573437875 0.5515622515625 0.575 0.5484377484375 0.575
35 0.40625033125 0.571875 0.403125165625 0.575 0.4015622515625 0.575 0.39687483437500004 0.5796878750000001 0.39375033125000003 0.5796878750000001 0.3921874171875 0.58125 0.3890622515625 0.58125 0.38437483437500003 0.585937875 0.3828125828125 0.585937875 0.38125033125 0.5875 0.3796874171875 0.5875 0.378125165625 0.589062875 0.3765622515625 0.589062875 0.3734377484375 0.592187875 0.371874834375 0.592187875 0.3671874171875 0.596875 0.3671874171875 0.6 0.36562516562499997 0.601562875 0.36562516562499997 0.603125 0.3640622515625 0.604687875 0.3640622515625 0.60625 0.3625 0.607812875 0.3625 0.6125 0.35625033125 0.61875 0.35625033125 0.620312875 0.35 0.6265628750000001 0.35 0.698437875 0.3578125828125 0.70625 0.359374834375 0.70625 0.3625 0.709375 0.3640622515625 0.709375 0.36562516562499997 0.710937875 0.36875033125 0.710937875 0.3703125828125 0.7125 0.371874834375 0.7125 0.3765622515625 0.717187875 0.3796874171875 0.717187875 0.38125033125 0.71875 0.3828125828125 0.71875 0.3875 0.723437875 0.3890622515625 0.723437875 0.390625165625 0.725 0.3921874171875 0.725 0.39375033125000003 0.726562875 0.39531258281250004 0.726562875 0.39687483437500004 0.728125 0.3984377484375 0.728125 0.4 0.729687875 0.403125165625 0.729687875 0.4046874171875 0.73125 0.40625033125 0.73125 0.4078125828125 0.732812875 0.409374834375 0.732812875 0.4109377484375 0.734375 0.4234377484375 0.734375 0.4265622515625 0.73125 0.42968741718750003 0.73125 0.43125033124999995 0.729687875 0.43281258281249996 0.729687875 0.43437483437499996 0.728125 0.4359377484375 0.728125 0.4390622515625 0.725 0.44062516562500004 0.725 0.44218741718750004 0.723437875 0.44531258281249997 0.723437875 0.45 0.71875 0.4515622515625 0.71875 0.45312516562500005 0.717187875 0.45468741718750005 0.717187875 0.45625033125 0.715625 0.4578125828125 0.715625 0.465625165625 0.707812875 0.465625165625 0.70625 0.4671874171875 0.7046878750000001 0.4671874171875 0.6875 0.46875033125 0.685937875 0.46875033125 0.684375 0.4703125828125 0.682812875 0.4703125828125 0.68125 0.4734377484375 0.678125 0.4734377484375 0.671875 0.4796874171875 0.665625 0.4796874171875 0.609375 0.478125165625 0.607812875 0.478125165625 0.60625 0.4765622515625 0.60625 0.475 0.604687875 0.475 0.603125 0.471874834375 0.6 0.4703125828125 0.6 0.46875033125 0.598437875 0.4671874171875 0.598437875 0.4640622515625 0.5953128750000001 0.4625 0.5953128750000001 0.4609377484375 0.59375 0.4578125828125 0.59375 0.45625033125 0.592187875 0.45468741718750005 0.592187875 0.45312516562500005 0.590625 0.4515622515625 0.590625 0.446874834375 0.585937875 0.44531258281249997 0.585937875 0.44062516562500004 0.58125 0.4390622515625 0.58125 0.43281258281249996 0.575 0.43125033124999995 0.575 0.428125165625 0.571875 0.4265622515625 0.571875 0.4234377484375 0.56875 0.41875033124999994 0.56875 0.4171874171875 0.567187875 0.4140622515625 0.567187875 0.4125 0.56875 0.4109377484375 0.56875 0.4078125828125 0.571875 0.40625033125 0.571875
35 0.4765622515625 0.13125 0.475 0.132812875 0.4734377484375 0.132812875 0.4703125828125 0.135937875 0.46875033125 0.135937875 0.4671874171875 0.1375 0.4640622515625 0.1375 0.4625 0.139062875 0.4625 0.140625 0.4609377484375 0.14218787500000002 0.459374834375 0.14218787500000002 0.4578125828125 0.14375 0.45468741718750005 0.14375 0.45312516562500005 0.145312875 0.4515622515625 0.145312875 0.4515622515625 0.146875 0.45 0.148437875 0.4484377484375 0.148437875 0.446874834375 0.15 0.44531258281249997 0.15 0.44375033124999996 0.151562875 0.44375033124999996 0.153125 0.44062516562500004 0.15625 0.4390622515625 0.15625 0.4375 0.15781287500000002 0.4359377484375 0.15781287500000002 0.43125033124999995 0.1625 0.42968741718750003 0.1625 0.425 0.167187875 0.425 0.16875 0.4234377484375 0.170312875 0.4234377484375 0.2625 0.425 0.264062875 0.425 0.265625 0.43281258281249996 0.273437875 0.4359377484375 0.273437875 0.4375 0.275 0.4390622515625 0.275 0.44218741718750004 0.278125 0.44375033124999996 0.278125 0.44531258281249997 0.279687875 0.4484377484375 0.279687875 0.45 0.28125 0.45312516562500005 0.28125 0.45625033125 0.284375 0.4578125828125 0.284375 0.459374834375 0.285937875 0.4609377484375 0.285937875 0.4625 0.2875 0.4640622515625 0.2875 0.46875033125 0.292187875 0.471874834375 0.292187875 0.478125165625 0.29843787499999996 0.4796874171875 0.29843787499999996 0.48281258281249995 0.301562875 0.48437483437499995 0.301562875 0.4859377484375 0.303125 0.49218741718750003 0.303125 0.49375033124999995 0.301562875 0.49531258281249996 0.301562875 0.49687483437499996 0.3 0.4984377484375 0.3 0.5 0.29843787499999996 0.5015622515625 0.29843787499999996 0.50625033125 0.29375 0.5078125828125 0.29375 0.509374834375 0.292187875 0.5125 0.292187875 0.5140622515625 0.290625 0.515625165625 0.290625 0.5203125828124999 0.285937875 0.5234377484375 0.285937875 0.525 0.284375 0.5265622515625 0.284375 0.5296874171875 0.28125 0.53125033125 0.28125 0.5328125828125 0.279687875 0.5390622515625 0.279687875 0.5437503312499999 0.275 0.5453125828125 0.275 0.546874834375 0.273437875 0.5484377484375 0.273437875 0.55625033125 0.265625 0.55625033125 0.264062875 0.5578125828125 0.2625 0.5578125828125 0.260937875 0.559374834375 0.259375 0.559374834375 0.179687875 0.5578125828125 0.178125 0.5578125828125 0.176562875 0.55625033125 0.175 0.55625033125 0.17343787500000002 0.5546874171875 0.171875 0.5546874171875 0.16875 0.553125165625 0.167187875 0.553125165625 0.165625 0.5453125828125 0.15781287500000002 0.5437503312499999 0.15781287500000002 0.5421874171875001 0.15625 0.5406251656250001 0.15625 0.5390622515625 0.154687875 0.5375 0.154687875 0.5359377484375 0.153125 0.5359377484375 0.151562875 0.534374834375 0.15 0.53125033125 0.15 0.5265622515625 0.145312875 0.525 0.145312875 0.5234377484375 0.14375 0.5203125828124999 0.14375 0.5171874171875 0.140625 0.5171874171875 0.139062875 0.515625165625 0.139062875 0.5140622515625 0.1375 0.5125 0.1375 0.5109377484375 0.135937875 0.509374834375 0.135937875 0.503125165625 0.129687875 0.5015622515625 0.129687875 0.5 0.128125 0.48281258281249995 0.128125 0.48125033124999994 0.129687875 0.4796874171875 0.129687875 0.478125165625 0.13125 0.4765622515625 0.13125
37 0.33281258281250004 0.442187875 0.33125033125000003 0.442187875 0.3296874171875 0.440625 0.3265622515625 0.440625 0.325 0.439062875 0.3140622515625 0.439062875 0.3125 0.440625 0.3109377484375 0.440625 0.309374834375 0.442187875 0.3078125828125 0.442187875 0.30625033125 0.44375 0.3015622515625 0.44375 0.29375033125 0.45156287500000003 0.29375033125 0.457812875 0.29218741718749996 0.459375 0.29218741718749996 0.46406287500000004 0.2875 0.46875 0.2875 0.470312875 0.2828125828125 0.475 0.2796874171875 0.475 0.278125165625 0.47656287500000005 0.2765622515625 0.47656287500000005 0.275 0.478125 0.275 0.553125 0.2828125828125 0.560937875 0.284374834375 0.560937875 0.2890622515625 0.565625 0.29062516562499996 0.565625 0.29218741718749996 0.567187875 0.2953125828125 0.567187875 0.296874834375 0.56875 0.2984377484375 0.56875 0.30312516562499997 0.573437875 0.3078125828125 0.573437875 0.309374834375 0.575 0.3125 0.575 0.3140622515625 0.576562875 0.3203125828125 0.576562875 0.32187483437500003 0.575 0.3234377484375 0.575 0.325 0.573437875 0.3265622515625 0.573437875 0.328125165625 0.571875 0.3296874171875 0.571875 0.33437483437500004 0.567187875 0.346874834375 0.567187875 0.3484377484375 0.56875 0.359374834375 0.56875 0.3609377484375 0.570312875 0.3625 0.570312875 0.3640622515625 0.571875 0.3671874171875 0.571875 0.36875033125 0.570312875 0.3703125828125 0.570312875 0.371874834375 0.56875 0.375 0.56875 0.3765622515625 0.567187875 0.3859377484375 0.567187875 0.3875 0.565625 0.390625165625 0.565625 0.39531258281250004 0.560937875 0.3984377484375 0.560937875 0.4 0.559375 0.4015622515625 0.559375 0.40625033125 0.554687875 0.4078125828125 0.554687875 0.409374834375 0.553125 0.409374834375 0.551562875 0.4109377484375 0.55 0.4109377484375 0.46406287500000004 0.403125165625 0.45625 0.4015622515625 0.45625 0.4 0.454687875 0.3984377484375 0.454687875 0.39687483437500004 0.453125 0.39531258281250004 0.453125 0.3921874171875 0.45 0.3890622515625 0.45 0.3875 0.44843787500000004 0.3859377484375 0.44843787500000004 0.3828125828125 0.44531287500000005 0.38125033125 0.44531287500000005 0.3796874171875 0.44375 0.3765622515625 0.44375 0.375 0.442187875 0.3734377484375 0.442187875 0.3703125828125 0.439062875 0.3671874171875 0.439062875 0.36562516562499997 0.4375 0.359374834375 0.4375 0.3578125828125 0.43593787500000003 0.3515622515625 0.43593787500000003 0.3484377484375 0.43281287500000004 0.3390622515625 0.43281287500000004 0.3390622515625 0.434375 0.3375 0.43593787500000003 0.3375 0.4375 0.33281258281250004 0.442187875
36 0.6140622515625 0.14218787500000002 0.6125 0.14375 0.609374834375 0.14375 0.6031251656250001 0.15 0.6015622515625 0.15 0.6 0.151562875 0.5984377484375 0.151562875 0.59375033125 0.15625 0.590625165625 0.15625 0.5843748343749999 0.1625 0.5828125828124999 0.1625 0.5812503312499999 0.164062875 0.5812503312499999 0.165625 0.578125165625 0.16875 0.5765622515625 0.16875 0.575 0.170312875 0.575 0.171875 0.5734377484375 0.17343787500000002 0.5734377484375 0.175 0.571874834375 0.176562875 0.571874834375 0.259375 0.5734377484375 0.260937875 0.5734377484375 0.2625 0.575 0.264062875 0.575 0.265625 0.5765622515625 0.26718787499999996 0.578125165625 0.26718787499999996 0.5843748343749999 0.273437875 0.5875 0.273437875 0.5890622515625 0.275 0.590625165625 0.275 0.59375033125 0.278125 0.5953125828125 0.278125 0.596874834375 0.279687875 0.6015622515625 0.279687875 0.6031251656250001 0.28125 0.6046874171875001 0.28125 0.6078125828125 0.284375 0.615625165625 0.284375 0.6203125828125 0.279687875 0.625 0.279687875 0.6265622515625 0.278125 0.628125165625 0.278125 0.628125165625 0.276562875 0.6296874171875 0.275 0.63125033125 0.275 0.6328125828125 0.273437875 0.640625165625 0.273437875 0.6421874171875 0.275 0.6437503312499999 0.275 0.6468748343749999 0.278125 0.6484377484375 0.278125 0.65 0.279687875 0.6546874171875 0.279687875 0.65625033125 0.28125 0.6625 0.28125 0.6640622515625 0.279687875 0.6687503312499999 0.279687875 0.6703125828125 0.278125 0.671874834375 0.278125 0.6765622515625 0.273437875 0.68125033125 0.273437875 0.6828125828125 0.271875 0.684374834375 0.271875 0.6875 0.26875 0.6890622515625 0.26875 0.690625165625 0.26718787499999996 0.6953125828125 0.26718787499999996 0.7015622515625 0.260937875 0.703125165625 0.260937875 0.7046874171875 0.259375 0.7046874171875 0.254687875 0.7062503312499999 0.253125 0.7062503312499999 0.18125 0.7046874171875 0.179687875 0.7046874171875 0.17343787500000002 0.703125165625 0.171875 0.703125165625 0.170312875 0.7015622515625 0.16875 0.7 0.16875 0.6984377484375 0.167187875 0.6984377484375 0.165625 0.696874834375 0.164062875 0.6953125828125 0.164062875 0.69375033125 0.1625 0.6921874171875 0.1625 0.690625165625 0.160937875 0.6890622515625 0.160937875 0.684374834375 0.15625 0.6828125828125 0.15625 0.68125033125 0.154687875 0.6796874171875 0.154687875 0.6765622515625 0.151562875 0.675 0.151562875 0.6734377484375 0.15 0.6703125828125 0.15 0.6640622515625 0.14375 0.6609377484375 0.14375 0.659374834375 0.14218787500000002 0.6578125828125 0.14218787500000002 0.65625033125 0.140625 0.65625033125 0.139062875 0.6546874171875 0.1375 0.653125165625 0.1375 0.6515622515625 0.135937875 0.65 0.135937875 0.6484377484375 0.134375 0.6484377484375 0.132812875 0.6468748343749999 0.132812875 0.6453125828124999 0.13125 0.628125165625 0.13125 0.6234377484375 0.135937875 0.621874834375 0.135937875 0.615625165625 0.14218787500000002 0.6140622515625 0.14218787500000002
36 0.7046874171875 0.2875 0.703125165625 0.289062875 0.6953125828125 0.289062875 0.6921874171875 0.292187875 0.690625165625 0.292187875 0.6890622515625 0.29375 0.684374834375 0.29375 0.6828125828125 0.295312875 0.68125033125 0.295312875 0.6765622515625 0.3 0.675 0.3 0.6734377484375 0.301562875 0.671874834375 0.301562875 0.6671874171875001 0.30625 0.6656251656250001 0.30625 0.6640622515625 0.307812875 0.6640622515625 0.310937875 0.6625 0.3125 0.6625 0.321875 0.653125165625 0.33125 0.65 0.33125 0.6484377484375 0.332812875 0.6468748343749999 0.332812875 0.6453125828124999 0.334375 0.6453125828124999 0.403125 0.6484377484375 0.40625 0.6484377484375 0.407812875 0.6515622515625 0.410937875 0.653125165625 0.410937875 0.659374834375 0.41718787500000004 0.6625 0.41718787500000004 0.6640622515625 0.41875 0.6656251656250001 0.41875 0.6703125828125 0.423437875 0.671874834375 0.423437875 0.6734377484375 0.425 0.675 0.425 0.678125165625 0.428125 0.6796874171875 0.428125 0.68125033125 0.42968787500000005 0.6828125828125 0.42968787500000005 0.684374834375 0.43125 0.6859377484375 0.43125 0.690625165625 0.43593787500000003 0.6921874171875 0.43593787500000003 0.69375033125 0.4375 0.6953125828125 0.4375 0.6984377484375 0.440625 0.7 0.440625 0.7015622515625 0.442187875 0.703125165625 0.442187875 0.7062503312499999 0.44531287500000005 0.7078125828124999 0.44531287500000005 0.7093748343749999 0.446875 0.7140622515625 0.446875 0.715625165625 0.44531287500000005 0.7171874171875 0.44531287500000005 0.7203125828125 0.442187875 0.7234377484375 0.442187875 0.7265622515625 0.439062875 0.7281251656250001 0.439062875 0.7312503312499999 0.43593787500000003 0.7328125828125 0.43593787500000003 0.734374834375 0.434375 0.7359377484375 0.434375 0.7390622515625 0.43125 0.740625165625 0.43125 0.7421874171875 0.42968787500000005 0.7453125828125 0.42968787500000005 0.7515622515625 0.423437875 0.75625033125 0.423437875 0.7578125828125 0.421875 0.759374834375 0.421875 0.7640622515625 0.41718787500000004 0.7671874171875 0.41718787500000004 0.7687503312499999 0.415625 0.7703125828124999 0.415625 0.7765622515625 0.409375 0.7765622515625 0.407812875 0.778125165625 0.40625 0.778125165625 0.40468787500000003 0.7796874171875 0.403125 0.7796874171875 0.320312875 0.778125165625 0.31875 0.778125165625 0.317187875 0.7734377484375 0.3125 0.7718748343749999 0.3125 0.765625165625 0.30625 0.7625 0.30625 0.7609377484375 0.304687875 0.759374834375 0.304687875 0.7546874171875 0.3 0.7515622515625 0.3 0.7453125828125 0.29375 0.7421874171875 0.29375 0.740625165625 0.292187875 0.7390622515625 0.292187875 0.734374834375 0.2875 0.7312503312499999 0.2875 0.7281251656250001 0.284375 0.7265622515625 0.284375 0.725 0.28281287499999996 0.7203125828125 0.28281287499999996 0.71875033125 0.28125 0.7140622515625 0.28125 0.7125 0.28281287499999996 0.7109377484375 0.28281287499999996 0.7062503312499999 0.2875 0.7046874171875 0.2875
6 0.6203125828125 0.71875 0.61875033125 0.71875 0.6171874171875 0.7203128750000001 0.6171874171875 0.721875 0.615625165625 0.723437875 0.6140622515625 0.723437875 0.6062503312499999 0.73125 0.6046874171875001 0.73125 0.6031251656250001 0.732812875 0.6015622515625 0.732812875 0.596874834375 0.7375 0.5953125828125 0.7375 0.5890622515625 0.74375 0.5875 0.74375 0.5859377484375 0.745312875 0.5843748343749999 0.745312875 0.5796874171875 0.75 0.578125165625 0.75 0.5765622515625 0.7515628750000001 0.575 0.7515628750000001 0.575 0.754687875 0.5734377484375 0.75625 0.5734377484375 0.759375 0.575 0.760937875 0.575 0.764062875 0.578125165625 0.7671878750000001 0.5796874171875 0.7671878750000001 0.5812503312499999 0.765625 0.5828125828124999 0.765625 0.5843748343749999 0.764062875 0.590625165625 0.764062875 0.59375033125 0.760937875 0.596874834375 0.760937875 0.6062503312499999 0.770312875 0.6062503312499999 0.771875 0.6109377484375 0.776562875 0.6109377484375 0.778125 0.6140622515625 0.78125 0.6140622515625 0.7828128750000001 0.61875033125 0.7875 0.61875033125 0.792187875 0.6109377484375 0.8 0.609374834375 0.8 0.6015622515625 0.807812875 0.5984377484375 0.807812875 0.596874834375 0.809375 0.5828125828124999 0.809375 0.5812503312499999 0.8109378749999999 0.5796874171875 0.8109378749999999 0.575 0.815625 0.575 0.8171878749999999 0.5734377484375 0.81875 0.5734377484375 0.8265628749999999 0.571874834375 0.828125 0.5734377484375 0.829687875 0.5734377484375 0.8375 0.575 0.839062875 0.575 0.840625 0.5828125828124999 0.8484378749999999 0.5843748343749999 0.8484378749999999 0.590625165625 0.854687875 0.5921874171875 0.854687875 0.5953125828125 0.8578128749999999 0.596874834375 0.8578128749999999 0.6 0.860937875 0.6015622515625 0.860937875 0.6078125828125 0.8671878749999999 0.6109377484375 0.8671878749999999 0.615625165625 0.871875 0.6171874171875 0.871875 0.61875033125 0.8734378749999999 0.6203125828125 0.8734378749999999 0.621874834375 0.875 0.6234377484375 0.875 0.625 0.876562875 0.625 0.878125 0.6265622515625 0.878125 0.628125165625 0.8796878749999999 0.6296874171875 0.8796878749999999 0.63125033125 0.88125 0.6437503312499999 0.88125 0.6453125828124999 0.8796878749999999 0.6468748343749999 0.8796878749999999 0.6484377484375 0.878125 0.65 0.878125 0.653125165625 0.875 0.6546874171875 0.875 0.65625033125 0.8734378749999999 0.6578125828125 0.8734378749999999 0.659374834375 0.871875 0.6609377484375 0.871875 0.6656251656250001 0.8671878749999999 0.6671874171875001 0.8671878749999999 0.6687503312499999 0.865625 0.6703125828125 0.865625 0.675 0.860937875 0.6765622515625 0.860937875 0.678125165625 0.859375 0.6796874171875 0.859375 0.684374834375 0.854687875 0.6875 0.854687875 0.6921874171875 0.85 0.69375033125 0.85 0.6953125828125 0.8484378749999999 0.696874834375 0.8484378749999999 0.703125165625 0.8421878749999999 0.703125165625 0.840625 0.7046874171875 0.839062875 0.7046874171875 0.8265628749999999 0.7062503312499999 0.825 0.7062503312499999 0.75625 0.7046874171875 0.754687875 0.7046874171875 0.753125 0.703125165625 0.7515628750000001 0.703125165625 0.75 0.7015622515625 0.75 0.696874834375 0.745312875 0.6953125828125 0.745312875 0.69375033125 0.74375 0.690625165625 0.74375 0.684374834375 0.7375 0.68125033125 0.7375 0.6765622515625 0.732812875 0.675 0.732812875 0.6734377484375 0.73125 0.671874834375 0.73125 0.6656251656250001 0.725 0.6640622515625 0.725 0.6609377484375 0.721875 0.6609377484375 0.7203128750000001 0.659374834375 0.7203128750000001 0.653125165625 0.714062875 0.653125165625 0.7125 0.65 0.709375 0.6296874171875 0.709375 0.6265622515625 0.7125 0.625 0.7125 0.625 0.714062875 0.6203125828125 0.71875
0 0.32187483437500003 0.1375 0.3203125828125 0.139062875 0.31875033125 0.139062875 0.31875033125 0.140625 0.3171874171875 0.14218787500000002 0.315625165625 0.14218787500000002 0.3140622515625 0.14375 0.3125 0.14375 0.3109377484375 0.145312875 0.309374834375 0.145312875 0.30625033125 0.148437875 0.3046874171875 0.148437875 0.30312516562499997 0.15 0.3015622515625 0.15 0.2953125828125 0.15625 0.29218741718749996 0.15625 0.29062516562499996 0.15781287500000002 0.2890622515625 0.15781287500000002 0.28125033125 0.165625 0.28125033125 0.16875 0.2796874171875 0.170312875 0.2796874171875 0.171875 0.278125165625 0.17343787500000002 0.278125165625 0.2625 0.2890622515625 0.273437875 0.29375033125 0.273437875 0.2953125828125 0.275 0.296874834375 0.275 0.3 0.278125 0.3015622515625 0.278125 0.30312516562499997 0.279687875 0.315625165625 0.279687875 0.3171874171875 0.28125 0.3203125828125 0.28125 0.32187483437500003 0.279687875 0.328125165625 0.279687875 0.3296874171875 0.278125 0.33125033125000003 0.278125 0.33437483437500004 0.275 0.3359377484375 0.275 0.3375 0.273437875 0.346874834375 0.273437875 0.3484377484375 0.275 0.35 0.275 0.35312516562499996 0.278125 0.35625033125 0.278125 0.3578125828125 0.279687875 0.3828125828125 0.279687875 0.38437483437500003 0.278125 0.3859377484375 0.278125 0.3875 0.276562875 0.3890622515625 0.276562875 0.390625165625 0.275 0.3921874171875 0.275 0.39375033125000003 0.273437875 0.39687483437500004 0.273437875 0.40625033125 0.264062875 0.40625033125 0.2625 0.4109377484375 0.257812875 0.4109377484375 0.185937875 0.409374834375 0.184375 0.409374834375 0.178125 0.4078125828125 0.176562875 0.4078125828125 0.175 0.40625033125 0.17343787500000002 0.40625033125 0.171875 0.4046874171875 0.170312875 0.4046874171875 0.16875 0.403125165625 0.167187875 0.403125165625 0.165625 0.4015622515625 0.164062875 0.4 0.164062875 0.3984377484375 0.1625 0.39687483437500004 0.1625 0.390625165625 0.15625 0.3875 0.15625 0.38125033125 0.15 0.378125165625 0.15 0.371874834375 0.14375 0.36875033125 0.14375 0.3640622515625 0.139062875 0.3625 0.139062875 0.3609377484375 0.1375 0.3578125828125 0.1375 0.3515622515625 0.13125 0.33281258281250004 0.13125 0.328125165625 0.135937875 0.3265622515625 0.135937875 0.325 0.1375 0.32187483437500003 0.1375
17 0.178125165625 0.426562875 0.17343774843749998 0.43125 0.1703125828125 0.43125 0.16875033125 0.43281287500000004 0.16875033125 0.434375 0.16562516562500001 0.4375 0.1625 0.4375 0.1609377484375 0.439062875 0.159374834375 0.439062875 0.1546874171875 0.44375 0.153125165625 0.44375 0.1515622515625 0.44531287500000005 0.15 0.44531287500000005 0.15 0.446875 0.1484377484375 0.44843787500000004 0.14687483437499999 0.44843787500000004 0.14531258281249998 0.45 0.14375033125 0.45 0.13906225156250002 0.454687875 0.1375 0.454687875 0.134374834375 0.457812875 0.1328125828125 0.457812875 0.13125033125000002 0.459375 0.13125033125000002 0.46093787500000005 0.12968741718750001 0.4625 0.12968741718750001 0.46406287500000004 0.128125165625 0.465625 0.128125165625 0.55625 0.12968741718750001 0.55625 0.1328125828125 0.559375 0.134374834375 0.559375 0.1359377484375 0.560937875 0.13906225156250002 0.560937875 0.140625165625 0.5625 0.1421874171875 0.5625 0.14375033125 0.5640628750000001 0.14375033125 0.565625 0.14531258281249998 0.565625 0.14687483437499999 0.567187875 0.15 0.567187875 0.1546874171875 0.571875 0.15625033125 0.571875 0.1578125828125 0.573437875 0.159374834375 0.573437875 0.1609377484375 0.575 0.1625 0.575 0.16562516562500001 0.578125 0.16718741718750002 0.578125 0.16875033125 0.5796878750000001 0.1703125828125 0.5796878750000001 0.1765622515625 0.585937875 0.1796874171875 0.585937875 0.184374834375 0.590625 0.1859377484375 0.590625 0.1875 0.592187875 0.2 0.592187875 0.20156225156250002 0.590625 0.203125165625 0.590625 0.2078125828125 0.585937875 0.2109377484375 0.585937875 0.2125 0.584375 0.2140622515625 0.584375 0.21875033125 0.5796878750000001 0.22187483437500002 0.5796878750000001 0.228125165625 0.573437875 0.23125033125 0.573437875 0.2328125828125 0.571875 0.234374834375 0.571875 0.2375 0.56875 0.2390622515625 0.56875 0.24062516562499997 0.567187875 0.24218741718749998 0.567187875 0.24375033125 0.565625 0.2453125828125 0.565625 0.2484377484375 0.5625 0.25 0.5625 0.2515622515625 0.560937875 0.253125165625 0.560937875 0.2609377484375 0.553125 0.2609377484375 0.507812875 0.2625 0.50625 0.2625 0.48281287500000003 0.25625033125 0.47656287500000005 0.2546874171875 0.47656287500000005 0.253125165625 0.475 0.2515622515625 0.475 0.24218741718749998 0.465625 0.24218741718749998 0.457812875 0.24062516562499997 0.45625 0.24062516562499997 0.454687875 0.2390622515625 0.453125 0.2390622515625 0.45156287500000003 0.23593774843749998 0.44843787500000004 0.23593774843749998 0.446875 0.2328125828125 0.44375 0.23125033125 0.44375 0.2296874171875 0.442187875 0.228125165625 0.442187875 0.2234377484375 0.4375 0.22031258281250002 0.4375 0.2078125828125 0.425 0.20625033125 0.425 0.2046874171875 0.423437875 0.203125165625 0.423437875 0.2 0.42031287500000003 0.1875 0.42031287500000003 0.18281258281249999 0.425 0.18125033125 0.425 0.1796874171875 0.426562875 0.178125165625 0.426562875
36 0.6265622515625 0.428125 0.625 0.42968787500000005 0.6234377484375 0.42968787500000005 0.621874834375 0.43125 0.61875033125 0.43125 0.6125 0.4375 0.6109377484375 0.4375 0.609374834375 0.439062875 0.6078125828125 0.439062875 0.6031251656250001 0.44375 0.6 0.44375 0.5984377484375 0.44531287500000005 0.596874834375 0.44531287500000005 0.5921874171875 0.45 0.590625165625 0.45 0.5890622515625 0.45156287500000003 0.5875 0.45156287500000003 0.5843748343749999 0.454687875 0.5828125828124999 0.454687875 0.5812503312499999 0.45625 0.5796874171875 0.45625 0.578125165625 0.457812875 0.5765622515625 0.457812875 0.5765622515625 0.459375 0.571874834375 0.46406287500000004 0.571874834375 0.546875 0.5734377484375 0.5484378750000001 0.5734377484375 0.55 0.575 0.551562875 0.575 0.553125 0.5828125828124999 0.560937875 0.5843748343749999 0.560937875 0.5890622515625 0.565625 0.590625165625 0.565625 0.5921874171875 0.567187875 0.5953125828125 0.567187875 0.6 0.571875 0.6015622515625 0.571875 0.6031251656250001 0.573437875 0.6046874171875001 0.573437875 0.6062503312499999 0.575 0.6078125828125 0.575 0.6109377484375 0.578125 0.6125 0.578125 0.6140622515625 0.5796878750000001 0.615625165625 0.5796878750000001 0.6203125828125 0.584375 0.621874834375 0.584375 0.6234377484375 0.585937875 0.6265622515625 0.585937875 0.628125165625 0.5875 0.6296874171875 0.5875 0.6328125828125 0.590625 0.6437503312499999 0.590625 0.6453125828124999 0.589062875 0.6468748343749999 0.589062875 0.6484377484375 0.5875 0.65 0.5875 0.6515622515625 0.585937875 0.653125165625 0.585937875 0.6546874171875 0.584375 0.65625033125 0.584375 0.659374834375 0.58125 0.6609377484375 0.58125 0.6625 0.5796878750000001 0.6656251656250001 0.5796878750000001 0.671874834375 0.573437875 0.6765622515625 0.573437875 0.6828125828125 0.567187875 0.684374834375 0.567187875 0.6859377484375 0.565625 0.6859377484375 0.557812875 0.6875 0.55625 0.6875 0.551562875 0.690625165625 0.5484378750000001 0.690625165625 0.54375 0.6921874171875 0.542187875 0.6921874171875 0.5328128750000001 0.6984377484375 0.526562875 0.6984377484375 0.525 0.703125165625 0.520312875 0.703125165625 0.46406287500000004 0.6984377484375 0.459375 0.6984377484375 0.457812875 0.696874834375 0.45625 0.69375033125 0.45625 0.6921874171875 0.454687875 0.690625165625 0.454687875 0.6859377484375 0.45 0.6828125828125 0.45 0.68125033125 0.44843787500000004 0.6796874171875 0.44843787500000004 0.6765622515625 0.44531287500000005 0.675 0.44531287500000005 0.6734377484375 0.44375 0.6703125828125 0.44375 0.6640622515625 0.4375 0.6625 0.4375 0.65625033125 0.43125 0.653125165625 0.43125 0.6515622515625 0.42968787500000005 0.65 0.42968787500000005 0.6453125828124999 0.425 0.634374834375 0.425 0.6328125828125 0.426562875 0.63125033125 0.426562875 0.6296874171875 0.428125 0.6265622515625 0.428125
0 0.459374834375 0.729687875 0.4578125828125 0.73125 0.45625033125 0.73125 0.45468741718750005 0.732812875 0.45312516562500005 0.732812875 0.4484377484375 0.7375 0.44531258281249997 0.7375 0.4390622515625 0.74375 0.43437483437499996 0.74375 0.425 0.753125 0.425 0.840625 0.43281258281249996 0.8484378749999999 0.43437483437499996 0.8484378749999999 0.4390622515625 0.853125 0.44062516562500004 0.853125 0.44218741718750004 0.854687875 0.44375033124999996 0.854687875 0.44531258281249997 0.85625 0.446874834375 0.85625 0.4515622515625 0.860937875 0.45312516562500005 0.860937875 0.45468741718750005 0.8625 0.45625033125 0.8625 0.4578125828125 0.8640628749999999 0.4578125828125 0.865625 0.459374834375 0.865625 0.4609377484375 0.8671878749999999 0.4640622515625 0.8671878749999999 0.4703125828125 0.8734378749999999 0.471874834375 0.8734378749999999 0.4765622515625 0.878125 0.478125165625 0.878125 0.4796874171875 0.8796878749999999 0.48125033124999994 0.8796878749999999 0.48281258281249995 0.88125 0.4859377484375 0.88125 0.4875 0.8828128749999999 0.49218741718750003 0.8828128749999999 0.49375033124999995 0.88125 0.49687483437499996 0.88125 0.4984377484375 0.8796878749999999 0.5015622515625 0.8796878749999999 0.5078125828125 0.8734378749999999 0.509374834375 0.8734378749999999 0.5109377484375 0.871875 0.5125 0.871875 0.5125 0.870312875 0.5140622515625 0.86875 0.515625165625 0.86875 0.5187503312499999 0.865625 0.5203125828124999 0.865625 0.5234377484375 0.8625 0.525 0.8625 0.5265622515625 0.860937875 0.528125165625 0.860937875 0.5328125828125 0.85625 0.5359377484375 0.85625 0.5375 0.854687875 0.5406251656250001 0.854687875 0.546874834375 0.8484378749999999 0.5484377484375 0.8484378749999999 0.5546874171875 0.8421878749999999 0.5546874171875 0.8359378749999999 0.55625033125 0.834375 0.55625033125 0.823437875 0.5578125828125 0.821875 0.5578125828125 0.7828128750000001 0.55625033125 0.78125 0.55625033125 0.76875 0.5546874171875 0.7671878750000001 0.5546874171875 0.75625 0.553125165625 0.754687875 0.553125165625 0.753125 0.5453125828125 0.745312875 0.5421874171875001 0.745312875 0.5406251656250001 0.74375 0.5390622515625 0.74375 0.5375 0.742187875 0.5359377484375 0.742187875 0.5328125828125 0.739062875 0.5296874171875 0.739062875 0.528125165625 0.7375 0.525 0.7375 0.5203125828124999 0.732812875 0.5187503312499999 0.732812875 0.5171874171875 0.73125 0.515625165625 0.73125 0.5125 0.728125 0.5125 0.726562875 0.5109377484375 0.725 0.5109377484375 0.723437875 0.509374834375 0.721875 0.509374834375 0.7203128750000001 0.50625033125 0.7203128750000001 0.5046874171875 0.71875 0.4703125828125 0.71875 0.4625 0.726562875 0.4625 0.728125 0.4609377484375 0.729687875 0.459374834375 0.729687875
0 0.5578125828125 0.284375 0.5546874171875 0.2875 0.553125165625 0.2875 0.5515622515625 0.289062875 0.55 0.289062875 0.546874834375 0.292187875 0.5453125828125 0.292187875 0.5421874171875001 0.295312875 0.5390622515625 0.295312875 0.5375 0.296875 0.534374834375 0.296875 0.5296874171875 0.301562875 0.528125165625 0.301562875 0.525 0.304687875 0.5234377484375 0.304687875 0.5218748343749999 0.30625 0.5203125828124999 0.30625 0.515625165625 0.310937875 0.5125 0.310937875 0.5109377484375 0.3125 0.5078125828125 0.3125 0.503125165625 0.317187875 0.503125165625 0.371875 0.5046874171875 0.373437875 0.5046874171875 0.375 0.50625033125 0.37656287499999996 0.50625033125 0.384375 0.5078125828125 0.385937875 0.5078125828125 0.3875 0.5109377484375 0.390625 0.5109377484375 0.39218787499999996 0.5125 0.39375 0.5125 0.409375 0.5140622515625 0.410937875 0.5140622515625 0.41406287500000005 0.5171874171875 0.41718787500000004 0.5171874171875 0.41875 0.5187503312499999 0.42031287500000003 0.5187503312499999 0.421875 0.5203125828124999 0.423437875 0.5218748343749999 0.423437875 0.528125165625 0.42968787500000005 0.53125033125 0.42968787500000005 0.5328125828125 0.43125 0.534374834375 0.43125 0.5390622515625 0.43593787500000003 0.5421874171875001 0.43593787500000003 0.5437503312499999 0.4375 0.546874834375 0.4375 0.5515622515625 0.442187875 0.5546874171875 0.442187875 0.55625033125 0.44375 0.5578125828125 0.44375 0.559374834375 0.44531287500000005 0.5609377484375 0.44531287500000005 0.5625 0.446875 0.56875033125 0.446875 0.5703125828125 0.44531287500000005 0.571874834375 0.44531287500000005 0.575 0.442187875 0.578125165625 0.442187875 0.5828125828124999 0.4375 0.5843748343749999 0.4375 0.5859377484375 0.43593787500000003 0.5890622515625 0.43593787500000003 0.590625165625 0.434375 0.5921874171875 0.434375 0.596874834375 0.42968787500000005 0.6015622515625 0.42968787500000005 0.6062503312499999 0.425 0.6078125828125 0.425 0.609374834375 0.423437875 0.615625165625 0.423437875 0.6296874171875 0.409375 0.6296874171875 0.3375 0.625 0.332812875 0.6234377484375 0.332812875 0.621874834375 0.33125 0.6171874171875 0.33125 0.615625165625 0.32968787499999996 0.6140622515625 0.32968787499999996 0.6125 0.328125 0.6125 0.326562875 0.6109377484375 0.325 0.6109377484375 0.31875 0.609374834375 0.317187875 0.609374834375 0.307812875 0.6078125828125 0.30625 0.6078125828125 0.304687875 0.5984377484375 0.295312875 0.596874834375 0.295312875 0.5953125828125 0.29375 0.59375033125 0.29375 0.5921874171875 0.292187875 0.590625165625 0.292187875 0.5875 0.289062875 0.5859377484375 0.289062875 0.5843748343749999 0.2875 0.5812503312499999 0.2875 0.5796874171875 0.285937875 0.578125165625 0.285937875 0.5765622515625 0.284375 0.575 0.284375 0.5734377484375 0.28281287499999996 0.571874834375 0.28281287499999996 0.5703125828125 0.28125 0.56875033125 0.28281287499999996 0.5609377484375 0.28281287499999996 0.559374834375 0.284375 0.5578125828125 0.284375
17 0.253125165625 0.28125 0.2484377484375 0.285937875 0.24687483437500002 0.285937875 0.2453125828125 0.2875 0.24218741718749998 0.2875 0.24062516562499997 0.289062875 0.2390622515625 0.289062875 0.234374834375 0.29375 0.2328125828125 0.29375 0.228125165625 0.29843787499999996 0.2265622515625 0.29843787499999996 0.225 0.3 0.2234377484375 0.3 0.22187483437500002 0.301562875 0.22031258281250002 0.301562875 0.21562516562499998 0.30625 0.2140622515625 0.30625 0.20156225156250002 0.31875 0.20156225156250002 0.40625 0.20625033125 0.410937875 0.2078125828125 0.410937875 0.2140622515625 0.41718787500000004 0.21718741718749998 0.41718787500000004 0.21875033125 0.41875 0.22031258281250002 0.41875 0.2234377484375 0.421875 0.225 0.421875 0.2265622515625 0.423437875 0.2296874171875 0.423437875 0.23125033125 0.425 0.2328125828125 0.425 0.23593774843749998 0.428125 0.2484377484375 0.428125 0.2484377484375 0.426562875 0.2515622515625 0.423437875 0.2546874171875 0.423437875 0.25625033125 0.421875 0.2578125828125 0.421875 0.2609377484375 0.41875 0.2625 0.41875 0.2640622515625 0.41718787500000004 0.2734377484375 0.41718787500000004 0.275 0.41875 0.2765622515625 0.41875 0.2796874171875 0.421875 0.2828125828125 0.421875 0.284374834375 0.423437875 0.296874834375 0.423437875 0.2984377484375 0.421875 0.3015622515625 0.421875 0.3046874171875 0.41875 0.30625033125 0.41875 0.3078125828125 0.41718787500000004 0.3125 0.41718787500000004 0.3140622515625 0.415625 0.315625165625 0.415625 0.3203125828125 0.410937875 0.32187483437500003 0.410937875 0.3234377484375 0.409375 0.325 0.409375 0.325 0.407812875 0.3265622515625 0.40625 0.328125165625 0.40625 0.3296874171875 0.40468787500000003 0.3296874171875 0.403125 0.33125033125000003 0.40156287500000004 0.33125033125000003 0.4 0.33281258281250004 0.398437875 0.33281258281250004 0.339062875 0.3296874171875 0.335937875 0.3296874171875 0.332812875 0.328125165625 0.332812875 0.3171874171875 0.321875 0.3171874171875 0.307812875 0.315625165625 0.30625 0.315625165625 0.303125 0.309374834375 0.296875 0.3078125828125 0.296875 0.30625033125 0.295312875 0.3046874171875 0.295312875 0.30312516562499997 0.29375 0.3015622515625 0.29375 0.3 0.292187875 0.2984377484375 0.292187875 0.2953125828125 0.289062875 0.29375033125 0.289062875 0.29218741718749996 0.2875 0.29062516562499996 0.2875 0.284374834375 0.28125 0.2828125828125 0.28125 0.2796874171875 0.278125 0.2625 0.278125 0.2609377484375 0.279687875 0.25937483437500003 0.279687875 0.2578125828125 0.28125 0.253125165625 0.28125
32 0.325 0.578125 0.32187483437500003 0.58125 0.32187483437500003 0.6109378750000001 0.325 0.614062875 0.325 0.615625 0.3265622515625 0.617187875 0.328125165625 0.617187875 0.33125033125000003 0.620312875 0.3484377484375 0.620312875 0.35 0.61875 0.3515622515625 0.61875 0.35312516562499996 0.617187875 0.359374834375 0.617187875 0.3609377484375 0.615625 0.3609377484375 0.607812875 0.3625 0.60625 0.3625 0.589062875 0.3609377484375 0.5875 0.3609377484375 0.576562875 0.359374834375 0.575 0.3578125828125 0.575 0.35468741718749996 0.571875 0.35468741718749996 0.570312875 0.35312516562499996 0.56875 0.3515622515625 0.56875 0.3484377484375 0.565625 0.33437483437500004 0.565625 0.33281258281250004 0.567187875 0.33281258281250004 0.56875 0.325 0.576562875 0.325 0.578125
36 0.4015622515625 0.279687875 0.4 0.28125 0.39531258281250004 0.28125 0.390625165625 0.285937875 0.3890622515625 0.285937875 0.3875 0.2875 0.38437483437500003 0.2875 0.378125165625 0.29375 0.3765622515625 0.29375 0.375 0.295312875 0.375 0.296875 0.3671874171875 0.304687875 0.3671874171875 0.30625 0.36562516562499997 0.307812875 0.36562516562499997 0.315625 0.3640622515625 0.317187875 0.3640622515625 0.320312875 0.3625 0.321875 0.3625 0.323437875 0.35312516562499996 0.332812875 0.35312516562499996 0.409375 0.35468741718749996 0.410937875 0.35625033125 0.410937875 0.3578125828125 0.4125 0.359374834375 0.4125 0.3640622515625 0.41718787500000004 0.3671874171875 0.41718787500000004 0.36875033125 0.41875 0.3703125828125 0.41875 0.3734377484375 0.421875 0.375 0.421875 0.3765622515625 0.423437875 0.378125165625 0.423437875 0.3796874171875 0.425 0.38125033125 0.425 0.3828125828125 0.426562875 0.3828125828125 0.428125 0.38437483437500003 0.428125 0.3859377484375 0.42968787500000005 0.3890622515625 0.42968787500000005 0.39375033125000003 0.434375 0.39531258281250004 0.434375 0.39687483437500004 0.43593787500000003 0.3984377484375 0.43593787500000003 0.4 0.4375 0.4015622515625 0.4375 0.4046874171875 0.440625 0.40625033125 0.440625 0.4078125828125 0.442187875 0.4234377484375 0.442187875 0.425 0.440625 0.428125165625 0.440625 0.43125033124999995 0.4375 0.43281258281249996 0.4375 0.43437483437499996 0.43593787500000003 0.4375 0.43593787500000003 0.4390622515625 0.434375 0.44062516562500004 0.434375 0.44375033124999996 0.43125 0.44531258281249997 0.43125 0.446874834375 0.42968787500000005 0.4515622515625 0.42968787500000005 0.4578125828125 0.423437875 0.459374834375 0.423437875 0.4625 0.42031287500000003 0.4625 0.41875 0.4640622515625 0.41718787500000004 0.465625165625 0.41718787500000004 0.465625165625 0.415625 0.4671874171875 0.41406287500000005 0.4671874171875 0.395312875 0.46875033125 0.39375 0.46875033125 0.39218787499999996 0.471874834375 0.389062875 0.471874834375 0.3875 0.4734377484375 0.385937875 0.4734377484375 0.382812875 0.478125165625 0.378125 0.478125165625 0.37656287499999996 0.4796874171875 0.375 0.4796874171875 0.371875 0.48125033124999994 0.370312875 0.48125033124999994 0.36875 0.48281258281249995 0.367187875 0.48281258281249995 0.323437875 0.48125033124999994 0.321875 0.48125033124999994 0.31875 0.4796874171875 0.317187875 0.4796874171875 0.31406287499999996 0.478125165625 0.3125 0.4765622515625 0.3125 0.4703125828125 0.30625 0.465625165625 0.30625 0.4609377484375 0.301562875 0.459374834375 0.301562875 0.4578125828125 0.3 0.45625033125 0.3 0.45468741718750005 0.29843787499999996 0.45312516562500005 0.29843787499999996 0.4484377484375 0.29375 0.446874834375 0.29375 0.43437483437499996 0.28125 0.43281258281249996 0.28125 0.43125033124999995 0.279687875 0.42968741718750003 0.279687875 0.4265622515625 0.276562875 0.409374834375 0.276562875 0.4078125828125 0.278125 0.40625033125 0.278125 0.4046874171875 0.279687875 0.4015622515625 0.279687875
32 0.6953125828125 0.525 0.69375033125 0.526562875 0.69375033125 0.528125 0.6921874171875 0.529687875 0.6921874171875 0.5625 0.69375033125 0.5640628750000001 0.69375033125 0.565625 0.6953125828125 0.567187875 0.696874834375 0.567187875 0.7 0.570312875 0.7 0.571875 0.7015622515625 0.573437875 0.7265622515625 0.573437875 0.7296874171875001 0.570312875 0.7296874171875001 0.565625 0.734374834375 0.560937875 0.734374834375 0.54375 0.7312503312499999 0.540625 0.7312503312499999 0.5375 0.7296874171875001 0.535937875 0.7296874171875001 0.526562875 0.7281251656250001 0.525 0.7265622515625 0.525 0.7234377484375 0.521875 0.7234377484375 0.520312875 0.721874834375 0.51875 0.7015622515625 0.51875 0.7 0.520312875 0.7 0.521875 0.696874834375 0.525 0.6953125828125 0.525
33 0.4734377484375 0.382812875 0.4703125828125 0.385937875 0.4703125828125 0.423437875 0.509374834375 0.423437875 0.5109377484375 0.421875 0.5109377484375 0.389062875 0.509374834375 0.3875 0.509374834375 0.385937875 0.50625033125 0.382812875 0.50625033125 0.38125 0.5046874171875 0.379687875 0.5046874171875 0.378125 0.5015622515625 0.375 0.478125165625 0.375 0.475 0.378125 0.475 0.379687875 0.4734377484375 0.38125 0.4734377484375 0.382812875
25 0.3078125828125 0.41875 0.30625033125 0.42031287500000003 0.3046874171875 0.42031287500000003 0.3015622515625 0.423437875 0.3 0.423437875 0.2984377484375 0.425 0.2953125828125 0.425 0.29218741718749996 0.428125 0.29218741718749996 0.45 0.3 0.45 0.3015622515625 0.44843787500000004 0.30312516562499997 0.44843787500000004 0.3046874171875 0.446875 0.3046874171875 0.44531287500000005 0.3078125828125 0.442187875 0.309374834375 0.442187875 0.3140622515625 0.4375 0.315625165625 0.4375 0.3171874171875 0.43593787500000003 0.3203125828125 0.43593787500000003 0.3265622515625 0.42968787500000005 0.328125165625 0.42968787500000005 0.33437483437500004 0.423437875 0.3359377484375 0.423437875 0.340625165625 0.41875 0.340625165625 0.409375 0.3234377484375 0.409375 0.3203125828125 0.4125 0.315625165625 0.4125 0.309374834375 0.41875 0.3078125828125 0.41875
25 0.6875 0.26875 0.6828125828125 0.26875 0.68125033125 0.270312875 0.68125033125 0.271875 0.678125165625 0.275 0.675 0.275 0.6734377484375 0.276562875 0.671874834375 0.276562875 0.6671874171875001 0.28125 0.6656251656250001 0.28125 0.6625 0.284375 0.6625 0.303125 0.6640622515625 0.304687875 0.671874834375 0.304687875 0.6734377484375 0.303125 0.6734377484375 0.301562875 0.6765622515625 0.29843787499999996 0.6796874171875 0.29843787499999996 0.68125033125 0.296875 0.6828125828125 0.296875 0.6875 0.292187875 0.690625165625 0.292187875 0.6921874171875 0.290625 0.6921874171875 0.289062875 0.6953125828125 0.285937875 0.696874834375 0.285937875 0.6984377484375 0.284375 0.7 0.284375 0.703125165625 0.28125 0.7046874171875 0.28125 0.7062503312499999 0.279687875 0.7093748343749999 0.279687875 0.7109377484375 0.278125 0.7109377484375 0.264062875 0.6921874171875 0.264062875 0.6921874171875 0.265625 0.690625165625 0.26718787499999996 0.6890622515625 0.26718787499999996 0.6875 0.26875
31 0.6203125828125 0.284375 0.6203125828125 0.285937875 0.61875033125 0.2875 0.61875033125 0.290625 0.6171874171875 0.292187875 0.6171874171875 0.29375 0.615625165625 0.295312875 0.615625165625 0.321875 0.6203125828125 0.326562875 0.6203125828125 0.328125 0.621874834375 0.328125 0.6234377484375 0.32968787499999996 0.653125165625 0.32968787499999996 0.6546874171875 0.328125 0.6546874171875 0.326562875 0.6578125828125 0.323437875 0.659374834375 0.323437875 0.6609377484375 0.321875 0.6609377484375 0.29375 0.6578125828125 0.290625 0.6578125828125 0.289062875 0.6546874171875 0.285937875 0.6546874171875 0.28281287499999996 0.653125165625 0.28125 0.6515622515625 0.28125 0.6484377484375 0.278125 0.6484377484375 0.276562875 0.6468748343749999 0.275 0.625 0.275 0.625 0.278125 0.6234377484375 0.279687875 0.6234377484375 0.28125 0.6203125828125 0.284375
16 0.5125 0.859375 0.5171874171875 0.854687875 0.5171874171875 0.796875 0.515625165625 0.795312875 0.465625165625 0.795312875 0.4640622515625 0.796875 0.4640622515625 0.854687875 0.46875033125 0.859375 0.5125 0.859375
7 0.3890622515625 0.3625 0.3890622515625 0.42031287500000003 0.390625165625 0.421875 0.3921874171875 0.421875 0.39375033125000003 0.423437875 0.44062516562500004 0.423437875 0.44218741718750004 0.421875 0.44218741718750004 0.42031287500000003 0.44531258281249997 0.41718787500000004 0.44531258281249997 0.365625 0.4390622515625 0.359375 0.4 0.359375 0.3984377484375 0.36093787499999996 0.3921874171875 0.36093787499999996 0.390625165625 0.3625 0.3890622515625 0.3625
7 0.6875 0.709375 0.6890622515625 0.710937875 0.7390622515625 0.710937875 0.740625165625 0.709375 0.740625165625 0.654687875 0.7375 0.651562875 0.6875 0.651562875 0.6859377484375 0.653125 0.6859377484375 0.7046878750000001 0.6875 0.70625 0.6875 0.709375
27 0.3390622515625 0.40468787500000003 0.346874834375 0.40468787500000003 0.3484377484375 0.403125 0.3484377484375 0.3375 0.346874834375 0.335937875 0.346874834375 0.332812875 0.3375 0.332812875 0.3375 0.334375 0.3359377484375 0.335937875 0.3359377484375 0.40156287500000004 0.3390622515625 0.40468787500000003
15 0.7625 0.567187875 0.8109377484375001 0.567187875 0.8125 0.565625 0.8140622515624999 0.565625 0.8140622515624999 0.507812875 0.8125 0.507812875 0.8109377484375001 0.50625 0.7625 0.50625 0.759374834375 0.509375 0.759374834375 0.565625 0.7609377484375 0.565625 0.7625 0.567187875
10 0.5171874171875 0.278125 0.5171874171875 0.21875 0.515625165625 0.21718787499999997 0.515625165625 0.215625 0.5140622515625 0.21406287499999999 0.4671874171875 0.21406287499999999 0.4671874171875 0.215625 0.4640622515625 0.21875 0.4640622515625 0.278125 0.5171874171875 0.278125
27 0.4984377484375 0.317187875 0.48437483437499995 0.317187875 0.48437483437499995 0.373437875 0.49687483437499996 0.373437875 0.4984377484375 0.371875 0.4984377484375 0.317187875
9 0.3203125828125 0.8578128749999999 0.32187483437500003 0.8578128749999999 0.3234377484375 0.859375 0.3609377484375 0.859375 0.3640622515625 0.85625 0.36562516562499997 0.85625 0.3671874171875 0.854687875 0.3671874171875 0.853125 0.36875033125 0.8515628749999999 0.36875033125 0.85 0.3703125828125 0.8484378749999999 0.3703125828125 0.8 0.3671874171875 0.796875 0.315625165625 0.796875 0.315625165625 0.8515628749999999 0.31875033125 0.854687875 0.31875033125 0.85625 0.3203125828125 0.8578128749999999
26 0.7171874171875 0.515625 0.71875033125 0.515625 0.7203125828125 0.514062875 0.7203125828125 0.4625 0.71875033125 0.46093787500000005 0.7062503312499999 0.46093787500000005 0.7062503312499999 0.515625 0.7078125828124999 0.5171878750000001 0.715625165625 0.5171878750000001 0.7171874171875 0.515625
28 0.4984377484375 0.60625 0.48437483437499995 0.60625 0.48437483437499995 0.660937875 0.49687483437499996 0.660937875 0.4984377484375 0.659375 0.4984377484375 0.60625
12 0.6140622515625 0.567187875 0.6656251656250001 0.567187875 0.6671874171875001 0.565625 0.6671874171875001 0.507812875 0.6656251656250001 0.50625 0.6109377484375 0.50625 0.6109377484375 0.5328128750000001 0.6125 0.534375 0.6125 0.565625 0.6140622515625 0.567187875
13 0.5921874171875 0.651562875 0.5390622515625 0.651562875 0.5390622515625 0.710937875 0.590625165625 0.710937875 0.5921874171875 0.709375 0.5921874171875 0.651562875
26 0.3890622515625 0.560937875 0.3875 0.5625 0.3828125828125 0.5625 0.38125033125 0.5640628750000001 0.38125033125 0.565625 0.378125165625 0.56875 0.375 0.56875 0.3734377484375 0.570312875 0.371874834375 0.570312875 0.36562516562499997 0.576562875 0.36562516562499997 0.596875 0.371874834375 0.596875 0.371874834375 0.5953128750000001 0.3734377484375 0.59375 0.375 0.59375 0.3765622515625 0.592187875 0.378125165625 0.592187875 0.38437483437500003 0.585937875 0.3890622515625 0.585937875 0.39531258281250004 0.5796878750000001 0.39687483437500004 0.5796878750000001 0.3984377484375 0.578125 0.3984377484375 0.576562875 0.4015622515625 0.573437875 0.403125165625 0.573437875 0.4109377484375 0.565625 0.4109377484375 0.5625 0.4125 0.560937875 0.4125 0.55625 0.4109377484375 0.554687875 0.4109377484375 0.553125 0.4 0.553125 0.39687483437500004 0.55625 0.39531258281250004 0.55625 0.390625165625 0.560937875 0.3890622515625 0.560937875
8 0.5171874171875 0.507812875 0.515625165625 0.50625 0.4640622515625 0.50625 0.4640622515625 0.567187875 0.515625165625 0.567187875 0.5171874171875 0.565625 0.5171874171875 0.507812875
15 0.2640622515625 0.41875 0.27187483437500004 0.41875 0.275 0.421875 0.2765622515625 0.421875 0.278125165625 0.423437875 0.29062516562499996 0.423437875 0.29218741718749996 0.421875 0.29218741718749996 0.42031287500000003 0.296874834375 0.415625 0.296874834375 0.365625 0.29375033125 0.3625 0.24218741718749998 0.3625 0.24218741718749998 0.42031287500000003 0.2453125828125 0.423437875 0.25937483437500003 0.423437875 0.2640622515625 0.41875
8 0.296874834375 0.6578128750000001 0.29375033125 0.654687875 0.29375033125 0.653125 0.29218741718749996 0.651562875 0.24062516562499997 0.651562875 0.24062516562499997 0.709375 0.24218741718749998 0.710937875 0.296874834375 0.710937875 0.296874834375 0.6578128750000001
14 0.44218741718750004 0.651562875 0.3890622515625 0.651562875 0.3890622515625 0.710937875 0.44062516562500004 0.710937875 0.44218741718750004 0.709375 0.44218741718750004 0.651562875
14 0.6109377484375 0.21875 0.6109377484375 0.257812875 0.6125 0.259375 0.6125 0.26875 0.6109377484375 0.270312875 0.6109377484375 0.271875 0.6125 0.273437875 0.6125 0.278125 0.6140622515625 0.278125 0.615625165625 0.279687875 0.6265622515625 0.279687875 0.628125165625 0.278125 0.6296874171875 0.278125 0.63125033125 0.276562875 0.6328125828125 0.276562875 0.634374834375 0.275 0.6390622515625 0.275 0.640625165625 0.276562875 0.6421874171875 0.276562875 0.6437503312499999 0.278125 0.6453125828124999 0.278125 0.6468748343749999 0.279687875 0.659374834375 0.279687875 0.6671874171875001 0.271875 0.6671874171875001 0.220312875 0.6656251656250001 0.21875 0.6640622515625 0.21875 0.6625 0.21718787499999997 0.6609377484375 0.21718787499999997 0.659374834375 0.215625 0.61875033125 0.215625 0.6171874171875 0.21718787499999997 0.615625165625 0.21718787499999997 0.6140622515625 0.21875 0.6109377484375 0.21875
12 0.22031258281250002 0.567187875 0.22187483437500002 0.565625 0.22187483437500002 0.510937875 0.21718741718749998 0.50625 0.1703125828125 0.50625 0.16718741718750002 0.509375 0.16718741718750002 0.5640628750000001 0.1703125828125 0.567187875 0.22031258281250002 0.567187875
16 0.5375 0.42031287500000003 0.5406251656250001 0.423437875 0.590625165625 0.423437875 0.5921874171875 0.421875 0.5921874171875 0.364062875 0.590625165625 0.3625 0.5859377484375 0.3625 0.5843748343749999 0.36093787499999996 0.5421874171875001 0.36093787499999996 0.5406251656250001 0.3625 0.5390622515625 0.3625 0.5375 0.364062875 0.5375 0.42031287500000003
29 0.5812503312499999 0.7625 0.5796874171875 0.764062875 0.5796874171875 0.765625 0.578125165625 0.7671878750000001 0.578125165625 0.76875 0.5765622515625 0.770312875 0.5765622515625 0.771875 0.575 0.773437875 0.575 0.775 0.5734377484375 0.776562875 0.5734377484375 0.778125 0.5703125828125 0.78125 0.5703125828125 0.79375 0.575 0.7984378750000001 0.5765622515625 0.7984378750000001 0.5890622515625 0.8109378749999999 0.6015622515625 0.8109378749999999 0.6046874171875001 0.807812875 0.6046874171875001 0.80625 0.6125 0.7984378750000001 0.615625165625 0.7984378750000001 0.6171874171875 0.796875 0.6171874171875 0.795312875 0.6203125828125 0.792187875 0.6203125828125 0.789062875 0.61875033125 0.7875 0.61875033125 0.785937875 0.6171874171875 0.784375 0.6171874171875 0.7828128750000001 0.615625165625 0.78125 0.6140622515625 0.78125 0.6109377484375 0.778125 0.6109377484375 0.775 0.609374834375 0.773437875 0.609374834375 0.770312875 0.6062503312499999 0.7671878750000001 0.6062503312499999 0.765625 0.6046874171875001 0.764062875 0.6046874171875001 0.757812875 0.6031251656250001 0.75625 0.6015622515625 0.75625 0.6 0.754687875 0.5984377484375 0.754687875 0.596874834375 0.753125 0.596874834375 0.7515628750000001 0.5859377484375 0.7515628750000001 0.5828125828124999 0.754687875 0.5828125828124999 0.75625 0.5812503312499999 0.757812875 0.5812503312499999 0.7625
11 0.6880794703124999 0.4221556890625 0.694039734375 0.42589820312500004 0.7344370859375 0.42514969999999996 0.7403973515625 0.42290419218749997 0.7423841062500001 0.408682634375 0.7417218546875 0.3660179640625 0.73774834375 0.36152694687500003 0.7105960265625 0.360029940625 0.709933775 0.360029940625 0.690066225 0.36152694687500003 0.6867549671875001 0.3652694609375 0.6854304640625 0.4041916171875 0.6880794703124999 0.4221556890625
13 0.3218543046875 0.2806886234375 0.33245033125 0.2791916171875 0.3397351 0.2732035921875 0.3456953640625 0.27245508906250004 0.35231788124999996 0.2799401203125 0.358940396875 0.28293413125 0.36225165625 0.2791916171875 0.3695364234375 0.2776946109375 0.371523178125 0.2739520953125 0.371523178125 0.22155688593749998 0.3668874171875 0.216317365625 0.3417218546875 0.21556886249999999 0.3397351 0.21556886249999999 0.321192053125 0.216317365625 0.3158940390625 0.22080838281249998 0.3158940390625 0.2747005984375 0.3218543046875 0.2806886234375
11 0.3158940390625 0.5613772453125 0.3192052984375 0.568113771875 0.3317880796875 0.569610778125 0.3403973515625 0.5636227546875 0.34370860937500003 0.5636227546875 0.358940396875 0.574101796875 0.3615894046875 0.569610778125 0.3695364234375 0.5673652687499999 0.371523178125 0.5606287421875 0.371523178125 0.51422155625 0.37019867500000003 0.5089820359375 0.366225165625 0.5059880234375 0.3629139078125 0.5059880234375 0.3231788078125 0.5059880234375 0.31721854375 0.5089820359375 0.3152317875 0.553892215625 0.3158940390625 0.5613772453125
20 0.7515622515625 0.151562875 0.7515622515625 0.23281287499999997 0.8109377484375001 0.23281287499999997 0.8109377484375001 0.151562875 0.7515622515625 0.151562875
23 0.29218741718749996 0.875 0.234374834375 0.875 0.234374834375 0.9625 0.29062516562499996 0.9625 0.29218741718749996 0.9609378749999999 0.29218741718749996 0.875
18 0.8078125828125 0.732812875 0.75625033125 0.732812875 0.75625033125 0.8109378749999999 0.80625033125 0.8109378749999999 0.8078125828125 0.809375 0.8078125828125 0.732812875
18 0.95625033125 0.5171878750000001 0.9578125828124999 0.515625 0.9578125828124999 0.514062875 0.95625033125 0.5125 0.95625033125 0.496875 0.9578125828124999 0.49531287500000004 0.9578125828124999 0.442187875 0.9 0.442187875 0.9 0.523437875 0.9546874171875 0.523437875 0.95625033125 0.521875 0.95625033125 0.5171878750000001
18 0.5875 0.903125 0.5875 0.8796878749999999 0.5328125828125 0.8796878749999999 0.5328125828125 0.9578128749999999 0.5859377484375 0.9578128749999999 0.5859377484375 0.9046878749999999 0.5875 0.903125
22 0.140625165625 0.667187875 0.140625165625 0.585937875 0.08593774843749999 0.585937875 0.08593774843749999 0.66875 0.0953125828125 0.66875 0.096874834375 0.667187875 0.140625165625 0.667187875
21 0.2890622515625 0.009375 0.2890622515625 0.007812875 0.2328125828125 0.007812875 0.2328125828125 0.085937875 0.29062516562499996 0.085937875 0.29062516562499996 0.010937875 0.2890622515625 0.009375
18 0.1421874171875 0.29375 0.084374834375 0.29375 0.084374834375 0.379687875 0.140625165625 0.379687875 0.1421874171875 0.378125 0.1421874171875 0.29375
19 0.5296874171875 0.00625 0.5296874171875 0.084375 0.5859377484375 0.084375 0.5859377484375 0.00625 0.5296874171875 0.00625