30 0.60156275 0.41718730624999995 0.6031248328125 0.41718730624999995 0.6062503343750001 0.42031269375 0.6062503343750001 0.4218753875 0.63593725 0.4218753875 0.6421875828125 0.4156246125 0.6421875828125 0.38281269375 0.63593725 0.37656269375 0.63593725 0.37343730625 0.6343751671875 0.3718746125 0.6343751671875 0.37031269375 0.631250334375 0.36718730625 0.61093725 0.36718730625 0.6062503343750001 0.3718746125 0.6062503343750001 0.37343730625 0.60156275 0.3781246125 0.60156275 0.41718730624999995
35 0.31718758281250004 0.42343730625 0.3156248328125 0.425 0.31406275 0.425 0.31093725 0.4281253875 0.31093725 0.42968730624999996 0.30781241718749996 0.43281269375000003 0.30156275 0.43281269375000003 0.3 0.4343746125 0.29843725 0.4343746125 0.2953124171875 0.4375 0.293750334375 0.4375 0.2921875828125 0.43906269375000007 0.29062483281249996 0.43906269375000007 0.28906275 0.4406246125 0.2843751671875 0.4406246125 0.2828124171875 0.44218730624999997 0.2828124171875 0.44375 0.281250334375 0.44531269375000004 0.281250334375 0.4593753875 0.27656274999999997 0.46406269375000003 0.27656274999999997 0.4656246125 0.268749665625 0.47343730624999997 0.2671875828125 0.47343730624999997 0.2656248328125 0.475 0.26406275 0.475 0.26093725 0.4781246125 0.26093725 0.47968730624999995 0.2578124171875 0.48281269375 0.2578124171875 0.55468730625 0.25937516718750003 0.55468730625 0.2625 0.5578126937500001 0.2625 0.5593746125 0.2656248328125 0.5625 0.2671875828125 0.5625 0.268749665625 0.5640626937500001 0.268749665625 0.5656246125 0.2703124171875 0.5671873062499999 0.27343725 0.5671873062499999 0.275 0.56875 0.27656274999999997 0.56875 0.281250334375 0.57343730625 0.2843751671875 0.57343730625 0.2875 0.57656269375 0.2875 0.5781253875 0.28906275 0.5781253875 0.29062483281249996 0.57968730625 0.2921875828125 0.57968730625 0.293750334375 0.58125 0.2953124171875 0.58125 0.29843725 0.5843753875 0.3 0.5843753875 0.30156275 0.58593730625 0.30312483281249997 0.58593730625 0.3046875828125 0.5875 0.306250334375 0.5875 0.3093751671875 0.5906246125 0.31093725 0.5906246125 0.3125 0.5921873062499999 0.3203124171875 0.5921873062499999 0.32187516718750003 0.59375 0.32343725 0.5921873062499999 0.3296875828125 0.5921873062499999 0.331250334375 0.5906246125 0.3328124171875 0.5906246125 0.33593725 0.5875 0.3375 0.5875 0.33906274999999997 0.58593730625 0.3406248328125 0.58593730625 0.3453124171875 0.58125 0.3468751671875 0.58125 0.34843725000000003 0.57968730625 0.35156275 0.57968730625 0.3578124171875 0.57343730625 0.3625 0.57343730625 0.36406275 0.5718746125 0.36562483281249997 0.5718746125 0.37031241718749996 0.5671873062499999 0.37343725 0.5671873062499999 0.375 0.5656246125 0.37656275 0.5656246125 0.381249665625 0.5609373062499999 0.3828124171875 0.5609373062499999 0.3906248328125 0.5531253875 0.3906248328125 0.46406269375000003 0.3875 0.46093730624999996 0.3875 0.4593753875 0.38437516718750003 0.45625 0.3828124171875 0.45625 0.37656275 0.45 0.375 0.45 0.37343725 0.44843730624999995 0.3718751671875 0.44843730624999995 0.368750334375 0.44531269375000004 0.3671875828125 0.44531269375000004 0.36562483281249997 0.44375 0.36406275 0.44375 0.3593751671875 0.43906269375000007 0.3578124171875 0.43906269375000007 0.356250334375 0.4375 0.35312483281249996 0.4375 0.3468751671875 0.43125 0.3453124171875 0.43125 0.33906274999999997 0.425 0.3375 0.425 0.33593725 0.42343730625 0.33437516718750004 0.42343730625 0.3328124171875 0.4218753875 0.331250334375 0.4218753875 0.3296875828125 0.42031269375 0.32343725 0.42031269375 0.32187516718750003 0.4218753875 0.3203124171875 0.4218753875 0.318750334375 0.42343730625 0.31718758281250004 0.42343730625
35 0.2296875828125 0.5810890093750001 0.22812483281249998 0.582651703125 0.22656274999999998 0.582651703125 0.20156274999999998 0.5982763156249999 0.2 0.599839009375 0.1968751671875 0.599839009375 0.1953124171875 0.601401703125 0.193750334375 0.601401703125 0.1906248328125 0.604526315625 0.18593725 0.606089009375 0.1843751671875 0.6076517031249999 0.18281241718750002 0.6076517031249999 0.181250334375 0.610776315625 0.181250334375 0.617026315625 0.1796875828125 0.618589009375 0.1796875828125 0.7014017031249999 0.181250334375 0.702964396875 0.181250334375 0.704526315625 0.18281241718750002 0.704526315625 0.18906275 0.710776315625 0.1906248328125 0.710776315625 0.1953124171875 0.715463621875 0.1968751671875 0.715463621875 0.19843725 0.717026315625 0.20156274999999998 0.717026315625 0.206249665625 0.721713621875 0.2078124171875 0.721713621875 0.20937516718750002 0.7232763156249999 0.21093725000000002 0.7232763156249999 0.21562483281249997 0.7279636218750001 0.2171875828125 0.7279636218750001 0.218750334375 0.729526315625 0.2203124171875 0.729526315625 0.22187516718750003 0.731089009375 0.22343725 0.731089009375 0.225 0.7326517031249999 0.225 0.734214396875 0.22656274999999998 0.735776315625 0.2296875828125 0.735776315625 0.231250334375 0.7373390093750001 0.23281241718749998 0.7373390093750001 0.23593725000000002 0.740463621875 0.2375 0.740463621875 0.23906275 0.742026315625 0.2531248328125 0.742026315625 0.25468758281250004 0.740463621875 0.256250334375 0.740463621875 0.2578124171875 0.738901703125 0.25937516718750003 0.738901703125 0.26093725 0.7373390093750001 0.2625 0.7373390093750001 0.26406275 0.735776315625 0.2656248328125 0.735776315625 0.2703124171875 0.731089009375 0.27187516718750004 0.731089009375 0.27343725 0.729526315625 0.275 0.729526315625 0.27656274999999997 0.7279636218750001 0.2781248328125 0.7279636218750001 0.2828124171875 0.7232763156249999 0.2875 0.7232763156249999 0.28906275 0.721713621875 0.29062483281249996 0.721713621875 0.293750334375 0.718589009375 0.2953124171875 0.718589009375 0.2968751671875 0.717026315625 0.3 0.717026315625 0.30156275 0.715463621875 0.30312483281249997 0.715463621875 0.30781241718749996 0.710776315625 0.3093751671875 0.710776315625 0.31093725 0.709213621875 0.31093725 0.707651703125 0.3156248328125 0.702964396875 0.3156248328125 0.6123390093750001 0.30312483281249997 0.599839009375 0.3 0.599839009375 0.2953124171875 0.595151703125 0.293750334375 0.595151703125 0.2921875828125 0.593589009375 0.28906275 0.593589009375 0.2828124171875 0.587339009375 0.2796875828125 0.587339009375 0.2781248328125 0.585776315625 0.27656274999999997 0.585776315625 0.27187516718750004 0.5810890093750001 0.2703124171875 0.5810890093750001 0.26406275 0.574839009375 0.2578124171875 0.5717136218750001 0.25468758281250004 0.570151703125 0.2453124171875 0.570151703125 0.23906275 0.574839009375 0.2375 0.574839009375 0.231250334375 0.5810890093750001 0.2296875828125 0.5810890093750001
0 0.681250334375 0.27968730625 0.681250334375 0.28125 0.6781248328125 0.2843753875 0.6781248328125 0.28593730625 0.67656275 0.2875 0.67656275 0.28906269375 0.67343725 0.29218730625 0.6718751671875001 0.29218730625 0.6703124171875 0.29375 0.6546875828125 0.29375 0.6531248328125 0.29531269375 0.64843725 0.29531269375 0.6468751671875 0.2968753875 0.6453124171875 0.2968753875 0.6437503343750001 0.29843730625 0.6421875828125 0.29843730625 0.6406248328124999 0.3 0.6375 0.3 0.63593725 0.30156269375 0.6343751671875 0.30156269375 0.6328124171875 0.3031246125 0.6328124171875 0.36718730625 0.6375 0.3718746125 0.6375 0.37656269375 0.6437503343750001 0.38281269375 0.6437503343750001 0.40156269375000003 0.6453124171875 0.4031246125 0.6453124171875 0.40625 0.64843725 0.4093746125 0.64843725 0.4125 0.65 0.41406269375000004 0.65 0.4156246125 0.6531248328125 0.41875 0.6546875828125 0.41875 0.6593751671875 0.42343730625 0.6625 0.42343730625 0.66406275 0.425 0.6656248328125 0.425 0.6703124171875 0.42968730624999996 0.675 0.42968730624999996 0.67656275 0.43125 0.6781248328125 0.43125 0.6828124171875001 0.43593730624999993 0.6875 0.43593730624999993 0.68906275 0.4375 0.6921875828124999 0.4375 0.6953124171875 0.4406246125 0.6968751671875 0.4406246125 0.69843725 0.43906269375000007 0.7 0.43906269375000007 0.70156275 0.4375 0.7046875828125 0.4375 0.7062503343750001 0.43593730624999993 0.7093751671875 0.43593730624999993 0.71093725 0.4343746125 0.7125 0.4343746125 0.71406275 0.43281269375000003 0.7156248328125 0.43281269375000003 0.7171875828125 0.43125 0.718750334375 0.43125 0.7203124171875 0.42968730624999996 0.7218751671875 0.42968730624999996 0.72343725 0.4281253875 0.725 0.4281253875 0.7281248328125 0.425 0.7296875828125 0.425 0.7312496656249999 0.42343730625 0.73593725 0.42343730625 0.7375 0.4218753875 0.73906275 0.4218753875 0.7421875828125 0.41875 0.743750334375 0.41875 0.7453124171875001 0.41718730624999995 0.74843725 0.41718730624999995 0.7531248328125 0.4125 0.7546875828124999 0.4125 0.7578124171875 0.4093746125 0.7593751671875 0.4093746125 0.7593751671875 0.40781269375000007 0.76093725 0.40625 0.76093725 0.40156269375000003 0.7625 0.4 0.7625 0.34531269375 0.76093725 0.34375 0.76093725 0.31093730625 0.7593751671875 0.3093746125 0.7593751671875 0.30781269375 0.7546875828124999 0.3031246125 0.7546875828124999 0.30156269375 0.7531248328125 0.3 0.75156275 0.3 0.75 0.29843730625 0.74843725 0.29843730625 0.7468751671875 0.2968753875 0.7468751671875 0.29531269375 0.7453124171875001 0.29531269375 0.743750334375 0.29375 0.7406248328125 0.29375 0.73593725 0.28906269375 0.7343751671875001 0.28906269375 0.7328124171875 0.2875 0.7296875828125 0.2875 0.7281248328125 0.28593730625 0.72656275 0.28593730625 0.72343725 0.28281269375 0.7218751671875 0.28281269375 0.7203124171875 0.28125 0.7171875828125 0.28125 0.7156248328125 0.27968730625 0.71406275 0.27968730625 0.7093751671875 0.275 0.6875 0.275 0.68593725 0.27656269375 0.6828124171875001 0.27656269375 0.6828124171875001 0.2781246125 0.681250334375 0.27968730625
17 0.2343751671875 0.275 0.231250334375 0.275 0.22656274999999998 0.27968730625 0.225 0.27968730625 0.22343725 0.28125 0.2203124171875 0.28125 0.21406275 0.2875 0.2125 0.2875 0.21093725000000002 0.28906269375 0.20937516718750002 0.28906269375 0.20468758281250002 0.29375 0.2031248328125 0.29375 0.20156274999999998 0.29531269375 0.2 0.29531269375 0.1953124171875 0.3 0.193750334375 0.3 0.1875 0.30625 0.18593725 0.30625 0.18281241718750002 0.3093746125 0.18281241718750002 0.31093730625 0.181250334375 0.3125 0.181250334375 0.40156269375000003 0.1843751671875 0.40468730624999993 0.18593725 0.40468730624999993 0.1906248328125 0.4093746125 0.19218758281249998 0.4093746125 0.193750334375 0.41093730624999997 0.1968751671875 0.41093730624999997 0.2 0.41406269375000004 0.2 0.4156246125 0.20156274999999998 0.4156246125 0.2031248328125 0.41718730624999995 0.20937516718750002 0.41718730624999995 0.21093725000000002 0.41875 0.2125 0.41875 0.21406275 0.42031269375 0.21562483281249997 0.42031269375 0.2171875828125 0.41875 0.2203124171875 0.41875 0.22187516718750003 0.41718730624999995 0.22343725 0.41718730624999995 0.22812483281249998 0.4125 0.2296875828125 0.4125 0.231250334375 0.41093730624999997 0.24062483281249997 0.41093730624999997 0.2453124171875 0.4156246125 0.24687516718750002 0.4156246125 0.24843725 0.41718730624999995 0.25156275 0.41718730624999995 0.2578124171875 0.42343730625 0.25937516718750003 0.42343730625 0.26406275 0.4281253875 0.27656274999999997 0.4281253875 0.2796875828125 0.425 0.281250334375 0.425 0.2828124171875 0.42343730625 0.2843751671875 0.42343730625 0.28593725000000003 0.4218753875 0.2875 0.4218753875 0.29062483281249996 0.41875 0.2921875828125 0.41875 0.293750334375 0.41718730624999995 0.2968751671875 0.41718730624999995 0.30156275 0.4125 0.30312483281249997 0.4125 0.3046875828125 0.41093730624999997 0.30781241718749996 0.41093730624999997 0.31718758281250004 0.40156269375000003 0.31718758281250004 0.31718730625 0.3156248328125 0.3156246125 0.3156248328125 0.3125 0.3125 0.3093746125 0.3125 0.30781269375 0.3093751671875 0.30468730625 0.30781241718749996 0.30468730625 0.30312483281249997 0.3 0.30156275 0.3 0.3 0.29843730625 0.29843725 0.29843730625 0.2953124171875 0.29531269375 0.293750334375 0.29531269375 0.2921875828125 0.29375 0.29062483281249996 0.29375 0.2843751671875 0.2875 0.2796875828125 0.2875 0.2781248328125 0.28593730625 0.27656274999999997 0.28593730625 0.268749665625 0.2781246125 0.268749665625 0.27656269375 0.2671875828125 0.275 0.2671875828125 0.27343730625 0.26093725 0.26718730625 0.243750334375 0.26875 0.24218758281250002 0.27031269375 0.23906275 0.27031269375 0.2343751671875 0.275
35 0.6703124171875 0.58281269375 0.6656248328125 0.5875 0.66406275 0.5875 0.6625 0.5890626937500001 0.66093725 0.5890626937500001 0.6578124171875 0.5921873062499999 0.656250334375 0.5921873062499999 0.6546875828125 0.59375 0.65156275 0.59375 0.65 0.5953126937500001 0.6468751671875 0.5953126937500001 0.6437503343750001 0.5984373062499999 0.6421875828125 0.5984373062499999 0.6406248328124999 0.6 0.63906275 0.6 0.6343751671875 0.60468730625 0.6328124171875 0.60468730625 0.6281248328125 0.6093753875 0.6281248328125 0.6656246125 0.631250334375 0.66875 0.631250334375 0.67031269375 0.6375 0.67656269375 0.6375 0.67968730625 0.63906275 0.68125 0.63906275 0.6828126937500001 0.6421875828125 0.6859373062499999 0.6421875828125 0.6875 0.6437503343750001 0.6890626937500001 0.6437503343750001 0.70468730625 0.6453124171875 0.70625 0.6453124171875 0.7093746125 0.65 0.7140626937500001 0.65 0.7156246125 0.65156275 0.7156246125 0.6531248328125 0.7171873062499999 0.6546875828125 0.7171873062499999 0.6578124171875 0.7203126937500001 0.6593751671875 0.7203126937500001 0.66093725 0.7218746125 0.6625 0.7218746125 0.66406275 0.7234373062499999 0.6671875828125 0.7234373062499999 0.6687503343750001 0.725 0.6703124171875 0.725 0.67343725 0.7281246125 0.675 0.7281246125 0.67656275 0.72968730625 0.6796875828125 0.72968730625 0.68593725 0.73593730625 0.6875 0.73593730625 0.68906275 0.7375 0.6906248328125 0.7375 0.6953124171875 0.74218730625 0.69843725 0.74218730625 0.7 0.7406246125 0.70156275 0.7406246125 0.7062503343750001 0.73593730625 0.7078124171875 0.73593730625 0.7093751671875 0.7343753875 0.71093725 0.7343753875 0.71406275 0.73125 0.7156248328125 0.73125 0.7171875828125 0.72968730625 0.718750334375 0.72968730625 0.7203124171875 0.7281246125 0.7218751671875 0.7281246125 0.7218751671875 0.72656269375 0.72343725 0.725 0.725 0.725 0.72656275 0.7234373062499999 0.7281248328125 0.7234373062499999 0.7343751671875001 0.7171873062499999 0.7406248328125 0.7171873062499999 0.7453124171875001 0.7125 0.7468751671875 0.7125 0.74843725 0.71093730625 0.7531248328125 0.71093730625 0.7546875828124999 0.7093746125 0.7546875828124999 0.70781269375 0.7578124171875 0.70468730625 0.76406275 0.70468730625 0.76406275 0.61093730625 0.7625 0.6093753875 0.7625 0.60781269375 0.7593751671875 0.60468730625 0.7578124171875 0.60468730625 0.7531248328125 0.6 0.75156275 0.6 0.7468751671875 0.5953126937500001 0.7453124171875001 0.5953126937500001 0.743750334375 0.59375 0.73906275 0.59375 0.7343751671875001 0.5890626937500001 0.7328124171875 0.5890626937500001 0.7312496656249999 0.5875 0.7281248328125 0.5875 0.72343725 0.58281269375 0.7218751671875 0.58281269375 0.7203124171875 0.58125 0.718750334375 0.58125 0.7171875828125 0.57968730625 0.7156248328125 0.57968730625 0.7125 0.57656269375 0.71093725 0.57656269375 0.7093751671875 0.575 0.681250334375 0.575 0.6796875828125 0.57656269375 0.6781248328125 0.57656269375 0.6718751671875001 0.58281269375 0.6703124171875 0.58281269375
30 0.681250334375 0.2218753875 0.67656275 0.22656269375 0.67656275 0.2281246125 0.675 0.22968730625 0.675 0.2656253875 0.67656275 0.26718730625 0.6781248328125 0.26718730625 0.681250334375 0.27031269375 0.681250334375 0.2718746125 0.6828124171875001 0.27343730625 0.7093751671875 0.27343730625 0.7171875828125 0.2656253875 0.7171875828125 0.22968730625 0.7156248328125 0.2281246125 0.7156248328125 0.22656269375 0.71406275 0.22656269375 0.71093725 0.22343730625 0.71093725 0.2218753875 0.7078124171875 0.21875 0.7062503343750001 0.21875 0.7031248328124999 0.2156246125 0.6875 0.2156246125 0.6843751671875 0.21875 0.6828124171875001 0.21875 0.681250334375 0.22031269375 0.681250334375 0.2218753875
31 0.6062503343750001 0.0718746125 0.6 0.0781253875 0.6 0.1156246125 0.60156275 0.11718730625 0.6031248328125 0.11718730625 0.6078124171875 0.1218746125 0.63593725 0.1218746125 0.63593725 0.12031269375 0.63906275 0.11718730625 0.6406248328124999 0.11718730625 0.6421875828125 0.1156246125 0.6421875828125 0.08125 0.6406248328124999 0.07968730625 0.6406248328124999 0.0781253875 0.63593725 0.07343730625 0.63593725 0.0718746125 0.6328124171875 0.06875 0.6296875828124999 0.06875 0.62656275 0.0656246125 0.6125 0.0656246125 0.6093751671875001 0.06875 0.6078124171875 0.06875 0.6062503343750001 0.07031269375 0.6062503343750001 0.0718746125
4 0.2203124171875 0.425 0.218750334375 0.42656269375000005 0.218750334375 0.4593753875 0.225 0.4656246125 0.225 0.4718746125 0.22656274999999998 0.47343730624999997 0.2656248328125 0.47343730624999997 0.2671875828125 0.4718746125 0.268749665625 0.4718746125 0.2781248328125 0.4625 0.2781248328125 0.45 0.275 0.4468746125 0.275 0.44531269375000004 0.268749665625 0.43906269375000007 0.2656248328125 0.43906269375000007 0.26406275 0.4375 0.2625 0.4375 0.25937516718750003 0.4343746125 0.25937516718750003 0.43281269375000003 0.25468758281250004 0.4281253875 0.25468758281250004 0.42656269375000005 0.2531248328125 0.425 0.2531248328125 0.42343730625 0.25156275 0.42343730625 0.25 0.4218753875 0.25 0.42031269375 0.2453124171875 0.4156246125 0.2296875828125 0.4156246125 0.22343725 0.4218753875 0.22343725 0.42343730625 0.22187516718750003 0.425 0.2203124171875 0.425
37 0.30156275 0.7234373062499999 0.3 0.7234373062499999 0.2921875828125 0.73125 0.29062483281249996 0.73125 0.28906275 0.73281269375 0.2875 0.73281269375 0.2875 0.7343753875 0.2843751671875 0.7375 0.2828124171875 0.7375 0.27656274999999997 0.74375 0.2703124171875 0.74375 0.2656248328125 0.7484373062499999 0.26406275 0.7484373062499999 0.2625 0.75 0.26093725 0.75 0.25937516718750003 0.7515626937500001 0.2578124171875 0.7515626937500001 0.2578124171875 0.7531246125 0.256250334375 0.7546873062499999 0.256250334375 0.75625 0.25468758281250004 0.75781269375 0.25468758281250004 0.85156269375 0.25937516718750003 0.85625 0.26093725 0.85625 0.2625 0.85781269375 0.2625 0.8593753875000001 0.26406275 0.8593753875000001 0.2656248328125 0.86093730625 0.2671875828125 0.86093730625 0.27187516718750004 0.8656246124999999 0.27343725 0.8656246124999999 0.275 0.86718730625 0.2781248328125 0.86718730625 0.2843751671875 0.8734373062499999 0.28593725000000003 0.8734373062499999 0.2875 0.875 0.28906275 0.875 0.2921875828125 0.8781246125 0.293750334375 0.8781246125 0.2953124171875 0.8796873062499999 0.2968751671875 0.8796873062499999 0.30312483281249997 0.88593730625 0.3046875828125 0.88593730625 0.306250334375 0.8875 0.30781241718749996 0.8875 0.3125 0.89218730625 0.3156248328125 0.89218730625 0.31718758281250004 0.89375 0.318750334375 0.89375 0.3203124171875 0.89531269375 0.325 0.89531269375 0.32656275 0.89375 0.3296875828125 0.89375 0.331250334375 0.89218730625 0.3328124171875 0.89218730625 0.33437516718750004 0.8906253875000001 0.33593725 0.8906253875000001 0.33593725 0.88906269375 0.3375 0.8875 0.33906274999999997 0.8875 0.3468751671875 0.8796873062499999 0.34843725000000003 0.8796873062499999 0.35 0.8781246125 0.35156275 0.8781246125 0.3546875828125 0.875 0.356250334375 0.875 0.3578124171875 0.8734373062499999 0.36093725 0.8734373062499999 0.36406275 0.8703126937500001 0.36562483281249997 0.8703126937500001 0.368750334375 0.86718730625 0.3718751671875 0.86718730625 0.37656275 0.8625 0.3781248328125 0.8625 0.37968758281250004 0.86093730625 0.381249665625 0.86093730625 0.38906275 0.8531246124999999 0.38906275 0.85156269375 0.3906248328125 0.85 0.3906248328125 0.7593746125 0.38593725 0.7546873062499999 0.38593725 0.7531246125 0.3828124171875 0.75 0.381249665625 0.75 0.37968758281250004 0.7484373062499999 0.3781248328125 0.7484373062499999 0.375 0.7453126937500001 0.37343725 0.7453126937500001 0.3718751671875 0.74375 0.37031241718749996 0.74375 0.36562483281249997 0.73906269375 0.36406275 0.73906269375 0.3625 0.7375 0.3593751671875 0.7375 0.35312483281249996 0.73125 0.35156275 0.73125 0.35 0.72968730625 0.34843725000000003 0.72968730625 0.3468751671875 0.7281246125 0.3468751671875 0.72656269375 0.3453124171875 0.72656269375 0.3375 0.71875 0.33593725 0.71875 0.33437516718750004 0.7171873062499999 0.30781241718749996 0.7171873062499999 0.306250334375 0.71875 0.3046875828125 0.71875 0.3046875828125 0.7203126937500001 0.30156275 0.7234373062499999
35 0.756250334375 0.42031269375 0.756250334375 0.4218753875 0.7546875828124999 0.42343730625 0.7531248328125 0.42343730625 0.75156275 0.425 0.75 0.425 0.743750334375 0.43125 0.7406248328125 0.43125 0.7343751671875001 0.4375 0.7328124171875 0.4375 0.7281248328125 0.44218730624999997 0.72656275 0.44218730624999997 0.725 0.44375 0.7218751671875 0.44375 0.7203124171875 0.44531269375000004 0.718750334375 0.44531269375000004 0.71406275 0.45 0.7125 0.45 0.7078124171875 0.45468730625 0.7078124171875 0.52343730625 0.7093751671875 0.52343730625 0.7125 0.5265626937500001 0.7125 0.5328126937500001 0.71406275 0.5343746125 0.71406275 0.5375 0.7156248328125 0.53906269375 0.7156248328125 0.54218730625 0.7171875828125 0.54375 0.7171875828125 0.54843730625 0.718750334375 0.55 0.718750334375 0.5609373062499999 0.7203124171875 0.5625 0.7203124171875 0.5656246125 0.7218751671875 0.5656246125 0.7281248328125 0.5718746125 0.7296875828125 0.5718746125 0.7312496656249999 0.57343730625 0.7328124171875 0.57343730625 0.73906275 0.57968730625 0.7421875828125 0.57968730625 0.743750334375 0.58125 0.7453124171875001 0.58125 0.74843725 0.5843753875 0.75 0.5843753875 0.75156275 0.58593730625 0.7531248328125 0.58593730625 0.7546875828124999 0.5875 0.7578124171875 0.5875 0.76093725 0.5906246125 0.76406275 0.5906246125 0.7656248328124999 0.5921873062499999 0.7781248328125 0.5921873062499999 0.7796875828125 0.5906246125 0.781250334375 0.5906246125 0.7828124171875 0.5890626937500001 0.7843751671875 0.5890626937500001 0.78593725 0.5875 0.7875 0.5875 0.78906275 0.58593730625 0.7906248328125 0.58593730625 0.7953124171875 0.58125 0.7968751671875001 0.58125 0.79843725 0.57968730625 0.8015627500000001 0.57968730625 0.8078124171875001 0.57343730625 0.8093751671874999 0.57343730625 0.8140627500000001 0.56875 0.8156248328125001 0.56875 0.8171875828124999 0.5671873062499999 0.8203124171875 0.5671873062499999 0.8265627500000001 0.5609373062499999 0.8281248328125 0.5609373062499999 0.8296875828125 0.5593746125 0.8312503343750001 0.5593746125 0.8375 0.5531253875 0.8390627500000001 0.5531253875 0.8406248328125001 0.55156269375 0.8406248328125001 0.46406269375000003 0.8375 0.46093730624999996 0.8375 0.4593753875 0.8281248328125 0.45 0.8265627500000001 0.45 0.8218751671875 0.44531269375000004 0.8203124171875 0.44531269375000004 0.818750334375 0.44375 0.8171875828124999 0.44375 0.8156248328125001 0.44218730624999997 0.8140627500000001 0.44218730624999997 0.8093751671874999 0.4375 0.8078124171875001 0.4375 0.806250334375 0.43593730624999993 0.8046875828125 0.43593730624999993 0.8 0.43125 0.7968751671875001 0.43125 0.7953124171875 0.42968730624999996 0.7937496656249999 0.42968730624999996 0.7921875828125 0.4281253875 0.7921875828125 0.42656269375000005 0.7906248328125 0.42656269375000005 0.78906275 0.425 0.7875 0.425 0.78593725 0.42343730625 0.7843751671875 0.42343730625 0.781250334375 0.42031269375 0.7796875828125 0.42031269375 0.7781248328125 0.41875 0.77343725 0.41875 0.7718751671875 0.41718730624999995 0.7671875828125 0.41718730624999995 0.7656248328124999 0.41875 0.7593751671875 0.41875 0.7578124171875 0.42031269375 0.756250334375 0.42031269375
37 0.3472436578125 0.29854257031250003 0.3456809078125 0.30010526249999997 0.344118825 0.30010526249999997 0.344118825 0.30166795625 0.340993325 0.3047925703125 0.337868490625 0.3047925703125 0.33630574062499996 0.3063552625 0.3347436578125 0.3063552625 0.331618825 0.3094798765625 0.331618825 0.31104257031250004 0.330056075 0.3126052625 0.330056075 0.40166795625 0.331618825 0.4032298765625 0.331618825 0.40479257031250004 0.3331809078125 0.4063552625 0.3331809078125 0.40791795625000005 0.340993325 0.4157298765625 0.34255607499999996 0.4157298765625 0.344118825 0.4172925703125 0.3456809078125 0.4172925703125 0.35036849062500003 0.42198064999999996 0.3519312421875 0.42198064999999996 0.35349332499999997 0.42354257031250003 0.35505607499999997 0.42354257031250003 0.35661882500000003 0.42510526249999997 0.3581809078125 0.42510526249999997 0.361305740625 0.42823065 0.36286849062500004 0.42823065 0.3644312421875 0.4297925703125 0.365993325 0.4297925703125 0.367556075 0.4313552625 0.36911882500000004 0.4313552625 0.3722436578125 0.4344798765625 0.373805740625 0.4344798765625 0.375368490625 0.43604257031250004 0.3769312421875 0.43604257031250004 0.378493325 0.4376052625 0.380056075 0.4376052625 0.3847436578125 0.4422925703125 0.3894312421875 0.4422925703125 0.390993325 0.44385526249999996 0.4019312421875 0.44385526249999996 0.403493325 0.4422925703125 0.40661882499999996 0.4422925703125 0.40818090781249994 0.44072987656249996 0.40974365781250005 0.44072987656249996 0.41286849062500003 0.4376052625 0.4144312421875 0.4376052625 0.41599332499999997 0.43604257031250004 0.41755607499999997 0.43604257031250004 0.42068090781249995 0.43291795625 0.42224365781250006 0.43291795625 0.42380574062500004 0.4313552625 0.42536849062500004 0.4313552625 0.4269312421875 0.4297925703125 0.428493325 0.4297925703125 0.4347436578125 0.42354257031250003 0.437868490625 0.42354257031250003 0.4394312421875 0.42198064999999996 0.440993325 0.42198064999999996 0.442556075 0.42041795625 0.442556075 0.4188552625 0.44411815781249997 0.4172925703125 0.44568090781249997 0.4172925703125 0.44724365781250003 0.4157298765625 0.44724365781250003 0.41260526249999996 0.448805740625 0.4110425703125 0.448805740625 0.39385526249999997 0.450368490625 0.39229257031250003 0.450368490625 0.38916795625 0.453493325 0.3860425703125 0.453493325 0.3844798765625 0.455056075 0.38291795624999997 0.455056075 0.37822987656249996 0.461305740625 0.3719798765625 0.461305740625 0.3688552625 0.462868490625 0.3672925703125 0.462868490625 0.36104257031250003 0.4644312421875 0.35948064999999996 0.4644312421875 0.3126052625 0.462868490625 0.31104257031250004 0.462868490625 0.3094798765625 0.453493325 0.30010526249999997 0.450368490625 0.30010526249999997 0.448805740625 0.29854257031250003 0.44724365781250003 0.29854257031250003 0.44568090781249997 0.29698064999999996 0.44411815781249997 0.29698064999999996 0.440993325 0.2938552625 0.43630574062500005 0.2938552625 0.4347436578125 0.2922925703125 0.4229272359375 0.2829078953125 0.379281709375 0.2777972140625 0.3519312421875 0.30010526249999997 0.34880574062499997 0.30010526249999997 0.3472436578125 0.29854257031250003
6 0.3781248328125 0.57656269375 0.37343725 0.58125 0.3718751671875 0.58125 0.37031241718749996 0.58281269375 0.368750334375 0.58281269375 0.368750334375 0.5843753875 0.36562483281249997 0.5875 0.36406275 0.5875 0.3593751671875 0.5921873062499999 0.3578124171875 0.5921873062499999 0.3546875828125 0.5953126937500001 0.35312483281249996 0.5953126937500001 0.34843725000000003 0.6 0.3453124171875 0.6 0.33906274999999997 0.60625 0.33593725 0.60625 0.33437516718750004 0.60781269375 0.3328124171875 0.60781269375 0.3328124171875 0.6093753875 0.331250334375 0.61093730625 0.331250334375 0.6125 0.3296875828125 0.61406269375 0.3296875828125 0.7031253875 0.331250334375 0.70468730625 0.3328124171875 0.70468730625 0.33906274999999997 0.71093730625 0.3406248328125 0.71093730625 0.3453124171875 0.7156246125 0.3468751671875 0.7156246125 0.34843725000000003 0.7171873062499999 0.35156275 0.7171873062499999 0.356250334375 0.7218746125 0.3578124171875 0.7218746125 0.3593751671875 0.7234373062499999 0.36093725 0.7234373062499999 0.36562483281249997 0.7281246125 0.3671875828125 0.7281246125 0.368750334375 0.72968730625 0.3718751671875 0.72968730625 0.37656275 0.7343753875 0.3781248328125 0.7343753875 0.37968758281250004 0.73593730625 0.381249665625 0.73593730625 0.3828124171875 0.7375 0.38437516718750003 0.7375 0.3875 0.7406246125 0.38906275 0.7406246125 0.3906248328125 0.74218730625 0.40468758281249995 0.74218730625 0.406250334375 0.7406246125 0.40781241718750005 0.7406246125 0.41093725000000003 0.7375 0.4125 0.7375 0.41406275 0.73593730625 0.41562483281249996 0.73593730625 0.4203124171875 0.73125 0.4218751671875 0.73125 0.42343725 0.72968730625 0.425 0.72968730625 0.42968758281249997 0.725 0.43125033437500004 0.725 0.4328124171875 0.7234373062499999 0.4343751671875 0.7234373062499999 0.43593725 0.7218746125 0.4375 0.7218746125 0.4421875828125 0.7171873062499999 0.44531241718750003 0.7171873062499999 0.45156275 0.71093730625 0.4531248328125 0.71093730625 0.45937516718750004 0.70468730625 0.46093725 0.70468730625 0.4656248328125 0.7 0.4656248328125 0.69843730625 0.46718758281249995 0.6968746125 0.46718758281249995 0.6375 0.4656248328125 0.63593730625 0.4656248328125 0.6281246125 0.46406274999999997 0.6265626937500001 0.46406274999999997 0.61875 0.4625 0.61718730625 0.4625 0.61406269375 0.46093725 0.6125 0.46093725 0.61093730625 0.45937516718750004 0.6093753875 0.45937516718750004 0.60781269375 0.45781241718750004 0.60781269375 0.45625033437500007 0.60625 0.4546875828125 0.60625 0.4531248328125 0.60468730625 0.45156275 0.60468730625 0.44687516718750003 0.6 0.44374966562499996 0.6 0.4421875828125 0.5984373062499999 0.4406248328125 0.5984373062499999 0.4375 0.5953126937500001 0.43593725 0.5953126937500001 0.4343751671875 0.59375 0.43125033437500004 0.59375 0.42812483281249997 0.5906246125 0.42656275 0.5906246125 0.41875033437500003 0.58281269375 0.41718758281249996 0.58281269375 0.41406275 0.57968730625 0.4125 0.57968730625 0.40156274999999997 0.56875 0.38906275 0.56875 0.3875 0.57031269375 0.38593725 0.57031269375 0.37968758281250004 0.57656269375 0.3781248328125 0.57656269375
37 0.30069158906250004 0.1296362234375 0.2991288390625 0.1311989171875 0.29756675625 0.1311989171875 0.29444192187499996 0.1343235296875 0.292879171875 0.1343235296875 0.291316421875 0.1358862234375 0.28975433906250003 0.1358862234375 0.28506675625 0.1405735296875 0.28350400468750003 0.1405735296875 0.281941921875 0.14213622343750001 0.280379171875 0.14213622343750001 0.278816421875 0.1436989171875 0.2772543390625 0.1436989171875 0.27256675625 0.14838622343750002 0.2710040046875 0.14838622343750002 0.266316421875 0.15307352968750002 0.2647543390625 0.15307352968750002 0.2631915890625 0.1546362234375 0.2616288390625 0.1546362234375 0.26006675625 0.1561989171875 0.2585040046875 0.1561989171875 0.2585040046875 0.1577608359375 0.256941921875 0.15932352968750002 0.256941921875 0.1624489171875 0.255379171875 0.16401083593750002 0.255379171875 0.2561989171875 0.256941921875 0.25776160937500003 0.28350400468750003 0.2780735296875 0.2866288390625 0.2796362234375 0.28819158906250003 0.2811989171875 0.28819158906250003 0.2827608359375 0.28975433906250003 0.2827608359375 0.291316421875 0.2843235296875 0.292879171875 0.2843235296875 0.29444192187499996 0.28588622343750003 0.2960040046875 0.28588622343750003 0.2991288390625 0.28901160937500003 0.30069158906250004 0.28901160937500003 0.3022543390625 0.2905735296875 0.303816421875 0.2905735296875 0.30537917187499997 0.2921362234375 0.30694192187499997 0.2921362234375 0.31006675625 0.2952608359375 0.3116288390625 0.2952608359375 0.3131915890625 0.29682352968750003 0.3335040046875 0.29682352968750003 0.33506675625 0.2952608359375 0.33662883906249996 0.2952608359375 0.3397543390625 0.2921362234375 0.341316421875 0.2921362234375 0.342879171875 0.2905735296875 0.344441921875 0.2905735296875 0.34600400468750003 0.28901160937500003 0.34756675625 0.28901160937500003 0.35069158906250003 0.28588622343750003 0.35225433906250003 0.28588622343750003 0.353816421875 0.2843235296875 0.355379171875 0.2843235296875 0.36006675625 0.2796362234375 0.3616288390625 0.2796362234375 0.36319158906250004 0.2780735296875 0.3647543390625 0.2780735296875 0.366316421875 0.27651083593750003 0.366316421875 0.27494891718750003 0.36787917187499997 0.2733862234375 0.36787917187499997 0.23119891718750002 0.3710040046875 0.2280735296875 0.37256675625 0.2280735296875 0.3741288390625 0.226511609375 0.3741288390625 0.2249489171875 0.3772543390625 0.22182352968750002 0.378816421875 0.22182352968750002 0.380379171875 0.2202608359375 0.380379171875 0.2186989171875 0.3835040046875 0.21557352968750002 0.38506675625 0.21557352968750002 0.3866288390625 0.2140108359375 0.3866288390625 0.19994891718750002 0.3881915890625 0.1983862234375 0.3881915890625 0.1780735296875 0.3866288390625 0.176511609375 0.3866288390625 0.1577608359375 0.3835040046875 0.1546362234375 0.378816421875 0.1546362234375 0.37256675625 0.14838622343750002 0.36787917187499997 0.14838622343750002 0.366316421875 0.1468235296875 0.3647543390625 0.1468235296875 0.3616288390625 0.1436989171875 0.36006675625 0.1436989171875 0.3585040046875 0.14213622343750001 0.355379171875 0.14213622343750001 0.35069158906250003 0.13744891718750002 0.3491288390625 0.13744891718750002 0.34600400468750003 0.1343235296875 0.344441921875 0.1343235296875 0.342879171875 0.13276083593750002 0.341316421875 0.13276083593750002 0.3397543390625 0.1311989171875 0.3381915890625 0.1311989171875 0.33662883906249996 0.1296362234375 0.33506675625 0.1296362234375 0.3335040046875 0.12807352968750002 0.330379171875 0.12807352968750002 0.32282910625 0.11760448906250001 0.30537917187499997 0.12807352968750002 0.303816421875 0.12807352968750002 0.3022543390625 0.1296362234375 0.30069158906250004 0.1296362234375
36 0.45 0.72968730625 0.44843725 0.73125 0.44687516718750003 0.73125 0.4406248328125 0.7375 0.43906275 0.7375 0.4375 0.73906269375 0.43593725 0.73906269375 0.4328124171875 0.74218730625 0.43125033437500004 0.74218730625 0.42968758281249997 0.74375 0.42812483281249997 0.74375 0.42656275 0.7453126937500001 0.425 0.7453126937500001 0.425 0.7468746125 0.42343725 0.7484373062499999 0.4218751671875 0.7484373062499999 0.4203124171875 0.75 0.41875033437500003 0.75 0.41718758281249996 0.7515626937500001 0.41562483281249996 0.7515626937500001 0.4125 0.7546873062499999 0.41093725000000003 0.7546873062499999 0.406250334375 0.7593746125 0.406250334375 0.85 0.40781241718750005 0.85156269375 0.40781241718750005 0.8531246124999999 0.4093751671875 0.85468730625 0.4125 0.85468730625 0.41718758281249996 0.8593753875000001 0.41875033437500003 0.8593753875000001 0.4203124171875 0.86093730625 0.4218751671875 0.86093730625 0.42656275 0.8656246124999999 0.42812483281249997 0.8656246124999999 0.42968758281249997 0.86718730625 0.4328124171875 0.86718730625 0.4343751671875 0.86875 0.43593725 0.86875 0.4375 0.8703126937500001 0.4375 0.8718753875 0.43906275 0.8718753875 0.4406248328125 0.8734373062499999 0.4421875828125 0.8734373062499999 0.44531241718750003 0.8765626937500001 0.44531241718750003 0.8781246125 0.44687516718750003 0.8781246125 0.4531248328125 0.8843746124999999 0.4546875828125 0.8843746124999999 0.45625033437500007 0.88593730625 0.45781241718750004 0.88593730625 0.45937516718750004 0.8875 0.46093725 0.8875 0.4656248328125 0.89218730625 0.475 0.89218730625 0.47656275 0.8906253875000001 0.47812483281249996 0.8906253875000001 0.48125033437500003 0.8875 0.4828124171875 0.8875 0.4843751671875 0.88593730625 0.48593725 0.88593730625 0.4953124171875 0.8765626937500001 0.4968751671875 0.8765626937500001 0.50156275 0.8718753875 0.5031248328125 0.8718753875 0.5078124171875 0.86718730625 0.51093725 0.86718730625 0.5125 0.8656246124999999 0.51406275 0.8656246124999999 0.5171875828125 0.8625 0.5187503343750001 0.8625 0.5203124171875 0.86093730625 0.5218751671875 0.86093730625 0.52656275 0.85625 0.5281248328125 0.85625 0.5296875828125 0.85468730625 0.531250334375 0.85468730625 0.5375 0.8484373062499999 0.5375 0.8468746125 0.5406248328125 0.84375 0.5406248328125 0.7796873062499999 0.53906275 0.7781246125 0.53906275 0.7718746125 0.5375 0.77031269375 0.5375 0.7656253875 0.53593725 0.76406269375 0.53593725 0.7625 0.531250334375 0.75781269375 0.5296875828125 0.75781269375 0.5281248328125 0.75625 0.52656275 0.75625 0.5218751671875 0.7515626937500001 0.5203124171875 0.7515626937500001 0.5187503343750001 0.75 0.5156248328124999 0.75 0.51093725 0.7453126937500001 0.5093751671875 0.7453126937500001 0.5078124171875 0.74375 0.506249665625 0.74375 0.5046875828124999 0.74218730625 0.5031248328125 0.74218730625 0.49843725 0.7375 0.4968751671875 0.7375 0.49062483281249997 0.73125 0.48906275 0.73125 0.4843751671875 0.72656269375 0.4828124171875 0.72656269375 0.47656275 0.7203126937500001 0.475 0.7203126937500001 0.47343725000000003 0.71875 0.46406274999999997 0.71875 0.45937516718750004 0.7234373062499999 0.45781241718750004 0.7234373062499999 0.45156275 0.72968730625 0.45 0.72968730625
17 0.44687516718750003 0.43125 0.4421875828125 0.43593730624999993 0.4406248328125 0.43593730624999993 0.43906275 0.4375 0.4375 0.4375 0.43593725 0.43906269375000007 0.4343751671875 0.43906269375000007 0.42968758281249997 0.44375 0.42812483281249997 0.44375 0.42656275 0.44531269375000004 0.425 0.44531269375000004 0.4203124171875 0.45 0.41875033437500003 0.45 0.41406275 0.45468730625 0.4125 0.45468730625 0.41093725000000003 0.45625 0.4093751671875 0.45625 0.406250334375 0.4593753875 0.406250334375 0.46406269375000003 0.40468758281249995 0.4656246125 0.40468758281249995 0.5531253875 0.40781241718750005 0.55625 0.4093751671875 0.55625 0.41406275 0.5609373062499999 0.41562483281249996 0.5609373062499999 0.4203124171875 0.5656246125 0.4218751671875 0.5656246125 0.42343725 0.5671873062499999 0.42656275 0.5671873062499999 0.42812483281249997 0.56875 0.42968758281249997 0.56875 0.4343751671875 0.57343730625 0.43593725 0.57343730625 0.4375 0.575 0.43906275 0.575 0.4421875828125 0.5781253875 0.44374966562499996 0.5781253875 0.44531241718750003 0.57968730625 0.44687516718750003 0.57968730625 0.4531248328125 0.58593730625 0.45625033437500007 0.58593730625 0.45781241718750004 0.5875 0.45937516718750004 0.5875 0.4625 0.5906246125 0.46406274999999997 0.5906246125 0.4656248328125 0.5921873062499999 0.47656275 0.5921873062499999 0.47812483281249996 0.5906246125 0.47968758281249996 0.5906246125 0.4828124171875 0.5875 0.4843751671875 0.5875 0.48593725 0.58593730625 0.49062483281249997 0.58593730625 0.4953124171875 0.58125 0.4968751671875 0.58125 0.49843725 0.57968730625 0.50156275 0.57968730625 0.5078124171875 0.57343730625 0.51093725 0.57343730625 0.5125 0.5718746125 0.51406275 0.5718746125 0.5218751671875 0.5640626937500001 0.5218751671875 0.5593746125 0.52343725 0.5578126937500001 0.52343725 0.5328126937500001 0.5296875828125 0.5265626937500001 0.5296875828125 0.52343730625 0.531250334375 0.5218753875 0.531250334375 0.52031269375 0.53593725 0.5156253875 0.53593725 0.46093730624999996 0.5343751671875 0.4593753875 0.5343751671875 0.45781269375000005 0.5328124171875 0.45625 0.531250334375 0.45625 0.52656275 0.45156269375 0.525 0.45156269375 0.52343725 0.45 0.5218751671875 0.45 0.5156248328124999 0.44375 0.51406275 0.44375 0.5078124171875 0.4375 0.506249665625 0.4375 0.50156275 0.43281269375000003 0.5 0.43281269375000003 0.49843725 0.43125 0.4968751671875 0.43125 0.49218758281249997 0.42656269375000005 0.49062483281249997 0.42656269375000005 0.48906275 0.425 0.45937516718750004 0.425 0.45781241718750004 0.42656269375000005 0.45625033437500007 0.42656269375000005 0.45156275 0.43125 0.44687516718750003 0.43125
0 0.60156275 0.13125 0.6 0.13281269375 0.59843725 0.13281269375 0.593750334375 0.1375 0.5921875828125 0.1375 0.5906248328125 0.13906269375 0.58906275 0.13906269375 0.58593725 0.14218730625 0.5812503343750001 0.14218730625 0.5796875828125 0.14375 0.57343725 0.14375 0.5718751671875 0.14531269375 0.5703124171875 0.14531269375 0.5656248328125 0.15 0.56406275 0.15 0.5625 0.15156269375 0.56093725 0.15156269375 0.5578124171875001 0.15468730625 0.5578124171875001 0.21875 0.5593751671875 0.22031269375 0.5593751671875 0.2218753875 0.5625 0.225 0.5625 0.2281246125 0.5671875828124999 0.23281269375 0.5671875828124999 0.23593730625 0.568749665625 0.2375 0.568749665625 0.25468730625 0.5703124171875 0.25625 0.5703124171875 0.2593746125 0.57343725 0.2625 0.57343725 0.26406269375 0.5781248328124999 0.26875 0.5796875828125 0.26875 0.5843751671875 0.27343730625 0.58593725 0.27343730625 0.5875 0.275 0.58906275 0.275 0.593750334375 0.27968730625 0.5968751671875 0.27968730625 0.60156275 0.2843753875 0.6031248328125 0.2843753875 0.6046875828125 0.28593730625 0.6062503343750001 0.28593730625 0.6078124171875 0.2875 0.61093725 0.2875 0.6125 0.28906269375 0.61406275 0.28906269375 0.6156248328125 0.2906246125 0.62343725 0.2906246125 0.62656275 0.2875 0.6281248328125 0.2875 0.6296875828124999 0.28593730625 0.631250334375 0.28593730625 0.6328124171875 0.2843753875 0.6343751671875 0.2843753875 0.63906275 0.27968730625 0.6421875828125 0.27968730625 0.6437503343750001 0.2781246125 0.6468751671875 0.2781246125 0.65156275 0.27343730625 0.6531248328125 0.27343730625 0.6546875828125 0.2718746125 0.656250334375 0.2718746125 0.6578124171875 0.27031269375 0.6593751671875 0.27031269375 0.6625 0.26718730625 0.66406275 0.26718730625 0.6671875828125 0.26406269375 0.6671875828125 0.2625 0.6687503343750001 0.26093730625 0.6687503343750001 0.25781269375 0.6703124171875 0.25625 0.6703124171875 0.25468730625 0.6718751671875001 0.2531253875 0.6718751671875001 0.24843730625 0.67343725 0.2468746125 0.67343725 0.23281269375 0.6796875828125 0.22656269375 0.6796875828125 0.22343730625 0.681250334375 0.2218753875 0.681250334375 0.22031269375 0.6828124171875001 0.21875 0.6843751671875 0.21875 0.6843751671875 0.21718730625 0.68593725 0.2156246125 0.68593725 0.21406269375 0.68906275 0.21093730625 0.68906275 0.16718730625 0.6875 0.1656246125 0.6875 0.1625 0.68593725 0.16093730625 0.68593725 0.15781269375 0.6781248328125 0.15 0.67656275 0.15 0.675 0.14843730625 0.67343725 0.14843730625 0.6703124171875 0.14531269375 0.6687503343750001 0.14531269375 0.6671875828125 0.14375 0.6656248328125 0.14375 0.6593751671875 0.1375 0.656250334375 0.1375 0.6546875828125 0.13593730625 0.6531248328125 0.13593730625 0.65 0.13281269375 0.64843725 0.13281269375 0.6468751671875 0.13125 0.6453124171875 0.13125 0.6437503343750001 0.12968730625 0.6437503343750001 0.1281246125 0.6406248328124999 0.125 0.6078124171875 0.125 0.6062503343750001 0.12656269375 0.6062503343750001 0.1281246125 0.6031248328125 0.13125 0.60156275 0.13125
0 0.45156275 0.125 0.45 0.12656269375 0.44843725 0.12656269375 0.44531241718750003 0.12968730625 0.44374966562499996 0.12968730625 0.4421875828125 0.13125 0.43906275 0.13125 0.4328124171875 0.1375 0.42968758281249997 0.1375 0.42812483281249997 0.13906269375 0.42656275 0.13906269375 0.4218751671875 0.14375 0.4203124171875 0.14375 0.41406275 0.15 0.4125 0.15 0.40781241718750005 0.15468730625 0.40781241718750005 0.22656269375 0.41093725000000003 0.22968730625 0.41093725000000003 0.23125 0.4125 0.23281269375 0.4125 0.2343753875 0.41562483281249996 0.2375 0.41718758281249996 0.2375 0.41875033437500003 0.23906269375 0.41875033437500003 0.2406246125 0.4203124171875 0.24218730625 0.4218751671875 0.24218730625 0.42968758281249997 0.25 0.42968758281249997 0.25156269375 0.43125033437500004 0.2531253875 0.43125033437500004 0.2718746125 0.4328124171875 0.27343730625 0.4343751671875 0.27343730625 0.43906275 0.2781246125 0.4406248328125 0.2781246125 0.4421875828125 0.27968730625 0.44374966562499996 0.27968730625 0.44531241718750003 0.28125 0.44687516718750003 0.28125 0.45156275 0.28593730625 0.4546875828125 0.28593730625 0.45625033437500007 0.2875 0.45781241718750004 0.2875 0.46093725 0.2906246125 0.4625 0.2906246125 0.46406274999999997 0.29218730625 0.47968758281249996 0.29218730625 0.48125033437500003 0.2906246125 0.4843751671875 0.2906246125 0.48906275 0.28593730625 0.49062483281249997 0.28593730625 0.49218758281249997 0.2843753875 0.49375033437500004 0.2843753875 0.4968751671875 0.28125 0.49843725 0.28125 0.5 0.27968730625 0.5031248328125 0.27968730625 0.5046875828124999 0.2781246125 0.5046875828124999 0.27656269375 0.506249665625 0.275 0.5078124171875 0.275 0.5093751671875 0.27343730625 0.51093725 0.27343730625 0.5125 0.2718746125 0.51406275 0.2718746125 0.5156248328124999 0.27031269375 0.5156248328124999 0.26875 0.5187503343750001 0.2656253875 0.5187503343750001 0.26093730625 0.5203124171875 0.2593746125 0.5203124171875 0.25781269375 0.5218751671875 0.25625 0.5218751671875 0.2531253875 0.52343725 0.25156269375 0.52343725 0.23281269375 0.525 0.23125 0.525 0.22968730625 0.5281248328125 0.22656269375 0.5281248328125 0.225 0.5296875828125 0.22343730625 0.5296875828125 0.2218753875 0.531250334375 0.22031269375 0.531250334375 0.21875 0.5328124171875 0.21718730625 0.5343751671875 0.21718730625 0.5343751671875 0.2156246125 0.53593725 0.21406269375 0.53593725 0.16875 0.5343751671875 0.16718730625 0.5343751671875 0.1593746125 0.5328124171875 0.15781269375 0.5328124171875 0.15625 0.531250334375 0.15468730625 0.531250334375 0.1531246125 0.5281248328125 0.15 0.52343725 0.15 0.5218751671875 0.14843730625 0.5203124171875 0.14843730625 0.5171875828125 0.14531269375 0.5156248328124999 0.14531269375 0.51406275 0.14375 0.51093725 0.14375 0.5078124171875 0.1406253875 0.506249665625 0.1406253875 0.5031248328125 0.1375 0.50156275 0.1375 0.49375033437500004 0.12968730625 0.49218758281249997 0.12968730625 0.48906275 0.12656269375 0.4875 0.12656269375 0.4843751671875 0.12343730625 0.4625 0.12343730625 0.46093725 0.1218746125 0.45781241718750004 0.1218746125 0.45625033437500007 0.12343730625 0.4546875828125 0.12343730625 0.4531248328125 0.125 0.45156275 0.125
37 0.6 0.43281269375000003 0.59843725 0.4343746125 0.5968751671875 0.4343746125 0.5968751671875 0.43593730624999993 0.5953124171875 0.4375 0.593750334375 0.4375 0.5921875828125 0.43906269375000007 0.58593725 0.43906269375000007 0.5843751671875 0.4406246125 0.5828124171875 0.4406246125 0.5796875828125 0.44375 0.57656275 0.44375 0.575 0.44531269375000004 0.57343725 0.44531269375000004 0.5703124171875 0.44843730624999995 0.568749665625 0.44843730624999995 0.5671875828124999 0.45 0.5656248328125 0.45 0.56093725 0.45468730625 0.5593751671875 0.45468730625 0.5578124171875001 0.45625 0.5578124171875001 0.52343730625 0.5593751671875 0.52343730625 0.5625 0.5265626937500001 0.5625 0.5296873062499999 0.5656248328125 0.5328126937500001 0.5656248328125 0.5343746125 0.5671875828124999 0.5359373062499999 0.5671875828124999 0.5375 0.568749665625 0.53906269375 0.568749665625 0.5593746125 0.5703124171875 0.5609373062499999 0.5703124171875 0.5625 0.5796875828125 0.5718746125 0.5812503343750001 0.5718746125 0.5843751671875 0.575 0.58593725 0.575 0.5875 0.57656269375 0.5875 0.5781253875 0.58906275 0.5781253875 0.5906248328125 0.57968730625 0.5921875828125 0.57968730625 0.593750334375 0.58125 0.5953124171875 0.58125 0.6 0.58593730625 0.60156275 0.58593730625 0.6031248328125 0.5875 0.6046875828125 0.5875 0.6078124171875 0.5906246125 0.6093751671875001 0.5906246125 0.61093725 0.5921873062499999 0.6171875828125 0.5921873062499999 0.618750334375 0.59375 0.6218751671875 0.59375 0.62343725 0.5921873062499999 0.6296875828124999 0.5921873062499999 0.631250334375 0.5906246125 0.6328124171875 0.5906246125 0.63593725 0.5875 0.6375 0.5875 0.63906275 0.58593730625 0.6421875828125 0.58593730625 0.6468751671875 0.58125 0.64843725 0.58125 0.65 0.57968730625 0.6531248328125 0.57968730625 0.6593751671875 0.57343730625 0.66093725 0.57343730625 0.6625 0.5718746125 0.66406275 0.5718746125 0.6703124171875 0.5656246125 0.6703124171875 0.5640626937500001 0.6718751671875001 0.5625 0.6718751671875001 0.5593746125 0.67343725 0.5578126937500001 0.67343725 0.5375 0.675 0.5359373062499999 0.675 0.5343746125 0.6781248328125 0.53125 0.6781248328125 0.5296873062499999 0.6796875828125 0.5281246125 0.6796875828125 0.5265626937500001 0.68593725 0.52031269375 0.68593725 0.45781269375000005 0.6843751671875 0.45625 0.6843751671875 0.45468730625 0.681250334375 0.45156269375 0.6796875828125 0.45156269375 0.67656275 0.44843730624999995 0.675 0.44843730624999995 0.6703124171875 0.44375 0.6687503343750001 0.44375 0.6671875828125 0.44218730624999997 0.6656248328125 0.44218730624999997 0.66093725 0.4375 0.6593751671875 0.4375 0.6531248328125 0.43125 0.64843725 0.43125 0.6468751671875 0.42968730624999996 0.6453124171875 0.42968730624999996 0.6406248328124999 0.425 0.6078124171875 0.425 0.6046875828125 0.4281253875 0.6046875828125 0.42968730624999996 0.60156275 0.43281269375000003 0.6 0.43281269375000003
36 0.5968751671875 0.73125 0.5906248328125 0.7375 0.58906275 0.7375 0.5828124171875 0.74375 0.5812503343750001 0.74375 0.5781248328124999 0.7468746125 0.57656275 0.7468746125 0.57343725 0.75 0.5718751671875 0.75 0.5703124171875 0.7515626937500001 0.568749665625 0.7515626937500001 0.568749665625 0.7531246125 0.5671875828124999 0.7546873062499999 0.5656248328125 0.7546873062499999 0.56406275 0.75625 0.5625 0.75625 0.56093725 0.75781269375 0.5593751671875 0.75781269375 0.5578124171875001 0.7593746125 0.5578124171875001 0.76093730625 0.556250334375 0.7625 0.556250334375 0.76406269375 0.5546875828125 0.7656253875 0.5546875828125 0.77343730625 0.5531248328125 0.775 0.5531248328125 0.8421873062499999 0.5546875828125 0.84375 0.5546875828125 0.8468746125 0.556250334375 0.8484373062499999 0.556250334375 0.85 0.56093725 0.85468730625 0.5625 0.85468730625 0.5671875828124999 0.8593753875000001 0.568749665625 0.8593753875000001 0.5718751671875 0.8625 0.57343725 0.8625 0.5781248328124999 0.86718730625 0.5812503343750001 0.86718730625 0.5828124171875 0.86875 0.5843751671875 0.86875 0.58906275 0.8734373062499999 0.5906248328125 0.8734373062499999 0.593750334375 0.8765626937500001 0.593750334375 0.8781246125 0.5953124171875 0.8781246125 0.60156275 0.8843746124999999 0.6031248328125 0.8843746124999999 0.6046875828125 0.88593730625 0.6062503343750001 0.88593730625 0.6078124171875 0.8875 0.6093751671875001 0.8875 0.61406275 0.89218730625 0.6171875828125 0.89218730625 0.618750334375 0.89375 0.6218751671875 0.89375 0.62343725 0.89218730625 0.62656275 0.89218730625 0.631250334375 0.8875 0.6328124171875 0.8875 0.6343751671875 0.88593730625 0.63593725 0.88593730625 0.6421875828125 0.8796873062499999 0.6437503343750001 0.8796873062499999 0.65 0.8734373062499999 0.65156275 0.8734373062499999 0.6546875828125 0.8703126937500001 0.656250334375 0.8703126937500001 0.6593751671875 0.86718730625 0.6625 0.86718730625 0.66406275 0.8656246124999999 0.6656248328125 0.8656246124999999 0.6703124171875 0.86093730625 0.67343725 0.86093730625 0.67656275 0.85781269375 0.6781248328125 0.85781269375 0.681250334375 0.85468730625 0.6828124171875001 0.85468730625 0.68593725 0.85156269375 0.68593725 0.85 0.6906248328125 0.8453126937500001 0.6906248328125 0.76875 0.68906275 0.76718730625 0.68906275 0.7656253875 0.6781248328125 0.7546873062499999 0.67656275 0.7546873062499999 0.6718751671875001 0.75 0.6656248328125 0.75 0.6593751671875 0.74375 0.6578124171875 0.74375 0.656250334375 0.74218730625 0.6546875828125 0.74218730625 0.65156275 0.73906269375 0.65 0.73906269375 0.64843725 0.7375 0.6468751671875 0.7375 0.6406248328124999 0.73125 0.63906275 0.73125 0.6328124171875 0.725 0.6062503343750001 0.725 0.6046875828125 0.72656269375 0.6031248328125 0.72656269375 0.59843725 0.73125 0.5968751671875 0.73125
17 0.52343725 0.57968730625 0.5218751671875 0.58125 0.5203124171875 0.58125 0.51406275 0.5875 0.5125 0.5875 0.5078124171875 0.5921873062499999 0.506249665625 0.5921873062499999 0.5046875828124999 0.59375 0.5031248328125 0.59375 0.4968751671875 0.6 0.4953124171875 0.6 0.49375033437500004 0.60156269375 0.49218758281249997 0.60156269375 0.49218758281249997 0.6031246125 0.49062483281249997 0.60468730625 0.48906275 0.60468730625 0.4875 0.60625 0.48593725 0.60625 0.4843751671875 0.60781269375 0.4828124171875 0.60781269375 0.4828124171875 0.6093753875 0.48125033437500003 0.61093730625 0.48125033437500003 0.61718730625 0.47968758281249996 0.61875 0.47968758281249996 0.6265626937500001 0.47812483281249996 0.6281246125 0.47812483281249996 0.70156269375 0.48125033437500003 0.70468730625 0.4828124171875 0.70468730625 0.4843751671875 0.70625 0.48593725 0.70625 0.49062483281249997 0.71093730625 0.49218758281249997 0.71093730625 0.4968751671875 0.7156246125 0.49843725 0.7156246125 0.5 0.7171873062499999 0.5031248328125 0.7171873062499999 0.506249665625 0.7203126937500001 0.5078124171875 0.7203126937500001 0.51093725 0.7234373062499999 0.51406275 0.7234373062499999 0.5203124171875 0.72968730625 0.52343725 0.72968730625 0.525 0.73125 0.52656275 0.73125 0.531250334375 0.73593730625 0.5328124171875 0.73593730625 0.5343751671875 0.7375 0.53593725 0.7375 0.53906275 0.7406246125 0.5406248328125 0.7406246125 0.5421875828125 0.74218730625 0.55156275 0.74218730625 0.5531248328125 0.7406246125 0.5546875828125 0.7406246125 0.5578124171875001 0.7375 0.5593751671875 0.7375 0.56093725 0.73593730625 0.5656248328125 0.73593730625 0.5703124171875 0.73125 0.5718751671875 0.73125 0.57343725 0.72968730625 0.575 0.72968730625 0.57656275 0.7281246125 0.5781248328124999 0.7281246125 0.5828124171875 0.7234373062499999 0.58593725 0.7234373062499999 0.5906248328125 0.71875 0.5921875828125 0.71875 0.5968751671875 0.7140626937500001 0.5968751671875 0.71093730625 0.59843725 0.7093746125 0.59843725 0.6843746125 0.6 0.6828126937500001 0.6 0.68125 0.60156275 0.67968730625 0.6031248328125 0.67968730625 0.6031248328125 0.6781246125 0.6046875828125 0.67656269375 0.6046875828125 0.675 0.61093725 0.66875 0.61093725 0.6656246125 0.6125 0.66406269375 0.6125 0.6625 0.6156248328125 0.6593746125 0.6156248328125 0.61718730625 0.61406275 0.6156246125 0.61406275 0.61406269375 0.6125 0.6125 0.6125 0.61093730625 0.61093725 0.6093753875 0.61093725 0.60781269375 0.6093751671875001 0.60625 0.6093751671875001 0.60468730625 0.6078124171875 0.60468730625 0.6031248328125 0.6 0.6 0.6 0.59843725 0.5984373062499999 0.5968751671875 0.5984373062499999 0.593750334375 0.5953126937500001 0.5921875828125 0.5953126937500001 0.5906248328125 0.59375 0.58906275 0.59375 0.5843751671875 0.5890626937500001 0.5828124171875 0.5890626937500001 0.5812503343750001 0.5875 0.5796875828125 0.5875 0.575 0.58281269375 0.57343725 0.58281269375 0.5718751671875 0.58125 0.5703124171875 0.58125 0.5671875828124999 0.5781253875 0.5671875828124999 0.57656269375 0.5656248328125 0.575 0.531250334375 0.575 0.5296875828125 0.57656269375 0.5281248328125 0.57656269375 0.525 0.57968730625 0.52343725 0.57968730625
36 0.52656275 0.28125 0.525 0.28281269375 0.5218751671875 0.28281269375 0.5171875828125 0.2875 0.51406275 0.2875 0.5125 0.28906269375 0.5093751671875 0.28906269375 0.5078124171875 0.2906246125 0.506249665625 0.2906246125 0.5046875828124999 0.29218730625 0.5031248328125 0.29218730625 0.50156275 0.29375 0.5 0.29375 0.49843725 0.29531269375 0.4968751671875 0.29531269375 0.49218758281249997 0.3 0.49062483281249997 0.3 0.48593725 0.30468730625 0.4843751671875 0.30468730625 0.4828124171875 0.30625 0.4828124171875 0.3718746125 0.4875 0.37656269375 0.4875 0.37968730625 0.48906275 0.38125 0.48906275 0.3843746125 0.49218758281249997 0.3875 0.49218758281249997 0.3906253875 0.49375033437500004 0.39218730625 0.49375033437500004 0.40625 0.4953124171875 0.40781269375000007 0.4953124171875 0.41093730624999997 0.5031248328125 0.41875 0.5046875828124999 0.41875 0.506249665625 0.42031269375 0.506249665625 0.4218753875 0.5078124171875 0.4218753875 0.5093751671875 0.42343730625 0.51093725 0.42343730625 0.5125 0.425 0.51406275 0.425 0.5187503343750001 0.42968730624999996 0.5218751671875 0.42968730624999996 0.52656275 0.4343746125 0.5281248328125 0.4343746125 0.531250334375 0.4375 0.5328124171875 0.4375 0.53593725 0.4406246125 0.5375 0.4406246125 0.53906275 0.44218730624999997 0.55156275 0.44218730624999997 0.5531248328125 0.4406246125 0.5546875828125 0.4406246125 0.5593751671875 0.43593730624999993 0.56093725 0.43593730624999993 0.5625 0.4343746125 0.56406275 0.4343746125 0.5671875828124999 0.43125 0.568749665625 0.43125 0.5703124171875 0.42968730624999996 0.5718751671875 0.42968730624999996 0.57656275 0.425 0.5781248328124999 0.425 0.5796875828125 0.42343730625 0.5828124171875 0.42343730625 0.58906275 0.41718730624999995 0.5906248328125 0.41718730624999995 0.5921875828125 0.4156246125 0.5921875828125 0.4125 0.593750334375 0.41093730624999997 0.593750334375 0.4093746125 0.5953124171875 0.40781269375000007 0.5953124171875 0.40625 0.59843725 0.4031246125 0.59843725 0.38281269375 0.6046875828125 0.37656269375 0.6046875828125 0.3718746125 0.61093725 0.3656246125 0.61093725 0.31093730625 0.6093751671875001 0.3093746125 0.6093751671875001 0.30781269375 0.60156275 0.3 0.6 0.3 0.59843725 0.29843730625 0.5968751671875 0.29843730625 0.593750334375 0.29531269375 0.5921875828125 0.29531269375 0.5906248328125 0.29375 0.58906275 0.29375 0.5843751671875 0.28906269375 0.5828124171875 0.28906269375 0.5812503343750001 0.2875 0.5796875828125 0.2875 0.575 0.28281269375 0.57343725 0.28281269375 0.5718751671875 0.28125 0.5703124171875 0.28125 0.568749665625 0.27968730625 0.5671875828124999 0.27968730625 0.56406275 0.27656269375 0.5437503343750001 0.27656269375 0.5421875828125 0.275 0.5328124171875 0.275 0.531250334375 0.27656269375 0.531250334375 0.2781246125 0.5281248328125 0.28125 0.52656275 0.28125
36 0.156250334375 0.42343730625 0.1546875828125 0.425 0.1531248328125 0.425 0.1468751671875 0.43125 0.14531241718750001 0.43125 0.13906274999999998 0.4375 0.13593725 0.4375 0.1281248328125 0.44531269375000004 0.12656275 0.44531269375000004 0.1218751671875 0.45 0.1203124171875 0.45 0.118749665625 0.45156269375 0.1171875828125 0.45156269375 0.11093725000000002 0.45781269375000005 0.1093751671875 0.45781269375000005 0.1093751671875 0.4593753875 0.10781241718750001 0.46093730624999996 0.10781241718750001 0.46875 0.1093751671875 0.47031269375000007 0.1093751671875 0.4718746125 0.11093725000000002 0.47031269375000007 0.1125 0.47031269375000007 0.11406274999999999 0.46875 0.1156248328125 0.46875 0.1203124171875 0.46406269375000003 0.1218751671875 0.46406269375000003 0.12343725000000001 0.4656246125 0.12656275 0.4656246125 0.1281248328125 0.46718730624999993 0.1328124171875 0.46718730624999993 0.1375 0.4718746125 0.1375 0.47343730624999997 0.13906274999999998 0.475 0.13906274999999998 0.47656269375000004 0.1406248328125 0.4781246125 0.1406248328125 0.48125 0.1421875828125 0.48281269375 0.1421875828125 0.48593730625 0.143750334375 0.4875 0.143750334375 0.5031246125 0.1421875828125 0.5046873062499999 0.1421875828125 0.50781269375 0.13593725 0.51406269375 0.1343751671875 0.51406269375 0.1328124171875 0.5156253875 0.125 0.5156253875 0.12343725000000001 0.51406269375 0.1203124171875 0.51406269375 0.118749665625 0.5125 0.1156248328125 0.5125 0.11406274999999999 0.51093730625 0.1125 0.51093730625 0.11093725000000002 0.5093746125 0.1093751671875 0.5093746125 0.10781241718750001 0.50781269375 0.10468758281249999 0.50781269375 0.10468758281249999 0.5468753875 0.106250334375 0.54843730625 0.106250334375 0.55156269375 0.1093751671875 0.55468730625 0.11093725000000002 0.55468730625 0.1125 0.55625 0.11406274999999999 0.55625 0.118749665625 0.5609373062499999 0.1218751671875 0.5609373062499999 0.1281248328125 0.5671873062499999 0.131250334375 0.5671873062499999 0.1328124171875 0.56875 0.1343751671875 0.56875 0.13906274999999998 0.57343730625 0.1406248328125 0.57343730625 0.1468751671875 0.57968730625 0.14843725000000002 0.57968730625 0.1531248328125 0.5843753875 0.1546875828125 0.5843753875 0.156250334375 0.58593730625 0.1578124171875 0.58593730625 0.1593751671875 0.5875 0.16093725 0.5875 0.1625 0.5890626937500001 0.1625 0.5906246125 0.16406274999999998 0.5906246125 0.1656248328125 0.5921873062499999 0.1781248328125 0.5921873062499999 0.18281241718750002 0.5875 0.1843751671875 0.5875 0.18593725 0.58593730625 0.1875 0.58593730625 0.18906275 0.5843753875 0.1906248328125 0.5843753875 0.1953124171875 0.57968730625 0.1968751671875 0.57968730625 0.2031248328125 0.57343730625 0.206249665625 0.57343730625 0.21093725000000002 0.56875 0.2125 0.56875 0.21406275 0.5671873062499999 0.2171875828125 0.5671873062499999 0.218750334375 0.5656246125 0.2203124171875 0.5656246125 0.22343725 0.5625 0.225 0.5625 0.22656274999999998 0.5609373062499999 0.22812483281249998 0.5609373062499999 0.23593725000000002 0.5531253875 0.23593725000000002 0.55156269375 0.2375 0.55 0.2375 0.48593730625 0.23593725000000002 0.4843753875 0.23593725000000002 0.48125 0.2343751671875 0.47968730624999995 0.2343751671875 0.4781246125 0.23281241718749998 0.47656269375000004 0.231250334375 0.47656269375000004 0.2296875828125 0.475 0.22656274999999998 0.475 0.22343725 0.4718746125 0.22343725 0.46718730624999993 0.22187516718750003 0.4656246125 0.22187516718750003 0.46406269375000003 0.2171875828125 0.4593753875 0.2171875828125 0.45156269375 0.2125 0.4468746125 0.2125 0.44531269375000004 0.20937516718750002 0.44218730624999997 0.20937516718750002 0.4406246125 0.2078124171875 0.43906269375000007 0.206249665625 0.43906269375000007 0.2031248328125 0.43593730624999993 0.20156274999999998 0.43593730624999993 0.1968751671875 0.43125 0.1953124171875 0.43125 0.193750334375 0.42968730624999996 0.19218758281249998 0.42968730624999996 0.18906275 0.42656269375000005 0.1875 0.42656269375000005 0.18593725 0.425 0.1843751671875 0.425 0.1781248328125 0.41875 0.17656275 0.41875 0.175 0.41718730624999995 0.1656248328125 0.41718730624999995 0.16406274999999998 0.41875 0.1625 0.41875 0.1578124171875 0.42343730625 0.156250334375 0.42343730625
34 0.52656275 0.5671873062499999 0.5281248328125 0.5671873062499999 0.5328124171875 0.5718746125 0.56093725 0.5718746125 0.5671875828124999 0.5656246125 0.5671875828124999 0.5328126937500001 0.5546875828125 0.52031269375 0.5546875828125 0.51718730625 0.53593725 0.51718730625 0.5328124171875 0.52031269375 0.5328124171875 0.5218753875 0.52656275 0.5281246125 0.52656275 0.5671873062499999
30 0.60156275 0.67656269375 0.60156275 0.7171873062499999 0.6031248328125 0.7171873062499999 0.6062503343750001 0.7203126937500001 0.6062503343750001 0.7218746125 0.6078124171875 0.7234373062499999 0.6343751671875 0.7234373062499999 0.6421875828125 0.7156246125 0.6421875828125 0.6828126937500001 0.6406248328124999 0.68125 0.63906275 0.68125 0.63593725 0.6781246125 0.63593725 0.67656269375 0.6296875828124999 0.67031269375 0.6296875828124999 0.66875 0.6281248328125 0.66718730625 0.62656275 0.66718730625 0.625 0.6656246125 0.6125 0.6656246125 0.6093751671875001 0.66875 0.6078124171875 0.66875 0.6078124171875 0.67031269375 0.60156275 0.67656269375
31 0.67656275 0.5296873062499999 0.675 0.53125 0.675 0.5671873062499999 0.6781248328125 0.5671873062499999 0.681250334375 0.57031269375 0.681250334375 0.5718746125 0.71093725 0.5718746125 0.71093725 0.57031269375 0.71406275 0.5671873062499999 0.7156248328125 0.5671873062499999 0.7156248328125 0.5656246125 0.7171875828125 0.5640626937500001 0.7171875828125 0.5328126937500001 0.71093725 0.5265626937500001 0.71093725 0.525 0.7093751671875 0.52343730625 0.7093751671875 0.5218753875 0.7046875828125 0.51718730625 0.7046875828125 0.5156253875 0.6875 0.5156253875 0.681250334375 0.5218753875 0.681250334375 0.52343730625 0.67656275 0.5281246125 0.67656275 0.5296873062499999
31 0.52656275 0.2281246125 0.52656275 0.26718730625 0.5281248328125 0.26718730625 0.5328124171875 0.2718746125 0.56093725 0.2718746125 0.56093725 0.27031269375 0.56406275 0.26718730625 0.5656248328125 0.26718730625 0.5671875828124999 0.2656253875 0.5671875828124999 0.23281269375 0.5656248328125 0.23125 0.56406275 0.23125 0.5625 0.22968730625 0.5625 0.2281246125 0.56093725 0.22656269375 0.56093725 0.225 0.556250334375 0.22031269375 0.556250334375 0.21875 0.5546875828125 0.21718730625 0.5375 0.21718730625 0.5343751671875 0.22031269375 0.5328124171875 0.22031269375 0.5328124171875 0.2218753875 0.52656275 0.2281246125
25 0.4843751671875 0.12343730625 0.4875 0.12656269375 0.4875 0.1281246125 0.48906275 0.12968730625 0.49062483281249997 0.12968730625 0.4968751671875 0.13593730625 0.50156275 0.13593730625 0.5078124171875 0.14218730625 0.51093725 0.14218730625 0.51406275 0.14531269375 0.5156248328124999 0.14531269375 0.5187503343750001 0.14843730625 0.5218751671875 0.14843730625 0.525 0.15156269375 0.525 0.1531246125 0.52656275 0.15468730625 0.53593725 0.15468730625 0.5375 0.15625 0.53906275 0.15625 0.5406248328125 0.15468730625 0.5437503343750001 0.15468730625 0.5437503343750001 0.14531269375 0.5421875828125 0.14375 0.5421875828125 0.13906269375 0.5406248328125 0.1375 0.53906275 0.1375 0.53593725 0.1343753875 0.53593725 0.13281269375 0.5343751671875 0.13125 0.5296875828125 0.13125 0.5281248328125 0.12968730625 0.52656275 0.12968730625 0.5218751671875 0.125 0.5203124171875 0.125 0.5171875828125 0.1218746125 0.5171875828125 0.12031269375 0.5156248328124999 0.11875 0.5125 0.11875 0.51093725 0.11718730625 0.5093751671875 0.11718730625 0.5046875828124999 0.1125 0.5031248328125 0.1125 0.4968751671875 0.10625 0.4953124171875 0.10625 0.49218758281249997 0.1031253875 0.475 0.1031253875 0.475 0.11718730625 0.47656275 0.11718730625 0.4828124171875 0.12343730625 0.4843751671875 0.12343730625
28 0.331250334375 0.12343730625 0.33437516718750004 0.12343730625 0.3406248328125 0.12968730625 0.343750334375 0.12968730625 0.3453124171875 0.13125 0.3468751671875 0.13125 0.34843725000000003 0.13281269375 0.34843725000000003 0.1343753875 0.35 0.1343753875 0.35156275 0.13593730625 0.35312483281249996 0.13593730625 0.3546875828125 0.1375 0.356250334375 0.1375 0.3593751671875 0.1406253875 0.36093725 0.1406253875 0.3625 0.14218730625 0.36562483281249997 0.14218730625 0.368750334375 0.14531269375 0.368750334375 0.1468746125 0.37031241718749996 0.14843730625 0.3718751671875 0.14843730625 0.3781248328125 0.15468730625 0.393750334375 0.15468730625 0.393750334375 0.13906269375 0.38593725 0.13125 0.38437516718750003 0.13125 0.3781248328125 0.125 0.375 0.125 0.37343725 0.12343730625 0.3718751671875 0.12343730625 0.3671875828125 0.11875 0.36406275 0.11875 0.36093725 0.1156246125 0.36093725 0.11406269375 0.3593751671875 0.1125 0.356250334375 0.1125 0.35156275 0.10781269375 0.35 0.10781269375 0.34843725000000003 0.10625 0.3468751671875 0.10625 0.3421875828125 0.10156269375 0.3421875828125 0.1 0.32343725 0.1 0.32343725 0.11718730625 0.3281248328125 0.1218746125 0.3296875828125 0.1218746125 0.331250334375 0.12343730625
28 0.5531248328125 0.5125 0.5531248328125 0.45781269375000005 0.5406248328125 0.45781269375000005 0.5406248328125 0.5156253875 0.54843725 0.5156253875 0.55156275 0.5125 0.5531248328125 0.5125
8 0.49843725 0.55625 0.5 0.55468730625 0.5 0.54375 0.49843725 0.54218730625 0.49843725 0.50781269375 0.4953124171875 0.5046873062499999 0.44531241718750003 0.5046873062499999 0.44531241718750003 0.5671873062499999 0.4968751671875 0.5671873062499999 0.49843725 0.5656246125 0.49843725 0.55625
24 0.7468751671875 0.70781269375 0.743750334375 0.71093730625 0.7421875828125 0.71093730625 0.7406248328125 0.7125 0.73906275 0.7125 0.7375 0.7140626937500001 0.7375 0.7156246125 0.7343751671875001 0.71875 0.7296875828125 0.71875 0.7281248328125 0.7203126937500001 0.72656275 0.7203126937500001 0.7218751671875 0.725 0.7203124171875 0.725 0.71406275 0.73125 0.7093751671875 0.73125 0.7031248328124999 0.7375 0.70156275 0.7375 0.7 0.73906269375 0.7 0.75625 0.7031248328124999 0.75625 0.7046875828125 0.75781269375 0.7093751671875 0.75781269375 0.7125 0.7546873062499999 0.7156248328125 0.7546873062499999 0.7218751671875 0.7484373062499999 0.72656275 0.7484373062499999 0.7328124171875 0.74218730625 0.73593725 0.74218730625 0.7375 0.7406246125 0.73906275 0.7406246125 0.7421875828125 0.7375 0.743750334375 0.7375 0.7453124171875001 0.73593730625 0.7468751671875 0.73593730625 0.7531248328125 0.72968730625 0.756250334375 0.72968730625 0.7578124171875 0.7281246125 0.7593751671875 0.7281246125 0.7671875828125 0.7203126937500001 0.7671875828125 0.7171873062499999 0.7687503343750001 0.7156246125 0.7687503343750001 0.7125 0.7703124171875 0.71093730625 0.7703124171875 0.70781269375 0.7687503343750001 0.70625 0.7687503343750001 0.70468730625 0.7671875828125 0.7031253875 0.7546875828124999 0.7031253875 0.75156275 0.70625 0.75 0.70625 0.74843725 0.70781269375 0.7468751671875 0.70781269375
7 0.4968751671875 0.26718730625 0.49843725 0.2656253875 0.49843725 0.20781269375 0.4953124171875 0.20468730625 0.44843725 0.20468730625 0.44687516718750003 0.20625 0.44531241718750003 0.20625 0.44531241718750003 0.26718730625 0.4968751671875 0.26718730625
7 0.49843725 0.825 0.5 0.82343730625 0.5 0.8140626937500001 0.49843725 0.8125 0.49843725 0.8078126937500001 0.4968751671875 0.80625 0.44531241718750003 0.80625 0.44531241718750003 0.86718730625 0.4968751671875 0.86718730625 0.49843725 0.8656246124999999 0.49843725 0.825
12 0.67656275 0.7171873062499999 0.6781248328125 0.71875 0.6796875828125 0.71875 0.681250334375 0.7171873062499999 0.69843725 0.7171873062499999 0.7 0.71875 0.7093751671875 0.71875 0.71093725 0.7203126937500001 0.7171875828125 0.7203126937500001 0.718750334375 0.71875 0.7203124171875 0.71875 0.72343725 0.7156246125 0.72343725 0.6578126937500001 0.7218751671875 0.65625 0.718750334375 0.65625 0.7171875828125 0.6546873062499999 0.6718751671875001 0.6546873062499999 0.6687503343750001 0.6578126937500001 0.6687503343750001 0.7156246125 0.6703124171875 0.7171873062499999 0.67656275 0.7171873062499999
25 0.7046875828125 0.45781269375000005 0.7031248328124999 0.45625 0.6906248328125 0.45625 0.6906248328125 0.51718730625 0.7031248328124999 0.51718730625 0.7046875828125 0.5156253875 0.7046875828125 0.45781269375000005
25 0.5812503343750001 0.11875 0.5781248328124999 0.11875 0.5718751671875 0.125 0.5703124171875 0.125 0.56406275 0.13125 0.5593751671875 0.13125 0.55 0.1406253875 0.55 0.15468730625 0.5656248328125 0.15468730625 0.5671875828124999 0.1531246125 0.568749665625 0.1531246125 0.568749665625 0.15156269375 0.5703124171875 0.15 0.5718751671875 0.15 0.57343725 0.14843730625 0.57656275 0.14843730625 0.5828124171875 0.14218730625 0.5843751671875 0.14218730625 0.5906248328125 0.13593730625 0.5953124171875 0.13593730625 0.60156275 0.12968730625 0.6031248328125 0.12968730625 0.6046875828125 0.1281246125 0.6046875828125 0.11406269375 0.58593725 0.11406269375 0.58593725 0.1156246125 0.5843751671875 0.11718730625 0.5828124171875 0.11718730625 0.5812503343750001 0.11875
28 0.3953124171875 0.21718730625 0.4031248328125 0.21718730625 0.40468758281249995 0.2156246125 0.40468758281249995 0.15781269375 0.3921875828125 0.15781269375 0.3921875828125 0.2125 0.393750334375 0.21406269375 0.393750334375 0.2156246125 0.3953124171875 0.21718730625
25 0.5531248328125 0.15781269375 0.5421875828125 0.15781269375 0.5421875828125 0.21406269375 0.5437503343750001 0.2156246125 0.5531248328125 0.2156246125 0.5531248328125 0.15781269375
27 0.24687516718750002 0.55156269375 0.24843725 0.55156269375 0.25 0.55 0.2531248328125 0.55 0.2531248328125 0.54843730625 0.25468758281250004 0.5468753875 0.25468758281250004 0.48906269375000005 0.256250334375 0.4875 0.256250334375 0.48281269375 0.2531248328125 0.47968730624999995 0.25156275 0.47968730624999995 0.25 0.4781246125 0.24218758281250002 0.4781246125 0.24218758281250002 0.54843730625 0.243750334375 0.55 0.2453124171875 0.55 0.24687516718750002 0.55156269375
12 0.37343725 0.41718730624999995 0.375 0.41875 0.37656275 0.41875 0.3781248328125 0.42031269375 0.41718758281249996 0.42031269375 0.41875033437500003 0.41875 0.4203124171875 0.41875 0.42343725 0.4156246125 0.42343725 0.35781269375 0.4218751671875 0.35625 0.4203124171875 0.35625 0.41875033437500003 0.35468730625 0.37343725 0.35468730625 0.3718751671875 0.35625 0.37031241718749996 0.35625 0.37031241718749996 0.41718730624999995 0.37343725 0.41718730624999995
33 0.4531248328125 0.41718730624999995 0.45937516718750004 0.42343730625 0.4843751671875 0.42343730625 0.48593725 0.4218753875 0.4875 0.4218753875 0.4875 0.42031269375 0.48906275 0.41875 0.49062483281249997 0.41875 0.49062483281249997 0.41718730624999995 0.49218758281249997 0.4156246125 0.49218758281249997 0.38281269375 0.48593725 0.37656269375 0.48593725 0.375 0.4843751671875 0.37343730625 0.4843751671875 0.3718746125 0.48125033437500003 0.36875 0.46406274999999997 0.36875 0.45625033437500007 0.37656269375 0.45625033437500007 0.3781246125 0.4531248328125 0.38125 0.4531248328125 0.41718730624999995
27 0.47812483281249996 0.30781269375 0.46718758281249995 0.30781269375 0.46718758281249995 0.3656246125 0.468750334375 0.36718730625 0.47812483281249996 0.36718730625 0.47812483281249996 0.30781269375
24 0.65156275 0.27031269375 0.6468751671875 0.275 0.6453124171875 0.275 0.63906275 0.28125 0.6328124171875 0.28125 0.631250334375 0.28281269375 0.631250334375 0.2843753875 0.6281248328125 0.2875 0.62656275 0.2875 0.625 0.28906269375 0.625 0.29531269375 0.62343725 0.2968753875 0.62343725 0.3031246125 0.625 0.30468730625 0.62656275 0.30468730625 0.6281248328125 0.30625 0.6296875828124999 0.30468730625 0.6406248328124999 0.30468730625 0.6421875828125 0.3031246125 0.6437503343750001 0.3031246125 0.6468751671875 0.3 0.64843725 0.3 0.65 0.29843730625 0.6531248328125 0.29843730625 0.6546875828125 0.2968753875 0.6546875828125 0.29531269375 0.6578124171875 0.29218730625 0.6593751671875 0.29218730625 0.6656248328125 0.28593730625 0.6718751671875001 0.28593730625 0.67343725 0.2843753875 0.67343725 0.28281269375 0.67656275 0.27968730625 0.6781248328125 0.27968730625 0.6796875828125 0.2781246125 0.6796875828125 0.26406269375 0.6625 0.26406269375 0.6578124171875 0.26875 0.6546875828125 0.26875 0.6531248328125 0.27031269375 0.65156275 0.27031269375
11 0.23281241718749998 0.41093730624999997 0.24062483281249997 0.41093730624999997 0.2453124171875 0.4156246125 0.24687516718750002 0.4156246125 0.24843725 0.41718730624999995 0.2531248328125 0.41718730624999995 0.25468758281250004 0.41875 0.256250334375 0.41875 0.2578124171875 0.42031269375 0.2625 0.42031269375 0.26406275 0.41875 0.268749665625 0.41875 0.2703124171875 0.41718730624999995 0.27187516718750004 0.41718730624999995 0.27343725 0.4156246125 0.27343725 0.41406269375000004 0.275 0.4125 0.275 0.36406269375 0.27343725 0.3625 0.27343725 0.35781269375 0.27187516718750004 0.35625 0.2703124171875 0.35625 0.268749665625 0.35468730625 0.22343725 0.35468730625 0.22187516718750003 0.35625 0.22187516718750003 0.41718730624999995 0.22656274999999998 0.41718730624999995 0.23281241718749998 0.41093730624999997
14 0.2 0.5640626937500001 0.2 0.5625 0.20156274999999998 0.5609373062499999 0.20156274999999998 0.51093730625 0.1968751671875 0.50625 0.1875 0.50625 0.18593725 0.5046873062499999 0.14843725000000002 0.5046873062499999 0.1468751671875 0.50625 0.1468751671875 0.5671873062499999 0.1968751671875 0.5671873062499999 0.2 0.5640626937500001
15 0.3468751671875 0.26718730625 0.34843725000000003 0.2656253875 0.34843725000000003 0.25781269375 0.35 0.25625 0.35 0.21406269375 0.34843725000000003 0.2125 0.34843725000000003 0.20781269375 0.3468751671875 0.20625 0.343750334375 0.20625 0.3421875828125 0.20468730625 0.29843725 0.20468730625 0.2968751671875 0.20625 0.2953124171875 0.20625 0.2953124171875 0.26718730625 0.3468751671875 0.26718730625
5 0.368750334375 0.26406269375 0.375 0.27031269375 0.375 0.2718746125 0.37656275 0.27343730625 0.4218751671875 0.27343730625 0.42343725 0.2718746125 0.42343725 0.27031269375 0.425 0.26875 0.425 0.26718730625 0.42812483281249997 0.26406269375 0.42812483281249997 0.24531269375 0.42656275 0.24375 0.42343725 0.24375 0.4218751671875 0.24218730625 0.4203124171875 0.24218730625 0.41718758281249996 0.23906269375 0.41562483281249996 0.23906269375 0.40468758281249995 0.2281246125 0.40468758281249995 0.22656269375 0.4031248328125 0.225 0.4031248328125 0.22343730625 0.39843725 0.21875 0.39687516718750004 0.21875 0.3953124171875 0.21718730625 0.393750334375 0.21718730625 0.3921875828125 0.2156246125 0.381249665625 0.2156246125 0.3781248328125 0.21875 0.37656275 0.21875 0.368750334375 0.22656269375 0.368750334375 0.26406269375
24 0.6437503343750001 0.73281269375 0.6437503343750001 0.7343753875 0.6453124171875 0.73593730625 0.65156275 0.73593730625 0.6578124171875 0.74218730625 0.6593751671875 0.74218730625 0.6625 0.7453126937500001 0.6625 0.7468746125 0.66406275 0.7484373062499999 0.6703124171875 0.7484373062499999 0.67656275 0.7546873062499999 0.6781248328125 0.7546873062499999 0.681250334375 0.75781269375 0.6921875828124999 0.75781269375 0.6921875828124999 0.75625 0.693750334375 0.7546873062499999 0.693750334375 0.7484373062499999 0.6921875828124999 0.7468746125 0.6921875828124999 0.73906269375 0.6906248328125 0.7375 0.6843751671875 0.7375 0.6781248328125 0.73125 0.67656275 0.73125 0.67343725 0.7281246125 0.67343725 0.72656269375 0.6718751671875001 0.725 0.6703124171875 0.725 0.6687503343750001 0.7234373062499999 0.6671875828125 0.7234373062499999 0.66406275 0.7203126937500001 0.6625 0.7203126937500001 0.66093725 0.71875 0.6578124171875 0.71875 0.6546875828125 0.7156246125 0.6546875828125 0.7140626937500001 0.6375 0.7140626937500001 0.6375 0.7281246125 0.63906275 0.72968730625 0.6406248328124999 0.72968730625 0.6437503343750001 0.73281269375
13 0.52343725 0.41718730624999995 0.525 0.41875 0.5437503343750001 0.41875 0.5453124171875 0.41718730624999995 0.5718751671875 0.41718730624999995 0.57343725 0.4156246125 0.57343725 0.4093746125 0.575 0.40781269375000007 0.575 0.3718746125 0.57343725 0.37031269375 0.57343725 0.35781269375 0.5718751671875 0.35625 0.5703124171875 0.35625 0.568749665625 0.35468730625 0.5218751671875 0.35468730625 0.5187503343750001 0.35781269375 0.5187503343750001 0.4156246125 0.5203124171875 0.41718730624999995 0.52343725 0.41718730624999995
10 0.22187516718750003 0.7156246125 0.22343725 0.7171873062499999 0.23906275 0.7171873062499999 0.24062483281249997 0.71875 0.24687516718750002 0.71875 0.24843725 0.7203126937500001 0.26406275 0.7203126937500001 0.2656248328125 0.71875 0.268749665625 0.71875 0.2703124171875 0.7171873062499999 0.27187516718750004 0.7171873062499999 0.27343725 0.7156246125 0.27343725 0.66718730625 0.275 0.6656246125 0.27343725 0.66406269375 0.27343725 0.6578126937500001 0.27187516718750004 0.65625 0.2703124171875 0.65625 0.268749665625 0.6546873062499999 0.2671875828125 0.6546873062499999 0.2656248328125 0.6531246125 0.22656274999999998 0.6531246125 0.225 0.6546873062499999 0.22343725 0.6546873062499999 0.22187516718750003 0.65625 0.22187516718750003 0.7156246125
11 0.5718751671875 0.7171873062499999 0.57343725 0.7156246125 0.57343725 0.6578126937500001 0.5718751671875 0.65625 0.5656248328125 0.65625 0.56406275 0.6546873062499999 0.5203124171875 0.6546873062499999 0.5187503343750001 0.65625 0.5187503343750001 0.7156246125 0.5203124171875 0.7171873062499999 0.5718751671875 0.7171873062499999
8 0.7910547390625 0.5704334359375001 0.7990654203124999 0.5665634671875 0.7997329765625001 0.5116099078125 0.7977303078125 0.5077399375 0.7643524703125 0.5046439625 0.749666221875 0.50541795625 0.7436582109375001 0.5100619187500001 0.7429906546875 0.5634674921875 0.744993325 0.5688854484375 0.775700934375 0.5719814234375 0.7910547390625 0.5704334359375001
9 0.724299065625 0.41795665625 0.725634178125 0.380804953125 0.7229639515625 0.3575851390625 0.7189586109375 0.3552631578125 0.674232309375 0.3552631578125 0.6688918562499999 0.3614551078125 0.6688918562499999 0.41486068125 0.6715620828125 0.41950464375 0.7176234984375001 0.421826625 0.724299065625 0.41795665625
16 0.6435247000000001 0.2716718265625 0.648865153125 0.2678018578125 0.6508678234375 0.215170278125 0.6468624828125 0.20588235312499997 0.5987983984375 0.205108359375 0.5941255 0.208978328125 0.5941255 0.2670278640625 0.6041388515625 0.2716718265625 0.62817089375 0.27244582031250003 0.6435247000000001 0.2716718265625
13 0.351802403125 0.866099071875 0.352469959375 0.8196594421875 0.3491321765625 0.8065015484375 0.3130841125 0.8041795671875 0.2997329765625 0.8057275546874999 0.29572763750000003 0.8103715171875001 0.2950600796875 0.8599071203124999 0.300400534375 0.8699690406249999 0.34512683593750004 0.870743034375 0.351802403125 0.866099071875
16 0.3457943921875 0.5704334359375001 0.3504672890625 0.5673374609375 0.3504672890625 0.5077399375 0.33845126875 0.5046439625 0.3064085453125 0.5046439625 0.2997329765625 0.50541795625 0.29572763750000003 0.5116099078125 0.2950600796875 0.5595975234375 0.2977303078125 0.5688854484375 0.33177570156249997 0.5712074296874999 0.3457943921875 0.5704334359375001
24 0.6301735640625 0.3591331265625 0.6301735640625 0.3134674921875 0.6234979968750001 0.30727554218750003 0.614152203125 0.3111455109375 0.614152203125 0.366099071875 0.6208277703125 0.3637770890625 0.6275033375 0.366099071875 0.6301735640625 0.3591331265625
29 0.11815754375000001 0.5178018578125 0.1248331109375 0.5224458203125 0.1375166890625 0.5208978328125 0.140854471875 0.5178018578125 0.1421895859375 0.5100619187500001 0.1555407203125 0.5015479875 0.1508678234375 0.49071207499999997 0.1415220296875 0.48452012343749995 0.140854471875 0.4705882359375 0.1301735640625 0.461300309375 0.126168225 0.461300309375 0.1174899859375 0.4705882359375 0.114819759375 0.4821981421875 0.105473965625 0.49148606875 0.1028037390625 0.5015479875 0.105473965625 0.50541795625 0.1174899859375 0.50386996875 0.11815754375000001 0.5178018578125
14 0.648197596875 0.5673374609375 0.6502002671875 0.534055728125 0.6495327109375 0.5116099078125 0.6468624828125 0.5061919500000001 0.605473965625 0.5046439625 0.5974632843750001 0.5061919500000001 0.5941255 0.5116099078125 0.5954606140625 0.5673374609375 0.605473965625 0.5719814234375 0.6368491328125 0.5712074296874999 0.648197596875 0.5673374609375
15 0.648865153125 0.866873065625 0.6508678234375 0.8622291015625001 0.6508678234375 0.8188854484375 0.648197596875 0.8065015484375 0.640186915625 0.8041795671875 0.598130840625 0.8057275546874999 0.5947930578125 0.8088235296875 0.5941255 0.8173374609374999 0.5941255 0.8630030953125001 0.598130840625 0.8699690406249999 0.6435247000000001 0.870743034375 0.648865153125 0.866873065625
21 0.0625 0.5906246125 0.0625 0.6718753875 0.1218751671875 0.6718753875 0.1218751671875 0.5906246125 0.0625 0.5906246125
22 0.2671875828125 0.00156269375 0.21406275 0.00156269375 0.21406275 0.07343730625 0.2656248328125 0.07343730625 0.2671875828125 0.0718746125 0.2671875828125 0.00156269375
18 0.2125 0.8906253875000001 0.2125 0.9718746125 0.27187516718750004 0.9718746125 0.27187516718750004 0.8906253875000001 0.2125 0.8906253875000001
18 0.5703124171875 0.00156269375 0.5093751671875 0.00156269375 0.5093751671875 0.075 0.568749665625 0.075 0.5703124171875 0.07343730625 0.5703124171875 0.00156269375
18 0.7328124171875 0.13906269375 0.7328124171875 0.225 0.7953124171875 0.225 0.7953124171875 0.13906269375 0.7328124171875 0.13906269375
19 0.568749665625 0.96875 0.568749665625 0.8906253875000001 0.5125 0.8906253875000001 0.5125 0.9718746125 0.5671875828124999 0.9718746125 0.5671875828124999 0.9703126937500001 0.568749665625 0.96875
18 0.1218751671875 0.28593730625 0.0625 0.28593730625 0.0625 0.375 0.1203124171875 0.375 0.1218751671875 0.37343730625 0.1218751671875 0.28593730625
23 0.7937496656249999 0.73906269375 0.73593725 0.73906269375 0.73593725 0.82343730625 0.7906248328125 0.82343730625 0.7937496656249999 0.82031269375 0.7937496656249999 0.73906269375
20 0.9518958609375 0.421826625 0.8811749000000001 0.421826625 0.8811749000000001 0.525309596875 0.9518958609375 0.525309596875 0.9518958609375 0.421826625