32 0.3953128203125 0.185937778125 0.396875 0.185937778125 0.4 0.189062221875 0.4 0.1906251859375 0.4015628203125 0.19218740781250002 0.428125 0.19218740781250002 0.42968782031249997 0.1906251859375 0.42968782031249997 0.189062221875 0.4328128203125 0.185937778125 0.434375 0.185937778125 0.4359378203125 0.1843748140625 0.4359378203125 0.1546874078125 0.434375 0.1531251859375 0.434375 0.15156222187499999 0.42968782031249997 0.1468748140625 0.42968782031249997 0.14531259218749998 0.428125 0.1437503703125 0.4265628203125 0.1437503703125 0.4234378203125 0.1406251859375 0.4234378203125 0.139062221875 0.4 0.139062221875 0.4 0.1406251859375 0.39375 0.1468748140625 0.39375 0.1843748140625 0.3953128203125 0.185937778125
34 0.75625 0.6703125921875001 0.75625 0.6875 0.7546878203125 0.689062221875 0.7546878203125 0.714062221875 0.7578128203125 0.7171874078125 0.790625 0.7171874078125 0.7921878203125 0.7156251859375 0.7921878203125 0.676562221875 0.790625 0.675 0.7890628203125 0.675 0.7859378203125 0.6718748140625 0.7859378203125 0.6703125921875001 0.784375 0.6687503703125001 0.7828128203125 0.6687503703125001 0.7796878203125 0.6656251859375 0.7609378203125 0.6656251859375 0.759375 0.6671874078125 0.7578128203125 0.6671874078125 0.7578128203125 0.6687503703125001 0.75625 0.6703125921875001
34 0.6140628203125 0.673437778125 0.6125 0.675 0.6125 0.6906251859375 0.6109378203125 0.6921874078125 0.6109378203125 0.7125 0.6125 0.714062221875 0.6125 0.7156251859375 0.6140628203125 0.7156251859375 0.615625 0.7171874078125 0.6421878203125 0.7171874078125 0.64375 0.7156251859375 0.646875 0.7156251859375 0.646875 0.7125 0.6484378203125 0.710937778125 0.6484378203125 0.676562221875 0.646875 0.675 0.646875 0.673437778125 0.6453128203125 0.673437778125 0.640625 0.6687503703125001 0.6390628203125 0.6687503703125001 0.6375 0.6671874078125 0.6203128203125 0.6671874078125 0.61875 0.6687503703125001 0.6171878203125 0.6687503703125001 0.6140628203125 0.6718748140625 0.6140628203125 0.673437778125
0 0.48125 0.4406251859375 0.478125 0.44375037031250003 0.475 0.44375037031250003 0.4734378203125 0.4421874078125 0.4703128203125 0.4421874078125 0.46875 0.44375037031250003 0.4640628203125 0.44375037031250003 0.4625 0.4453125921875 0.46093782031249997 0.4453125921875 0.4515628203125 0.45468740781249994 0.4515628203125 0.45625037031250004 0.45 0.45781259218750003 0.45 0.46562518593749996 0.4484378203125 0.46718740781249996 0.4484378203125 0.47187481406250004 0.4390628203125 0.48125037031250006 0.4359378203125 0.48125037031250006 0.434375 0.48281259218750006 0.4328128203125 0.48281259218750006 0.428125 0.4875 0.4265628203125 0.4875 0.4265628203125 0.5562503703125 0.428125 0.5562503703125 0.42968782031249997 0.5578125921875 0.42968782031249997 0.5593748140625 0.4359378203125 0.5656251859375 0.4375 0.5656251859375 0.4390628203125 0.5671874078125 0.440625 0.5671874078125 0.446875 0.573437778125 0.4484378203125 0.573437778125 0.453125 0.5781251859375 0.4546878203125 0.5781251859375 0.45625 0.5796874078124999 0.4578128203125 0.5796874078124999 0.459375 0.5812503703125 0.46093782031249997 0.5812503703125 0.4640628203125 0.5843748140625 0.465625 0.5843748140625 0.4671878203125 0.585937778125 0.4703128203125 0.585937778125 0.471875 0.5875 0.4734378203125 0.5875 0.478125 0.5921874078125 0.490625 0.5921874078125 0.49218782031249997 0.5906251859375 0.49375 0.5906251859375 0.496875 0.5875 0.4984378203125 0.5875 0.5 0.585937778125 0.5015628203125 0.585937778125 0.50625 0.5812503703125 0.5078128203125 0.5812503703125 0.509375 0.5796874078124999 0.5109378203125 0.5796874078124999 0.5125 0.5781251859375 0.5140628203125 0.5781251859375 0.5171878203125 0.575 0.51875 0.575 0.5203128203125 0.573437778125 0.5265628203125 0.573437778125 0.53125 0.5687503703125001 0.5328128203125 0.5687503703125001 0.534375 0.5671874078125 0.5359378203125 0.5671874078125 0.5375 0.5656251859375 0.5390628203125 0.5656251859375 0.5421878203125 0.5625 0.5421878203125 0.560937778125 0.546875 0.5562503703125 0.546875 0.5546874078124999 0.5484378203125 0.5531251859374999 0.5484378203125 0.4921874078125 0.55 0.4906251859375 0.55 0.489062221875 0.5484378203125 0.4875 0.5484378203125 0.48437481406250005 0.5453128203125 0.48125037031250006 0.5421878203125 0.48125037031250006 0.53125 0.47031259218750004 0.53125 0.46875037031250005 0.5296878203125 0.46718740781249996 0.5296878203125 0.46093777812500003 0.528125 0.4593748140625 0.528125 0.45781259218750003 0.521875 0.451562221875 0.5203128203125 0.451562221875 0.515625 0.4468748140625 0.5140628203125 0.4468748140625 0.509375 0.4421874078125 0.509375 0.4406251859375 0.5078128203125 0.4406251859375 0.50625 0.439062221875 0.5046878203125 0.439062221875 0.503125 0.4375 0.496875 0.4375 0.4953128203125 0.435937778125 0.4890628203125 0.435937778125 0.4859378203125 0.439062221875 0.484375 0.439062221875 0.4828128203125 0.4406251859375 0.48125 0.4406251859375
0 0.328125 0.435937778125 0.3265628203125 0.4375 0.325 0.4375 0.32031282031249997 0.4421874078125 0.31875 0.4421874078125 0.3171878203125 0.44375037031250003 0.315625 0.44375037031250003 0.30625 0.45312518593749995 0.30625 0.45468740781249994 0.30468782031249997 0.45625037031250004 0.30468782031249997 0.4593748140625 0.303125 0.46093777812500003 0.303125 0.46562518593749996 0.3015628203125 0.46718740781249996 0.3015628203125 0.47031259218750004 0.3 0.47187481406250004 0.3 0.473437778125 0.29375 0.47968740781249997 0.2921878203125 0.47968740781249997 0.290625 0.48125037031250006 0.28906282031249997 0.48125037031250006 0.2875 0.48281259218750006 0.2875 0.48437481406250005 0.284375 0.4875 0.284375 0.5593748140625 0.2859378203125 0.560937778125 0.2875 0.560937778125 0.28906282031249997 0.5625 0.290625 0.5625 0.29375 0.5656251859375 0.2953128203125 0.5656251859375 0.296875 0.5671874078125 0.2984378203125 0.5671874078125 0.3 0.5687503703125001 0.3015628203125 0.5687503703125001 0.303125 0.5703125921875001 0.30625 0.5703125921875001 0.3078128203125 0.5718748140625001 0.32031282031249997 0.5718748140625001 0.321875 0.5703125921875001 0.321875 0.5687503703125001 0.328125 0.5625 0.3390628203125 0.5625 0.340625 0.564062221875 0.3421878203125 0.564062221875 0.34375 0.5656251859375 0.353125 0.5656251859375 0.3546878203125 0.5671874078125 0.3578128203125 0.5671874078125 0.359375 0.5687503703125001 0.3609378203125 0.5687503703125001 0.3640628203125 0.5718748140625001 0.365625 0.5718748140625001 0.36875 0.5687503703125001 0.3703128203125 0.5687503703125001 0.371875 0.5671874078125 0.38125 0.5671874078125 0.38281282031249997 0.5656251859375 0.3859378203125 0.5656251859375 0.3890628203125 0.5625 0.390625 0.5625 0.3921878203125 0.560937778125 0.3953128203125 0.560937778125 0.403125 0.5531251859374999 0.403125 0.489062221875 0.39843782031249997 0.48437481406250005 0.39843782031249997 0.48281259218750006 0.396875 0.48125037031250006 0.3953128203125 0.48125037031250006 0.39375 0.47968740781249997 0.3921878203125 0.47968740781249997 0.3875 0.475 0.3875 0.473437778125 0.3859378203125 0.47187481406250004 0.3859378203125 0.47031259218750004 0.38125 0.46562518593749996 0.38125 0.464062221875 0.3796878203125 0.4625 0.3796878203125 0.4593748140625 0.378125 0.45781259218750003 0.378125 0.45625037031250004 0.3734378203125 0.451562221875 0.3734378203125 0.45 0.371875 0.448437778125 0.371875 0.4468748140625 0.3640628203125 0.439062221875 0.3625 0.439062221875 0.3609378203125 0.4375 0.3578128203125 0.4375 0.35625 0.435937778125 0.3546878203125 0.435937778125 0.35156282031249997 0.4328125921875 0.35 0.4328125921875 0.3484378203125 0.4312503703125 0.3328128203125 0.4312503703125 0.33125 0.4328125921875 0.33125 0.4343748140625 0.3296878203125 0.435937778125 0.328125 0.435937778125
32 0.25625 0.1468748140625 0.253125 0.15 0.2515628203125 0.15 0.25 0.15156222187499999 0.25 0.185937778125 0.2546878203125 0.1906251859375 0.25625 0.1906251859375 0.25781282031249997 0.19218740781250002 0.2828128203125 0.19218740781250002 0.2859378203125 0.189062221875 0.2859378203125 0.1843748140625 0.2921878203125 0.17812518593749999 0.2921878203125 0.1546874078125 0.290625 0.1531251859375 0.290625 0.15156222187499999 0.2859378203125 0.1468748140625 0.2859378203125 0.14531259218749998 0.28125 0.1406251859375 0.28125 0.139062221875 0.2796878203125 0.1375 0.2625 0.1375 0.25781282031249997 0.1421874078125 0.25781282031249997 0.1437503703125 0.25625 0.14531259218749998 0.25625 0.1468748140625
35 0.478125 0.7312503703125001 0.4734378203125 0.735937778125 0.471875 0.735937778125 0.4703128203125 0.7375 0.4671878203125 0.7375 0.465625 0.739062221875 0.46093782031249997 0.739062221875 0.459375 0.7406251859374999 0.4546878203125 0.7406251859374999 0.453125 0.7421874078124999 0.44531282031249997 0.7421874078124999 0.44375 0.7437503703125 0.4390628203125 0.7437503703125 0.4375 0.7453125921875 0.4359378203125 0.7453125921875 0.4328128203125 0.748437778125 0.43125 0.748437778125 0.42968782031249997 0.75 0.428125 0.75 0.425 0.7531251859375 0.425 0.7546874078125 0.421875 0.7578125921875001 0.421875 0.8421874078125 0.428125 0.848437778125 0.43125 0.848437778125 0.4359378203125 0.8531251859375001 0.4375 0.8531251859375001 0.4390628203125 0.8546874078125001 0.440625 0.8546874078125001 0.44531282031249997 0.8593748140624999 0.446875 0.8593748140624999 0.4484378203125 0.860937778125 0.4515628203125 0.860937778125 0.453125 0.8625 0.4546878203125 0.8625 0.459375 0.8671874078125 0.46093782031249997 0.8671874078125 0.465625 0.8718748140624999 0.4671878203125 0.8718748140624999 0.46875 0.873437778125 0.4703128203125 0.873437778125 0.47656282031249997 0.8796874078125001 0.4796878203125 0.8796874078125001 0.48125 0.8812503703125 0.4875 0.8812503703125 0.4890628203125 0.8796874078125001 0.49218782031249997 0.8796874078125001 0.49375 0.8781251859375001 0.4953128203125 0.8781251859375001 0.5 0.873437778125 0.5015628203125 0.873437778125 0.5078128203125 0.8671874078125 0.509375 0.8671874078125 0.5140628203125 0.8625 0.51875 0.8625 0.5203128203125 0.860937778125 0.5234378203125 0.860937778125 0.525 0.8593748140624999 0.5265628203125 0.8593748140624999 0.534375 0.851562221875 0.534375 0.85 0.5359378203125 0.848437778125 0.5359378203125 0.8343748140624999 0.5375 0.8328125921874999 0.5375 0.8281251859375001 0.540625 0.825 0.540625 0.823437778125 0.5421878203125 0.8218748140625 0.5421878203125 0.8203125921875 0.54375 0.8187503703125 0.54375 0.8171874078125001 0.55 0.810937778125 0.55 0.8093748140624999 0.5515628203125 0.8078125921874999 0.5515628203125 0.764062221875 0.55 0.7625 0.55 0.7578125921875001 0.5484378203125 0.7562503703125001 0.5484378203125 0.7546874078125 0.5421878203125 0.748437778125 0.540625 0.748437778125 0.5359378203125 0.7437503703125 0.534375 0.7437503703125 0.5328128203125 0.7421874078124999 0.53125 0.7421874078124999 0.528125 0.739062221875 0.525 0.739062221875 0.5234378203125 0.7375 0.515625 0.7375 0.5140628203125 0.735937778125 0.5078128203125 0.735937778125 0.50625 0.7343748140625 0.5046878203125 0.7343748140625 0.490625 0.7203125921875 0.484375 0.7203125921875 0.48125 0.723437778125 0.48125 0.725 0.478125 0.7281251859375 0.478125 0.7312503703125001
35 0.275 0.5796874078124999 0.27343782031249997 0.5812503703125 0.2609378203125 0.5812503703125 0.259375 0.5796874078124999 0.25781282031249997 0.5796874078124999 0.25625 0.5812503703125 0.253125 0.5812503703125 0.246875 0.5875 0.24375 0.5875 0.23906282031249998 0.5921874078125 0.2375 0.5921874078125 0.2359378203125 0.5937503703125 0.2328128203125 0.5937503703125 0.228125 0.598437778125 0.228125 0.6 0.2265628203125 0.601562221875 0.2265628203125 0.6031251859375 0.225 0.6046874078125 0.225 0.6093748140625 0.21875 0.6156251859374999 0.21875 0.6171874078124999 0.2171878203125 0.6187503703125 0.2171878203125 0.6203125921875 0.2125 0.625 0.2125 0.626562221875 0.20781282031249998 0.6312503703125001 0.20781282031249998 0.7 0.2109378203125 0.7031251859375 0.2125 0.7031251859375 0.21406282031249999 0.7046874078124999 0.215625 0.7046874078124999 0.2203128203125 0.7093748140625 0.221875 0.7093748140625 0.22343782031249998 0.710937778125 0.2265628203125 0.710937778125 0.2328128203125 0.7171874078125 0.2359378203125 0.7171874078125 0.2375 0.7187503703125 0.240625 0.7187503703125 0.2421878203125 0.7203125921875 0.24375 0.7203125921875 0.24531282031249999 0.7218748140625 0.246875 0.7218748140625 0.2484378203125 0.723437778125 0.25 0.723437778125 0.2515628203125 0.725 0.2515628203125 0.726562221875 0.253125 0.7281251859375 0.2640628203125 0.7281251859375 0.2625 0.726562221875 0.25781282031249997 0.726562221875 0.25625 0.725 0.25625 0.723437778125 0.2546878203125 0.7218748140625 0.25781282031249997 0.7187503703125 0.2625 0.7187503703125 0.2640628203125 0.7171874078125 0.278125 0.7171874078125 0.2796878203125 0.7187503703125 0.28125 0.7187503703125 0.2828128203125 0.7203125921875 0.2859378203125 0.7203125921875 0.2875 0.7218748140625 0.2921878203125 0.7218748140625 0.29375 0.7203125921875 0.296875 0.7203125921875 0.2984378203125 0.7187503703125 0.3015628203125 0.7187503703125 0.303125 0.7171874078125 0.3109378203125 0.7171874078125 0.3125 0.7156251859375 0.3140628203125 0.7156251859375 0.31875 0.710937778125 0.321875 0.710937778125 0.33125 0.701562221875 0.33125 0.7 0.3328128203125 0.698437778125 0.334375 0.698437778125 0.33593782031249997 0.6968748140625001 0.33593782031249997 0.6312503703125001 0.334375 0.6296874078125 0.334375 0.6281251859375 0.3234378203125 0.6171874078124999 0.3234378203125 0.614062221875 0.31875 0.6093748140625 0.31875 0.6078125921875001 0.3171878203125 0.6062503703125001 0.3171878203125 0.601562221875 0.315625 0.6 0.315625 0.5968748140625 0.30468782031249997 0.585937778125 0.303125 0.585937778125 0.3 0.5828125921875 0.2984378203125 0.5828125921875 0.296875 0.5812503703125 0.2953128203125 0.5812503703125 0.29375 0.5796874078124999 0.290625 0.5796874078124999 0.28906282031249997 0.5781251859375 0.2875 0.5781251859375 0.2859378203125 0.576562221875 0.2828128203125 0.576562221875 0.28125 0.5781251859375 0.278125 0.5781251859375 0.2765628203125 0.5796874078124999 0.275 0.5796874078124999
17 0.475 0.1421874078125 0.4734378203125 0.1437503703125 0.4703128203125 0.1437503703125 0.46875 0.14531259218749998 0.46875 0.1468748140625 0.4671878203125 0.148437778125 0.465625 0.148437778125 0.4640628203125 0.15 0.4625 0.15 0.4578128203125 0.1546874078125 0.45625 0.1546874078125 0.453125 0.1578125921875 0.4515628203125 0.1578125921875 0.4515628203125 0.1593748140625 0.4484378203125 0.1625 0.446875 0.1625 0.44375 0.1656251859375 0.44375 0.16718740781250002 0.4421878203125 0.1687503703125 0.4421878203125 0.1703125921875 0.440625 0.1718748140625 0.440625 0.173437778125 0.4390628203125 0.175 0.4390628203125 0.1843748140625 0.4359378203125 0.1875 0.4359378203125 0.189062221875 0.434375 0.1906251859375 0.4328128203125 0.1906251859375 0.42968782031249997 0.1937503703125 0.4234378203125 0.1937503703125 0.4234378203125 0.2703125921875 0.43125 0.2781251859375 0.4328128203125 0.2781251859375 0.434375 0.2796874078125 0.4375 0.2796874078125 0.4390628203125 0.2812503703125 0.440625 0.2812503703125 0.44531282031249997 0.285937778125 0.4484378203125 0.285937778125 0.45 0.2875 0.4515628203125 0.2875 0.45625 0.2921874078125 0.4578128203125 0.2921874078125 0.4640628203125 0.298437778125 0.465625 0.298437778125 0.4671878203125 0.3 0.46875 0.3 0.471875 0.30312518593750004 0.4734378203125 0.30312518593750004 0.475 0.30468740781250003 0.478125 0.30468740781250003 0.4796878203125 0.3062503703125 0.48125 0.3062503703125 0.4828128203125 0.3078125921875 0.484375 0.3078125921875 0.4859378203125 0.3093748140625 0.490625 0.3093748140625 0.49218782031249997 0.3078125921875 0.49375 0.3078125921875 0.4953128203125 0.3062503703125 0.4984378203125 0.3062503703125 0.5 0.30468740781250003 0.5015628203125 0.30468740781250003 0.503125 0.30312518593750004 0.5046878203125 0.30312518593750004 0.5046878203125 0.301562221875 0.5078128203125 0.298437778125 0.5109378203125 0.298437778125 0.5125 0.2968748140625 0.5140628203125 0.2968748140625 0.5171878203125 0.2937503703125 0.51875 0.2937503703125 0.5203128203125 0.2921874078125 0.521875 0.2921874078125 0.5234378203125 0.29062518593750003 0.5234378203125 0.28906222187499997 0.528125 0.2843748140625 0.528125 0.2828125921875 0.5296878203125 0.2812503703125 0.5296878203125 0.27343777812500003 0.528125 0.27187481406249997 0.528125 0.25937481406249996 0.5296878203125 0.25781259218749997 0.5296878203125 0.24531259218749998 0.53125 0.2437503703125 0.53125 0.2421874078125 0.5390628203125 0.2343748140625 0.540625 0.2343748140625 0.540625 0.2328125921875 0.5421878203125 0.2312503703125 0.5421878203125 0.226562221875 0.5484378203125 0.2203125921875 0.5484378203125 0.18281259218749998 0.5421878203125 0.17656222187499998 0.5421878203125 0.175 0.540625 0.175 0.534375 0.1687503703125 0.5328128203125 0.1687503703125 0.5265628203125 0.1625 0.521875 0.1625 0.515625 0.1562503703125 0.5140628203125 0.1562503703125 0.5109378203125 0.1531251859375 0.5109378203125 0.15156222187499999 0.509375 0.15156222187499999 0.5078128203125 0.15 0.50625 0.15 0.5046878203125 0.148437778125 0.503125 0.148437778125 0.49218782031249997 0.1375 0.4828128203125 0.1375 0.48125 0.139062221875 0.4796878203125 0.139062221875 0.47656282031249997 0.1421874078125 0.475 0.1421874078125
35 0.3328128203125 0.7203125921875 0.325 0.7281251859375 0.3234378203125 0.7281251859375 0.31875 0.7328125921875001 0.3171878203125 0.7328125921875001 0.315625 0.7343748140625 0.3125 0.7343748140625 0.3109378203125 0.735937778125 0.3078128203125 0.735937778125 0.30625 0.7375 0.3015628203125 0.7375 0.3 0.739062221875 0.2984378203125 0.739062221875 0.29375 0.7437503703125 0.2921878203125 0.7437503703125 0.290625 0.7453125921875 0.28906282031249997 0.7453125921875 0.28906282031249997 0.7468748140625 0.2828128203125 0.7531251859375 0.2828128203125 0.7562503703125001 0.28125 0.7578125921875001 0.28125 0.785937778125 0.2796878203125 0.7875 0.2796878203125 0.8437503703125 0.284375 0.848437778125 0.2875 0.848437778125 0.28906282031249997 0.85 0.290625 0.85 0.2953128203125 0.8546874078125001 0.296875 0.8546874078125001 0.3015628203125 0.8593748140624999 0.303125 0.8593748140624999 0.30468782031249997 0.860937778125 0.309375 0.860937778125 0.3125 0.864062221875 0.3140628203125 0.864062221875 0.315625 0.8656251859375 0.31875 0.8656251859375 0.325 0.8718748140624999 0.3265628203125 0.8718748140624999 0.328125 0.873437778125 0.3328128203125 0.873437778125 0.334375 0.875 0.3390628203125 0.875 0.340625 0.876562221875 0.35 0.876562221875 0.35156282031249997 0.875 0.353125 0.875 0.3546878203125 0.873437778125 0.3578128203125 0.873437778125 0.359375 0.8718748140624999 0.3609378203125 0.8718748140624999 0.3609378203125 0.8703125921874999 0.3625 0.8687503703124999 0.3640628203125 0.8687503703124999 0.371875 0.860937778125 0.378125 0.860937778125 0.3796878203125 0.8593748140624999 0.38125 0.8593748140624999 0.384375 0.8562503703125 0.3859378203125 0.8562503703125 0.3875 0.8546874078125001 0.390625 0.8546874078125001 0.396875 0.848437778125 0.4 0.848437778125 0.4046878203125 0.8437503703125 0.4046878203125 0.8421874078125 0.409375 0.8375 0.409375 0.7656251859375 0.4078128203125 0.764062221875 0.4078128203125 0.7625 0.40625 0.760937778125 0.40625 0.7593748140625001 0.4046878203125 0.7578125921875001 0.4046878203125 0.7562503703125001 0.4 0.751562221875 0.39843782031249997 0.751562221875 0.396875 0.75 0.3953128203125 0.75 0.39375 0.748437778125 0.3921878203125 0.748437778125 0.390625 0.7468748140625 0.3890628203125 0.7468748140625 0.3875 0.7453125921875 0.3859378203125 0.7453125921875 0.384375 0.7437503703125 0.375 0.7437503703125 0.3734378203125 0.7421874078124999 0.36875 0.7421874078124999 0.36718782031249997 0.7406251859374999 0.365625 0.7406251859374999 0.3609378203125 0.735937778125 0.3609378203125 0.7343748140625 0.3578128203125 0.7312503703125001 0.3578128203125 0.7296874078125 0.3546878203125 0.726562221875 0.3546878203125 0.725 0.3484378203125 0.7187503703125 0.346875 0.7187503703125 0.3453128203125 0.7171874078125 0.340625 0.7171874078125 0.3390628203125 0.7187503703125 0.33593782031249997 0.7187503703125 0.334375 0.7203125921875 0.3328128203125 0.7203125921875
5 0.675 0.526562221875 0.675 0.5656251859375 0.6765628203125 0.5671874078125 0.678125 0.5671874078125 0.68125 0.5703125921875001 0.68125 0.5718748140625001 0.6828128203125 0.573437778125 0.6859378203125 0.573437778125 0.6875 0.575 0.6984378203125 0.575 0.7 0.576562221875 0.7171878203125 0.576562221875 0.7203128203125 0.573437778125 0.7234378203125 0.573437778125 0.725 0.5718748140625001 0.7265628203125 0.5718748140625001 0.728125 0.5703125921875001 0.728125 0.5687503703125001 0.7296878203125 0.5671874078125 0.7296878203125 0.55 0.728125 0.548437778125 0.728125 0.5453125921875001 0.725 0.5453125921875001 0.7234378203125 0.5437503703125001 0.7140628203125 0.5437503703125001 0.7109378203125 0.5406251859375 0.7109378203125 0.5328125921875 0.709375 0.5312503703125 0.7078128203125 0.5312503703125 0.7046878203125 0.5281251859375 0.7046878203125 0.526562221875 0.6984378203125 0.5203125921875 0.68125 0.5203125921875 0.68125 0.5218748140625 0.678125 0.525 0.6765628203125 0.525 0.675 0.526562221875
36 0.4015628203125 0.2921874078125 0.4 0.2937503703125 0.39843782031249997 0.2937503703125 0.396875 0.2953125921875 0.3953128203125 0.2953125921875 0.390625 0.3 0.3875 0.3 0.384375 0.30312518593750004 0.38281282031249997 0.30312518593750004 0.3796878203125 0.3062503703125 0.378125 0.3062503703125 0.3765628203125 0.3078125921875 0.375 0.3078125921875 0.375 0.3093748140625 0.36875 0.3156251859375 0.36875 0.3187503703125 0.36718782031249997 0.32031259218749997 0.36718782031249997 0.32187481406249996 0.3625 0.326562221875 0.3625 0.3281251859375 0.353125 0.3375 0.35156282031249997 0.3375 0.35 0.339062221875 0.3484378203125 0.339062221875 0.346875 0.3406251859375 0.346875 0.3953125921875 0.3484378203125 0.39687481406249997 0.3484378203125 0.40781259218750004 0.35 0.40937481406250004 0.35 0.4156251859375 0.35156282031249997 0.41718740781249997 0.353125 0.41718740781249997 0.3546878203125 0.41875037031250006 0.35625 0.41875037031250006 0.359375 0.42187481406250005 0.3609378203125 0.42187481406250005 0.3625 0.423437778125 0.36718782031249997 0.423437778125 0.36875 0.425 0.3703128203125 0.425 0.3734378203125 0.4281251859375 0.375 0.4281251859375 0.3765628203125 0.4296874078125 0.384375 0.4296874078125 0.3859378203125 0.4281251859375 0.3859378203125 0.426562221875 0.3875 0.425 0.3890628203125 0.425 0.390625 0.423437778125 0.415625 0.423437778125 0.41875 0.426562221875 0.41875 0.4281251859375 0.4203128203125 0.4281251859375 0.421875 0.4296874078125 0.428125 0.4296874078125 0.4328128203125 0.4343748140625 0.4359378203125 0.4343748140625 0.4375 0.435937778125 0.440625 0.435937778125 0.4421878203125 0.4343748140625 0.44375 0.4343748140625 0.44531282031249997 0.4328125921875 0.446875 0.4328125921875 0.45 0.4296874078125 0.453125 0.4296874078125 0.4578128203125 0.425 0.46093782031249997 0.425 0.4625 0.423437778125 0.465625 0.423437778125 0.4671878203125 0.42187481406250005 0.4671878203125 0.42031259218750006 0.4703128203125 0.41718740781249997 0.471875 0.41718740781249997 0.475 0.41406222187499997 0.475 0.4125 0.47656282031249997 0.410937778125 0.478125 0.410937778125 0.478125 0.326562221875 0.4734378203125 0.32187481406249996 0.4734378203125 0.32031259218749997 0.465625 0.3125 0.4640628203125 0.3125 0.46093782031249997 0.3093748140625 0.459375 0.3093748140625 0.45625 0.3062503703125 0.4546878203125 0.3062503703125 0.453125 0.30468740781250003 0.4515628203125 0.30468740781250003 0.446875 0.3 0.44531282031249997 0.3 0.44375 0.298437778125 0.4421878203125 0.298437778125 0.4375 0.2937503703125 0.4359378203125 0.2937503703125 0.42968782031249997 0.2875 0.42968782031249997 0.285937778125 0.4125 0.285937778125 0.4109378203125 0.2875 0.4078128203125 0.2875 0.403125 0.2921874078125 0.4015628203125 0.2921874078125
36 0.396875 0.5812503703125 0.390625 0.5875 0.3875 0.5875 0.3859378203125 0.589062221875 0.384375 0.589062221875 0.38125 0.5921874078125 0.3796878203125 0.5921874078125 0.378125 0.5937503703125 0.3765628203125 0.5937503703125 0.3734378203125 0.5968748140625 0.3734378203125 0.598437778125 0.371875 0.6 0.3703128203125 0.6 0.36875 0.601562221875 0.36875 0.6046874078125 0.3640628203125 0.6093748140625 0.3640628203125 0.610937778125 0.3625 0.6125 0.3625 0.6156251859374999 0.359375 0.6187503703125 0.3578128203125 0.6187503703125 0.35625 0.6203125921875 0.35625 0.6218748140625 0.35156282031249997 0.626562221875 0.35156282031249997 0.6968748140625001 0.359375 0.7046874078124999 0.3609378203125 0.7046874078124999 0.3625 0.7062503703125 0.3640628203125 0.7062503703125 0.36875 0.710937778125 0.3703128203125 0.710937778125 0.371875 0.7125 0.3734378203125 0.7125 0.378125 0.7171874078125 0.38281282031249997 0.7171874078125 0.384375 0.7187503703125 0.3859378203125 0.7187503703125 0.3875 0.7203125921875 0.3890628203125 0.7203125921875 0.390625 0.7218748140625 0.3921878203125 0.7218748140625 0.39375 0.723437778125 0.3953128203125 0.723437778125 0.4015628203125 0.7296874078125 0.403125 0.7296874078125 0.4078128203125 0.7343748140625 0.4203128203125 0.7343748140625 0.4265628203125 0.7281251859375 0.428125 0.7281251859375 0.43125 0.725 0.4328128203125 0.725 0.434375 0.723437778125 0.4375 0.723437778125 0.4390628203125 0.7218748140625 0.440625 0.7218748140625 0.44375 0.7187503703125 0.44531282031249997 0.7187503703125 0.446875 0.7171874078125 0.45 0.7171874078125 0.453125 0.714062221875 0.4546878203125 0.714062221875 0.4578128203125 0.710937778125 0.4625 0.710937778125 0.4640628203125 0.7093748140625 0.465625 0.7093748140625 0.465625 0.7078125921875 0.46875 0.7046874078124999 0.4703128203125 0.7046874078124999 0.4734378203125 0.701562221875 0.4734378203125 0.7 0.475 0.698437778125 0.475 0.6968748140625001 0.478125 0.6937503703125001 0.478125 0.6296874078125 0.47656282031249997 0.6281251859375 0.47656282031249997 0.625 0.475 0.623437778125 0.475 0.6171874078124999 0.4734378203125 0.6156251859374999 0.4734378203125 0.6125 0.4703128203125 0.6093748140625 0.4703128203125 0.6078125921875001 0.46875 0.6078125921875001 0.46093782031249997 0.6 0.459375 0.6 0.453125 0.5937503703125 0.4515628203125 0.5937503703125 0.45 0.5921874078125 0.4484378203125 0.5921874078125 0.446875 0.5906251859375 0.446875 0.589062221875 0.44531282031249997 0.589062221875 0.44375 0.5875 0.4421878203125 0.5875 0.440625 0.585937778125 0.4390628203125 0.585937778125 0.434375 0.5812503703125 0.43125 0.5812503703125 0.4265628203125 0.576562221875 0.4234378203125 0.576562221875 0.421875 0.575 0.409375 0.575 0.4046878203125 0.5796874078124999 0.403125 0.5796874078124999 0.4015628203125 0.5812503703125 0.396875 0.5812503703125
6 0.54375 0.5828125921875 0.5421878203125 0.5843748140625 0.540625 0.5843748140625 0.5375 0.5875 0.5359378203125 0.5875 0.534375 0.589062221875 0.5328128203125 0.589062221875 0.5296878203125 0.5921874078125 0.528125 0.5921874078125 0.5265628203125 0.5937503703125 0.525 0.5937503703125 0.5234378203125 0.5953125921875 0.521875 0.5953125921875 0.51875 0.598437778125 0.5171878203125 0.598437778125 0.515625 0.6 0.5125 0.6 0.5109378203125 0.601562221875 0.509375 0.601562221875 0.5046878203125 0.6062503703125001 0.503125 0.6062503703125001 0.4953128203125 0.614062221875 0.4953128203125 0.6968748140625001 0.496875 0.698437778125 0.4984378203125 0.698437778125 0.5015628203125 0.701562221875 0.503125 0.701562221875 0.50625 0.7046874078124999 0.5078128203125 0.7046874078124999 0.5140628203125 0.710937778125 0.515625 0.710937778125 0.5171878203125 0.7125 0.51875 0.7125 0.5234378203125 0.7171874078125 0.5265628203125 0.7171874078125 0.5328128203125 0.723437778125 0.5359378203125 0.723437778125 0.5375 0.725 0.5390628203125 0.725 0.5421878203125 0.7281251859375 0.54375 0.7281251859375 0.5453128203125 0.7296874078125 0.553125 0.7296874078125 0.5546878203125 0.7312503703125001 0.559375 0.7312503703125001 0.5609378203125 0.7296874078125 0.5703128203125 0.7296874078125 0.571875 0.7281251859375 0.5734378203125 0.7281251859375 0.5765628203125 0.725 0.578125 0.725 0.5796878203125 0.723437778125 0.584375 0.723437778125 0.5859378203125 0.7218748140625 0.5875 0.7218748140625 0.590625 0.7187503703125 0.5921878203125 0.7187503703125 0.59375 0.7171874078125 0.5953128203125 0.7171874078125 0.5984378203125 0.714062221875 0.5984378203125 0.7125 0.603125 0.7078125921875 0.603125 0.7062503703125 0.6046878203125 0.7046874078124999 0.6046878203125 0.701562221875 0.60625 0.7 0.60625 0.6968748140625001 0.609375 0.6937503703125001 0.609375 0.6906251859375 0.6109378203125 0.689062221875 0.6109378203125 0.6796874078124999 0.6125 0.6781251859374999 0.6125 0.676562221875 0.615625 0.673437778125 0.615625 0.6718748140625 0.6171878203125 0.6703125921875001 0.6171878203125 0.614062221875 0.615625 0.6125 0.615625 0.610937778125 0.6140628203125 0.6093748140625 0.6109378203125 0.6093748140625 0.609375 0.6078125921875001 0.6078128203125 0.6078125921875001 0.6015628203125 0.601562221875 0.5984378203125 0.601562221875 0.596875 0.6 0.5890628203125 0.6 0.5875 0.598437778125 0.5859378203125 0.598437778125 0.584375 0.5968748140625 0.5828128203125 0.5968748140625 0.58125 0.5953125921875 0.5796878203125 0.5953125921875 0.578125 0.5937503703125 0.5765628203125 0.5937503703125 0.575 0.5921874078125 0.5734378203125 0.5921874078125 0.571875 0.5906251859375 0.5703128203125 0.5906251859375 0.56875 0.589062221875 0.5671878203125 0.589062221875 0.5640628203125 0.585937778125 0.5625 0.585937778125 0.5578128203125 0.5812503703125 0.5546878203125 0.5812503703125 0.553125 0.5796874078124999 0.5515628203125 0.5796874078124999 0.55 0.5812503703125 0.546875 0.5812503703125 0.5453128203125 0.5828125921875 0.54375 0.5828125921875
0 0.525 0.3 0.5234378203125 0.301562221875 0.521875 0.301562221875 0.5203128203125 0.30312518593750004 0.5203128203125 0.30468740781250003 0.5171878203125 0.3078125921875 0.515625 0.3078125921875 0.5109378203125 0.3125 0.509375 0.3125 0.5078128203125 0.314062221875 0.50625 0.314062221875 0.50625 0.3156251859375 0.503125 0.3187503703125 0.5015628203125 0.3187503703125 0.4953128203125 0.325 0.4953128203125 0.4125 0.496875 0.4125 0.4984378203125 0.41406222187499997 0.4984378203125 0.4156251859375 0.5 0.41718740781249997 0.5015628203125 0.41718740781249997 0.5078128203125 0.423437778125 0.5109378203125 0.423437778125 0.5125 0.425 0.515625 0.425 0.51875 0.4281251859375 0.5203128203125 0.4281251859375 0.521875 0.4296874078125 0.5375 0.4296874078125 0.5390628203125 0.4281251859375 0.540625 0.4281251859375 0.5453128203125 0.423437778125 0.56875 0.423437778125 0.5703128203125 0.425 0.571875 0.425 0.575 0.4281251859375 0.578125 0.4281251859375 0.5796878203125 0.4296874078125 0.5828128203125 0.4296874078125 0.584375 0.4281251859375 0.5859378203125 0.4281251859375 0.5859378203125 0.426562221875 0.5875 0.425 0.5890628203125 0.425 0.590625 0.423437778125 0.603125 0.423437778125 0.609375 0.41718740781249997 0.6125 0.41718740781249997 0.6140628203125 0.4156251859375 0.615625 0.4156251859375 0.615625 0.41406222187499997 0.6171878203125 0.4125 0.6171878203125 0.40937481406250004 0.61875 0.40781259218750004 0.61875 0.40625037031250005 0.6203128203125 0.40468740781249996 0.6203128203125 0.339062221875 0.61875 0.3375 0.61875 0.3312503703125 0.6171878203125 0.3296874078125 0.6171878203125 0.323437778125 0.615625 0.32187481406249996 0.615625 0.32031259218749997 0.6078128203125 0.3125 0.603125 0.3125 0.6015628203125 0.310937778125 0.6 0.310937778125 0.5984378203125 0.3093748140625 0.5984378203125 0.3078125921875 0.596875 0.3078125921875 0.5953128203125 0.3062503703125 0.5875 0.3062503703125 0.5859378203125 0.30468740781250003 0.5828128203125 0.30468740781250003 0.578125 0.3 0.5765628203125 0.3 0.575 0.298437778125 0.575 0.2968748140625 0.5734378203125 0.2953125921875 0.571875 0.2953125921875 0.5703128203125 0.2937503703125 0.534375 0.2937503703125 0.5328128203125 0.2953125921875 0.53125 0.2953125921875 0.5265628203125 0.3 0.525 0.3
25 0.23906282031249998 0.5625 0.2375 0.564062221875 0.2375 0.5656251859375 0.234375 0.5687503703125001 0.23125 0.5687503703125001 0.22343782031249998 0.576562221875 0.22343782031249998 0.5781251859375 0.221875 0.5796874078124999 0.221875 0.601562221875 0.22343782031249998 0.6 0.225 0.6 0.2265628203125 0.598437778125 0.228125 0.598437778125 0.234375 0.5921874078125 0.23906282031249998 0.5921874078125 0.24531282031249999 0.585937778125 0.246875 0.585937778125 0.2484378203125 0.5843748140625 0.2484378203125 0.5828125921875 0.2515628203125 0.5796874078124999 0.253125 0.5796874078124999 0.259375 0.573437778125 0.2640628203125 0.573437778125 0.2671878203125 0.5703125921875001 0.2671878203125 0.5593748140625 0.26875 0.5578125921875 0.246875 0.5578125921875 0.24375 0.560937778125 0.2421878203125 0.560937778125 0.240625 0.5625 0.23906282031249998 0.5625
17 0.615625 0.148437778125 0.6140628203125 0.15 0.6125 0.15 0.609375 0.1531251859375 0.609375 0.1546874078125 0.60625 0.1578125921875 0.6046878203125 0.1578125921875 0.603125 0.1593748140625 0.603125 0.1625 0.6046878203125 0.164062221875 0.603125 0.1656251859375 0.6015628203125 0.1656251859375 0.6 0.164062221875 0.6 0.1625 0.5921878203125 0.1625 0.590625 0.164062221875 0.5890628203125 0.164062221875 0.5859378203125 0.16718740781250002 0.584375 0.16718740781250002 0.58125 0.1703125921875 0.5796878203125 0.1703125921875 0.5765628203125 0.173437778125 0.5734378203125 0.173437778125 0.571875 0.175 0.5703128203125 0.175 0.5671878203125 0.17812518593749999 0.56875 0.1796874078125 0.56875 0.1843748140625 0.5671878203125 0.185937778125 0.5671878203125 0.2406251859375 0.56875 0.2421874078125 0.56875 0.24687481406249998 0.5703128203125 0.248437778125 0.5703128203125 0.25 0.575 0.2546874078125 0.5765628203125 0.2546874078125 0.5828128203125 0.260937778125 0.584375 0.260937778125 0.5875 0.264062221875 0.5875 0.275 0.5890628203125 0.276562221875 0.5890628203125 0.2781251859375 0.59375 0.2828125921875 0.59375 0.2843748140625 0.5953128203125 0.285937778125 0.5984378203125 0.285937778125 0.6 0.2875 0.6015628203125 0.2875 0.6046878203125 0.29062518593750003 0.60625 0.29062518593750003 0.6078128203125 0.2921874078125 0.6125 0.2921874078125 0.6140628203125 0.2937503703125 0.615625 0.2937503703125 0.61875 0.2968748140625 0.6203128203125 0.2968748140625 0.621875 0.298437778125 0.6234378203125 0.298437778125 0.625 0.3 0.628125 0.3 0.6296878203125 0.301562221875 0.63125 0.301562221875 0.6328128203125 0.30312518593750004 0.634375 0.301562221875 0.6359378203125 0.301562221875 0.6390628203125 0.298437778125 0.640625 0.298437778125 0.6421878203125 0.2968748140625 0.64375 0.2968748140625 0.646875 0.2937503703125 0.6484378203125 0.2937503703125 0.65 0.2921874078125 0.6515628203125 0.2921874078125 0.65625 0.2875 0.6578128203125 0.2875 0.659375 0.285937778125 0.6640628203125 0.285937778125 0.665625 0.2843748140625 0.6671878203125 0.2843748140625 0.6671878203125 0.2828125921875 0.66875 0.2812503703125 0.6703128203125 0.2812503703125 0.671875 0.2796874078125 0.675 0.2796874078125 0.6765628203125 0.2781251859375 0.678125 0.2781251859375 0.6828128203125 0.27343777812500003 0.684375 0.27343777812500003 0.6859378203125 0.27187481406249997 0.6859378203125 0.2703125921875 0.6890628203125 0.2671874078125 0.690625 0.2671874078125 0.6921878203125 0.2656251859375 0.6921878203125 0.25937481406249996 0.69375 0.25781259218749997 0.69375 0.251562221875 0.6921878203125 0.25 0.6921878203125 0.18281259218749998 0.6890628203125 0.1796874078125 0.6875 0.1796874078125 0.6859378203125 0.17812518593749999 0.6859378203125 0.17656222187499998 0.684375 0.17656222187499998 0.6828128203125 0.175 0.68125 0.175 0.6765628203125 0.1703125921875 0.6703128203125 0.1703125921875 0.665625 0.1656251859375 0.665625 0.164062221875 0.6609378203125 0.164062221875 0.659375 0.1625 0.65625 0.1625 0.6546878203125 0.16093777812500001 0.653125 0.16093777812500001 0.646875 0.1546874078125 0.646875 0.1531251859375 0.640625 0.1468748140625 0.640625 0.14531259218749998 0.6375 0.14531259218749998 0.6359378203125 0.1437503703125 0.6234378203125 0.1437503703125 0.621875 0.14531259218749998 0.6203128203125 0.14531259218749998 0.6171878203125 0.148437778125 0.615625 0.148437778125
37 0.6 0.725 0.5953128203125 0.7296874078125 0.59375 0.7296874078125 0.590625 0.7328125921875001 0.5890628203125 0.7328125921875001 0.584375 0.7375 0.5828128203125 0.7375 0.58125 0.739062221875 0.5796878203125 0.739062221875 0.5796878203125 0.7406251859374999 0.578125 0.7421874078124999 0.5765628203125 0.7421874078124999 0.5671878203125 0.751562221875 0.5671878203125 0.8078125921874999 0.56875 0.8093748140624999 0.56875 0.810937778125 0.5703128203125 0.8125 0.5703128203125 0.814062221875 0.5734378203125 0.8171874078125001 0.5734378203125 0.8187503703125 0.575 0.8203125921875 0.575 0.825 0.5765628203125 0.826562221875 0.5765628203125 0.8312503703124999 0.578125 0.8328125921874999 0.578125 0.8343748140624999 0.5796878203125 0.835937778125 0.5796878203125 0.8375 0.58125 0.839062221875 0.58125 0.848437778125 0.5828128203125 0.85 0.5828128203125 0.851562221875 0.5859378203125 0.8546874078125001 0.5875 0.8546874078125001 0.5890628203125 0.8562503703125 0.590625 0.8562503703125 0.5953128203125 0.860937778125 0.6015628203125 0.860937778125 0.603125 0.8625 0.60625 0.8625 0.6078128203125 0.864062221875 0.609375 0.864062221875 0.6109378203125 0.8656251859375 0.6140628203125 0.8656251859375 0.621875 0.873437778125 0.6234378203125 0.873437778125 0.6265628203125 0.876562221875 0.6265628203125 0.8781251859375001 0.628125 0.8796874078125001 0.63125 0.8796874078125001 0.6328128203125 0.8812503703125 0.634375 0.8812503703125 0.6359378203125 0.8796874078125001 0.640625 0.8796874078125001 0.6421878203125 0.8781251859375001 0.64375 0.8781251859375001 0.646875 0.875 0.6484378203125 0.875 0.6515628203125 0.8718748140624999 0.653125 0.8718748140624999 0.659375 0.8656251859375 0.6609378203125 0.8656251859375 0.665625 0.860937778125 0.66875 0.860937778125 0.6703128203125 0.8593748140624999 0.671875 0.8593748140624999 0.6765628203125 0.8546874078125001 0.678125 0.8546874078125001 0.684375 0.848437778125 0.6859378203125 0.848437778125 0.6921878203125 0.8421874078125 0.6921878203125 0.8375 0.69375 0.835937778125 0.69375 0.8156251859375001 0.6953128203125 0.814062221875 0.6953128203125 0.7578125921875001 0.6921878203125 0.7546874078125 0.6921878203125 0.7531251859375 0.6875 0.748437778125 0.6859378203125 0.748437778125 0.6765628203125 0.739062221875 0.675 0.739062221875 0.6734378203125 0.7375 0.671875 0.7375 0.6703128203125 0.735937778125 0.66875 0.735937778125 0.6640628203125 0.7312503703125001 0.6609378203125 0.7312503703125001 0.659375 0.7296874078125 0.6578128203125 0.7296874078125 0.6546878203125 0.726562221875 0.653125 0.726562221875 0.6515628203125 0.725 0.65 0.725 0.6453128203125 0.7203125921875 0.64375 0.7203125921875 0.6421878203125 0.7187503703125 0.609375 0.7187503703125 0.6078128203125 0.7203125921875 0.60625 0.7203125921875 0.6015628203125 0.725 0.6 0.725
35 0.184375 0.4375 0.18281282031249999 0.439062221875 0.1796878203125 0.439062221875 0.17656282031249998 0.4421874078125 0.175 0.4421874078125 0.1734378203125 0.44375037031250003 0.171875 0.44375037031250003 0.16875 0.4468748140625 0.16718782031249999 0.4468748140625 0.1640628203125 0.45 0.159375 0.45 0.1578128203125 0.451562221875 0.15625 0.451562221875 0.153125 0.45468740781249994 0.15156282031249999 0.45468740781249994 0.15 0.45625037031250004 0.146875 0.45625037031250004 0.14531282031249998 0.45781259218750003 0.14375 0.45781259218750003 0.14375 0.4593748140625 0.1421878203125 0.46093777812500003 0.140625 0.46093777812500003 0.1390628203125 0.4625 0.1390628203125 0.5546874078124999 0.140625 0.5546874078124999 0.1484378203125 0.5625 0.15 0.5625 0.153125 0.5656251859375 0.1546878203125 0.5656251859375 0.15625 0.5671874078125 0.159375 0.5671874078125 0.1625 0.5703125921875001 0.1625 0.5718748140625001 0.1640628203125 0.5718748140625001 0.165625 0.573437778125 0.171875 0.573437778125 0.1734378203125 0.575 0.175 0.575 0.17656282031249998 0.576562221875 0.178125 0.576562221875 0.18125 0.573437778125 0.1859378203125 0.573437778125 0.1875 0.5718748140625001 0.1890628203125 0.5718748140625001 0.19218782031249998 0.5687503703125001 0.19375 0.5687503703125001 0.1953128203125 0.5671874078125 0.2015628203125 0.5671874078125 0.203125 0.5687503703125001 0.2046878203125 0.5687503703125001 0.209375 0.573437778125 0.228125 0.573437778125 0.22968782031249999 0.5718748140625001 0.23125 0.5718748140625001 0.234375 0.5687503703125001 0.2359378203125 0.5687503703125001 0.2375 0.5671874078125 0.240625 0.5671874078125 0.2421878203125 0.5656251859375 0.24375 0.5656251859375 0.246875 0.5625 0.2484378203125 0.5625 0.25 0.560937778125 0.253125 0.560937778125 0.2546878203125 0.5593748140625 0.2546878203125 0.5578125921875 0.2609378203125 0.551562221875 0.2609378203125 0.5171874078124999 0.2625 0.5156251859375 0.2625 0.5125 0.2609378203125 0.510937778125 0.2609378203125 0.5093748140625001 0.2625 0.5078125921875001 0.2625 0.5 0.2609378203125 0.498437778125 0.2609378203125 0.489062221875 0.259375 0.4875 0.259375 0.485937778125 0.2546878203125 0.48125037031250006 0.2515628203125 0.48125037031250006 0.2484378203125 0.4781251859375 0.2484378203125 0.475 0.24375 0.47031259218750004 0.24375 0.46875037031250005 0.2421878203125 0.46718740781249996 0.2421878203125 0.46562518593749996 0.240625 0.464062221875 0.240625 0.4625 0.2359378203125 0.45781259218750003 0.2359378203125 0.45625037031250004 0.225 0.4453125921875 0.22343782031249998 0.4453125921875 0.2171878203125 0.439062221875 0.215625 0.439062221875 0.21406282031249999 0.4375 0.209375 0.4375 0.20781282031249998 0.435937778125 0.2046878203125 0.435937778125 0.203125 0.4343748140625 0.2015628203125 0.4343748140625 0.2 0.435937778125 0.196875 0.435937778125 0.1953128203125 0.4375 0.184375 0.4375
37 0.2640628203125 0.28906222187499997 0.2625 0.29062518593750003 0.2609378203125 0.29062518593750003 0.259375 0.2921874078125 0.25781282031249997 0.2921874078125 0.25625 0.2937503703125 0.253125 0.2937503703125 0.2515628203125 0.2953125921875 0.25 0.2953125921875 0.25 0.2968748140625 0.2484378203125 0.298437778125 0.246875 0.298437778125 0.24531282031249999 0.3 0.24375 0.3 0.2421878203125 0.301562221875 0.240625 0.301562221875 0.2375 0.30468740781250003 0.2359378203125 0.30468740781250003 0.234375 0.3062503703125 0.2328128203125 0.3062503703125 0.225 0.314062221875 0.225 0.3187503703125 0.22343782031249998 0.32031259218749997 0.22343782031249998 0.32187481406249996 0.21875 0.326562221875 0.21875 0.3281251859375 0.2109378203125 0.33593777812500003 0.2109378203125 0.4156251859375 0.2125 0.41718740781249997 0.21406282031249999 0.41718740781249997 0.2203128203125 0.423437778125 0.221875 0.423437778125 0.22343782031249998 0.425 0.225 0.425 0.2265628203125 0.426562221875 0.228125 0.426562221875 0.22968782031249999 0.4281251859375 0.23125 0.4281251859375 0.2328128203125 0.4296874078125 0.240625 0.4296874078125 0.2421878203125 0.4281251859375 0.24375 0.4281251859375 0.246875 0.425 0.2484378203125 0.425 0.25 0.423437778125 0.2703128203125 0.423437778125 0.2765628203125 0.4296874078125 0.28125 0.4296874078125 0.2828128203125 0.4312503703125 0.2921878203125 0.4312503703125 0.29375 0.4296874078125 0.2984378203125 0.4296874078125 0.3015628203125 0.426562221875 0.303125 0.426562221875 0.30468782031249997 0.425 0.30625 0.425 0.3078128203125 0.423437778125 0.315625 0.423437778125 0.3171878203125 0.42187481406250005 0.3171878203125 0.42031259218750006 0.32031282031249997 0.41718740781249997 0.325 0.41718740781249997 0.3265628203125 0.4156251859375 0.328125 0.4156251859375 0.3296878203125 0.41406222187499997 0.3296878203125 0.4125 0.33125 0.410937778125 0.3328128203125 0.410937778125 0.33593782031249997 0.40781259218750004 0.33593782031249997 0.389062221875 0.3375 0.3875 0.3375 0.3437503703125 0.33593782031249997 0.3421874078125 0.33593782031249997 0.339062221875 0.334375 0.3375 0.33125 0.3375 0.3296878203125 0.33593777812500003 0.3265628203125 0.33593777812500003 0.325 0.33437481406249997 0.325 0.3328125921875 0.321875 0.3296874078125 0.321875 0.3281251859375 0.31875 0.325 0.31875 0.323437778125 0.3171878203125 0.32187481406249996 0.3171878203125 0.314062221875 0.309375 0.3062503703125 0.3078128203125 0.3062503703125 0.303125 0.301562221875 0.3015628203125 0.301562221875 0.3 0.3 0.2984378203125 0.3 0.296875 0.298437778125 0.2953128203125 0.298437778125 0.2859378203125 0.28906222187499997 0.284375 0.28906222187499997 0.2828128203125 0.2875 0.278125 0.2875 0.2765628203125 0.285937778125 0.275 0.2875 0.26875 0.2875 0.2671878203125 0.28906222187499997 0.2640628203125 0.28906222187499997
17 0.690625 0.2937503703125 0.6890628203125 0.2953125921875 0.6875 0.2953125921875 0.6875 0.2968748140625 0.6828128203125 0.301562221875 0.6765628203125 0.301562221875 0.6734378203125 0.30468740781250003 0.6703128203125 0.30468740781250003 0.66875 0.3062503703125 0.6640628203125 0.3062503703125 0.6625 0.3078125921875 0.6609378203125 0.3078125921875 0.6578128203125 0.310937778125 0.65625 0.310937778125 0.6546878203125 0.3125 0.653125 0.3125 0.6515628203125 0.314062221875 0.6484378203125 0.314062221875 0.64375 0.3187503703125 0.64375 0.32031259218749997 0.6421878203125 0.32187481406249996 0.6421878203125 0.323437778125 0.6390628203125 0.326562221875 0.6390628203125 0.3296874078125 0.6375 0.3312503703125 0.6375 0.410937778125 0.6390628203125 0.4125 0.6390628203125 0.41406222187499997 0.640625 0.4156251859375 0.6421878203125 0.4156251859375 0.6453128203125 0.41875037031250006 0.646875 0.41875037031250006 0.6515628203125 0.423437778125 0.6546878203125 0.423437778125 0.659375 0.4281251859375 0.6609378203125 0.4281251859375 0.6625 0.4296874078125 0.665625 0.4296874078125 0.671875 0.435937778125 0.6765628203125 0.435937778125 0.6828128203125 0.4421874078125 0.684375 0.4421874078125 0.6890628203125 0.4468748140625 0.690625 0.4468748140625 0.6921878203125 0.448437778125 0.7109378203125 0.448437778125 0.7125 0.4468748140625 0.7140628203125 0.4468748140625 0.7171878203125 0.44375037031250003 0.71875 0.44375037031250003 0.7203128203125 0.4421874078125 0.721875 0.4421874078125 0.728125 0.435937778125 0.7328128203125 0.435937778125 0.7375 0.4312503703125 0.7390628203125 0.4312503703125 0.740625 0.4296874078125 0.74375 0.4296874078125 0.7453128203125 0.4281251859375 0.746875 0.4281251859375 0.7515628203125 0.423437778125 0.7546878203125 0.423437778125 0.7625 0.4156251859375 0.7625 0.41406222187499997 0.765625 0.410937778125 0.765625 0.326562221875 0.7609378203125 0.32187481406249996 0.7609378203125 0.32031259218749997 0.759375 0.3187503703125 0.7578128203125 0.3187503703125 0.753125 0.314062221875 0.7515628203125 0.314062221875 0.75 0.3125 0.7484378203125 0.3125 0.746875 0.310937778125 0.7453128203125 0.310937778125 0.740625 0.3062503703125 0.7390628203125 0.3062503703125 0.7375 0.30468740781250003 0.7359378203125 0.30468740781250003 0.7328128203125 0.301562221875 0.73125 0.301562221875 0.7296878203125 0.3 0.7265628203125 0.3 0.721875 0.2953125921875 0.7203128203125 0.2953125921875 0.71875 0.2937503703125 0.715625 0.2937503703125 0.7140628203125 0.2921874078125 0.7109378203125 0.2921874078125 0.709375 0.29062518593750003 0.7 0.29062518593750003 0.6984378203125 0.2921874078125 0.69375 0.2921874078125 0.6921878203125 0.2937503703125 0.690625 0.2937503703125
37 0.7578128203125 0.4312503703125 0.75625 0.4328125921875 0.7546878203125 0.4328125921875 0.7515628203125 0.435937778125 0.75 0.435937778125 0.7484378203125 0.4375 0.7453128203125 0.4375 0.74375 0.439062221875 0.74375 0.4406251859375 0.7421878203125 0.4421874078125 0.740625 0.4421874078125 0.7390628203125 0.44375037031250003 0.7375 0.44375037031250003 0.7359378203125 0.4453125921875 0.734375 0.4453125921875 0.7296878203125 0.45 0.7265628203125 0.45 0.7109378203125 0.46562518593749996 0.7109378203125 0.5328125921875 0.7125 0.5343748140625 0.7125 0.539062221875 0.715625 0.5421874078125 0.7203128203125 0.5421874078125 0.721875 0.5437503703125001 0.7234378203125 0.5437503703125001 0.725 0.5453125921875001 0.725 0.5468748140625 0.7265628203125 0.548437778125 0.728125 0.548437778125 0.73125 0.551562221875 0.73125 0.5593748140625 0.7328128203125 0.560937778125 0.7328128203125 0.564062221875 0.7359378203125 0.5671874078125 0.7359378203125 0.5687503703125001 0.740625 0.573437778125 0.7421878203125 0.573437778125 0.74375 0.575 0.746875 0.575 0.7484378203125 0.576562221875 0.7515628203125 0.576562221875 0.753125 0.5781251859375 0.7546878203125 0.5781251859375 0.75625 0.5796874078124999 0.7578128203125 0.5796874078124999 0.759375 0.5812503703125 0.7609378203125 0.5812503703125 0.7640628203125 0.5843748140625 0.765625 0.5843748140625 0.7671878203125 0.585937778125 0.76875 0.585937778125 0.771875 0.589062221875 0.7734378203125 0.589062221875 0.775 0.5906251859375 0.7765628203125 0.5906251859375 0.778125 0.5921874078125 0.7796878203125 0.5921874078125 0.78125 0.5906251859375 0.784375 0.5906251859375 0.7859378203125 0.589062221875 0.7875 0.589062221875 0.7890628203125 0.5875 0.790625 0.5875 0.7921878203125 0.585937778125 0.79375 0.585937778125 0.7953128203125 0.5843748140625 0.796875 0.5843748140625 0.8 0.5812503703125 0.8015628203125 0.5812503703125 0.803125 0.5796874078124999 0.8046878203125001 0.5796874078124999 0.80625 0.5781251859375 0.8078128203125001 0.5781251859375 0.8109378203125001 0.575 0.8125 0.575 0.8140628203125001 0.573437778125 0.815625 0.573437778125 0.8203128203125001 0.5687503703125001 0.821875 0.5687503703125001 0.825 0.5656251859375 0.8265628203125001 0.5656251859375 0.834375 0.5578125921875 0.834375 0.5562503703125 0.8359378203125001 0.5546874078124999 0.8359378203125001 0.551562221875 0.8375 0.55 0.8375 0.5453125921875001 0.8390628203125001 0.5437503703125001 0.8390628203125001 0.47031259218750004 0.8375 0.46875037031250005 0.8375 0.46718740781249996 0.8359378203125001 0.46562518593749996 0.8359378203125001 0.464062221875 0.834375 0.4625 0.8328128203125 0.4625 0.821875 0.451562221875 0.8203128203125001 0.451562221875 0.81875 0.45 0.8171878203125 0.45 0.815625 0.448437778125 0.8140628203125001 0.448437778125 0.809375 0.44375037031250003 0.8078128203125001 0.44375037031250003 0.80625 0.4421874078125 0.8046878203125001 0.4421874078125 0.8015628203125 0.439062221875 0.8 0.439062221875 0.7984378203125 0.4375 0.7953128203125 0.4375 0.79375 0.435937778125 0.7921878203125 0.435937778125 0.7890628203125 0.4328125921875 0.7875 0.4328125921875 0.7859378203125 0.4312503703125 0.7828128203125 0.4312503703125 0.78125 0.4296874078125 0.7796878203125 0.4296874078125 0.7765628203125 0.426562221875 0.7671878203125 0.426562221875 0.7640628203125 0.4296874078125 0.7609378203125 0.4296874078125 0.759375 0.4312503703125 0.7578128203125 0.4312503703125
36 0.6765628203125 0.5875 0.671875 0.5921874078125 0.66875 0.5921874078125 0.6671878203125 0.5937503703125 0.6640628203125 0.5937503703125 0.659375 0.598437778125 0.6578128203125 0.598437778125 0.65625 0.6 0.653125 0.6 0.646875 0.6062503703125001 0.6453128203125 0.6062503703125001 0.6421878203125 0.6093748140625 0.6421878203125 0.6656251859375 0.64375 0.6671874078125 0.64375 0.6703125921875001 0.65 0.676562221875 0.65 0.689062221875 0.6515628203125 0.6906251859375 0.6515628203125 0.6937503703125001 0.653125 0.6953125921875001 0.653125 0.6968748140625001 0.6546878203125 0.698437778125 0.6546878203125 0.7 0.65625 0.701562221875 0.65625 0.7062503703125 0.665625 0.7156251859375 0.66875 0.7156251859375 0.6703128203125 0.7171874078125 0.675 0.7171874078125 0.6765628203125 0.7187503703125 0.6796878203125 0.7187503703125 0.68125 0.7203125921875 0.6828128203125 0.7203125921875 0.6875 0.725 0.6890628203125 0.725 0.6921878203125 0.7281251859375 0.69375 0.7281251859375 0.6953128203125 0.7296874078125 0.6984378203125 0.7296874078125 0.7 0.7312503703125001 0.70625 0.7312503703125001 0.7078128203125 0.7328125921875001 0.709375 0.7312503703125001 0.7125 0.7312503703125001 0.7140628203125 0.7296874078125 0.715625 0.7296874078125 0.7171878203125 0.7281251859375 0.71875 0.7281251859375 0.721875 0.725 0.7234378203125 0.725 0.725 0.723437778125 0.7265628203125 0.723437778125 0.728125 0.7218748140625 0.7296878203125 0.7218748140625 0.734375 0.7171874078125 0.7390628203125 0.7171874078125 0.740625 0.7156251859375 0.7421878203125 0.7156251859375 0.7421878203125 0.714062221875 0.7453128203125 0.710937778125 0.746875 0.710937778125 0.746875 0.7093748140625 0.7484378203125 0.7078125921875 0.7484378203125 0.6937503703125001 0.75 0.6921874078125 0.75 0.689062221875 0.753125 0.685937778125 0.753125 0.6828125921875 0.7546878203125 0.6812503703125 0.7546878203125 0.673437778125 0.75625 0.6718748140625 0.75625 0.6703125921875001 0.7609378203125 0.6656251859375 0.7609378203125 0.6625 0.7625 0.660937778125 0.7625 0.6593748140625 0.7640628203125 0.6578125921875 0.7640628203125 0.6562503703125 0.765625 0.6546874078125 0.765625 0.623437778125 0.7625 0.6203125921875 0.7625 0.6187503703125 0.7609378203125 0.6171874078124999 0.7609378203125 0.6078125921875001 0.753125 0.6 0.746875 0.6 0.7453128203125 0.598437778125 0.74375 0.598437778125 0.740625 0.5953125921875 0.7390628203125 0.5953125921875 0.7375 0.5937503703125 0.73125 0.5937503703125 0.7296878203125 0.5921874078125 0.728125 0.5921874078125 0.7265628203125 0.5906251859375 0.725 0.5906251859375 0.7234378203125 0.589062221875 0.721875 0.589062221875 0.7203128203125 0.5875 0.7171878203125 0.5875 0.715625 0.585937778125 0.7140628203125 0.585937778125 0.7109378203125 0.5828125921875 0.6875 0.5828125921875 0.6859378203125 0.5843748140625 0.6828128203125 0.5843748140625 0.6796878203125 0.5875 0.6765628203125 0.5875
36 0.61875 0.4375 0.6171878203125 0.439062221875 0.6140628203125 0.439062221875 0.609375 0.44375037031250003 0.603125 0.44375037031250003 0.596875 0.45 0.5921878203125 0.45 0.590625 0.451562221875 0.5890628203125 0.451562221875 0.5875 0.45312518593749995 0.5875 0.46718740781249996 0.5890628203125 0.46875037031250005 0.5890628203125 0.47031259218750004 0.5921878203125 0.473437778125 0.5921878203125 0.475 0.5953128203125 0.4781251859375 0.5953128203125 0.47968740781249997 0.5984378203125 0.48281259218750006 0.5984378203125 0.48437481406250005 0.6 0.485937778125 0.6 0.4906251859375 0.6015628203125 0.4921874078125 0.6015628203125 0.4937503703125 0.6046878203125 0.4968748140625 0.6046878203125 0.498437778125 0.60625 0.5 0.60625 0.501562221875 0.6078128203125 0.5031251859375 0.6078128203125 0.5046874078125 0.60625 0.5062503703125001 0.60625 0.510937778125 0.5984378203125 0.5187503703125 0.596875 0.5187503703125 0.5921878203125 0.523437778125 0.590625 0.523437778125 0.5890628203125 0.525 0.5734378203125 0.525 0.571875 0.526562221875 0.5703128203125 0.526562221875 0.56875 0.5281251859375 0.56875 0.551562221875 0.575 0.5578125921875 0.575 0.5593748140625 0.5765628203125 0.5593748140625 0.5796878203125 0.5625 0.58125 0.5625 0.5828128203125 0.564062221875 0.5828128203125 0.5656251859375 0.584375 0.5656251859375 0.5859378203125 0.5671874078125 0.5890628203125 0.5671874078125 0.5953128203125 0.573437778125 0.5984378203125 0.573437778125 0.603125 0.5781251859375 0.6046878203125 0.5781251859375 0.60625 0.5796874078124999 0.609375 0.5796874078124999 0.6125 0.5828125921875 0.6140628203125 0.5828125921875 0.615625 0.5843748140625 0.6171878203125 0.5843748140625 0.61875 0.585937778125 0.63125 0.585937778125 0.6328128203125 0.5843748140625 0.634375 0.5843748140625 0.6375 0.5812503703125 0.640625 0.5812503703125 0.6421878203125 0.5796874078124999 0.64375 0.5796874078124999 0.6453128203125 0.5781251859375 0.646875 0.5781251859375 0.6515628203125 0.573437778125 0.65625 0.573437778125 0.6578128203125 0.5718748140625001 0.659375 0.5718748140625001 0.6671878203125 0.564062221875 0.6671878203125 0.5468748140625 0.66875 0.5453125921875001 0.66875 0.539062221875 0.671875 0.535937778125 0.671875 0.5328125921875 0.6734378203125 0.5312503703125 0.6734378203125 0.526562221875 0.6765628203125 0.523437778125 0.678125 0.523437778125 0.6796878203125 0.5218748140625 0.6796878203125 0.5203125921875 0.690625 0.5093748140625001 0.690625 0.5078125921875001 0.6921878203125 0.5062503703125001 0.6921878203125 0.47031259218750004 0.684375 0.4625 0.6828128203125 0.4625 0.68125 0.46093777812500003 0.6796878203125 0.46093777812500003 0.6765628203125 0.45781259218750003 0.675 0.45781259218750003 0.6734378203125 0.45625037031250004 0.671875 0.45625037031250004 0.6703128203125 0.45468740781249994 0.66875 0.45468740781249994 0.6671878203125 0.45312518593749995 0.6671878203125 0.451562221875 0.665625 0.451562221875 0.6640628203125 0.45 0.6609378203125 0.45 0.65625 0.4453125921875 0.6546878203125 0.4453125921875 0.6515628203125 0.4421874078125 0.65 0.4421874078125 0.6453128203125 0.4375 0.640625 0.4375 0.6390628203125 0.435937778125 0.634375 0.435937778125 0.6328128203125 0.4343748140625 0.63125 0.4343748140625 0.6296878203125 0.4328125921875 0.6265628203125 0.4328125921875 0.625 0.4343748140625 0.6234378203125 0.4343748140625 0.6203128203125 0.4375 0.61875 0.4375
34 0.54375 0.814062221875 0.54375 0.8171874078125001 0.5421878203125 0.8187503703125 0.5421878203125 0.8203125921875 0.5390628203125 0.823437778125 0.5390628203125 0.8562503703125 0.540625 0.8562503703125 0.5421878203125 0.8578125921875 0.5421878203125 0.8593748140624999 0.54375 0.8593748140624999 0.5453128203125 0.860937778125 0.571875 0.860937778125 0.5734378203125 0.8593748140624999 0.5734378203125 0.8578125921875 0.5765628203125 0.8546874078125001 0.578125 0.8546874078125001 0.578125 0.8375 0.5765628203125 0.835937778125 0.5765628203125 0.8343748140624999 0.575 0.8328125921874999 0.575 0.825 0.5734378203125 0.823437778125 0.5734378203125 0.8156251859375001 0.5671878203125 0.8093748140624999 0.5671878203125 0.8078125921874999 0.55 0.8078125921874999 0.55 0.8093748140624999 0.546875 0.8125 0.5453128203125 0.8125 0.54375 0.814062221875
2 0.24375 0.4421874078125 0.2421878203125 0.44375037031250003 0.2421878203125 0.45468740781249994 0.24375 0.45625037031250004 0.24375 0.46562518593749996 0.25 0.47187481406250004 0.25 0.4781251859375 0.2515628203125 0.47968740781249997 0.290625 0.47968740781249997 0.2921878203125 0.4781251859375 0.2921878203125 0.47656222187499997 0.2953128203125 0.473437778125 0.296875 0.473437778125 0.2984378203125 0.47187481406250004 0.2984378203125 0.45625037031250004 0.2921878203125 0.45 0.290625 0.45 0.28125 0.4406251859375 0.28125 0.439062221875 0.2796878203125 0.4375 0.2796878203125 0.4343748140625 0.27343782031249997 0.4281251859375 0.27343782031249997 0.426562221875 0.271875 0.425 0.2703128203125 0.425 0.26875 0.423437778125 0.25 0.423437778125 0.2484378203125 0.425 0.246875 0.425 0.24375 0.4281251859375 0.24375 0.4421874078125
12 0.5390628203125 0.4281251859375 0.5421878203125 0.4281251859375 0.5453128203125 0.425 0.5484378203125 0.425 0.55 0.423437778125 0.559375 0.423437778125 0.5609378203125 0.425 0.5625 0.425 0.565625 0.4281251859375 0.5671878203125 0.4281251859375 0.56875 0.4296874078125 0.578125 0.4296874078125 0.5796878203125 0.4281251859375 0.58125 0.4281251859375 0.584375 0.425 0.584375 0.423437778125 0.5859378203125 0.42187481406250005 0.5859378203125 0.3703125921875 0.584375 0.3687503703125 0.58125 0.3687503703125 0.5796878203125 0.36718740781250003 0.534375 0.36718740781250003 0.5328128203125 0.3687503703125 0.5328128203125 0.423437778125 0.534375 0.423437778125 0.5390628203125 0.4281251859375
25 0.13593782031249999 0.575 0.1375 0.575 0.1390628203125 0.576562221875 0.1390628203125 0.5781251859375 0.140625 0.5781251859375 0.1421878203125 0.5796874078124999 0.14531282031249998 0.5796874078124999 0.15156282031249999 0.585937778125 0.153125 0.585937778125 0.15625 0.589062221875 0.15625 0.5906251859375 0.1578128203125 0.5921874078125 0.159375 0.5921874078125 0.1625 0.5953125921875 0.1625 0.5968748140625 0.1640628203125 0.598437778125 0.16875 0.598437778125 0.1703128203125 0.6 0.171875 0.6 0.1734378203125 0.601562221875 0.17656282031249998 0.601562221875 0.17656282031249998 0.5781251859375 0.171875 0.573437778125 0.1703128203125 0.573437778125 0.16875 0.5718748140625001 0.16875 0.5703125921875001 0.16718782031249999 0.5703125921875001 0.165625 0.5687503703125001 0.1640628203125 0.5687503703125001 0.16093782031249998 0.5656251859375 0.16093782031249998 0.564062221875 0.159375 0.5625 0.1578128203125 0.5625 0.153125 0.5578125921875 0.15156282031249999 0.5578125921875 0.15 0.5562503703125 0.13125 0.5562503703125 0.13125 0.5718748140625001 0.1328128203125 0.573437778125 0.134375 0.573437778125 0.13593782031249999 0.575
31 0.5390628203125 0.4312503703125 0.5390628203125 0.473437778125 0.5453128203125 0.47968740781249997 0.5703128203125 0.47968740781249997 0.575 0.475 0.575 0.473437778125 0.5765628203125 0.47187481406250004 0.578125 0.47187481406250004 0.578125 0.46875037031250005 0.5796878203125 0.46718740781249996 0.5796878203125 0.439062221875 0.578125 0.4375 0.578125 0.435937778125 0.5765628203125 0.435937778125 0.575 0.4343748140625 0.575 0.4312503703125 0.5734378203125 0.4296874078125 0.5734378203125 0.426562221875 0.54375 0.426562221875 0.5421878203125 0.4281251859375 0.5421878203125 0.4296874078125 0.540625 0.4312503703125 0.5390628203125 0.4312503703125
11 0.459375 0.2796874078125 0.4640628203125 0.2843748140625 0.50625 0.2843748140625 0.5109378203125 0.2796874078125 0.5109378203125 0.2781251859375 0.5125 0.276562221875 0.5125 0.275 0.5140628203125 0.27343777812500003 0.5140628203125 0.2312503703125 0.5125 0.22968740781250002 0.5125 0.22812518593750003 0.50625 0.22187481406249998 0.4625 0.22187481406249998 0.459375 0.225 0.4578128203125 0.225 0.4578128203125 0.2796874078125 0.459375 0.2796874078125
37 0.334375 0.1437503703125 0.3328128203125 0.14531259218749998 0.3265628203125 0.14531259218749998 0.3265628203125 0.1468748140625 0.3234378203125 0.15 0.321875 0.15 0.315625 0.1562503703125 0.30625 0.1562503703125 0.30468782031249997 0.1578125921875 0.303125 0.1578125921875 0.3 0.16093777812500001 0.3 0.1625 0.29375 0.1687503703125 0.29375 0.1796874078125 0.2921878203125 0.1812503703125 0.2921878203125 0.18281259218749998 0.28906282031249997 0.185937778125 0.28906282031249997 0.1875 0.2875 0.189062221875 0.2875 0.1906251859375 0.284375 0.1937503703125 0.2828128203125 0.1937503703125 0.28125 0.1953125921875 0.28125 0.19687481406250001 0.2765628203125 0.201562221875 0.2765628203125 0.2671874078125 0.28125 0.27187481406249997 0.2828128203125 0.27187481406249997 0.284375 0.27343777812500003 0.28906282031249997 0.27343777812500003 0.290625 0.275 0.2921878203125 0.275 0.29375 0.276562221875 0.29375 0.2781251859375 0.2953128203125 0.2781251859375 0.296875 0.2796874078125 0.2984378203125 0.2796874078125 0.3 0.2812503703125 0.303125 0.2812503703125 0.30625 0.2843748140625 0.3109378203125 0.2843748140625 0.3125 0.285937778125 0.321875 0.285937778125 0.3234378203125 0.2843748140625 0.325 0.2843748140625 0.328125 0.2812503703125 0.33125 0.2812503703125 0.3328128203125 0.2796874078125 0.35156282031249997 0.2796874078125 0.353125 0.2812503703125 0.3546878203125 0.2812503703125 0.35625 0.2828125921875 0.3578128203125 0.2828125921875 0.359375 0.2843748140625 0.3609378203125 0.2843748140625 0.3625 0.285937778125 0.36875 0.285937778125 0.3703128203125 0.2843748140625 0.371875 0.2843748140625 0.375 0.2812503703125 0.3765628203125 0.2812503703125 0.378125 0.2796874078125 0.384375 0.2796874078125 0.3859378203125 0.2781251859375 0.3890628203125 0.2781251859375 0.3921878203125 0.275 0.39375 0.275 0.3953128203125 0.27343777812500003 0.396875 0.27343777812500003 0.39843782031249997 0.27187481406249997 0.4 0.27187481406249997 0.4046878203125 0.2671874078125 0.40625 0.2671874078125 0.40625 0.1937503703125 0.403125 0.1937503703125 0.3921878203125 0.18281259218749998 0.3921878203125 0.175 0.390625 0.173437778125 0.390625 0.1718748140625 0.3890628203125 0.1703125921875 0.3890628203125 0.1687503703125 0.3859378203125 0.1656251859375 0.3859378203125 0.164062221875 0.38281282031249997 0.16093777812500001 0.38125 0.16093777812500001 0.378125 0.1578125921875 0.3765628203125 0.1578125921875 0.375 0.1562503703125 0.3734378203125 0.1562503703125 0.36875 0.15156222187499999 0.36718782031249997 0.15156222187499999 0.365625 0.15 0.3640628203125 0.15 0.3625 0.148437778125 0.3609378203125 0.148437778125 0.3546878203125 0.1421874078125 0.353125 0.1421874078125 0.35156282031249997 0.1406251859375 0.34375 0.1406251859375 0.3421878203125 0.1421874078125 0.3390628203125 0.1421874078125 0.3375 0.1437503703125 0.334375 0.1437503703125
32 0.325 0.29062518593750003 0.3234378203125 0.2921874078125 0.3234378203125 0.326562221875 0.325 0.3281251859375 0.325 0.3296874078125 0.3296878203125 0.33437481406249997 0.33125 0.33437481406249997 0.3328128203125 0.33593777812500003 0.35156282031249997 0.33593777812500003 0.3609378203125 0.326562221875 0.3609378203125 0.2921874078125 0.359375 0.29062518593750003 0.359375 0.28906222187499997 0.3546878203125 0.2843748140625 0.3546878203125 0.2828125921875 0.353125 0.2812503703125 0.328125 0.2812503703125 0.3265628203125 0.2828125921875 0.3265628203125 0.2843748140625 0.325 0.285937778125 0.325 0.29062518593750003
32 0.18281282031249999 0.2875 0.18125 0.28906222187499997 0.18125 0.30312518593750004 0.1796878203125 0.30468740781250003 0.1796878203125 0.3062503703125 0.178125 0.3078125921875 0.178125 0.3296874078125 0.1796878203125 0.3296874078125 0.18125 0.3312503703125 0.18125 0.3328125921875 0.18281282031249999 0.33437481406249997 0.184375 0.33437481406249997 0.1859378203125 0.33593777812500003 0.209375 0.33593777812500003 0.2109378203125 0.33437481406249997 0.2109378203125 0.3328125921875 0.21406282031249999 0.3296874078125 0.215625 0.3296874078125 0.2171878203125 0.3281251859375 0.2171878203125 0.325 0.21875 0.323437778125 0.21875 0.32187481406249996 0.2203128203125 0.32031259218749997 0.2203128203125 0.3078125921875 0.21875 0.3062503703125 0.21875 0.30468740781250003 0.2171878203125 0.30312518593750004 0.2171878203125 0.28906222187499997 0.209375 0.2812503703125 0.1890628203125 0.2812503703125 0.1875 0.2828125921875 0.1875 0.2843748140625 0.184375 0.2875 0.18281282031249999 0.2875
26 0.38125 0.2781251859375 0.378125 0.2812503703125 0.3765628203125 0.2812503703125 0.375 0.2828125921875 0.375 0.2843748140625 0.371875 0.2875 0.3703128203125 0.2875 0.36875 0.28906222187499997 0.36875 0.29062518593750003 0.36718782031249997 0.2921874078125 0.36718782031249997 0.310937778125 0.375 0.310937778125 0.3765628203125 0.3093748140625 0.378125 0.3093748140625 0.378125 0.3078125921875 0.3796878203125 0.3062503703125 0.38125 0.3062503703125 0.38281282031249997 0.30468740781250003 0.384375 0.30468740781250003 0.3859378203125 0.30312518593750004 0.3859378203125 0.301562221875 0.3890628203125 0.298437778125 0.3921878203125 0.298437778125 0.39375 0.2968748140625 0.396875 0.2968748140625 0.396875 0.2953125921875 0.39843782031249997 0.2937503703125 0.4 0.2937503703125 0.4015628203125 0.2921874078125 0.403125 0.2921874078125 0.4046878203125 0.29062518593750003 0.4046878203125 0.28906222187499997 0.4078128203125 0.285937778125 0.409375 0.285937778125 0.4109378203125 0.2843748140625 0.4109378203125 0.2703125921875 0.39375 0.2703125921875 0.3890628203125 0.275 0.38281282031249997 0.275 0.38125 0.276562221875 0.38125 0.2781251859375
27 0.5875 0.301562221875 0.5875 0.30312518593750004 0.5890628203125 0.30468740781250003 0.590625 0.30468740781250003 0.596875 0.310937778125 0.603125 0.310937778125 0.60625 0.314062221875 0.60625 0.3156251859375 0.6078128203125 0.3171874078125 0.609375 0.3171874078125 0.615625 0.323437778125 0.621875 0.323437778125 0.6234378203125 0.32187481406249996 0.6234378203125 0.3187503703125 0.625 0.3171874078125 0.625 0.310937778125 0.6234378203125 0.3093748140625 0.6234378203125 0.30468740781250003 0.621875 0.30312518593750004 0.621875 0.301562221875 0.6203128203125 0.3 0.61875 0.3 0.6171878203125 0.298437778125 0.6171878203125 0.2968748140625 0.6140628203125 0.2937503703125 0.609375 0.2937503703125 0.6015628203125 0.285937778125 0.6 0.285937778125 0.5984378203125 0.2843748140625 0.58125 0.2843748140625 0.58125 0.2968748140625 0.5828128203125 0.298437778125 0.584375 0.298437778125 0.5875 0.301562221875
27 0.646875 0.148437778125 0.65 0.15156222187499999 0.65 0.1531251859375 0.6515628203125 0.1546874078125 0.6546878203125 0.1546874078125 0.65625 0.1562503703125 0.659375 0.1562503703125 0.6609378203125 0.1578125921875 0.6609378203125 0.1593748140625 0.6625 0.1593748140625 0.6640628203125 0.16093777812500001 0.665625 0.16093777812500001 0.66875 0.164062221875 0.66875 0.1656251859375 0.6703128203125 0.16718740781250002 0.671875 0.16718740781250002 0.6734378203125 0.1687503703125 0.675 0.1687503703125 0.6765628203125 0.1703125921875 0.6765628203125 0.1718748140625 0.6796878203125 0.1718748140625 0.68125 0.173437778125 0.684375 0.173437778125 0.6875 0.17656222187499998 0.6984378203125 0.17656222187499998 0.6984378203125 0.164062221875 0.696875 0.1625 0.6953128203125 0.1625 0.6921878203125 0.1593748140625 0.6921878203125 0.1578125921875 0.690625 0.1562503703125 0.6890628203125 0.1562503703125 0.6859378203125 0.1531251859375 0.6859378203125 0.15156222187499999 0.684375 0.15 0.6765628203125 0.15 0.6734378203125 0.1468748140625 0.6734378203125 0.14531259218749998 0.671875 0.1437503703125 0.6703128203125 0.1437503703125 0.665625 0.139062221875 0.6640628203125 0.139062221875 0.6625 0.1375 0.6578128203125 0.1375 0.6546878203125 0.13437481406250001 0.6546878203125 0.1328125921875 0.653125 0.1312503703125 0.6515628203125 0.1312503703125 0.65 0.12968740781250002 0.6328128203125 0.12968740781250002 0.6328128203125 0.1421874078125 0.6390628203125 0.1421874078125 0.6453128203125 0.148437778125 0.646875 0.148437778125
25 0.5984378203125 0.42031259218750006 0.596875 0.42031259218750006 0.59375 0.423437778125 0.5921878203125 0.423437778125 0.590625 0.425 0.5890628203125 0.425 0.584375 0.4296874078125 0.5828128203125 0.4296874078125 0.58125 0.4312503703125 0.58125 0.45468740781249994 0.590625 0.45468740781249994 0.5921878203125 0.45312518593749995 0.5921878203125 0.451562221875 0.5953128203125 0.448437778125 0.596875 0.448437778125 0.6015628203125 0.44375037031250003 0.603125 0.44375037031250003 0.6046878203125 0.4421874078125 0.6078128203125 0.4421874078125 0.6140628203125 0.435937778125 0.615625 0.435937778125 0.6171878203125 0.4343748140625 0.6171878203125 0.4328125921875 0.6203128203125 0.4296874078125 0.621875 0.4296874078125 0.6234378203125 0.4281251859375 0.6234378203125 0.426562221875 0.625 0.425 0.625 0.4156251859375 0.6234378203125 0.41406222187499997 0.60625 0.41406222187499997 0.60625 0.4156251859375 0.603125 0.41875037031250006 0.6 0.41875037031250006 0.5984378203125 0.42031259218750006
25 0.30625 0.425 0.30468782031249997 0.426562221875 0.303125 0.426562221875 0.296875 0.4328125921875 0.2953128203125 0.4328125921875 0.290625 0.4375 0.2875 0.4375 0.2875 0.45 0.28906282031249997 0.45 0.2921878203125 0.45312518593749995 0.30468782031249997 0.45312518593749995 0.309375 0.448437778125 0.315625 0.448437778125 0.3171878203125 0.4468748140625 0.3171878203125 0.4453125921875 0.32031282031249997 0.4421874078125 0.321875 0.4421874078125 0.3234378203125 0.4406251859375 0.3234378203125 0.439062221875 0.3265628203125 0.435937778125 0.3296878203125 0.435937778125 0.33125 0.4343748140625 0.3328128203125 0.4343748140625 0.33593782031249997 0.4312503703125 0.3375 0.4312503703125 0.3390628203125 0.4296874078125 0.340625 0.4296874078125 0.340625 0.4125 0.321875 0.4125 0.315625 0.41875037031250006 0.3140628203125 0.41875037031250006 0.3078128203125 0.425 0.30625 0.425
28 0.73125 0.5875 0.7328128203125 0.5875 0.7390628203125 0.5937503703125 0.740625 0.5937503703125 0.7453128203125 0.598437778125 0.746875 0.598437778125 0.75 0.601562221875 0.75 0.6031251859375 0.7515628203125 0.6031251859375 0.753125 0.6046874078125 0.7609378203125 0.6046874078125 0.7625 0.6062503703125001 0.765625 0.6062503703125001 0.7671878203125 0.6046874078125 0.76875 0.6046874078125 0.76875 0.589062221875 0.7671878203125 0.5875 0.7671878203125 0.585937778125 0.765625 0.5843748140625 0.765625 0.5828125921875 0.7640628203125 0.5828125921875 0.7625 0.5812503703125 0.759375 0.5812503703125 0.7578128203125 0.5796874078124999 0.75625 0.5796874078124999 0.7546878203125 0.5781251859375 0.7546878203125 0.576562221875 0.753125 0.575 0.7515628203125 0.575 0.7484378203125 0.5718748140625001 0.725 0.5718748140625001 0.725 0.5828125921875 0.728125 0.585937778125 0.7296878203125 0.585937778125 0.73125 0.5875
26 0.3796878203125 0.564062221875 0.36875 0.575 0.36875 0.576562221875 0.36718782031249997 0.5781251859375 0.36718782031249997 0.598437778125 0.36875 0.598437778125 0.3703128203125 0.6 0.371875 0.6 0.3734378203125 0.598437778125 0.3765628203125 0.598437778125 0.38281282031249997 0.5921874078125 0.384375 0.5921874078125 0.3859378203125 0.5906251859375 0.3859378203125 0.589062221875 0.3890628203125 0.585937778125 0.3953128203125 0.585937778125 0.4015628203125 0.5796874078124999 0.403125 0.5796874078124999 0.4046878203125 0.5781251859375 0.4046878203125 0.576562221875 0.4078128203125 0.573437778125 0.409375 0.573437778125 0.4109378203125 0.5718748140625001 0.4109378203125 0.5578125921875 0.3890628203125 0.5578125921875 0.384375 0.5625 0.38281282031249997 0.5625 0.38125 0.564062221875 0.3796878203125 0.564062221875
27 0.675 0.276562221875 0.6734378203125 0.276562221875 0.6734378203125 0.2781251859375 0.671875 0.2796874078125 0.6703128203125 0.2796874078125 0.66875 0.2812503703125 0.6640628203125 0.2812503703125 0.6625 0.2828125921875 0.6625 0.2843748140625 0.659375 0.2875 0.6578128203125 0.2875 0.65625 0.28906222187499997 0.65625 0.29062518593750003 0.653125 0.2937503703125 0.6515628203125 0.2937503703125 0.646875 0.298437778125 0.6453128203125 0.298437778125 0.64375 0.3 0.6421878203125 0.3 0.640625 0.301562221875 0.6390628203125 0.301562221875 0.6390628203125 0.30312518593750004 0.6375 0.30468740781250003 0.6375 0.32031259218749997 0.6421878203125 0.32031259218749997 0.6453128203125 0.3171874078125 0.653125 0.3171874078125 0.6546878203125 0.3156251859375 0.6546878203125 0.314062221875 0.6578128203125 0.310937778125 0.659375 0.310937778125 0.665625 0.30468740781250003 0.6703128203125 0.30468740781250003 0.6765628203125 0.298437778125 0.678125 0.298437778125 0.6828128203125 0.2937503703125 0.684375 0.2937503703125 0.6859378203125 0.2921874078125 0.6890628203125 0.2921874078125 0.6953128203125 0.285937778125 0.696875 0.285937778125 0.6984378203125 0.2843748140625 0.6984378203125 0.2703125921875 0.68125 0.2703125921875 0.68125 0.27187481406249997 0.678125 0.275 0.6765628203125 0.275 0.675 0.276562221875
4 0.3875 0.4406251859375 0.3859378203125 0.4421874078125 0.3859378203125 0.4593748140625 0.3875 0.46093777812500003 0.3875 0.47187481406250004 0.3953128203125 0.47968740781249997 0.434375 0.47968740781249997 0.4359378203125 0.4781251859375 0.4375 0.4781251859375 0.4421878203125 0.473437778125 0.4421878203125 0.451562221875 0.440625 0.45 0.4390628203125 0.45 0.4375 0.448437778125 0.4359378203125 0.448437778125 0.42968782031249997 0.4421874078125 0.42968782031249997 0.4406251859375 0.4234378203125 0.4343748140625 0.4234378203125 0.4328125921875 0.421875 0.4312503703125 0.4203128203125 0.4312503703125 0.4171878203125 0.4281251859375 0.4171878203125 0.426562221875 0.390625 0.426562221875 0.3890628203125 0.4281251859375 0.3890628203125 0.4296874078125 0.3875 0.4312503703125 0.3875 0.4406251859375
28 0.58125 0.8703125921874999 0.58125 0.8718748140624999 0.5828128203125 0.873437778125 0.584375 0.873437778125 0.5875 0.876562221875 0.5875 0.8781251859375001 0.5890628203125 0.8796874078125001 0.590625 0.8796874078125001 0.5953128203125 0.8843748140625 0.596875 0.8843748140625 0.5984378203125 0.885937778125 0.6015628203125 0.885937778125 0.609375 0.8937503703124999 0.6109378203125 0.8937503703124999 0.6125 0.8953125921874999 0.6234378203125 0.8953125921874999 0.6234378203125 0.8937503703124999 0.625 0.8921874078125 0.625 0.875 0.6234378203125 0.873437778125 0.6234378203125 0.8718748140624999 0.6203128203125 0.8687503703124999 0.615625 0.8687503703124999 0.609375 0.8625 0.6078128203125 0.8625 0.60625 0.860937778125 0.6046878203125 0.860937778125 0.603125 0.8593748140624999 0.603125 0.8578125921875 0.6015628203125 0.8578125921875 0.6 0.8562503703125 0.5984378203125 0.8562503703125 0.596875 0.8546874078125001 0.575 0.8546874078125001 0.575 0.8656251859375 0.5765628203125 0.8671874078125 0.578125 0.8671874078125 0.58125 0.8703125921874999
28 0.65 0.576562221875 0.65 0.5781251859375 0.646875 0.5812503703125 0.640625 0.5812503703125 0.63125 0.5906251859375 0.63125 0.6062503703125001 0.64375 0.6062503703125001 0.6453128203125 0.6046874078125 0.65 0.6046874078125 0.6515628203125 0.6031251859375 0.653125 0.6031251859375 0.6578128203125 0.598437778125 0.659375 0.598437778125 0.6609378203125 0.5968748140625 0.6609378203125 0.5953125921875 0.6640628203125 0.5921874078125 0.6671878203125 0.5921874078125 0.671875 0.5875 0.6734378203125 0.5875 0.675 0.585937778125 0.678125 0.585937778125 0.6796878203125 0.5843748140625 0.6796878203125 0.5703125921875001 0.65625 0.5703125921875001 0.65625 0.5718748140625001 0.653125 0.575 0.6515628203125 0.575 0.65 0.576562221875
4 0.5328128203125 0.2375 0.53125 0.23906222187499998 0.53125 0.25 0.5296878203125 0.251562221875 0.5296878203125 0.27187481406249997 0.53125 0.27343777812500003 0.53125 0.2781251859375 0.5328128203125 0.2796874078125 0.534375 0.2796874078125 0.5375 0.2828125921875 0.5375 0.2843748140625 0.5390628203125 0.285937778125 0.5421878203125 0.285937778125 0.54375 0.2875 0.55 0.2875 0.5515628203125 0.28906222187499997 0.578125 0.28906222187499997 0.5828128203125 0.2843748140625 0.584375 0.2843748140625 0.584375 0.2828125921875 0.5859378203125 0.2812503703125 0.5859378203125 0.264062221875 0.584375 0.2625 0.584375 0.260937778125 0.5828128203125 0.260937778125 0.58125 0.25937481406249996 0.58125 0.25781259218749997 0.5796878203125 0.25781259218749997 0.578125 0.2562503703125 0.5703128203125 0.2562503703125 0.5671878203125 0.2531251859375 0.5671878203125 0.24531259218749998 0.565625 0.2437503703125 0.565625 0.2421874078125 0.5625 0.23906222187499998 0.5625 0.2375 0.5609378203125 0.235937778125 0.5609378203125 0.2343748140625 0.559375 0.2328125921875 0.5421878203125 0.2328125921875 0.540625 0.2343748140625 0.5390628203125 0.2343748140625 0.5359378203125 0.2375 0.5328128203125 0.2375
27 0.5640628203125 0.23906222187499998 0.5640628203125 0.1812503703125 0.5609378203125 0.17812518593749999 0.5609378203125 0.17656222187499998 0.5515628203125 0.17656222187499998 0.5515628203125 0.22968740781250002 0.5578128203125 0.235937778125 0.5609378203125 0.235937778125 0.5640628203125 0.23906222187499998
32 0.3234378203125 0.614062221875 0.325 0.6156251859374999 0.325 0.6203125921875 0.328125 0.623437778125 0.353125 0.623437778125 0.3546878203125 0.6218748140625 0.3546878203125 0.6203125921875 0.3609378203125 0.614062221875 0.3609378203125 0.576562221875 0.3546878203125 0.5703125921875001 0.3546878203125 0.5687503703125001 0.3265628203125 0.5687503703125001 0.325 0.5703125921875001 0.325 0.573437778125 0.3234378203125 0.575 0.3234378203125 0.614062221875
8 0.32031282031249997 0.8593748140624999 0.346875 0.8593748140624999 0.3484378203125 0.8578125921875 0.35156282031249997 0.8578125921875 0.353125 0.8562503703125 0.3609378203125 0.8562503703125 0.3625 0.8546874078125001 0.365625 0.8546874078125001 0.36718782031249997 0.8531251859375001 0.36718782031249997 0.8218748140625 0.36875 0.8203125921875 0.36875 0.8 0.36718782031249997 0.798437778125 0.36718782031249997 0.7968748140625 0.3171878203125 0.7968748140625 0.3171878203125 0.8546874078125001 0.31875 0.8562503703125 0.31875 0.8578125921875 0.32031282031249997 0.8593748140624999
26 0.22343782031249998 0.2875 0.221875 0.28906222187499997 0.2203128203125 0.28906222187499997 0.2203128203125 0.3125 0.225 0.3125 0.2265628203125 0.310937778125 0.22968782031249999 0.310937778125 0.2328128203125 0.3078125921875 0.234375 0.3078125921875 0.2375 0.30468740781250003 0.240625 0.30468740781250003 0.246875 0.298437778125 0.253125 0.298437778125 0.2546878203125 0.2968748140625 0.2546878203125 0.2953125921875 0.25781282031249997 0.2921874078125 0.259375 0.2921874078125 0.2609378203125 0.29062518593750003 0.2609378203125 0.28906222187499997 0.2640628203125 0.285937778125 0.265625 0.285937778125 0.2671878203125 0.2843748140625 0.2671878203125 0.2703125921875 0.24531282031249999 0.2703125921875 0.240625 0.275 0.23906282031249998 0.275 0.2265628203125 0.2875 0.22343782031249998 0.2875
25 0.16875 0.42031259218750006 0.16875 0.42187481406250005 0.165625 0.425 0.16093782031249998 0.425 0.159375 0.426562221875 0.1578128203125 0.426562221875 0.153125 0.4312503703125 0.15156282031249999 0.4312503703125 0.14531282031249998 0.4375 0.1421878203125 0.4375 0.1375 0.4421874078125 0.13593782031249999 0.4421874078125 0.134375 0.44375037031250003 0.1328128203125 0.44375037031250003 0.13125 0.4453125921875 0.13125 0.46562518593749996 0.13593782031249999 0.46562518593749996 0.1375 0.464062221875 0.1390628203125 0.464062221875 0.140625 0.4625 0.1421878203125 0.4625 0.14375 0.46093777812500003 0.1484378203125 0.46093777812500003 0.15 0.4593748140625 0.15156282031249999 0.4593748140625 0.1546878203125 0.45625037031250004 0.15625 0.45625037031250004 0.1578128203125 0.45468740781249994 0.159375 0.45468740781249994 0.16093782031249998 0.45312518593749995 0.16093782031249998 0.451562221875 0.1640628203125 0.448437778125 0.16875 0.448437778125 0.1703128203125 0.4468748140625 0.171875 0.4468748140625 0.171875 0.4453125921875 0.1734378203125 0.44375037031250003 0.175 0.44375037031250003 0.17656282031249998 0.4421874078125 0.178125 0.4421874078125 0.1796878203125 0.4406251859375 0.1796878203125 0.439062221875 0.18281282031249999 0.435937778125 0.184375 0.435937778125 0.19218782031249998 0.4281251859375 0.19218782031249998 0.426562221875 0.1953128203125 0.423437778125 0.196875 0.423437778125 0.196875 0.41406222187499997 0.175 0.41406222187499997 0.175 0.4156251859375 0.171875 0.41875037031250006 0.1703128203125 0.41875037031250006 0.16875 0.42031259218750006
27 0.6953128203125 0.1796874078125 0.6953128203125 0.2656251859375 0.696875 0.2656251859375 0.6984378203125 0.2671874078125 0.703125 0.2671874078125 0.7046878203125 0.2656251859375 0.7046878203125 0.264062221875 0.7078128203125 0.260937778125 0.709375 0.260937778125 0.709375 0.1812503703125 0.7078128203125 0.1812503703125 0.7046878203125 0.17812518593749999 0.7046878203125 0.17656222187499998 0.703125 0.175 0.7015628203125 0.175 0.7 0.173437778125 0.6953128203125 0.173437778125 0.6953128203125 0.175 0.696875 0.17656222187499998 0.696875 0.17812518593749999 0.6953128203125 0.1796874078125
13 0.75 0.5671874078125 0.75 0.5718748140625001 0.7515628203125 0.573437778125 0.7953128203125 0.573437778125 0.7984378203125 0.5703125921875001 0.7984378203125 0.5125 0.796875 0.510937778125 0.796875 0.5093748140625001 0.7953128203125 0.5078125921875001 0.75 0.5078125921875001 0.75 0.5093748140625001 0.7484378203125 0.510937778125 0.7484378203125 0.5656251859375 0.75 0.5671874078125
28 0.634375 0.6625 0.634375 0.660937778125 0.6359378203125 0.6593748140625 0.6359378203125 0.6093748140625 0.6234378203125 0.6093748140625 0.6234378203125 0.6625 0.625 0.664062221875 0.6328128203125 0.664062221875 0.634375 0.6625
26 0.35 0.1421874078125 0.35156282031249997 0.1421874078125 0.3578128203125 0.148437778125 0.359375 0.148437778125 0.3640628203125 0.1531251859375 0.365625 0.1531251859375 0.36718782031249997 0.1546874078125 0.3703128203125 0.1546874078125 0.3765628203125 0.16093777812500001 0.378125 0.16093777812500001 0.38281282031249997 0.1656251859375 0.390625 0.1656251859375 0.390625 0.14531259218749998 0.3890628203125 0.1437503703125 0.3859378203125 0.1437503703125 0.384375 0.1421874078125 0.38281282031249997 0.1421874078125 0.378125 0.1375 0.3765628203125 0.1375 0.3734378203125 0.13437481406250001 0.3734378203125 0.1328125921875 0.371875 0.1312503703125 0.3703128203125 0.1312503703125 0.36718782031249997 0.1281251859375 0.36718782031249997 0.126562221875 0.3453128203125 0.126562221875 0.3453128203125 0.13593777812500002 0.3484378203125 0.139062221875 0.3484378203125 0.1406251859375 0.35 0.1421874078125
27 0.5953128203125 0.1375 0.59375 0.139062221875 0.59375 0.1406251859375 0.590625 0.1437503703125 0.5890628203125 0.1437503703125 0.584375 0.148437778125 0.5828128203125 0.148437778125 0.58125 0.15 0.5765628203125 0.15 0.575 0.15156222187499999 0.575 0.1531251859375 0.571875 0.1562503703125 0.5703128203125 0.1562503703125 0.5625 0.164062221875 0.5625 0.17656222187499998 0.5734378203125 0.17656222187499998 0.5765628203125 0.173437778125 0.578125 0.173437778125 0.5796878203125 0.1718748140625 0.5796878203125 0.1703125921875 0.5828128203125 0.16718740781250002 0.590625 0.16718740781250002 0.5921878203125 0.1656251859375 0.5921878203125 0.164062221875 0.5953128203125 0.16093777812500001 0.596875 0.16093777812500001 0.5984378203125 0.1593748140625 0.5984378203125 0.1578125921875 0.6015628203125 0.1546874078125 0.6078128203125 0.1546874078125 0.6140628203125 0.148437778125 0.615625 0.148437778125 0.6171878203125 0.1468748140625 0.6171878203125 0.14531259218749998 0.6203128203125 0.1421874078125 0.621875 0.1421874078125 0.6265628203125 0.1375 0.6265628203125 0.1281251859375 0.6078128203125 0.1281251859375 0.6046878203125 0.1312503703125 0.603125 0.1312503703125 0.596875 0.1375 0.5953128203125 0.1375
31 0.1796878203125 0.5812503703125 0.1796878203125 0.6187503703125 0.18125 0.6203125921875 0.18125 0.6218748140625 0.2109378203125 0.6218748140625 0.2171878203125 0.6156251859374999 0.2171878203125 0.6093748140625 0.21875 0.6078125921875001 0.21875 0.6046874078125 0.2203128203125 0.6031251859375 0.2203128203125 0.6 0.21875 0.598437778125 0.21875 0.5937503703125 0.2171878203125 0.5921874078125 0.2171878203125 0.5781251859375 0.2109378203125 0.5718748140625001 0.2109378203125 0.5703125921875001 0.209375 0.5687503703125001 0.1875 0.5687503703125001 0.1875 0.5703125921875001 0.18125 0.576562221875 0.18125 0.5796874078124999 0.1796878203125 0.5812503703125
10 0.721875 0.4296874078125 0.7234378203125 0.4281251859375 0.7234378203125 0.426562221875 0.7265628203125 0.423437778125 0.728125 0.423437778125 0.728125 0.3687503703125 0.7265628203125 0.3687503703125 0.7234378203125 0.36562518593750004 0.6765628203125 0.36562518593750004 0.6765628203125 0.425 0.678125 0.425 0.6828128203125 0.4296874078125 0.721875 0.4296874078125
25 0.2046878203125 0.40937481406250004 0.2046878203125 0.39843777812500003 0.20625 0.39687481406249997 0.20625 0.3437503703125 0.2046878203125 0.3421874078125 0.2046878203125 0.339062221875 0.20781282031249998 0.33593777812500003 0.19375 0.33593777812500003 0.19375 0.40937481406250004 0.1953128203125 0.410937778125 0.203125 0.410937778125 0.2046878203125 0.40937481406250004
25 0.125 0.5531251859374999 0.1265628203125 0.5546874078124999 0.134375 0.5546874078124999 0.13593782031249999 0.5531251859374999 0.13593782031249999 0.46562518593749996 0.121875 0.46562518593749996 0.121875 0.55 0.12343782031249999 0.551562221875 0.12343782031249999 0.5531251859374999 0.125 0.5531251859374999
29 0.5765628203125 0.5218748140625 0.59375 0.5218748140625 0.596875 0.5187503703125 0.5984378203125 0.5187503703125 0.6 0.5171874078124999 0.6015628203125 0.5171874078124999 0.6046878203125 0.514062221875 0.6046878203125 0.5125 0.60625 0.510937778125 0.6078128203125 0.510937778125 0.609375 0.5093748140625001 0.609375 0.5078125921875001 0.6109378203125 0.5062503703125001 0.6109378203125 0.501562221875 0.6 0.4906251859375 0.6 0.489062221875 0.5984378203125 0.4875 0.5984378203125 0.47968740781249997 0.596875 0.4781251859375 0.596875 0.47656222187499997 0.5890628203125 0.46875037031250005 0.56875 0.46875037031250005 0.56875 0.5156251859375 0.5703128203125 0.5171874078124999 0.571875 0.5171874078124999 0.5765628203125 0.5218748140625
7 0.26875 0.426562221875 0.26875 0.4281251859375 0.2703128203125 0.4296874078125 0.29375 0.4296874078125 0.2953128203125 0.4281251859375 0.296875 0.4281251859375 0.296875 0.426562221875 0.2984378203125 0.425 0.2984378203125 0.3703125921875 0.29375 0.36562518593750004 0.2484378203125 0.36562518593750004 0.24531282031249999 0.3687503703125 0.24531282031249999 0.423437778125 0.265625 0.423437778125 0.26875 0.426562221875
26 0.2796878203125 0.285937778125 0.28125 0.285937778125 0.2875 0.2921874078125 0.290625 0.2921874078125 0.29375 0.2953125921875 0.29375 0.2968748140625 0.2953128203125 0.298437778125 0.296875 0.298437778125 0.2984378203125 0.3 0.3 0.3 0.303125 0.30312518593750004 0.30468782031249997 0.30312518593750004 0.30625 0.30468740781250003 0.309375 0.30468740781250003 0.3140628203125 0.3093748140625 0.3171878203125 0.3093748140625 0.3171878203125 0.3062503703125 0.31875 0.30468740781250003 0.31875 0.301562221875 0.32031282031249997 0.3 0.32031282031249997 0.2953125921875 0.31875 0.2937503703125 0.31875 0.2921874078125 0.3171878203125 0.29062518593750003 0.3171878203125 0.28906222187499997 0.309375 0.2812503703125 0.3078128203125 0.2812503703125 0.3015628203125 0.275 0.3 0.275 0.296875 0.27187481406249997 0.275 0.27187481406249997 0.275 0.2781251859375 0.2765628203125 0.2796874078125 0.2765628203125 0.2828125921875 0.2796878203125 0.285937778125
13 0.4125 0.426562221875 0.4125 0.4281251859375 0.4359378203125 0.4281251859375 0.4359378203125 0.426562221875 0.4390628203125 0.423437778125 0.440625 0.423437778125 0.4421878203125 0.42187481406250005 0.4421878203125 0.3703125921875 0.440625 0.3687503703125 0.434375 0.3687503703125 0.4328128203125 0.36718740781250003 0.390625 0.36718740781250003 0.3890628203125 0.3687503703125 0.3890628203125 0.423437778125 0.409375 0.423437778125 0.4125 0.426562221875
11 0.4390628203125 0.710937778125 0.440625 0.710937778125 0.440625 0.6562503703125 0.434375 0.6562503703125 0.4328128203125 0.6546874078125 0.390625 0.6546874078125 0.390625 0.7125 0.3921878203125 0.714062221875 0.4359378203125 0.714062221875 0.4390628203125 0.710937778125
26 0.4203128203125 0.2656251859375 0.421875 0.2656251859375 0.421875 0.1937503703125 0.4078128203125 0.1937503703125 0.4078128203125 0.2656251859375 0.409375 0.2671874078125 0.41875 0.2671874078125 0.4203128203125 0.2656251859375
12 0.4625 0.8578125921875 0.4640628203125 0.8593748140624999 0.509375 0.8593748140624999 0.509375 0.8578125921875 0.5109378203125 0.8562503703125 0.5109378203125 0.801562221875 0.509375 0.8 0.509375 0.798437778125 0.5078128203125 0.7968748140625 0.4625 0.7968748140625 0.46093782031249997 0.798437778125 0.46093782031249997 0.8546874078125001 0.4625 0.8562503703125 0.4625 0.8578125921875
14 0.603125 0.2812503703125 0.6078128203125 0.285937778125 0.6453128203125 0.285937778125 0.646875 0.2843748140625 0.653125 0.2843748140625 0.653125 0.2828125921875 0.6546878203125 0.2812503703125 0.6546878203125 0.226562221875 0.6515628203125 0.22343777812500001 0.65 0.22343777812500001 0.6484378203125 0.22187481406249998 0.6078128203125 0.22187481406249998 0.60625 0.22343777812500001 0.6046878203125 0.22343777812500001 0.603125 0.225 0.603125 0.2812503703125
25 0.27343782031249997 0.548437778125 0.275 0.5468748140625 0.275 0.5453125921875001 0.2765628203125 0.5437503703125001 0.2765628203125 0.485937778125 0.2671878203125 0.485937778125 0.2671878203125 0.5546874078124999 0.271875 0.5546874078124999 0.27343782031249997 0.5531251859374999 0.27343782031249997 0.548437778125
15 0.60625 0.8593748140624999 0.6078128203125 0.860937778125 0.646875 0.860937778125 0.6484378203125 0.8593748140624999 0.65 0.8593748140624999 0.6546878203125 0.8546874078125001 0.6546878203125 0.7953125921875001 0.60625 0.7953125921875001 0.603125 0.798437778125 0.603125 0.8578125921875 0.6046878203125 0.8593748140624999 0.60625 0.8593748140624999
26 0.3109378203125 0.13437481406250001 0.309375 0.13593777812500002 0.3078128203125 0.13593777812500002 0.30468782031249997 0.139062221875 0.30468782031249997 0.1406251859375 0.303125 0.1421874078125 0.3015628203125 0.1421874078125 0.3 0.1437503703125 0.2984378203125 0.1437503703125 0.296875 0.14531259218749998 0.2953128203125 0.14531259218749998 0.29375 0.1468748140625 0.29375 0.1687503703125 0.3 0.1687503703125 0.3015628203125 0.16718740781250002 0.303125 0.16718740781250002 0.30468782031249997 0.1656251859375 0.30468782031249997 0.164062221875 0.3078128203125 0.16093777812500001 0.3140628203125 0.16093777812500001 0.32031282031249997 0.1546874078125 0.321875 0.1546874078125 0.3234378203125 0.1531251859375 0.3234378203125 0.15156222187499999 0.3265628203125 0.148437778125 0.328125 0.148437778125 0.3296878203125 0.1468748140625 0.3296878203125 0.14531259218749998 0.3328128203125 0.1421874078125 0.334375 0.1421874078125 0.340625 0.13593777812500002 0.340625 0.1281251859375 0.3140628203125 0.1281251859375 0.3125 0.12968740781250002 0.3125 0.1312503703125 0.3109378203125 0.1328125921875 0.3109378203125 0.13437481406250001
28 0.7765628203125 0.6625 0.778125 0.660937778125 0.778125 0.610937778125 0.76875 0.610937778125 0.76875 0.664062221875 0.7734378203125 0.664062221875 0.775 0.6625 0.7765628203125 0.6625
9 0.296875 0.7156251859375 0.296875 0.714062221875 0.2984378203125 0.7125 0.2984378203125 0.6578125921875 0.29375 0.6531251859375 0.24531282031249999 0.6531251859375 0.24531282031249999 0.7171874078125 0.29375 0.7171874078125 0.2953128203125 0.7156251859375 0.296875 0.7156251859375
8 0.4625 0.5703125921875001 0.4640628203125 0.5718748140625001 0.465625 0.5718748140625001 0.4671878203125 0.573437778125 0.5046878203125 0.573437778125 0.50625 0.5718748140625001 0.509375 0.5718748140625001 0.509375 0.5687503703125001 0.5109378203125 0.5671874078125 0.5109378203125 0.514062221875 0.509375 0.5125 0.509375 0.510937778125 0.5078128203125 0.510937778125 0.50625 0.5093748140625001 0.4625 0.5093748140625001 0.46093782031249997 0.510937778125 0.46093782031249997 0.5625 0.4625 0.564062221875 0.4625 0.5703125921875001
27 0.42115384687499996 0.5548148140625 0.4230769234375 0.5503703703125 0.425 0.4874074078125 0.421794871875 0.48444444375 0.40705128281249997 0.48518518593750004 0.40641025624999993 0.5496296296875001 0.40833333281249995 0.5540740734375 0.416025640625 0.5570370375 0.42115384687499996 0.5548148140625
15 0.34102564062499996 0.27999999999999997 0.3602564109375 0.2859259265625 0.3705128203125 0.28148148125 0.372435896875 0.27555555625 0.36987179531250003 0.23037037031250002 0.3173076921875 0.2325925921875 0.3166666671875 0.276296296875 0.32115384687500004 0.28444444375 0.33269230781250003 0.2851851859375 0.34102564062499996 0.27999999999999997
14 0.34102564062499996 0.5651851859375 0.358974359375 0.5770370375 0.36987179531250003 0.5696296296875001 0.371153846875 0.519259259375 0.36666666718749996 0.5103703703125 0.32243589687499996 0.5103703703125 0.3173076921875 0.5140740734375 0.3166666671875 0.5629629625 0.31923076875 0.5711111109375 0.33525641093749997 0.5718518515625 0.34102564062499996 0.5651851859375
16 0.18910256406249998 0.5725925921874999 0.1980769234375 0.5659259265625 0.2044871796875 0.5674074078125 0.209615384375 0.5725925921874999 0.22243589687499998 0.5725925921874999 0.2262820515625 0.5688888890625 0.22756410312500003 0.52 0.225641025 0.5118518515625 0.221153846875 0.5096296296875 0.178205128125 0.5103703703125 0.1737179484375 0.516296296875 0.1737179484375 0.5629629625 0.17628205156250001 0.5703703703125 0.1820512828125 0.5733333328125 0.18910256406249998 0.5725925921874999
16 0.6544871796875 0.5718518515625 0.6570512828124999 0.5688888890625 0.6589743593749999 0.539259259375 0.6576923078125 0.51555555625 0.6551282046875 0.5111111109375 0.6121794875 0.5096296296875 0.6051282046875001 0.5177777781249999 0.603846153125 0.562222221875 0.60641025625 0.5703703703125 0.6352564109375 0.5733333328125 0.6544871796875 0.5718518515625
7 0.728846153125 0.7125925921875 0.7301282046875001 0.6688888890625 0.7294871796875 0.6599999999999999 0.7262820515625 0.6548148140625 0.678205128125 0.6548148140625 0.675 0.6629629625 0.674358975 0.7088888890625 0.678205128125 0.716296296875 0.7237179484375 0.716296296875 0.728846153125 0.7125925921875
23 0.546875 0.0921874078125 0.5484378203125 0.0937503703125 0.571875 0.0937503703125 0.5734378203125 0.0921874078125 0.578125 0.0921874078125 0.578125 0.0156251859375 0.525 0.0156251859375 0.525 0.0937503703125 0.5390628203125 0.0937503703125 0.540625 0.0921874078125 0.546875 0.0921874078125
20 0.290625 0.014062221875 0.2375 0.014062221875 0.2375 0.0937503703125 0.28906282031249997 0.0937503703125 0.290625 0.0921874078125 0.290625 0.014062221875
18 0.7953128203125 0.15156222187499999 0.7375 0.15156222187499999 0.7375 0.2406251859375 0.79375 0.2406251859375 0.7953128203125 0.23906222187499998 0.7953128203125 0.15156222187499999
18 0.9375 0.523437778125 0.9390628203125001 0.5218748140625 0.9390628203125001 0.4453125921875 0.88125 0.4453125921875 0.88125 0.526562221875 0.9359378203125001 0.526562221875 0.9375 0.525 0.9375 0.523437778125
18 0.09375 0.30312518593750004 0.09375 0.38281259218749997 0.1484378203125 0.38281259218749997 0.1484378203125 0.30312518593750004 0.09375 0.30312518593750004
18 0.5609378203125 0.9546874078125 0.5625 0.9562503703124999 0.571875 0.9562503703124999 0.5734378203125 0.9546874078125 0.5765628203125 0.9546874078125 0.5765628203125 0.8796874078125001 0.5265628203125 0.8796874078125001 0.5265628203125 0.9562503703124999 0.534375 0.9562503703124999 0.5359378203125 0.9546874078125 0.5609378203125 0.9546874078125
19 0.09375 0.589062221875 0.09375 0.673437778125 0.15 0.673437778125 0.15 0.589062221875 0.09375 0.589062221875
21 0.29375 0.9562503703124999 0.29375 0.8781251859375001 0.2375 0.8781251859375001 0.2375 0.9593748140624999 0.2921878203125 0.9593748140624999 0.2921878203125 0.9578125921874999 0.29375 0.9562503703124999
22 0.8005416671875001 0.73148148125 0.741983975 0.73148148125 0.741983975 0.8221925921875 0.8005416671875001 0.8221925921875 0.8005416671875001 0.73148148125