3 0.1640625796875 0.2875 0.1640625796875 0.3171875 0.165625159375 0.3171875 0.16875031875 0.3203125 0.16875031875 0.328125 0.1734374203125 0.3328125 0.196874840625 0.3328125 0.1984374203125 0.33125 0.20156257968750002 0.33125 0.203125159375 0.3296875 0.2078122609375 0.3296875 0.221874840625 0.315625 0.221874840625 0.309375 0.21718773906250002 0.3046875 0.21718773906250002 0.303125 0.21406257968750003 0.3 0.21093742031249998 0.3 0.209374840625 0.2984375 0.2078122609375 0.2984375 0.2046877390625 0.2953125 0.2046877390625 0.29375 0.203125159375 0.29375 0.2 0.290625 0.2 0.2890625 0.1984374203125 0.2875 0.1984374203125 0.2828125 0.196874840625 0.28125 0.1953122609375 0.28125 0.1921877390625 0.278125 0.1921877390625 0.2765625 0.190625159375 0.275 0.1765625796875 0.275 0.17031226093750002 0.28125 0.16875031875 0.28125 0.16875031875 0.2828125 0.1640625796875 0.2875
37 0.603125159375 0.7203125 0.5984374203125 0.725 0.5953122609375 0.725 0.5890625796875 0.73125 0.584374840625 0.73125 0.5781251593750001 0.7375 0.575 0.7375 0.5734374203125 0.7390625 0.5718748406249999 0.7390625 0.5671877390625 0.74375 0.565625159375 0.74375 0.5625 0.746875 0.5625 0.753125 0.5609374203125 0.7546875 0.5609374203125 0.840625 0.56875031875 0.8484375 0.5703122609375 0.8484375 0.5765625796875 0.8546875 0.5796877390625 0.8546875 0.584374840625 0.859375 0.5859374203125001 0.859375 0.5875 0.8609375 0.5890625796875 0.8609375 0.5953122609375 0.8671875 0.596874840625 0.8671875 0.6015625796874999 0.871875 0.603125159375 0.871875 0.6046877390625001 0.8734375 0.6078122609375 0.8734375 0.6140625796875 0.8796875 0.61875031875 0.8796875 0.6203122609375 0.88125 0.621874840625 0.88125 0.6234374203125 0.8796875 0.628125159375 0.8796875 0.6328122609375 0.875 0.6343748406249999 0.875 0.6359374203125 0.8734375 0.6390625796875 0.8734375 0.6406251593750001 0.871875 0.6421877390625 0.871875 0.6421877390625 0.8703125 0.64375031875 0.86875 0.6453122609374999 0.86875 0.653125159375 0.8609375 0.6546877390625 0.8609375 0.65625031875 0.859375 0.6578122609375 0.859375 0.6609374203125 0.85625 0.6625 0.85625 0.6640625796874999 0.8546875 0.665625159375 0.8546875 0.6671877390625001 0.853125 0.66875031875 0.853125 0.66875031875 0.8515625 0.6703122609375 0.85 0.6718748406249999 0.85 0.6734374203125 0.8484375 0.6765625796875 0.8484375 0.6859374203125 0.8390625 0.6859374203125 0.753125 0.684374840625 0.7515625 0.684374840625 0.75 0.6781251593750001 0.74375 0.6765625796875 0.74375 0.6703122609375 0.7375 0.6671877390625001 0.7375 0.6625 0.7328125 0.6609374203125 0.7328125 0.659374840625 0.73125 0.6578122609375 0.73125 0.6515625796875 0.725 0.65 0.725 0.6453122609374999 0.7203125 0.64375031875 0.7203125 0.6421877390625 0.71875 0.6328122609375 0.71875 0.63125031875 0.7171875 0.6140625796875 0.7171875 0.6125 0.71875 0.60625031875 0.71875 0.6046877390625001 0.7203125 0.603125159375 0.7203125
35 0.45468773906250004 0.7265625 0.45156257968749997 0.7296875 0.4484374203125 0.7296875 0.44687484062499994 0.73125 0.44375031875 0.73125 0.44218773906250003 0.7328125 0.440625159375 0.7328125 0.4375 0.7359375 0.43593742031250005 0.7359375 0.434374840625 0.7375 0.43281226093749997 0.7375 0.42812515937500006 0.7421875 0.4265625796875 0.7421875 0.42343742031250003 0.7453125 0.42187484062499997 0.7453125 0.42031226093749996 0.746875 0.42031226093749996 0.7484375 0.41875031875 0.75 0.41875031875 0.7546875 0.4171877390625 0.75625 0.4171877390625 0.8375 0.42187484062499997 0.8421875 0.4265625796875 0.8421875 0.43281226093749997 0.8484375 0.434374840625 0.8484375 0.43593742031250005 0.85 0.4375 0.85 0.440625159375 0.853125 0.44218773906250003 0.853125 0.44375031875 0.8546875 0.44687484062499994 0.8546875 0.45312515937500003 0.8609375 0.4578122609375 0.8609375 0.45937484062499995 0.8625 0.4609374203125 0.8625 0.4625 0.8640625 0.4640625796875 0.8640625 0.4671877390625 0.8671875 0.4671877390625 0.86875 0.46875031875 0.8703125 0.46875031875 0.871875 0.4703122609375 0.8734375 0.47187484062499996 0.8734375 0.4765625796875 0.878125 0.4796877390625 0.878125 0.48125031875 0.8765625 0.48437484062499997 0.8765625 0.48593742031250003 0.875 0.4875 0.875 0.4890625796875 0.8734375 0.49062515937500006 0.8734375 0.4921877390625 0.871875 0.49375031875 0.871875 0.503125159375 0.8625 0.5046877390625 0.8625 0.50625031875 0.8609375 0.5078122609375 0.8609375 0.5093748406249999 0.859375 0.5109374203125 0.859375 0.5140625796875 0.85625 0.5156251593750001 0.85625 0.5171877390625 0.8546875 0.521874840625 0.8546875 0.528125159375 0.8484375 0.53125031875 0.8484375 0.5328122609375 0.846875 0.534374840625 0.846875 0.534374840625 0.8453125 0.5390625796874999 0.840625 0.5390625796874999 0.7515625 0.5359374203125 0.7484375 0.5359374203125 0.746875 0.528125159375 0.7390625 0.5265625796875 0.7390625 0.525 0.7375 0.5234374203125001 0.7375 0.51875031875 0.7328125 0.5171877390625 0.7328125 0.5156251593750001 0.73125 0.5140625796875 0.73125 0.5125 0.7296875 0.5109374203125 0.7296875 0.5015625796875 0.7203125 0.49843742031250005 0.7203125 0.496874840625 0.71875 0.4671877390625 0.71875 0.46562515937500004 0.7203125 0.4640625796875 0.7203125 0.4578122609375 0.7265625 0.45468773906250004 0.7265625
6 0.68125031875 0.5765625 0.6796877390625 0.578125 0.6781251593750001 0.578125 0.6765625796875 0.5796875 0.675 0.5796875 0.6734374203125 0.58125 0.6703122609375 0.58125 0.66875031875 0.5828125 0.6671877390625001 0.5828125 0.6625 0.5875 0.6609374203125 0.5875 0.65625031875 0.5921875 0.6546877390625 0.5921875 0.653125159375 0.59375 0.6515625796875 0.59375 0.65 0.5953125 0.6484374203125001 0.5953125 0.64375031875 0.6 0.6406251593750001 0.6 0.6343748406249999 0.60625 0.6343748406249999 0.6078125 0.6328122609375 0.609375 0.6328122609375 0.6671875 0.6375 0.671875 0.6375 0.678125 0.6390625796875 0.6796875 0.6390625796875 0.6828125 0.6406251593750001 0.684375 0.6406251593750001 0.6859375 0.6421877390625 0.6875 0.6421877390625 0.690625 0.64375031875 0.6921875 0.64375031875 0.7015625 0.65 0.7078125 0.65 0.709375 0.6515625796875 0.7109375 0.653125159375 0.7109375 0.6546877390625 0.7125 0.65625031875 0.7125 0.659374840625 0.715625 0.6609374203125 0.715625 0.6625 0.7171875 0.6640625796874999 0.7171875 0.665625159375 0.71875 0.6671877390625001 0.71875 0.6703122609375 0.721875 0.6718748406249999 0.721875 0.6734374203125 0.7234375 0.675 0.7234375 0.6765625796875 0.725 0.6781251593750001 0.725 0.6828122609375 0.7296875 0.6859374203125 0.7296875 0.6875 0.73125 0.69375031875 0.73125 0.6953122609375 0.7328125 0.6968748406249999 0.73125 0.7 0.73125 0.7015625796875 0.7296875 0.7031251593750001 0.7296875 0.7046877390625 0.728125 0.70625031875 0.728125 0.709374840625 0.725 0.7109374203125001 0.725 0.7125 0.7234375 0.7140625796875 0.7234375 0.715625159375 0.721875 0.7171877390625 0.721875 0.7171877390625 0.7203125 0.7203122609375 0.7171875 0.721874840625 0.7171875 0.7234374203125 0.715625 0.725 0.715625 0.728125159375 0.7125 0.7296877390625001 0.7125 0.73125031875 0.7109375 0.7328122609375 0.7109375 0.7343748406249999 0.709375 0.7359374203125 0.709375 0.7359374203125 0.7078125 0.7375 0.70625 0.7390625796875 0.70625 0.7406251593750001 0.7046875 0.7421877390625 0.7046875 0.74375031875 0.703125 0.7453122609375 0.703125 0.75 0.6984375 0.7515625796875 0.6984375 0.7546877390625 0.6953125 0.7546877390625 0.6875 0.75625031875 0.6859375 0.75625031875 0.6640625 0.7578122609375 0.6625 0.7578122609375 0.640625 0.75625031875 0.6390625 0.75625031875 0.6140625 0.7546877390625 0.6125 0.7546877390625 0.6078125 0.746874840625 0.6 0.74375031875 0.6 0.7421877390625 0.5984375 0.7406251593750001 0.5984375 0.7375 0.5953125 0.7359374203125 0.5953125 0.7343748406249999 0.59375 0.73125031875 0.59375 0.7296877390625001 0.5921875 0.728125159375 0.5921875 0.7234374203125 0.5875 0.7203122609375 0.5875 0.71875031875 0.5859375 0.715625159375 0.5859375 0.7140625796875 0.584375 0.7109374203125001 0.584375 0.709374840625 0.5828125 0.7046877390625 0.5828125 0.7031251593750001 0.584375 0.7 0.58125 0.7 0.5796875 0.6984374203125 0.578125 0.6984374203125 0.5765625 0.6968748406249999 0.575 0.69375031875 0.575 0.6921877390625 0.5734375 0.6890625796875 0.5734375 0.6875 0.575 0.6859374203125 0.575 0.684374840625 0.5765625 0.68125031875 0.5765625
17 0.3953122609375 0.28125 0.3875 0.2890625 0.3859374203125 0.2890625 0.375 0.3 0.371874840625 0.3 0.37031226093749997 0.3015625 0.37031226093749997 0.303125 0.36875031875 0.3046875 0.36875031875 0.3140625 0.3671877390625 0.315625 0.3671877390625 0.3203125 0.365625159375 0.321875 0.365625159375 0.3234375 0.3640625796875 0.325 0.3640625796875 0.3265625 0.359374840625 0.33125 0.35781226093749996 0.33125 0.3546877390625 0.334375 0.353125159375 0.334375 0.35156257968750004 0.3359375 0.35 0.3359375 0.34843742031249997 0.3375 0.346874840625 0.3375 0.3453122609375 0.3390625 0.3453122609375 0.4109375 0.346874840625 0.4109375 0.35156257968750004 0.415625 0.353125159375 0.415625 0.3546877390625 0.4171875 0.35781226093749996 0.4171875 0.359374840625 0.41875 0.3609374203125 0.41875 0.365625159375 0.4234375 0.36875031875 0.4234375 0.37031226093749997 0.425 0.371874840625 0.425 0.3734374203125 0.4265625 0.3734374203125 0.428125 0.375 0.428125 0.3765625796875 0.4296875 0.378125159375 0.4296875 0.384374840625 0.4359375 0.3875 0.4359375 0.39218773906250004 0.440625 0.39375031875 0.440625 0.3953122609375 0.4421875 0.39843742031249996 0.4421875 0.4 0.44375 0.40312515937500004 0.44375 0.4046877390625 0.4453125 0.4109374203125 0.4453125 0.4125 0.44375 0.4140625796875 0.44375 0.41562515937500005 0.4421875 0.42031226093749996 0.4421875 0.42187484062499997 0.440625 0.42343742031250003 0.440625 0.42812515937500006 0.4359375 0.43281226093749997 0.4359375 0.434374840625 0.434375 0.43593742031250005 0.434375 0.43906257968749995 0.43125 0.440625159375 0.43125 0.44218773906250003 0.4296875 0.4453122609375 0.4296875 0.4484374203125 0.4265625 0.4484374203125 0.4109375 0.44687484062499994 0.409375 0.44687484062499994 0.3921875 0.4484374203125 0.390625 0.4484374203125 0.3828125 0.45156257968749997 0.3796875 0.45312515937500003 0.3796875 0.45468773906250004 0.378125 0.45468773906250004 0.3765625 0.4578122609375 0.3734375 0.45937484062499995 0.3734375 0.4609374203125 0.371875 0.4609374203125 0.3703125 0.4671877390625 0.3640625 0.4671877390625 0.3203125 0.45312515937500003 0.30625 0.45156257968749997 0.30625 0.44687484062499994 0.3015625 0.4453122609375 0.3015625 0.44375031875 0.3 0.44218773906250003 0.3 0.440625159375 0.2984375 0.43906257968749995 0.2984375 0.434374840625 0.29375 0.43281226093749997 0.29375 0.4296877390625 0.290625 0.4296877390625 0.2890625 0.42812515937500006 0.2875 0.4265625796875 0.2875 0.42031226093749996 0.28125 0.41875031875 0.28125 0.4171877390625 0.2796875 0.4109374203125 0.2796875 0.40937484062499996 0.278125 0.4078122609375 0.2796875 0.4046877390625 0.2796875 0.40312515937500004 0.28125 0.3953122609375 0.28125
17 0.4609374203125 0.1421875 0.45937484062499995 0.14375 0.4578122609375 0.14375 0.45625031875 0.1453125 0.45468773906250004 0.1453125 0.45468773906250004 0.146875 0.45312515937500003 0.1484375 0.45156257968749997 0.1484375 0.45 0.15 0.44687484062499994 0.15 0.440625159375 0.15625 0.4375 0.15625 0.43281226093749997 0.1609375 0.43125031875 0.1609375 0.4296877390625 0.1625 0.42812515937500006 0.1625 0.42187484062499997 0.16875 0.42031226093749996 0.16875 0.41875031875 0.1703125 0.41875031875 0.171875 0.4140625796875 0.1765625 0.4140625796875 0.265625 0.41562515937500005 0.2671875 0.4171877390625 0.2671875 0.41875031875 0.26875 0.42031226093749996 0.26875 0.425 0.2734375 0.42812515937500006 0.2734375 0.4296877390625 0.275 0.43125031875 0.275 0.434374840625 0.278125 0.43593742031250005 0.278125 0.4375 0.2796875 0.44218773906250003 0.2796875 0.44375031875 0.28125 0.4453122609375 0.28125 0.4484374203125 0.284375 0.45 0.284375 0.45156257968749997 0.2859375 0.45312515937500003 0.2859375 0.45625031875 0.2890625 0.45625031875 0.290625 0.4578122609375 0.290625 0.45937484062499995 0.2921875 0.4609374203125 0.2921875 0.46562515937500004 0.296875 0.4671877390625 0.296875 0.46875031875 0.2984375 0.4703122609375 0.2984375 0.47187484062499996 0.3 0.48281226093749996 0.3 0.48437484062499997 0.2984375 0.4890625796875 0.2984375 0.49531226093749997 0.2921875 0.496874840625 0.2921875 0.49843742031250005 0.290625 0.5 0.290625 0.503125159375 0.2875 0.5046877390625 0.2875 0.50625031875 0.2859375 0.5078122609375 0.2859375 0.5093748406249999 0.284375 0.5109374203125 0.284375 0.5109374203125 0.2828125 0.5125 0.28125 0.5140625796875 0.28125 0.5156251593750001 0.2796875 0.5203122609374999 0.2796875 0.525 0.275 0.5265625796875 0.275 0.528125159375 0.2734375 0.53125031875 0.2734375 0.5328122609375 0.271875 0.534374840625 0.271875 0.540625159375 0.265625 0.540625159375 0.196875 0.5359374203125 0.1921875 0.5359374203125 0.190625 0.5296877390625 0.184375 0.5296877390625 0.1828125 0.528125159375 0.18125 0.528125159375 0.1796875 0.525 0.1765625 0.525 0.1734375 0.5234374203125001 0.171875 0.5234374203125001 0.1625 0.5203122609374999 0.159375 0.5203122609374999 0.1578125 0.5140625796875 0.1515625 0.5125 0.1515625 0.5109374203125 0.15 0.5078122609375 0.15 0.50625031875 0.1484375 0.5046877390625 0.1484375 0.503125159375 0.146875 0.503125159375 0.1453125 0.5015625796875 0.1453125 0.5 0.14375 0.496874840625 0.14375 0.49062515937500006 0.1375 0.4890625796875 0.1375 0.48437484062499997 0.1328125 0.475 0.1328125 0.4703122609375 0.1375 0.4671877390625 0.1375 0.4625 0.1421875 0.4609374203125 0.1421875
34 0.1765625796875 0.575 0.175 0.5765625 0.175 0.584375 0.1734374203125 0.5859375 0.1734374203125 0.5890625 0.171874840625 0.590625 0.171874840625 0.6109375 0.175 0.6140625 0.175 0.615625 0.1765625796875 0.6171875 0.203125159375 0.6171875 0.2046877390625 0.615625 0.20625031875 0.615625 0.209374840625 0.6125 0.209374840625 0.6109375 0.21093742031249998 0.609375 0.21093742031249998 0.5765625 0.209374840625 0.575 0.2078122609375 0.575 0.2046877390625 0.571875 0.2046877390625 0.5703125 0.203125159375 0.56875 0.20156257968750002 0.56875 0.1984374203125 0.565625 0.1984374203125 0.5640625 0.1875 0.5640625 0.18125031875 0.5703125 0.18125031875 0.571875 0.178125159375 0.575 0.1765625796875 0.575
35 0.5484374203125 0.3015625 0.5468748406249999 0.303125 0.5484374203125 0.3046875 0.5484374203125 0.30625 0.55 0.3078125 0.5468748406249999 0.3109375 0.54375031875 0.3109375 0.5421877390625001 0.3125 0.540625159375 0.3125 0.5390625796874999 0.3109375 0.5171877390625 0.3109375 0.5156251593750001 0.309375 0.5078122609375 0.309375 0.50625031875 0.3109375 0.5046877390625 0.3109375 0.503125159375 0.3125 0.5015625796875 0.3125 0.5 0.3140625 0.49843742031250005 0.3140625 0.49531226093749997 0.3171875 0.49375031875 0.3171875 0.4921877390625 0.31875 0.49062515937500006 0.31875 0.49062515937500006 0.3921875 0.4921877390625 0.3921875 0.49375031875 0.39375 0.49531226093749997 0.39375 0.49843742031250005 0.396875 0.5 0.396875 0.503125159375 0.4 0.5046877390625 0.4 0.50625031875 0.4015625 0.50625031875 0.40625 0.5078122609375 0.4078125 0.5078122609375 0.4171875 0.5093748406249999 0.41875 0.5093748406249999 0.4203125 0.5109374203125 0.421875 0.5109374203125 0.4234375 0.5125 0.425 0.5125 0.4265625 0.5156251593750001 0.4296875 0.5171877390625 0.4296875 0.51875031875 0.43125 0.5203122609374999 0.43125 0.521874840625 0.4328125 0.5234374203125001 0.4328125 0.5265625796875 0.4359375 0.528125159375 0.4359375 0.5296877390625 0.4375 0.53125031875 0.4375 0.534374840625 0.440625 0.5359374203125 0.440625 0.5375 0.4421875 0.5390625796874999 0.4421875 0.5421877390625001 0.4453125 0.54375031875 0.4453125 0.5453122609375 0.446875 0.55 0.446875 0.5515625796875 0.4484375 0.5531251593750001 0.446875 0.5546877390625 0.446875 0.5578122609375 0.44375 0.559374840625 0.44375 0.5609374203125 0.4421875 0.5625 0.4421875 0.5640625796875 0.440625 0.565625159375 0.440625 0.5703122609375 0.4359375 0.5718748406249999 0.4359375 0.5734374203125 0.434375 0.575 0.434375 0.5781251593750001 0.43125 0.5796877390625 0.43125 0.58125031875 0.4296875 0.5859374203125001 0.4296875 0.590625159375 0.425 0.5921877390625 0.425 0.59375031875 0.4234375 0.596874840625 0.4234375 0.5984374203125 0.421875 0.6 0.421875 0.6046877390625001 0.4171875 0.6078122609375 0.4171875 0.6156251593750001 0.409375 0.6156251593750001 0.3390625 0.6109374203125 0.334375 0.6109374203125 0.3328125 0.6093748406249999 0.33125 0.6078122609375 0.33125 0.5984374203125 0.321875 0.5984374203125 0.3171875 0.596874840625 0.315625 0.596874840625 0.3125 0.5953122609375 0.3109375 0.5953122609375 0.309375 0.5875 0.3015625 0.5859374203125001 0.3015625 0.584374840625 0.3 0.5796877390625 0.3 0.5781251593750001 0.2984375 0.5765625796875 0.2984375 0.5734374203125 0.2953125 0.565625159375 0.2953125 0.5640625796875 0.29375 0.5578122609375 0.29375 0.55625031875 0.2953125 0.5531251593750001 0.2953125 0.5484374203125 0.3 0.5484374203125 0.3015625
37 0.325 0.1359375 0.3234374203125 0.1375 0.3203122609375 0.1375 0.3140625796875 0.14375 0.3109374203125 0.14375 0.309374840625 0.1453125 0.30781226093749997 0.1453125 0.303125159375 0.15 0.3015625796875 0.15 0.296874840625 0.1546875 0.29531226093749996 0.1546875 0.29375031875 0.15625 0.2921877390625 0.15625 0.2875 0.1609375 0.28593742031249997 0.1609375 0.284374840625 0.1625 0.2828122609375 0.1625 0.28125031875 0.1640625 0.28125031875 0.165625 0.2796877390625 0.1671875 0.278125159375 0.1671875 0.271874840625 0.1734375 0.271874840625 0.175 0.2703122609375 0.1765625 0.2703122609375 0.1796875 0.26875031875 0.18125 0.26875031875 0.2609375 0.2703122609375 0.2609375 0.27656257968750003 0.2671875 0.28125031875 0.2671875 0.2828122609375 0.26875 0.284374840625 0.26875 0.28906257968750004 0.2734375 0.2921877390625 0.2734375 0.29375031875 0.275 0.29531226093749996 0.275 0.2984374203125 0.278125 0.3 0.278125 0.3015625796875 0.2796875 0.3109374203125 0.2796875 0.3140625796875 0.2765625 0.315625159375 0.2765625 0.31718773906250003 0.275 0.31875031875 0.275 0.3203122609375 0.2734375 0.328125159375 0.2734375 0.334374840625 0.2796875 0.33906257968750003 0.2796875 0.3453122609375 0.2859375 0.346874840625 0.2859375 0.35156257968750004 0.290625 0.3546877390625 0.290625 0.35625031875 0.2890625 0.359374840625 0.2890625 0.3609374203125 0.2875 0.3625 0.2875 0.3640625796875 0.2859375 0.3671877390625 0.2859375 0.36875031875 0.284375 0.37031226093749997 0.284375 0.3734374203125 0.28125 0.375 0.28125 0.3765625796875 0.2796875 0.378125159375 0.2796875 0.37968773906250003 0.278125 0.38125031875 0.278125 0.384374840625 0.275 0.3859374203125 0.275 0.3875 0.2734375 0.390625159375 0.2734375 0.4 0.2640625 0.4 0.175 0.39843742031249996 0.1734375 0.39843742031249996 0.171875 0.390625159375 0.1640625 0.3890625796875 0.1640625 0.3875 0.1625 0.384374840625 0.1625 0.37968773906250003 0.1578125 0.378125159375 0.1578125 0.3765625796875 0.15625 0.375 0.15625 0.3734374203125 0.1546875 0.371874840625 0.1546875 0.3671877390625 0.15 0.3640625796875 0.15 0.35781226093749996 0.14375 0.3546877390625 0.14375 0.353125159375 0.1421875 0.35156257968750004 0.1421875 0.34843742031249997 0.1390625 0.346874840625 0.1390625 0.340625159375 0.1328125 0.33125031875 0.1328125 0.32968773906250004 0.134375 0.328125159375 0.134375 0.3265625796875 0.1359375 0.325 0.1359375
35 0.6109374203125 0.1390625 0.6093748406249999 0.140625 0.6078122609375 0.140625 0.60625031875 0.1421875 0.6046877390625001 0.1421875 0.603125159375 0.14375 0.596874840625 0.14375 0.590625159375 0.15 0.5859374203125001 0.15 0.584374840625 0.1515625 0.5828122609374999 0.1515625 0.5781251593750001 0.15625 0.5765625796875 0.15625 0.575 0.1578125 0.575 0.1640625 0.5734374203125 0.165625 0.5734374203125 0.1703125 0.5703122609375 0.1734375 0.5703122609375 0.175 0.56875031875 0.1765625 0.56875031875 0.1796875 0.5671877390625 0.18125 0.5671877390625 0.1828125 0.5640625796875 0.1859375 0.5640625796875 0.1875 0.5625 0.1890625 0.5625 0.1953125 0.5609374203125 0.196875 0.5609374203125 0.2640625 0.5640625796875 0.2671875 0.5671877390625 0.2671875 0.56875031875 0.26875 0.5703122609375 0.26875 0.5734374203125 0.271875 0.575 0.271875 0.5765625796875 0.2734375 0.5828122609374999 0.2734375 0.5875 0.278125 0.5890625796875 0.278125 0.590625159375 0.2796875 0.61875031875 0.2796875 0.6203122609375 0.278125 0.6234374203125 0.278125 0.625 0.2796875 0.6375 0.2796875 0.6390625796875 0.278125 0.6406251593750001 0.278125 0.6421877390625 0.2796875 0.653125159375 0.2796875 0.6546877390625 0.278125 0.6578122609375 0.278125 0.6609374203125 0.275 0.6625 0.275 0.6640625796874999 0.2734375 0.66875031875 0.2734375 0.6703122609375 0.271875 0.6718748406249999 0.271875 0.6765625796875 0.2671875 0.68125031875 0.2671875 0.6828122609375 0.265625 0.684374840625 0.265625 0.684374840625 0.1890625 0.6734374203125 0.178125 0.6734374203125 0.175 0.6718748406249999 0.1734375 0.6718748406249999 0.171875 0.66875031875 0.16875 0.66875031875 0.1671875 0.6671877390625001 0.165625 0.6671877390625001 0.159375 0.6640625796874999 0.15625 0.659374840625 0.15625 0.6578122609375 0.1546875 0.65625031875 0.1546875 0.6546877390625 0.153125 0.6546877390625 0.1515625 0.653125159375 0.1515625 0.6515625796875 0.15 0.6453122609374999 0.15 0.6421877390625 0.146875 0.6421877390625 0.1453125 0.6406251593750001 0.1453125 0.6390625796875 0.14375 0.6375 0.14375 0.6328122609375 0.1390625 0.63125031875 0.1390625 0.6296877390625 0.1375 0.6234374203125 0.1375 0.621874840625 0.1359375 0.6203122609375 0.1359375 0.61875031875 0.1375 0.6156251593750001 0.1375 0.6140625796875 0.1390625 0.6109374203125 0.1390625
2 0.45 0.7046875 0.45156257968749997 0.70625 0.45312515937500003 0.70625 0.45468773906250004 0.7078125 0.45468773906250004 0.709375 0.45625031875 0.7109375 0.45625031875 0.715625 0.4578122609375 0.7171875 0.49843742031250005 0.7171875 0.5 0.715625 0.5015625796875 0.715625 0.503125159375 0.7140625 0.503125159375 0.7125 0.5046877390625 0.7109375 0.5046877390625 0.7078125 0.50625031875 0.70625 0.50625031875 0.703125 0.5078122609375 0.7015625 0.5078122609375 0.690625 0.5046877390625 0.6875 0.5015625796875 0.6875 0.496874840625 0.6828125 0.49531226093749997 0.6828125 0.49375031875 0.68125 0.4890625796875 0.68125 0.48593742031250003 0.678125 0.48593742031250003 0.6703125 0.48125031875 0.665625 0.48125031875 0.6640625 0.4796877390625 0.6625 0.4796877390625 0.6609375 0.47812515937500005 0.659375 0.4625 0.659375 0.45937484062499995 0.6625 0.4578122609375 0.6625 0.45 0.6703125 0.45 0.7046875
35 0.3265625796875 0.43125 0.325 0.4328125 0.3234374203125 0.4328125 0.31875031875 0.4375 0.315625159375 0.4375 0.3140625796875 0.4390625 0.3125 0.4390625 0.309374840625 0.4421875 0.3015625796875 0.4421875 0.3 0.44375 0.296874840625 0.44375 0.29531226093749996 0.4453125 0.29375031875 0.4453125 0.2875 0.4515625 0.2875 0.465625 0.284374840625 0.46875 0.2828122609375 0.46875 0.28125031875 0.4703125 0.28125031875 0.471875 0.27656257968750003 0.4765625 0.275 0.4765625 0.275 0.478125 0.271874840625 0.48125 0.271874840625 0.5484375 0.275 0.5515625 0.275 0.553125 0.27656257968750003 0.553125 0.278125159375 0.5546875 0.2796877390625 0.5546875 0.2828122609375 0.5578125 0.284374840625 0.5578125 0.28593742031249997 0.559375 0.2875 0.559375 0.28906257968750004 0.5609375 0.29531226093749996 0.5609375 0.3 0.565625 0.3015625796875 0.565625 0.303125159375 0.5671875 0.325 0.5671875 0.3265625796875 0.565625 0.32968773906250004 0.565625 0.33125031875 0.5640625 0.3328122609375 0.5640625 0.334374840625 0.5625 0.33906257968750003 0.5625 0.340625159375 0.5640625 0.3421877390625 0.5640625 0.34375031875 0.565625 0.346874840625 0.565625 0.34843742031249997 0.5671875 0.35 0.5671875 0.35156257968750004 0.56875 0.353125159375 0.56875 0.35781226093749996 0.5734375 0.365625159375 0.5734375 0.37031226093749997 0.56875 0.371874840625 0.56875 0.3734374203125 0.5671875 0.3765625796875 0.5671875 0.378125159375 0.565625 0.37968773906250003 0.565625 0.37968773906250003 0.5640625 0.38125031875 0.5625 0.3828122609375 0.5625 0.384374840625 0.5609375 0.3875 0.5609375 0.3890625796875 0.559375 0.390625159375 0.559375 0.39843742031249996 0.5515625 0.39843742031249996 0.55 0.4 0.5484375 0.4 0.465625 0.39218773906250004 0.4578125 0.3890625796875 0.4578125 0.3875 0.45625 0.38125031875 0.45625 0.37968773906250003 0.4546875 0.3765625796875 0.4546875 0.371874840625 0.45 0.3546877390625 0.45 0.353125159375 0.4515625 0.35 0.4484375 0.35 0.4390625 0.3421877390625 0.43125 0.33906257968750003 0.43125 0.3375 0.4296875 0.33593742031249996 0.4296875 0.334374840625 0.428125 0.3328122609375 0.4296875 0.33125031875 0.4296875 0.32968773906250004 0.43125 0.3265625796875 0.43125
37 0.1640625796875 0.4375 0.1625 0.4390625 0.1609374203125 0.4390625 0.159374840625 0.440625 0.1578122609375 0.440625 0.1546877390625 0.44375 0.1515625796875 0.44375 0.15 0.4453125 0.1484374203125 0.4453125 0.14375031875 0.45 0.14218773906249998 0.45 0.140625159375 0.4515625 0.1390625796875 0.4515625 0.134374840625 0.45625 0.1328122609375 0.45625 0.13125031874999998 0.4578125 0.13125031874999998 0.459375 0.1265625796875 0.4640625 0.1265625796875 0.5546875 0.128125159375 0.5546875 0.1296877390625 0.55625 0.13125031874999998 0.55625 0.134374840625 0.559375 0.1359374203125 0.559375 0.1375 0.5609375 0.1390625796875 0.5609375 0.140625159375 0.5625 0.14218773906249998 0.5625 0.14375031875 0.5640625 0.14375031875 0.565625 0.1453122609375 0.5671875 0.146874840625 0.5671875 0.1484374203125 0.56875 0.15 0.56875 0.153125159375 0.571875 0.1546877390625 0.571875 0.15625031875 0.5734375 0.159374840625 0.5734375 0.1609374203125 0.575 0.1734374203125 0.575 0.175 0.5734375 0.1765625796875 0.5734375 0.1828122609375 0.5671875 0.1875 0.5671875 0.1890625796875 0.565625 0.1984374203125 0.565625 0.2 0.5671875 0.2046877390625 0.5671875 0.20625031875 0.56875 0.209374840625 0.56875 0.21093742031249998 0.5703125 0.215625159375 0.5703125 0.21718773906250002 0.56875 0.21875031875 0.56875 0.22031226093749998 0.5671875 0.225 0.5671875 0.22656257968750002 0.565625 0.228125159375 0.565625 0.2328122609375 0.5609375 0.23906257968750003 0.5609375 0.24375031875 0.55625 0.24531226093749997 0.55625 0.246874840625 0.5546875 0.2484374203125 0.5546875 0.25 0.553125 0.2515625796875 0.553125 0.25625031875 0.5484375 0.2578122609375 0.5484375 0.259374840625 0.546875 0.259374840625 0.48125 0.2578122609375 0.48125 0.25468773906250003 0.478125 0.25468773906250003 0.4765625 0.253125159375 0.475 0.25 0.475 0.24218773906250002 0.4671875 0.24218773906250002 0.4640625 0.240625159375 0.4625 0.240625159375 0.4609375 0.23906257968750003 0.459375 0.23906257968750003 0.4578125 0.2375 0.45625 0.2375 0.4546875 0.23593742031249998 0.453125 0.23593742031249998 0.45 0.234374840625 0.4484375 0.234374840625 0.446875 0.2328122609375 0.4453125 0.23125031875 0.4453125 0.2296877390625 0.44375 0.225 0.44375 0.22343742031249997 0.4421875 0.21875031875 0.4421875 0.215020434375 0.43691443437500005 0.2056168578125 0.433367559375 0.1933984671875 0.42233556562499996 0.1828122609375 0.434375 0.18125031875 0.434375 0.1796877390625 0.4328125 0.175 0.4328125 0.1734374203125 0.434375 0.17031226093750002 0.434375 0.1671877390625 0.4375 0.1640625796875 0.4375
33 0.75 0.284375 0.746874840625 0.2875 0.7453122609375 0.2875 0.74375031875 0.2890625 0.74375031875 0.325 0.7453122609375 0.3265625 0.7453122609375 0.328125 0.746874840625 0.328125 0.7484374203125 0.3296875 0.778125159375 0.3296875 0.784374840625 0.3234375 0.784374840625 0.2984375 0.78125031875 0.2953125 0.78125031875 0.29375 0.7796877390625 0.2921875 0.7796877390625 0.2890625 0.7734374203125001 0.2828125 0.7734374203125001 0.278125 0.75625031875 0.278125 0.753125159375 0.28125 0.7515625796875 0.28125 0.75 0.2828125 0.75 0.284375
17 0.3953122609375 0.56875 0.384374840625 0.5796875 0.3828122609375 0.5796875 0.3765625796875 0.5859375 0.375 0.5859375 0.3734374203125 0.5875 0.371874840625 0.5875 0.36875031875 0.590625 0.36875031875 0.5921875 0.365625159375 0.5953125 0.365625159375 0.596875 0.3640625796875 0.5984375 0.3640625796875 0.6 0.3625 0.6015625 0.3625 0.60625 0.3609374203125 0.6078125 0.3609374203125 0.609375 0.35625031875 0.6140625 0.35625031875 0.615625 0.353125159375 0.61875 0.35156257968750004 0.61875 0.35 0.6203125 0.34843742031249997 0.6203125 0.34843742031249997 0.621875 0.346874840625 0.6234375 0.3453122609375 0.6234375 0.3453122609375 0.7 0.346874840625 0.7 0.35156257968750004 0.7046875 0.35625031875 0.7046875 0.35781226093749996 0.70625 0.359374840625 0.70625 0.3625 0.709375 0.3640625796875 0.709375 0.365625159375 0.7109375 0.3671877390625 0.7109375 0.37031226093749997 0.7140625 0.371874840625 0.7140625 0.375 0.7171875 0.3765625796875 0.7171875 0.378125159375 0.71875 0.37968773906250003 0.71875 0.38125031875 0.7203125 0.38125031875 0.721875 0.3828122609375 0.721875 0.384374840625 0.7234375 0.3859374203125 0.7234375 0.3890625796875 0.7265625 0.390625159375 0.7265625 0.39218773906250004 0.728125 0.39375031875 0.728125 0.3953122609375 0.7296875 0.4078122609375 0.7296875 0.40937484062499996 0.728125 0.4109374203125 0.728125 0.4109374203125 0.7265625 0.4125 0.725 0.4140625796875 0.725 0.41562515937500005 0.7234375 0.4171877390625 0.7234375 0.42187484062499997 0.71875 0.42343742031250003 0.71875 0.425 0.7171875 0.42812515937500006 0.7171875 0.43125031875 0.7140625 0.43281226093749997 0.7140625 0.43593742031250005 0.7109375 0.4375 0.7109375 0.44218773906250003 0.70625 0.44218773906250003 0.7015625 0.44375031875 0.7 0.44375031875 0.696875 0.4453122609375 0.6953125 0.4453122609375 0.690625 0.44687484062499994 0.6890625 0.44687484062499994 0.6828125 0.4484374203125 0.68125 0.4484374203125 0.6703125 0.46562515937500004 0.653125 0.46562515937500004 0.6515625 0.4671877390625 0.65 0.4671877390625 0.609375 0.46562515937500004 0.6078125 0.46562515937500004 0.60625 0.4609374203125 0.6015625 0.4609374203125 0.6 0.45937484062499995 0.6 0.45312515937500003 0.59375 0.45156257968749997 0.59375 0.4453122609375 0.5875 0.44218773906250003 0.5875 0.440625159375 0.5859375 0.43906257968749995 0.5859375 0.4375 0.584375 0.4375 0.5828125 0.43593742031250005 0.5828125 0.4265625796875 0.5734375 0.425 0.5734375 0.42343742031250003 0.571875 0.42343742031250003 0.5703125 0.42187484062499997 0.56875 0.42031226093749996 0.56875 0.41875031875 0.5671875 0.4171877390625 0.5671875 0.41562515937500005 0.565625 0.4015625796875 0.565625 0.4 0.5671875 0.39843742031249996 0.5671875 0.396874840625 0.56875 0.3953122609375 0.56875
36 0.45468773906250004 0.4359375 0.45468773906250004 0.4375 0.45 0.4421875 0.4484374203125 0.4421875 0.44687484062499994 0.44375 0.44375031875 0.44375 0.440625159375 0.446875 0.43906257968749995 0.446875 0.4375 0.4484375 0.43593742031250005 0.4484375 0.434374840625 0.45 0.43281226093749997 0.45 0.43125031875 0.4515625 0.43125031875 0.453125 0.4296877390625 0.4546875 0.42812515937500006 0.4546875 0.4265625796875 0.45625 0.42343742031250003 0.45625 0.41875031875 0.4609375 0.41875031875 0.4625 0.4171877390625 0.4640625 0.4171877390625 0.465625 0.41562515937500005 0.4671875 0.41562515937500005 0.55 0.4265625796875 0.5609375 0.42812515937500006 0.5609375 0.434374840625 0.5671875 0.43906257968749995 0.5671875 0.440625159375 0.56875 0.44218773906250003 0.56875 0.44687484062499994 0.5734375 0.4484374203125 0.5734375 0.45 0.575 0.45156257968749997 0.575 0.45625031875 0.5796875 0.4578122609375 0.5796875 0.4640625796875 0.5859375 0.46562515937500004 0.5859375 0.4671877390625 0.5875 0.46875031875 0.5875 0.4703122609375 0.5890625 0.47187484062499996 0.5890625 0.4734374203125 0.590625 0.47812515937500005 0.590625 0.4796877390625 0.5890625 0.48281226093749996 0.5890625 0.48437484062499997 0.5875 0.48593742031250003 0.5875 0.4875 0.5859375 0.4890625796875 0.5859375 0.49062515937500006 0.584375 0.4921877390625 0.584375 0.4921877390625 0.5828125 0.49375031875 0.58125 0.49531226093749997 0.58125 0.496874840625 0.5796875 0.5 0.5796875 0.5015625796875 0.578125 0.503125159375 0.578125 0.5078122609375 0.5734375 0.5109374203125 0.5734375 0.5125 0.571875 0.5140625796875 0.571875 0.5171877390625 0.56875 0.5203122609374999 0.56875 0.5234374203125001 0.565625 0.5234374203125001 0.5515625 0.525 0.55 0.525 0.546875 0.528125159375 0.54375 0.528125159375 0.5390625 0.5296877390625 0.5375 0.5296877390625 0.53125 0.53125031875 0.5296875 0.53125031875 0.528125 0.5359374203125 0.5234375 0.5359374203125 0.5203125 0.5421877390625001 0.5140625 0.5421877390625001 0.4640625 0.540625159375 0.4625 0.540625159375 0.4609375 0.5375 0.4578125 0.5359374203125 0.4578125 0.534374840625 0.45625 0.5328122609375 0.45625 0.5265625796875 0.45 0.525 0.45 0.5234374203125001 0.4484375 0.521874840625 0.4484375 0.51875031875 0.4453125 0.5171877390625 0.4453125 0.5156251593750001 0.44375 0.5140625796875 0.44375 0.503125159375 0.4328125 0.5 0.4328125 0.49843742031250005 0.43125 0.4609374203125 0.43125 0.45937484062499995 0.4328125 0.45625031875 0.4328125 0.45625031875 0.434375 0.45468773906250004 0.4359375
0 0.7546877390625 0.4265625 0.7515625796875 0.4296875 0.75 0.4296875 0.7484374203125 0.43125 0.7453122609375 0.43125 0.7390625796875 0.4375 0.7375 0.4375 0.7343748406249999 0.440625 0.7328122609375 0.440625 0.7234374203125 0.45 0.7234374203125 0.4515625 0.71875031875 0.45625 0.71875031875 0.4640625 0.7140625796875 0.46875 0.7140625796875 0.4703125 0.70625031875 0.478125 0.70625031875 0.4796875 0.7046877390625 0.48125 0.7046877390625 0.4828125 0.7031251593750001 0.484375 0.7031251593750001 0.5546875 0.7046877390625 0.5546875 0.709374840625 0.559375 0.7109374203125001 0.559375 0.7125 0.5609375 0.7140625796875 0.5609375 0.715625159375 0.5625 0.7171877390625 0.5625 0.721874840625 0.5671875 0.725 0.5671875 0.7265625796874999 0.56875 0.728125159375 0.56875 0.7328122609375 0.5734375 0.7343748406249999 0.5734375 0.7406251593750001 0.5796875 0.7421877390625 0.5796875 0.74375031875 0.58125 0.7453122609375 0.58125 0.75 0.5859375 0.753125159375 0.5859375 0.7578122609375 0.590625 0.7703122609374999 0.590625 0.7734374203125001 0.5875 0.775 0.5875 0.7765625796875 0.5859375 0.778125159375 0.5859375 0.7796877390625 0.584375 0.78125031875 0.584375 0.7859374203125 0.5796875 0.7890625796874999 0.5796875 0.7953122609375 0.5734375 0.7968748406249999 0.5734375 0.7984374203125 0.571875 0.8 0.571875 0.803125159375 0.56875 0.8046877390624999 0.56875 0.8062503187500001 0.5671875 0.8093748406250001 0.5671875 0.8156251593749999 0.5609375 0.8171877390625 0.5609375 0.81875031875 0.559375 0.8203122609375001 0.559375 0.828125159375 0.5515625 0.828125159375 0.48125 0.8265625796875 0.4796875 0.8265625796875 0.478125 0.825 0.4765625 0.825 0.4671875 0.8234374203125 0.465625 0.8234374203125 0.4625 0.821874840625 0.4609375 0.821874840625 0.459375 0.8140625796875 0.4515625 0.8125 0.4515625 0.8109374203125 0.45 0.8093748406250001 0.45 0.803125159375 0.44375 0.8015625796875 0.44375 0.7953122609375 0.4375 0.79375031875 0.4375 0.7921877390625001 0.4359375 0.790625159375 0.4359375 0.7875 0.4328125 0.7859374203125 0.4328125 0.784374840625 0.43125 0.7828122609375 0.43125 0.7765625796875 0.425 0.771874840625 0.425 0.7703122609374999 0.4234375 0.7609374203125 0.4234375 0.7593748406249999 0.425 0.7578122609375 0.425 0.75625031875 0.4265625 0.7546877390625 0.4265625
37 0.2515625796875 0.575 0.25 0.5765625 0.2484374203125 0.5765625 0.24531226093749997 0.5796875 0.24218773906250002 0.5796875 0.240625159375 0.58125 0.234374840625 0.58125 0.2328122609375 0.5828125 0.2296877390625 0.5828125 0.21718773906250002 0.5953125 0.21718773906250002 0.596875 0.215625159375 0.5984375 0.215625159375 0.6 0.21406257968750003 0.6015625 0.21406257968750003 0.603125 0.2125 0.6046875 0.2125 0.609375 0.21093742031249998 0.6109375 0.21093742031249998 0.6125 0.20625031875 0.6171875 0.20625031875 0.61875 0.1984374203125 0.6265625 0.1984374203125 0.696875 0.2 0.6984375 0.20156257968750002 0.6984375 0.2078122609375 0.7046875 0.209374840625 0.7046875 0.21093742031249998 0.70625 0.2125 0.70625 0.215625159375 0.709375 0.21718773906250002 0.709375 0.21875031875 0.7109375 0.22031226093749998 0.7109375 0.221874840625 0.7125 0.22343742031249997 0.7125 0.225 0.7140625 0.225 0.715625 0.22656257968750002 0.715625 0.228125159375 0.7171875 0.2296877390625 0.7171875 0.23125031875 0.71875 0.234374840625 0.71875 0.2375 0.721875 0.240625159375 0.721875 0.24531226093749997 0.7171875 0.246874840625 0.7171875 0.253125159375 0.7109375 0.2609374203125 0.7109375 0.2625 0.709375 0.2703122609375 0.709375 0.271874840625 0.7109375 0.27656257968750003 0.7109375 0.278125159375 0.7125 0.2796877390625 0.7125 0.2828122609375 0.715625 0.28906257968750004 0.715625 0.2921877390625 0.7125 0.29375031875 0.7125 0.29531226093749996 0.7109375 0.296874840625 0.7109375 0.2984374203125 0.709375 0.3 0.709375 0.303125159375 0.70625 0.3046877390625 0.70625 0.30625031875 0.7046875 0.309374840625 0.7046875 0.315625159375 0.6984375 0.31718773906250003 0.6984375 0.31875031875 0.696875 0.3203122609375 0.696875 0.321874840625 0.6953125 0.321874840625 0.69375 0.3234374203125 0.6921875 0.3234374203125 0.690625 0.325 0.6890625 0.325 0.6296875 0.3234374203125 0.628125 0.3234374203125 0.621875 0.31718773906250003 0.615625 0.31718773906250003 0.6140625 0.315625159375 0.6125 0.3140625796875 0.6125 0.3109374203125 0.609375 0.3109374203125 0.6015625 0.309374840625 0.6 0.309374840625 0.5984375 0.30625031875 0.5953125 0.30625031875 0.59375 0.3015625796875 0.5890625 0.3 0.5890625 0.2984374203125 0.5875 0.296874840625 0.5875 0.29531226093749996 0.5859375 0.29375031875 0.5859375 0.290625159375 0.5828125 0.28906257968750004 0.5828125 0.2875 0.58125 0.284374840625 0.58125 0.2828122609375 0.5796875 0.28125031875 0.5796875 0.27656257968750003 0.575 0.271874840625 0.575 0.26718773906250004 0.5703125 0.259374840625 0.5703125 0.25625031875 0.5734375 0.25468773906250003 0.5734375 0.253125159375 0.575 0.2515625796875 0.575
36 0.5203122609374999 0.58125 0.51875031875 0.5828125 0.51875031875 0.584375 0.5171877390625 0.5859375 0.5156251593750001 0.5859375 0.5140625796875 0.5875 0.5125 0.5875 0.50625031875 0.59375 0.5046877390625 0.59375 0.503125159375 0.5953125 0.5015625796875 0.5953125 0.49843742031250005 0.5984375 0.496874840625 0.5984375 0.49375031875 0.6015625 0.4921877390625 0.6015625 0.4890625796875 0.6046875 0.4890625796875 0.6734375 0.4921877390625 0.6765625 0.4921877390625 0.678125 0.49375031875 0.678125 0.49531226093749997 0.6796875 0.496874840625 0.6796875 0.5 0.6828125 0.5 0.684375 0.5015625796875 0.6859375 0.503125159375 0.6859375 0.5046877390625 0.6875 0.50625031875 0.6875 0.5078122609375 0.6890625 0.5078122609375 0.690625 0.5109374203125 0.69375 0.5109374203125 0.6953125 0.5125 0.696875 0.5125 0.7046875 0.5140625796875 0.70625 0.5140625796875 0.7078125 0.5234374203125001 0.7171875 0.525 0.7171875 0.5265625796875 0.71875 0.528125159375 0.71875 0.53125031875 0.721875 0.5328122609375 0.721875 0.534374840625 0.7234375 0.5359374203125 0.7234375 0.5375 0.725 0.540625159375 0.725 0.5421877390625001 0.7265625 0.5484374203125 0.7265625 0.55 0.725 0.5515625796875 0.725 0.5531251593750001 0.7234375 0.55625031875 0.7234375 0.5578122609375 0.721875 0.559374840625 0.721875 0.5625 0.71875 0.5640625796875 0.71875 0.565625159375 0.7171875 0.5703122609375 0.7171875 0.5718748406249999 0.715625 0.5734374203125 0.715625 0.5734374203125 0.7140625 0.575 0.7125 0.5765625796875 0.7125 0.5781251593750001 0.7109375 0.5828122609374999 0.7109375 0.584374840625 0.709375 0.5859374203125001 0.709375 0.596874840625 0.6984375 0.596874840625 0.696875 0.5984374203125 0.6953125 0.5984374203125 0.6765625 0.6046877390625001 0.6703125 0.6046877390625001 0.6640625 0.6109374203125 0.6578125 0.6109374203125 0.615625 0.6093748406249999 0.6140625 0.6093748406249999 0.6109375 0.6078122609375 0.609375 0.6078122609375 0.6078125 0.60625031875 0.60625 0.60625031875 0.6046875 0.6046877390625001 0.603125 0.6046877390625001 0.6015625 0.603125159375 0.6015625 0.6015625796874999 0.6 0.5984374203125 0.6 0.596874840625 0.5984375 0.5953122609375 0.5984375 0.590625159375 0.59375 0.5890625796875 0.59375 0.5875 0.5921875 0.5859374203125001 0.5921875 0.5828122609374999 0.5890625 0.58125031875 0.5890625 0.5796877390625 0.5875 0.5765625796875 0.5875 0.5703122609375 0.58125 0.5640625796875 0.58125 0.5578122609375 0.575 0.5390625796874999 0.575 0.5375 0.5734375 0.528125159375 0.5734375 0.5265625796875 0.575 0.5265625796875 0.5765625 0.521874840625 0.58125 0.5203122609374999 0.58125
0 0.31875031875 0.7171875 0.31718773906250003 0.71875 0.3140625796875 0.71875 0.3125 0.7203125 0.3109374203125 0.7203125 0.30781226093749997 0.7234375 0.30625031875 0.7234375 0.3046877390625 0.725 0.3015625796875 0.725 0.28906257968750004 0.7375 0.28906257968750004 0.7390625 0.2875 0.740625 0.2875 0.753125 0.27343742031249996 0.7671875 0.27343742031249996 0.8421875 0.275 0.8421875 0.27656257968750003 0.84375 0.278125159375 0.84375 0.2828122609375 0.8484375 0.284374840625 0.8484375 0.28906257968750004 0.853125 0.290625159375 0.853125 0.2921877390625 0.8546875 0.29531226093749996 0.8546875 0.3 0.859375 0.3015625796875 0.859375 0.303125159375 0.8609375 0.3046877390625 0.8609375 0.309374840625 0.865625 0.3109374203125 0.865625 0.3125 0.8671875 0.3140625796875 0.8671875 0.3203122609375 0.8734375 0.321874840625 0.8734375 0.3234374203125 0.875 0.325 0.875 0.328125159375 0.878125 0.32968773906250004 0.878125 0.33125031875 0.8796875 0.340625159375 0.8796875 0.3453122609375 0.875 0.346874840625 0.875 0.34843742031249997 0.8734375 0.35156257968750004 0.8734375 0.35781226093749996 0.8671875 0.359374840625 0.8671875 0.365625159375 0.8609375 0.3671877390625 0.8609375 0.36875031875 0.859375 0.37031226093749997 0.859375 0.3734374203125 0.85625 0.375 0.85625 0.3765625796875 0.8546875 0.378125159375 0.8546875 0.37968773906250003 0.853125 0.38125031875 0.853125 0.38125031875 0.8515625 0.3828122609375 0.85 0.384374840625 0.85 0.3859374203125 0.8484375 0.3890625796875 0.8484375 0.39218773906250004 0.8453125 0.39218773906250004 0.84375 0.3953122609375 0.840625 0.3953122609375 0.7671875 0.39375031875 0.765625 0.39375031875 0.7609375 0.39218773906250004 0.759375 0.39218773906250004 0.7515625 0.390625159375 0.75 0.390625159375 0.7484375 0.3890625796875 0.746875 0.3890625796875 0.7453125 0.3875 0.7453125 0.38125031875 0.7390625 0.37968773906250003 0.7390625 0.3734374203125 0.7328125 0.371874840625 0.7328125 0.37031226093749997 0.73125 0.36875031875 0.73125 0.35625031875 0.71875 0.3546877390625 0.71875 0.34843742031249997 0.7125 0.3265625796875 0.7125 0.325 0.7140625 0.3234374203125 0.7140625 0.3203122609375 0.7171875 0.31875031875 0.7171875
34 0.6046877390625001 0.6734375 0.603125159375 0.675 0.603125159375 0.709375 0.6046877390625001 0.7109375 0.60625031875 0.7109375 0.6078122609375 0.7125 0.6093748406249999 0.7125 0.6109374203125 0.7140625 0.628125159375 0.7140625 0.6296877390625 0.7125 0.6328122609375 0.7125 0.6343748406249999 0.7109375 0.6359374203125 0.7109375 0.6406251593750001 0.70625 0.6406251593750001 0.7046875 0.6421877390625 0.703125 0.6421877390625 0.6796875 0.6406251593750001 0.678125 0.6406251593750001 0.6765625 0.6359374203125 0.671875 0.6359374203125 0.66875 0.6296877390625 0.6625 0.6125 0.6625 0.60625031875 0.66875 0.60625031875 0.6703125 0.6046877390625001 0.671875 0.6046877390625001 0.6734375
36 0.596874840625 0.4375 0.5953122609375 0.4390625 0.59375031875 0.4390625 0.590625159375 0.4421875 0.5890625796875 0.4421875 0.5875 0.44375 0.584374840625 0.44375 0.5828122609374999 0.4453125 0.58125031875 0.4453125 0.575 0.4515625 0.5734374203125 0.4515625 0.5718748406249999 0.453125 0.5703122609375 0.453125 0.565625159375 0.4578125 0.5640625796875 0.4578125 0.5609374203125 0.4609375 0.559374840625 0.4609375 0.5578122609375 0.4625 0.5578122609375 0.5171875 0.5625 0.521875 0.5625 0.5234375 0.5640625796875 0.525 0.5640625796875 0.5265625 0.5671877390625 0.5296875 0.5671877390625 0.53125 0.56875031875 0.5328125 0.56875031875 0.5390625 0.5703122609375 0.540625 0.5703122609375 0.54375 0.5734374203125 0.546875 0.5734374203125 0.55 0.575 0.5515625 0.575 0.5578125 0.584374840625 0.5671875 0.590625159375 0.5671875 0.5953122609375 0.571875 0.596874840625 0.571875 0.5984374203125 0.5734375 0.6015625796874999 0.5734375 0.603125159375 0.575 0.6046877390625001 0.575 0.6078122609375 0.578125 0.6093748406249999 0.578125 0.6109374203125 0.5796875 0.6125 0.5796875 0.6156251593750001 0.5828125 0.6171877390625 0.5828125 0.61875031875 0.584375 0.625 0.584375 0.6265625796875 0.5828125 0.628125159375 0.5828125 0.63125031875 0.5796875 0.6328122609375 0.5796875 0.6343748406249999 0.578125 0.6359374203125 0.578125 0.6406251593750001 0.5734375 0.6421877390625 0.5734375 0.64375031875 0.571875 0.6453122609374999 0.571875 0.6484374203125001 0.56875 0.65 0.56875 0.6515625796875 0.5671875 0.6546877390625 0.5671875 0.65625031875 0.565625 0.6578122609375 0.565625 0.6609374203125 0.5625 0.6625 0.5625 0.6640625796874999 0.5609375 0.665625159375 0.5609375 0.6718748406249999 0.5546875 0.6734374203125 0.5546875 0.684374840625 0.54375 0.684374840625 0.4875 0.68125031875 0.484375 0.68125031875 0.4828125 0.6796877390625 0.48125 0.6796877390625 0.478125 0.6765625796875 0.475 0.675 0.475 0.6734374203125 0.4734375 0.6734374203125 0.471875 0.6671877390625001 0.465625 0.6671877390625001 0.459375 0.665625159375 0.4578125 0.665625159375 0.4546875 0.65625031875 0.4453125 0.6546877390625 0.4453125 0.653125159375 0.44375 0.65 0.44375 0.6484374203125001 0.4421875 0.646874840625 0.4421875 0.6453122609374999 0.440625 0.6421877390625 0.440625 0.6406251593750001 0.4390625 0.6390625796875 0.4390625 0.6375 0.440625 0.6359374203125 0.440625 0.6343748406249999 0.4421875 0.63125031875 0.4421875 0.6296877390625 0.44375 0.625 0.44375 0.6234374203125 0.4421875 0.621874840625 0.4421875 0.6203122609375 0.440625 0.61875031875 0.440625 0.6171877390625 0.4390625 0.6171877390625 0.4375 0.6156251593750001 0.4359375 0.6156251593750001 0.434375 0.6140625796875 0.434375 0.6125 0.4328125 0.60625031875 0.4328125 0.6046877390625001 0.434375 0.6015625796874999 0.434375 0.5984374203125 0.4375 0.596874840625 0.4375
36 0.24218773906250002 0.2875625 0.240625159375 0.28912499999999997 0.23906257968750003 0.28912499999999997 0.23906257968750003 0.2906875 0.23593742031249998 0.2938125 0.234374840625 0.2938125 0.228125159375 0.3000625 0.22656257968750002 0.3000625 0.22343742031249997 0.3031875 0.22343742031249997 0.32037499999999997 0.225 0.3219375 0.225 0.326625 0.23125031875 0.332875 0.23125031875 0.34225 0.2328122609375 0.34381249999999997 0.2460191578125 0.34435937499999997 0.2492196671875 0.353069196875 0.24796743281250003 0.366977678125 0.23354086875000002 0.36545238125 0.23459387031249998 0.37851413749999996 0.21975223437500002 0.3804047625 0.2162024265625 0.38068675625 0.21247190312500003 0.380836309375 0.21036398437499998 0.3772366078125 0.208206896875 0.37052901718750003 0.209374840625 0.36724999999999997 0.2046877390625 0.36724999999999997 0.203125159375 0.3656875 0.20156257968750002 0.36724999999999997 0.2 0.36724999999999997 0.2 0.3688125 0.1984374203125 0.370375 0.1984374203125 0.40318750000000003 0.2 0.40475000000000005 0.2 0.4063125 0.20156257968750002 0.40787500000000004 0.20156257968750002 0.4094375 0.203125159375 0.4094375 0.209374840625 0.41568750000000004 0.21093742031249998 0.41568750000000004 0.2125 0.41725 0.21718773906250002 0.41725 0.21875031875 0.41881250000000003 0.22031226093749998 0.41881250000000003 0.22343742031249997 0.4219375 0.225 0.4219375 0.22656257968750002 0.42350000000000004 0.2296877390625 0.42350000000000004 0.23125031875 0.4250625 0.2328122609375 0.4250625 0.234374840625 0.42662500000000003 0.23593742031249998 0.42662500000000003 0.2375 0.42818750000000005 0.240625159375 0.42818750000000005 0.24218773906250002 0.42662500000000003 0.24375031875 0.42662500000000003 0.24531226093749997 0.4250625 0.246874840625 0.4250625 0.2484374203125 0.42350000000000004 0.25625031875 0.42350000000000004 0.2578122609375 0.4219375 0.2703122609375 0.4219375 0.271874840625 0.42350000000000004 0.28125031875 0.42350000000000004 0.2828122609375 0.4250625 0.284374840625 0.4250625 0.28593742031249997 0.42350000000000004 0.29531226093749996 0.42350000000000004 0.2984374203125 0.42037500000000005 0.3 0.42037500000000005 0.303125159375 0.41725 0.30781226093749997 0.41725 0.309374840625 0.41568750000000004 0.3109374203125 0.41568750000000004 0.3109374203125 0.414125 0.3125 0.41256250000000005 0.3140625796875 0.41256250000000005 0.315625159375 0.41100000000000003 0.31718773906250003 0.41100000000000003 0.31875031875 0.4094375 0.3203122609375 0.4094375 0.321874840625 0.40787500000000004 0.321874840625 0.4063125 0.3234374203125 0.40475000000000005 0.3234374203125 0.3969375 0.325 0.395375 0.325 0.34381249999999997 0.3234374203125 0.34225 0.3234374203125 0.33599999999999997 0.321874840625 0.3344375 0.321874840625 0.332875 0.3203122609375 0.332875 0.31875031875 0.3313125 0.31718773906250003 0.3313125 0.315625159375 0.32975 0.3140625796875 0.32975 0.3125 0.32818749999999997 0.3125 0.326625 0.3109374203125 0.3250625 0.3109374203125 0.3219375 0.309374840625 0.32037499999999997 0.309374840625 0.3188125 0.30781226093749997 0.3188125 0.30625031875 0.31725 0.30625031875 0.3156875 0.3046877390625 0.314125 0.3046877390625 0.307875 0.3 0.3031875 0.3 0.301625 0.2984374203125 0.3000625 0.2984374203125 0.2985 0.29531226093749996 0.295375 0.29375031875 0.295375 0.290625159375 0.29225 0.28906257968750004 0.29225 0.284374840625 0.2875625 0.2796877390625 0.2875625 0.278125159375 0.286 0.27656257968750003 0.286 0.271874840625 0.28131249999999997 0.25625031875 0.28131249999999997 0.253125159375 0.2844375 0.246874840625 0.2844375 0.24375031875 0.2875625 0.24218773906250002 0.2875625
0 0.6953122609375 0.2953125 0.6796877390625 0.2953125 0.6781251593750001 0.296875 0.6765625796875 0.296875 0.675 0.2984375 0.6734374203125 0.2984375 0.6718748406249999 0.3 0.6671877390625001 0.2953125 0.6578122609375 0.2953125 0.6578122609375 0.296875 0.6546877390625 0.3 0.653125159375 0.3 0.6453122609374999 0.3078125 0.6453122609374999 0.309375 0.64375031875 0.3109375 0.64375031875 0.3265625 0.6390625796875 0.33125 0.6359374203125 0.33125 0.6328122609375 0.334375 0.6328122609375 0.3359375 0.63125031875 0.3375 0.63125031875 0.40625 0.6343748406249999 0.409375 0.6359374203125 0.409375 0.6375 0.4109375 0.6406251593750001 0.4109375 0.646874840625 0.4171875 0.65 0.4171875 0.6515625796875 0.41875 0.653125159375 0.41875 0.6578122609375 0.4234375 0.6625 0.4234375 0.6640625796874999 0.425 0.66875031875 0.425 0.6703122609375 0.4265625 0.6718748406249999 0.425 0.6734374203125 0.425 0.675 0.4234375 0.684374840625 0.4234375 0.6859374203125 0.421875 0.6875 0.421875 0.690625159375 0.41875 0.6968748406249999 0.41875 0.7015625796875 0.4234375 0.709374840625 0.4234375 0.715625159375 0.4296875 0.7203122609375 0.4296875 0.721874840625 0.428125 0.7234374203125 0.428125 0.725 0.4265625 0.7265625796874999 0.4265625 0.728125159375 0.425 0.7296877390625001 0.425 0.73125031875 0.4234375 0.7375 0.4234375 0.7390625796875 0.421875 0.7406251593750001 0.421875 0.7453122609375 0.4171875 0.746874840625 0.4171875 0.7484374203125 0.415625 0.75 0.415625 0.7546877390625 0.4109375 0.7546877390625 0.40625 0.75625031875 0.4046875 0.75625031875 0.3921875 0.7546877390625 0.390625 0.7546877390625 0.365625 0.75625031875 0.3640625 0.75625031875 0.3578125 0.7578122609375 0.35625 0.7578122609375 0.34375 0.75625031875 0.3421875 0.75625031875 0.340625 0.7546877390625 0.3390625 0.7546877390625 0.3375 0.753125159375 0.3359375 0.753125159375 0.334375 0.75 0.33125 0.7484374203125 0.33125 0.746874840625 0.3296875 0.7453122609375 0.3296875 0.74375031875 0.328125 0.74375031875 0.3265625 0.7421877390625 0.325 0.7421877390625 0.3234375 0.7406251593750001 0.321875 0.7406251593750001 0.31875 0.7390625796875 0.3171875 0.7390625796875 0.315625 0.7375 0.3140625 0.7375 0.3046875 0.7359374203125 0.303125 0.7359374203125 0.3015625 0.7343748406249999 0.3 0.7328122609375 0.3 0.728125159375 0.2953125 0.7265625796874999 0.2953125 0.725 0.29375 0.721874840625 0.29375 0.7203122609375 0.2921875 0.71875031875 0.2921875 0.715625159375 0.2890625 0.7140625796875 0.2890625 0.7125 0.2875 0.70625031875 0.2875 0.70625031875 0.2890625 0.7015625796875 0.29375 0.6968748406249999 0.29375 0.6953122609375 0.2953125
34 0.31718773906250003 0.578125 0.31718773906250003 0.5796875 0.315625159375 0.58125 0.3140625796875 0.58125 0.3140625796875 0.6078125 0.31718773906250003 0.6109375 0.31718773906250003 0.6125 0.321874840625 0.6171875 0.34843742031249997 0.6171875 0.35 0.615625 0.35156257968750004 0.615625 0.353125159375 0.6140625 0.353125159375 0.6125 0.3546877390625 0.6109375 0.3546877390625 0.578125 0.34843742031249997 0.571875 0.34843742031249997 0.5703125 0.346874840625 0.56875 0.3453122609375 0.56875 0.3421877390625 0.565625 0.3421877390625 0.5640625 0.3265625796875 0.5640625 0.3265625796875 0.565625 0.325 0.5671875 0.325 0.5703125 0.31718773906250003 0.578125
33 0.6046877390625001 0.2890625 0.6046877390625001 0.290625 0.603125159375 0.2921875 0.603125159375 0.328125 0.6046877390625001 0.328125 0.60625031875 0.3296875 0.6375 0.3296875 0.6390625796875 0.328125 0.6406251593750001 0.328125 0.6406251593750001 0.3265625 0.6421877390625 0.325 0.6421877390625 0.29375 0.6406251593750001 0.2921875 0.6406251593750001 0.290625 0.6359374203125 0.2859375 0.6359374203125 0.284375 0.6328122609375 0.28125 0.63125031875 0.28125 0.628125159375 0.278125 0.6109374203125 0.278125 0.6109374203125 0.2796875 0.60625031875 0.284375 0.60625031875 0.2875 0.6046877390625001 0.2890625
25 0.4265625796875 0.8671875 0.42812515937500006 0.8671875 0.43125031875 0.8703125 0.43125031875 0.871875 0.43281226093749997 0.8734375 0.434374840625 0.8734375 0.43593742031250005 0.875 0.4375 0.875 0.44218773906250003 0.8796875 0.4453122609375 0.8796875 0.45156257968749997 0.8859375 0.45312515937500003 0.8859375 0.45937484062499995 0.8921875 0.47187484062499996 0.8921875 0.4734374203125 0.890625 0.4734374203125 0.8890625 0.475 0.8875 0.475 0.8796875 0.4734374203125 0.878125 0.4734374203125 0.875 0.46875031875 0.8703125 0.4671877390625 0.8703125 0.46562515937500004 0.86875 0.4640625796875 0.86875 0.4625 0.8671875 0.4609374203125 0.8671875 0.4578122609375 0.8640625 0.45625031875 0.8640625 0.45312515937500003 0.8609375 0.45156257968749997 0.8609375 0.44687484062499994 0.85625 0.4453122609375 0.85625 0.44218773906250003 0.853125 0.44218773906250003 0.8515625 0.440625159375 0.85 0.43906257968749995 0.85 0.43281226093749997 0.84375 0.43125031875 0.84375 0.4296877390625 0.8421875 0.4109374203125 0.8421875 0.4109374203125 0.853125 0.41875031875 0.8609375 0.42031226093749996 0.8609375 0.4265625796875 0.8671875
3 0.30781226093749997 0.284375 0.30781226093749997 0.2859375 0.30625031875 0.2875 0.30625031875 0.315625 0.3125 0.321875 0.3125 0.328125 0.3140625796875 0.3296875 0.315625159375 0.3296875 0.31718773906250003 0.33125 0.31875031875 0.33125 0.3203122609375 0.3328125 0.35 0.3328125 0.35156257968750004 0.33125 0.3546877390625 0.33125 0.35625031875 0.3296875 0.359374840625 0.3296875 0.3609374203125 0.328125 0.3609374203125 0.3265625 0.365625159375 0.321875 0.365625159375 0.309375 0.3625 0.30625 0.3625 0.3046875 0.3609374203125 0.303125 0.3609374203125 0.3015625 0.359374840625 0.3 0.35156257968750004 0.3 0.34843742031249997 0.296875 0.34843742031249997 0.2953125 0.3421877390625 0.2890625 0.3421877390625 0.2859375 0.340625159375 0.284375 0.340625159375 0.2828125 0.3328122609375 0.275 0.31718773906250003 0.275 0.315625159375 0.2765625 0.3140625796875 0.2765625 0.3140625796875 0.278125 0.30781226093749997 0.284375
34 0.25 0.7171875 0.24531226093749997 0.721875 0.24531226093749997 0.7234375 0.24375031875 0.725 0.24375031875 0.7578125 0.246874840625 0.7609375 0.278125159375 0.7609375 0.2796877390625 0.759375 0.2796877390625 0.7578125 0.2828122609375 0.7546875 0.284374840625 0.7546875 0.284374840625 0.7265625 0.2796877390625 0.721875 0.2796877390625 0.7203125 0.278125159375 0.71875 0.278125159375 0.7171875 0.27343742031249996 0.7125 0.27343742031249996 0.7109375 0.271874840625 0.709375 0.25625031875 0.709375 0.253125159375 0.7125 0.2515625796875 0.7125 0.25 0.7140625 0.25 0.7171875
34 0.6734374203125 0.4671875 0.675 0.46875 0.675 0.471875 0.6765625796875 0.4734375 0.709374840625 0.4734375 0.7109374203125001 0.471875 0.7109374203125001 0.465625 0.7125 0.4640625 0.7125 0.4421875 0.7109374203125001 0.440625 0.7109374203125001 0.428125 0.7078122609374999 0.425 0.70625031875 0.425 0.7015625796875 0.4203125 0.6828122609375 0.4203125 0.675 0.428125 0.675 0.43125 0.6734374203125 0.4328125 0.6734374203125 0.4671875
33 0.5640625796875 0.1859375 0.5671877390625 0.1828125 0.5671877390625 0.18125 0.5703122609375 0.178125 0.5703122609375 0.16875 0.56875031875 0.1671875 0.56875031875 0.1640625 0.5671877390625 0.1625 0.5671877390625 0.14375 0.565625159375 0.1421875 0.565625159375 0.140625 0.5609374203125 0.1359375 0.5609374203125 0.134375 0.559374840625 0.1328125 0.54375031875 0.1328125 0.53125031875 0.1453125 0.53125031875 0.1796875 0.5375 0.1859375 0.5640625796875 0.1859375
33 0.6765625796875 0.1375 0.675 0.1390625 0.675 0.1453125 0.6734374203125 0.146875 0.6734374203125 0.178125 0.675 0.1796875 0.675 0.1828125 0.6781251593750001 0.1859375 0.7046877390625 0.1859375 0.7109374203125001 0.1796875 0.7109374203125001 0.1453125 0.709374840625 0.14375 0.7078122609374999 0.14375 0.7046877390625 0.140625 0.7046877390625 0.1390625 0.7031251593750001 0.1375 0.7015625796875 0.1375 0.6984374203125 0.134375 0.6984374203125 0.1328125 0.6968748406249999 0.13125 0.6859374203125 0.13125 0.684374840625 0.1328125 0.6828122609375 0.1328125 0.6781251593750001 0.1375 0.6765625796875 0.1375
7 0.6484374203125001 0.7953125 0.5953122609375 0.7953125 0.5953122609375 0.8546875 0.646874840625 0.8546875 0.6484374203125001 0.853125 0.6484374203125001 0.7953125
27 0.6703122609375 0.26875 0.66875031875 0.2703125 0.66875031875 0.271875 0.665625159375 0.275 0.6625 0.275 0.6609374203125 0.2765625 0.659374840625 0.2765625 0.6546877390625 0.28125 0.6515625796875 0.28125 0.65 0.2828125 0.65 0.284375 0.646874840625 0.2875 0.6453122609374999 0.2875 0.64375031875 0.2890625 0.64375031875 0.30625 0.65 0.30625 0.6515625796875 0.3046875 0.653125159375 0.3046875 0.6546877390625 0.303125 0.6546877390625 0.3015625 0.6578122609375 0.2984375 0.6609374203125 0.2984375 0.6625 0.296875 0.6640625796874999 0.296875 0.6671877390625001 0.29375 0.66875031875 0.29375 0.6703122609375 0.2921875 0.6718748406249999 0.2921875 0.6734374203125 0.290625 0.6734374203125 0.2890625 0.6765625796875 0.2859375 0.6781251593750001 0.2859375 0.684374840625 0.2796875 0.6890625796875 0.2796875 0.690625159375 0.278125 0.690625159375 0.2640625 0.6796877390625 0.2640625 0.6765625796875 0.2671875 0.675 0.2671875 0.6734374203125 0.26875 0.6703122609375 0.26875
27 0.5609374203125 0.284375 0.5625 0.284375 0.5640625796875 0.2859375 0.565625159375 0.2859375 0.56875031875 0.2890625 0.56875031875 0.290625 0.5703122609375 0.2921875 0.5718748406249999 0.2921875 0.575 0.2953125 0.575 0.296875 0.5765625796875 0.2984375 0.5796877390625 0.2984375 0.58125031875 0.3 0.5828122609374999 0.3 0.5859374203125001 0.303125 0.5875 0.303125 0.5890625796875 0.3046875 0.59375031875 0.3046875 0.5953122609375 0.30625 0.5984374203125 0.303125 0.5984374203125 0.2890625 0.596874840625 0.2875 0.5953122609375 0.2875 0.5921877390625 0.284375 0.5921877390625 0.2828125 0.590625159375 0.28125 0.5890625796875 0.28125 0.5828122609374999 0.275 0.5781251593750001 0.275 0.5718748406249999 0.26875 0.5703122609375 0.26875 0.56875031875 0.2671875 0.5671877390625 0.2671875 0.565625159375 0.265625 0.5640625796875 0.265625 0.5625 0.2640625 0.5531251593750001 0.2640625 0.5531251593750001 0.278125 0.5546877390625 0.2796875 0.55625031875 0.2796875 0.5609374203125 0.284375
31 0.5375 0.521875 0.534374840625 0.525 0.5328122609375 0.525 0.53125031875 0.5265625 0.53125031875 0.565625 0.5328122609375 0.5671875 0.54375031875 0.5671875 0.5453122609375 0.56875 0.5515625796875 0.56875 0.5531251593750001 0.5703125 0.559374840625 0.5703125 0.5609374203125 0.56875 0.5625 0.56875 0.5640625796875 0.5671875 0.565625159375 0.5671875 0.5718748406249999 0.5609375 0.5718748406249999 0.54375 0.56875031875 0.540625 0.56875031875 0.5375 0.5671877390625 0.5359375 0.5671877390625 0.5265625 0.565625159375 0.525 0.5640625796875 0.525 0.5609374203125 0.521875 0.5609374203125 0.5203125 0.559374840625 0.51875 0.5578122609375 0.51875 0.55625031875 0.5171875 0.5421877390625001 0.5171875 0.540625159375 0.51875 0.5390625796874999 0.51875 0.5375 0.5203125 0.5375 0.521875
8 0.25625031875 0.709375 0.2609374203125 0.709375 0.2625 0.7078125 0.265625159375 0.7078125 0.26718773906250004 0.709375 0.2703122609375 0.709375 0.271874840625 0.7109375 0.284374840625 0.7109375 0.290625159375 0.7046875 0.290625159375 0.6546875 0.2875 0.6515625 0.2375 0.6515625 0.2375 0.7078125 0.240625159375 0.7109375 0.25468773906250003 0.7109375 0.25625031875 0.709375
28 0.6640625796874999 0.5609375 0.6625 0.5625 0.6578122609375 0.5625 0.65625031875 0.5640625 0.65625031875 0.565625 0.653125159375 0.56875 0.65 0.56875 0.6453122609374999 0.5734375 0.64375031875 0.5734375 0.6421877390625 0.575 0.6390625796875 0.575 0.6375 0.5765625 0.6375 0.578125 0.6343748406249999 0.58125 0.63125031875 0.58125 0.625 0.5875 0.625 0.6015625 0.6265625796875 0.603125 0.6375 0.603125 0.6390625796875 0.6015625 0.6406251593750001 0.6015625 0.64375031875 0.5984375 0.6453122609374999 0.5984375 0.6515625796875 0.5921875 0.653125159375 0.5921875 0.659374840625 0.5859375 0.6640625796874999 0.5859375 0.6703122609375 0.5796875 0.6718748406249999 0.5796875 0.6781251593750001 0.5734375 0.6828122609375 0.5734375 0.6875 0.56875 0.6875 0.5671875 0.6890625796875 0.565625 0.6890625796875 0.553125 0.675 0.553125 0.6718748406249999 0.55625 0.6703122609375 0.55625 0.665625159375 0.5609375 0.6640625796874999 0.5609375
8 0.5046877390625 0.5078125 0.503125159375 0.50625 0.45156257968749997 0.50625 0.45156257968749997 0.5671875 0.503125159375 0.5671875 0.5046877390625 0.565625 0.5046877390625 0.5078125
28 0.27656257968750003 0.5734375 0.278125159375 0.5734375 0.28125031875 0.5765625 0.28125031875 0.578125 0.2828122609375 0.5796875 0.28593742031249997 0.5796875 0.2875 0.58125 0.28906257968750004 0.58125 0.2921877390625 0.584375 0.29375031875 0.584375 0.29531226093749996 0.5859375 0.296874840625 0.5859375 0.3 0.5890625 0.3 0.590625 0.3015625796875 0.5921875 0.309374840625 0.5921875 0.3109374203125 0.590625 0.3109374203125 0.5859375 0.3125 0.584375 0.3125 0.578125 0.303125159375 0.56875 0.3015625796875 0.56875 0.2984374203125 0.565625 0.2984374203125 0.5640625 0.296874840625 0.5625 0.29531226093749996 0.5625 0.28906257968750004 0.55625 0.2828122609375 0.55625 0.2796877390625 0.553125 0.265625159375 0.553125 0.265625159375 0.5609375 0.26875031875 0.5640625 0.26875031875 0.565625 0.27656257968750003 0.5734375
28 0.58125031875 0.7109375 0.5796877390625 0.7109375 0.5781251593750001 0.7125 0.5765625796875 0.7125 0.575 0.7140625 0.575 0.715625 0.5718748406249999 0.71875 0.5671877390625 0.71875 0.565625159375 0.7203125 0.5640625796875 0.7203125 0.559374840625 0.725 0.5578122609375 0.725 0.5546877390625 0.728125 0.5546877390625 0.7453125 0.5671877390625 0.7453125 0.5703122609375 0.7421875 0.5718748406249999 0.7421875 0.5734374203125 0.740625 0.575 0.740625 0.5781251593750001 0.7375 0.5796877390625 0.7375 0.58125031875 0.7359375 0.584374840625 0.7359375 0.5859374203125001 0.734375 0.5859374203125001 0.7328125 0.5890625796875 0.7296875 0.5921877390625 0.7296875 0.59375031875 0.728125 0.5953122609375 0.728125 0.5984374203125 0.725 0.6 0.725 0.6015625796874999 0.7234375 0.603125159375 0.7234375 0.6046877390625001 0.721875 0.6046877390625001 0.7203125 0.60625031875 0.71875 0.60625031875 0.7171875 0.6078122609375 0.715625 0.6078122609375 0.70625 0.5859374203125001 0.70625 0.584374840625 0.7078125 0.5828122609374999 0.7078125 0.5828122609374999 0.709375 0.58125031875 0.7109375
25 0.575 0.5828125 0.575 0.584375 0.5765625796875 0.5859375 0.5796877390625 0.5859375 0.584374840625 0.590625 0.5859374203125001 0.590625 0.5875 0.5921875 0.590625159375 0.5921875 0.59375031875 0.5953125 0.59375031875 0.596875 0.5953122609375 0.5984375 0.596874840625 0.5984375 0.5984374203125 0.6 0.6 0.6 0.6015625796874999 0.6015625 0.6015625796874999 0.603125 0.6046877390625001 0.603125 0.60625031875 0.6046875 0.6156251593750001 0.6046875 0.6171877390625 0.603125 0.6171877390625 0.6015625 0.61875031875 0.6 0.61875031875 0.59375 0.6171877390625 0.5921875 0.6171877390625 0.5890625 0.6093748406249999 0.58125 0.6078122609375 0.58125 0.6015625796874999 0.575 0.596874840625 0.575 0.590625159375 0.56875 0.5890625796875 0.56875 0.5828122609374999 0.5625 0.5640625796875 0.5625 0.5640625796875 0.5734375 0.5703122609375 0.5796875 0.5718748406249999 0.5796875 0.575 0.5828125
15 0.259374840625 0.4234375 0.2609374203125 0.421875 0.26718773906250004 0.421875 0.26875031875 0.4234375 0.284374840625 0.4234375 0.290625159375 0.4171875 0.290625159375 0.365625 0.28906257968750004 0.3640625 0.2875 0.3640625 0.28593742031249997 0.3625 0.240625159375 0.3625 0.2375 0.365625 0.2375 0.421875 0.23906257968750003 0.4234375 0.259374840625 0.4234375
28 0.2375 0.5578125 0.2375 0.559375 0.234374840625 0.5625 0.2328122609375 0.5625 0.23125031875 0.5640625 0.2296877390625 0.5640625 0.22656257968750002 0.5671875 0.225 0.5671875 0.22343742031249997 0.56875 0.22031226093749998 0.56875 0.21875031875 0.5703125 0.21875031875 0.571875 0.215625159375 0.575 0.215625159375 0.5921875 0.22656257968750002 0.5921875 0.2328122609375 0.5859375 0.234374840625 0.5859375 0.23906257968750003 0.58125 0.240625159375 0.58125 0.24218773906250002 0.5796875 0.24375031875 0.5796875 0.24531226093749997 0.578125 0.246874840625 0.578125 0.246874840625 0.5765625 0.2484374203125 0.575 0.25 0.575 0.2515625796875 0.5734375 0.253125159375 0.5734375 0.25468773906250003 0.571875 0.25468773906250003 0.5703125 0.2578122609375 0.5671875 0.259374840625 0.5671875 0.2609374203125 0.565625 0.2609374203125 0.5640625 0.2625 0.5625 0.2625 0.5515625 0.25 0.5515625 0.25 0.553125 0.246874840625 0.55625 0.23906257968750003 0.55625 0.2375 0.5578125
28 0.6921877390625 0.55 0.69375031875 0.5484375 0.6968748406249999 0.5484375 0.6984374203125 0.546875 0.6984374203125 0.5078125 0.7 0.50625 0.7 0.4953125 0.7015625796875 0.49375 0.7015625796875 0.4828125 0.7 0.48125 0.6859374203125 0.48125 0.6859374203125 0.5484375 0.6875 0.5484375 0.6890625796875 0.55 0.6921877390625 0.55
3 0.45 0.415625 0.45468773906250004 0.4203125 0.45468773906250004 0.421875 0.45625031875 0.4234375 0.45625031875 0.428125 0.4578122609375 0.4296875 0.496874840625 0.4296875 0.5046877390625 0.421875 0.5046877390625 0.4203125 0.50625031875 0.41875 0.50625031875 0.4171875 0.5078122609375 0.415625 0.5078122609375 0.4015625 0.50625031875 0.4015625 0.503125159375 0.3984375 0.5015625796875 0.3984375 0.49843742031250005 0.3953125 0.496874840625 0.3953125 0.49531226093749997 0.39375 0.49062515937500006 0.39375 0.48593742031250003 0.3890625 0.48593742031250003 0.3828125 0.48437484062499997 0.38125 0.48437484062499997 0.3796875 0.48281226093749996 0.3796875 0.48125031875 0.378125 0.48125031875 0.3765625 0.4796877390625 0.375 0.4796877390625 0.3734375 0.47812515937500005 0.371875 0.47812515937500005 0.3703125 0.4625 0.3703125 0.4578122609375 0.375 0.45625031875 0.375 0.45 0.38125 0.45 0.415625
12 0.6484374203125001 0.5078125 0.646874840625 0.50625 0.5953122609375 0.50625 0.5953122609375 0.5671875 0.646874840625 0.5671875 0.6484374203125001 0.565625 0.6484374203125001 0.5078125
26 0.24375031875 0.2671875 0.24218773906250002 0.26875 0.23906257968750003 0.26875 0.2328122609375 0.275 0.2296877390625 0.275 0.228125159375 0.2765625 0.22656257968750002 0.2765625 0.22656257968750002 0.278125 0.22343742031249997 0.28125 0.221874840625 0.28125 0.215625159375 0.2875 0.21406257968750003 0.2875 0.2125 0.2890625 0.2125 0.2984375 0.21406257968750003 0.2984375 0.215625159375 0.3 0.21875031875 0.3 0.22031226093749998 0.3015625 0.221874840625 0.3015625 0.22343742031249997 0.3 0.228125159375 0.3 0.2296877390625 0.2984375 0.234374840625 0.2984375 0.240625159375 0.2921875 0.24531226093749997 0.2921875 0.2515625796875 0.2859375 0.253125159375 0.2859375 0.25468773906250003 0.284375 0.25468773906250003 0.2828125 0.2578122609375 0.2796875 0.259374840625 0.2796875 0.2609374203125 0.278125 0.2609374203125 0.2625 0.253125159375 0.2625 0.2515625796875 0.2640625 0.25 0.2640625 0.246874840625 0.2671875 0.24375031875 0.2671875
28 0.63125031875 0.4265625 0.63125031875 0.428125 0.6328122609375 0.4296875 0.6343748406249999 0.4296875 0.6406251593750001 0.4359375 0.6453122609374999 0.4359375 0.6515625796875 0.4421875 0.653125159375 0.4421875 0.65625031875 0.4453125 0.65625031875 0.446875 0.6578122609375 0.4484375 0.6671877390625001 0.4484375 0.66875031875 0.446875 0.6703122609375 0.446875 0.6718748406249999 0.4453125 0.6718748406249999 0.4328125 0.6640625796874999 0.425 0.659374840625 0.425 0.653125159375 0.41875 0.6515625796875 0.41875 0.6484374203125001 0.415625 0.6484374203125001 0.4140625 0.646874840625 0.4125 0.6453122609374999 0.4125 0.6406251593750001 0.4078125 0.625 0.4078125 0.625 0.421875 0.6265625796875 0.4234375 0.628125159375 0.4234375 0.63125031875 0.4265625
27 0.309374840625 0.4125 0.303125159375 0.41875 0.3015625796875 0.41875 0.28906257968750004 0.43125 0.28593742031249997 0.43125 0.28593742031249997 0.4484375 0.29531226093749996 0.4484375 0.3015625796875 0.4421875 0.303125159375 0.4421875 0.309374840625 0.4359375 0.3140625796875 0.4359375 0.3203122609375 0.4296875 0.321874840625 0.4296875 0.3234374203125 0.428125 0.3234374203125 0.4265625 0.3265625796875 0.4234375 0.328125159375 0.4234375 0.32968773906250004 0.421875 0.32968773906250004 0.41875 0.33125031875 0.4171875 0.33125031875 0.4109375 0.32968773906250004 0.409375 0.31718773906250003 0.409375 0.315625159375 0.4109375 0.3140625796875 0.4109375 0.3125 0.4125 0.309374840625 0.4125
25 0.48437484062499997 0.60625 0.47187484062499996 0.60625 0.47187484062499996 0.6609375 0.4765625796875 0.665625 0.48437484062499997 0.665625 0.48437484062499997 0.60625
25 0.43125031875 0.715625 0.42812515937500006 0.71875 0.425 0.71875 0.42187484062499997 0.721875 0.42031226093749996 0.721875 0.4171877390625 0.725 0.41562515937500005 0.725 0.4078122609375 0.7328125 0.4078122609375 0.7453125 0.40937484062499996 0.746875 0.4109374203125 0.746875 0.4125 0.7484375 0.42187484062499997 0.7484375 0.42343742031250003 0.746875 0.425 0.746875 0.434374840625 0.7375 0.43593742031250005 0.7375 0.4375 0.7359375 0.440625159375 0.7359375 0.44218773906250003 0.734375 0.44218773906250003 0.7328125 0.4453122609375 0.7296875 0.4484374203125 0.7296875 0.45468773906250004 0.7234375 0.45468773906250004 0.7203125 0.45625031875 0.71875 0.45625031875 0.715625 0.4578122609375 0.7140625 0.4578122609375 0.7078125 0.440625159375 0.7078125 0.43593742031250005 0.7125 0.43281226093749997 0.7125 0.43125031875 0.7140625 0.43125031875 0.715625
28 0.3421877390625 0.625 0.340625159375 0.6234375 0.33125031875 0.6234375 0.33125031875 0.6921875 0.340625159375 0.6921875 0.3421877390625 0.690625 0.3421877390625 0.625
28 0.30781226093749997 0.7015625 0.303125159375 0.70625 0.3015625796875 0.70625 0.290625159375 0.7171875 0.28906257968750004 0.7171875 0.2875 0.71875 0.28593742031249997 0.71875 0.28593742031249997 0.7390625 0.2921877390625 0.7390625 0.29531226093749996 0.7359375 0.2984374203125 0.7359375 0.3 0.734375 0.3015625796875 0.734375 0.30625031875 0.7296875 0.30781226093749997 0.7296875 0.3140625796875 0.7234375 0.315625159375 0.7234375 0.321874840625 0.7171875 0.3234374203125 0.7171875 0.325 0.715625 0.325 0.7140625 0.3265625796875 0.7125 0.328125159375 0.7125 0.32968773906250004 0.7109375 0.32968773906250004 0.709375 0.3328122609375 0.70625 0.3328122609375 0.6984375 0.33125031875 0.696875 0.31718773906250003 0.696875 0.3140625796875 0.7 0.3109374203125 0.7 0.309374840625 0.7015625 0.30781226093749997 0.7015625
27 0.7078122609374999 0.2859375 0.7140625796875 0.2921875 0.715625159375 0.2921875 0.71875031875 0.2953125 0.71875031875 0.296875 0.7203122609375 0.2984375 0.721874840625 0.2984375 0.7265625796874999 0.303125 0.728125159375 0.303125 0.7296877390625001 0.3046875 0.7406251593750001 0.3046875 0.7421877390625 0.303125 0.7421877390625 0.2890625 0.7406251593750001 0.2875 0.7390625796875 0.2875 0.7328122609375 0.28125 0.7265625796874999 0.28125 0.7234374203125 0.278125 0.7234374203125 0.2765625 0.721874840625 0.275 0.7203122609375 0.275 0.7140625796875 0.26875 0.7 0.26875 0.6984374203125 0.2671875 0.69375031875 0.2671875 0.69375031875 0.2796875 0.6968748406249999 0.2796875 0.7031251593750001 0.2859375 0.7078122609374999 0.2859375
27 0.5953122609375 0.125 0.59375031875 0.1265625 0.59375031875 0.128125 0.590625159375 0.13125 0.5890625796875 0.13125 0.5828122609374999 0.1375 0.5781251593750001 0.1375 0.5718748406249999 0.14375 0.5703122609375 0.14375 0.5703122609375 0.159375 0.5796877390625 0.159375 0.584374840625 0.1546875 0.590625159375 0.1546875 0.5921877390625 0.153125 0.5921877390625 0.1515625 0.5953122609375 0.1484375 0.6 0.1484375 0.6015625796874999 0.146875 0.603125159375 0.146875 0.6078122609375 0.1421875 0.6093748406249999 0.1421875 0.6109374203125 0.140625 0.6109374203125 0.1390625 0.6140625796875 0.1359375 0.6156251593750001 0.1359375 0.6171877390625 0.134375 0.6171877390625 0.13125 0.61875031875 0.1296875 0.61875031875 0.121875 0.6015625796874999 0.121875 0.6 0.1234375 0.5984374203125 0.1234375 0.596874840625 0.125 0.5953122609375 0.125
33 0.25 0.428125 0.2484374203125 0.4296875 0.2484374203125 0.43125 0.24531226093749997 0.434375 0.24531226093749997 0.46875 0.246874840625 0.46875 0.2484374203125 0.4703125 0.2484374203125 0.471875 0.25 0.471875 0.2515625796875 0.4734375 0.278125159375 0.4734375 0.2796877390625 0.471875 0.2796877390625 0.4703125 0.2828122609375 0.4671875 0.284374840625 0.4671875 0.284374840625 0.440625 0.2828122609375 0.4390625 0.2828122609375 0.4375 0.2796877390625 0.434375 0.2796877390625 0.4328125 0.275 0.428125 0.275 0.4265625 0.2703122609375 0.421875 0.25625031875 0.421875 0.253125159375 0.425 0.2515625796875 0.425 0.25 0.4265625 0.25 0.428125
25 0.40625031875 0.8390625 0.40937484062499996 0.8390625 0.4109374203125 0.8375 0.4109374203125 0.8359375 0.4125 0.834375 0.4125 0.821875 0.4109374203125 0.8203125 0.4109374203125 0.7640625 0.4125 0.7625 0.4125 0.759375 0.4140625796875 0.7578125 0.4140625796875 0.75 0.4015625796875 0.75 0.4015625796875 0.8359375 0.40312515937500004 0.8375 0.4046877390625 0.8375 0.40625031875 0.8390625
28 0.628125159375 0.60625 0.6171877390625 0.60625 0.6171877390625 0.6578125 0.61875031875 0.659375 0.628125159375 0.659375 0.628125159375 0.60625
10 0.45312515937500003 0.2796875 0.503125159375 0.2796875 0.5046877390625 0.278125 0.5046877390625 0.2203125 0.503125159375 0.21875 0.48125031875 0.21875 0.4796877390625 0.2171875 0.45625031875 0.2171875 0.45468773906250004 0.21875 0.45156257968749997 0.21875 0.45156257968749997 0.278125 0.45312515937500003 0.2796875
27 0.63125031875 0.1390625 0.63125031875 0.140625 0.6328122609375 0.1421875 0.6343748406249999 0.1421875 0.6375 0.1453125 0.6375 0.146875 0.6390625796875 0.1484375 0.6421877390625 0.1484375 0.64375031875 0.15 0.6453122609374999 0.15 0.65 0.1546875 0.653125159375 0.1546875 0.65625031875 0.1578125 0.65625031875 0.159375 0.6578122609375 0.1609375 0.665625159375 0.1609375 0.6718748406249999 0.1546875 0.6718748406249999 0.1453125 0.6640625796874999 0.1375 0.6578122609375 0.1375 0.6546877390625 0.134375 0.6546877390625 0.1328125 0.653125159375 0.13125 0.6515625796875 0.13125 0.6484374203125001 0.128125 0.6484374203125001 0.1265625 0.646874840625 0.125 0.6453122609374999 0.125 0.6406251593750001 0.1203125 0.6234374203125 0.1203125 0.6234374203125 0.1328125 0.6265625796875 0.1359375 0.628125159375 0.1359375 0.63125031875 0.1390625
27 0.6890625796875 0.19375 0.684374840625 0.19375 0.684374840625 0.2578125 0.6890625796875 0.2625 0.6921877390625 0.2625 0.69375031875 0.2609375 0.6968748406249999 0.2609375 0.6984374203125 0.259375 0.6984374203125 0.19375 0.6953122609375 0.190625 0.69375031875 0.1921875 0.690625159375 0.1921875 0.6890625796875 0.19375
26 0.27656257968750003 0.2859375 0.278125159375 0.2859375 0.28125031875 0.2890625 0.28125031875 0.290625 0.2828122609375 0.2921875 0.284374840625 0.2921875 0.290625159375 0.2984375 0.296874840625 0.2984375 0.2984374203125 0.3 0.3 0.3 0.3015625796875 0.3015625 0.303125159375 0.3015625 0.303125159375 0.3 0.3046877390625 0.2984375 0.3046877390625 0.2828125 0.303125159375 0.28125 0.3015625796875 0.28125 0.2984374203125 0.278125 0.2984374203125 0.2765625 0.296874840625 0.275 0.29531226093749996 0.275 0.28906257968750004 0.26875 0.2828122609375 0.26875 0.28125031875 0.2671875 0.2796877390625 0.2671875 0.27656257968750003 0.2640625 0.26718773906250004 0.2640625 0.26718773906250004 0.275 0.26875031875 0.2765625 0.26875031875 0.278125 0.27656257968750003 0.2859375
26 0.3421877390625 0.334375 0.32968773906250004 0.334375 0.32968773906250004 0.4046875 0.340625159375 0.4046875 0.3421877390625 0.403125 0.3421877390625 0.334375
27 0.5546877390625 0.25625 0.55625031875 0.2546875 0.55625031875 0.2453125 0.5578122609375 0.24375 0.5578122609375 0.19375 0.5453122609375 0.19375 0.5453122609375 0.2609375 0.5531251593750001 0.2609375 0.5546877390625 0.259375 0.5546877390625 0.25625
26 0.48125031875 0.375 0.48281226093749996 0.3765625 0.48437484062499997 0.3765625 0.48437484062499997 0.375 0.48593742031250003 0.3734375 0.48593742031250003 0.3171875 0.47187484062499996 0.3171875 0.47187484062499996 0.3734375 0.47812515937500005 0.3734375 0.4796877390625 0.375 0.48125031875 0.375
16 0.525 0.421875 0.5265625796875 0.4234375 0.5718748406249999 0.4234375 0.5734374203125 0.421875 0.5734374203125 0.4171875 0.575 0.415625 0.575 0.4125 0.5734374203125 0.4109375 0.5734374203125 0.3640625 0.5718748406249999 0.3625 0.56875031875 0.3625 0.5671877390625 0.3609375 0.5328122609375 0.3609375 0.53125031875 0.3625 0.5265625796875 0.3625 0.525 0.3640625 0.525 0.421875
15 0.7890625796874999 0.5671875 0.790625159375 0.565625 0.790625159375 0.50625 0.7390625796875 0.50625 0.7375 0.5078125 0.7375 0.5640625 0.7406251593750001 0.5671875 0.7890625796874999 0.5671875
26 0.265625159375 0.265625 0.2703122609375 0.2609375 0.271874840625 0.2609375 0.271874840625 0.171875 0.2578122609375 0.171875 0.2578122609375 0.2609375 0.259374840625 0.2609375 0.2640625796875 0.265625 0.265625159375 0.265625
14 0.6453122609374999 0.2796875 0.6484374203125001 0.2765625 0.6484374203125001 0.221875 0.646874840625 0.2203125 0.646874840625 0.21875 0.6406251593750001 0.21875 0.6390625796875 0.2171875 0.6015625796874999 0.2171875 0.6 0.21875 0.5953122609375 0.21875 0.5953122609375 0.2796875 0.6453122609374999 0.2796875
12 0.1828122609375 0.5671875 0.184374840625 0.565625 0.1859374203125 0.565625 0.1859374203125 0.5640625 0.1890625796875 0.5609375 0.1953122609375 0.5609375 0.196874840625 0.5625 0.1984374203125 0.5625 0.2 0.5640625 0.2 0.565625 0.20156257968750002 0.5671875 0.215625159375 0.5671875 0.21718773906250002 0.565625 0.21718773906250002 0.5078125 0.215625159375 0.50625 0.16875031875 0.50625 0.1671877390625 0.5078125 0.1671877390625 0.565625 0.16875031875 0.5671875 0.1828122609375 0.5671875
11 0.32968773906250004 0.565625 0.33125031875 0.565625 0.3328122609375 0.5640625 0.334374840625 0.5640625 0.33593742031249996 0.565625 0.340625159375 0.565625 0.3421877390625 0.5671875 0.359374840625 0.5671875 0.3609374203125 0.565625 0.3609374203125 0.5078125 0.359374840625 0.50625 0.309374840625 0.50625 0.309374840625 0.565625 0.3109374203125 0.5671875 0.328125159375 0.5671875 0.32968773906250004 0.565625
14 0.38125031875 0.709375 0.3828122609375 0.7109375 0.425 0.7109375 0.4265625796875 0.7125 0.42812515937500006 0.7109375 0.4296877390625 0.7109375 0.43125031875 0.709375 0.43125031875 0.7078125 0.43281226093749997 0.70625 0.43281226093749997 0.6546875 0.4296877390625 0.6515625 0.38125031875 0.6515625 0.37968773906250003 0.653125 0.37968773906250003 0.7015625 0.38125031875 0.703125 0.38125031875 0.709375
28 0.5531251593750001 0.8375 0.5546877390625 0.8359375 0.5546877390625 0.7703125 0.55625031875 0.76875 0.55625031875 0.7484375 0.54375031875 0.7484375 0.54375031875 0.8359375 0.5468748406249999 0.8390625 0.5531251593750001 0.8390625 0.5531251593750001 0.8375
13 0.5718748406249999 0.7109375 0.5734374203125 0.709375 0.575 0.709375 0.575 0.65625 0.5734374203125 0.6546875 0.5734374203125 0.6515625 0.5718748406249999 0.65 0.5265625796875 0.65 0.525 0.6515625 0.525 0.709375 0.5265625796875 0.7109375 0.5718748406249999 0.7109375
7 0.4296877390625 0.4234375 0.434374840625 0.41875 0.434374840625 0.3640625 0.43281226093749997 0.3640625 0.43125031875 0.3625 0.42812515937500006 0.3625 0.4265625796875 0.3609375 0.3828122609375 0.3609375 0.3828122609375 0.3625 0.38125031875 0.3640625 0.38125031875 0.4234375 0.4296877390625 0.4234375
29 0.1966794375 0.35491071406249997 0.1998722859375 0.362351190625 0.21072796875000002 0.36383928593750003 0.21072796875000002 0.3727678578125 0.21711366562499998 0.37946428593750003 0.22988505781250002 0.3772321421875 0.23371647499999998 0.3727678578125 0.23627075312499998 0.3645833328125 0.245210728125 0.3608630953125 0.24712643750000002 0.3578869046875 0.24265645 0.34821428593750003 0.23499361406250002 0.340773809375 0.231800765625 0.327380953125 0.22413793124999998 0.32217261875 0.21966794374999998 0.32217261875 0.2113665390625 0.328125 0.2088122609375 0.3400297625 0.1992337171875 0.3489583328125 0.1966794375 0.35491071406249997
13 0.3141762453125 0.280505953125 0.3231162203125 0.2730654765625 0.328863346875 0.2730654765625 0.3441890171875 0.284226190625 0.348659003125 0.28125 0.35951468750000004 0.280505953125 0.3633461046875 0.27529761875 0.363984675 0.2641369046875 0.36270753437500003 0.221726190625 0.3588761171875 0.21800595312499998 0.3263090671875 0.21800595312499998 0.322796934375 0.21800595312499998 0.31353767499999996 0.21875 0.3097062578125 0.22395833281250002 0.31034482812499997 0.2775297625 0.3141762453125 0.280505953125
11 0.6717752234375001 0.42410714218749995 0.68263090625 0.424851190625 0.6909323109375001 0.41815476250000005 0.6966794375 0.41815476250000005 0.7049808421875 0.42633928593750003 0.7190293734375001 0.4233630953125 0.7209450828125 0.3958333328125 0.7190293734375001 0.3645833328125 0.7139208171875 0.3616071421875 0.6902937421875001 0.3608630953125 0.68710089375 0.3608630953125 0.6730523625 0.3616071421875 0.6666666671875 0.3668154765625 0.6673052359375 0.42113095312500004 0.6717752234375001 0.42410714218749995
9 0.3097062578125 0.8526785718750001 0.3116219671875 0.856398809375 0.3416347375 0.858630953125 0.3588761171875 0.8578869046875001 0.362068965625 0.8556547625 0.363984675 0.8519345234375001 0.363984675 0.8020833328125001 0.3607918265625 0.796130953125 0.356960409375 0.7946428578125 0.3535549171875 0.7946428578125 0.3160919546875 0.7946428578125 0.3097062578125 0.7991071421875 0.30906768906250004 0.8355654765624999 0.3097062578125 0.8526785718750001
16 0.45849297499999997 0.8578869046875001 0.4776500640625 0.858630953125 0.4802043421875 0.856398809375 0.5044699875 0.8556547625 0.5063856953125 0.8459821421875 0.50510855625 0.7983630953125 0.49808429062500004 0.7946428578125 0.4757343546875 0.7946428578125 0.4723288640625 0.7946428578125 0.4572158359375 0.7953869046875 0.45274585 0.7991071421875 0.4521072796875 0.8526785718750001 0.45849297499999997 0.8578869046875001
18 0.0890625796875 0.5875 0.0890625796875 0.665625 0.1390625796875 0.665625 0.1390625796875 0.5875 0.0890625796875 0.5875
18 0.728125159375 0.1515625 0.728125159375 0.2359375 0.7875 0.2359375 0.7875 0.1515625 0.728125159375 0.1515625
21 0.5625 0.0859375 0.5640625796875 0.0875 0.565625159375 0.0859375 0.5703122609375 0.0859375 0.5718748406249999 0.084375 0.5718748406249999 0.009375 0.5156251593750001 0.009375 0.5156251593750001 0.0875 0.5546877390625 0.0875 0.55625031875 0.0859375 0.5625 0.0859375
18 0.22656257968750002 0.878125 0.22656257968750002 0.9578125 0.2875 0.9578125 0.2875 0.878125 0.22656257968750002 0.878125
18 0.14218773906249998 0.296875 0.0859374203125 0.296875 0.0859374203125 0.38125 0.1390625796875 0.38125 0.14218773906249998 0.378125 0.14218773906249998 0.296875
19 0.5171877390625 0.878125 0.5171877390625 0.953125 0.5703122609375 0.953125 0.5703122609375 0.878125 0.5171877390625 0.878125
23 0.284374840625 0.009375 0.23125031875 0.009375 0.23125031875 0.0921875 0.2828122609375 0.0921875 0.284374840625 0.090625 0.284374840625 0.009375
20 0.8734374203125 0.440625 0.8734374203125 0.5203125 0.9296877390624999 0.5203125 0.9296877390624999 0.440625 0.8734374203125 0.440625
22 0.788636653125 0.7347433031249999 0.7311590031249999 0.7347433031249999 0.7311590031249999 0.8098400296875001 0.788636653125 0.8098400296875001 0.788636653125 0.7347433031249999