17 0.595588125 0.1415441828125 0.595588125 0.1433821796875 0.591911875 0.1470589109375 0.588235 0.1470589109375 0.5863968749999999 0.1488969078125 0.58455875 0.1488969078125 0.579044375 0.154411634375 0.5753675 0.154411634375 0.573529375 0.15625036875 0.57169125 0.15625036875 0.55882375 0.1691178203125 0.55882375 0.1709558171875 0.556985 0.1727938140625 0.556985 0.1783085421875 0.5551468749999999 0.180147275 0.5551468749999999 0.2334558171875 0.55882375 0.23713254843749998 0.55882375 0.24632326875000002 0.560661875 0.24816200312499997 0.564338125 0.24816200312499997 0.56617625 0.25 0.568014375 0.25 0.573529375 0.255514728125 0.573529375 0.257352725 0.5753675 0.25919145781249997 0.5753675 0.2738969078125 0.579044375 0.2775736375 0.582720625 0.2775736375 0.588235 0.283088365625 0.59007375 0.283088365625 0.591911875 0.2849263625 0.59742625 0.2849263625 0.604779375 0.2922790875 0.610294375 0.2922790875 0.6121325 0.2941178203125 0.613970625 0.2922790875 0.62132375 0.2922790875 0.623161875 0.2904410890625 0.623161875 0.2886030921875 0.626838125 0.2849263625 0.630514375 0.2849263625 0.6323531250000001 0.283088365625 0.63419125 0.283088365625 0.639705625 0.2775736375 0.641544375 0.2775736375 0.6488968749999999 0.2702209125 0.654411875 0.2702209125 0.65625 0.2683821796875 0.658088125 0.2683821796875 0.65992625 0.26654418281250003 0.65992625 0.2610294546875 0.661764375 0.25919145781249997 0.661764375 0.257352725 0.66544125 0.25367673125 0.66544125 0.251837996875 0.667279375 0.25 0.667279375 0.23713254843749998 0.681985 0.22242636249999997 0.681985 0.1764705453125 0.6801468749999999 0.1746325484375 0.6801468749999999 0.1727938140625 0.6746325 0.1672790875 0.6746325 0.1654410890625 0.670955625 0.161764359375 0.667279375 0.161764359375 0.65992625 0.154411634375 0.658088125 0.154411634375 0.650735 0.1470589109375 0.6488968749999999 0.1470589109375 0.64705875 0.1452209125 0.645220625 0.1452209125 0.641544375 0.1415441828125 0.639705625 0.1415441828125 0.6378675 0.1397061859375 0.625 0.1397061859375 0.623161875 0.1378674515625 0.608455625 0.1378674515625 0.6066175 0.1397061859375 0.599264375 0.1397061859375 0.59742625 0.1415441828125 0.595588125 0.1415441828125
37 0.658088125 0.286764359375 0.650735 0.2941178203125 0.64705875 0.2941178203125 0.645220625 0.29595581718749997 0.6433825 0.29595581718749997 0.6378675 0.3014705453125 0.636029375 0.3014705453125 0.63419125 0.30330854218750003 0.6323531250000001 0.30330854218750003 0.630514375 0.305147275 0.62867625 0.305147275 0.625 0.30882326875 0.625 0.36580854218750003 0.630514375 0.37132326875 0.630514375 0.373162003125 0.6323531250000001 0.375 0.6323531250000001 0.37867673125 0.6378675 0.38419145781249997 0.6378675 0.3952209125 0.639705625 0.3970589109375 0.639705625 0.4154410890625 0.6433825 0.4191178203125 0.645220625 0.4191178203125 0.6488968749999999 0.42279381406249994 0.650735 0.42279381406249994 0.65257375 0.42463254843750003 0.658088125 0.42463254843750003 0.6636031250000001 0.43014727500000005 0.66544125 0.43014727500000005 0.667279375 0.431985271875 0.672794375 0.431985271875 0.6746325 0.43382326875 0.676470625 0.43382326875 0.67830875 0.43566200312500003 0.67830875 0.4375 0.689338125 0.4375 0.693014375 0.43382326875 0.6948531250000001 0.43382326875 0.69669125 0.431985271875 0.7003675 0.431985271875 0.7058825 0.4264705453125 0.707720625 0.4264705453125 0.70955875 0.42463254843750003 0.7113968749999999 0.42463254843750003 0.716911875 0.4191178203125 0.71875 0.4191178203125 0.720588125 0.4172790875 0.7261031250000001 0.4172790875 0.72794125 0.4154410890625 0.729779375 0.4154410890625 0.735294375 0.4099263625 0.7371325 0.4099263625 0.738970625 0.408088365625 0.74080875 0.408088365625 0.74080875 0.40625036875 0.744485 0.4025736375 0.74632375 0.4025736375 0.748161875 0.40073564062499994 0.748161875 0.310662003125 0.738970625 0.3014705453125 0.7316175 0.3014705453125 0.724264375 0.2941178203125 0.71875 0.2941178203125 0.716911875 0.2922790875 0.71507375 0.2922790875 0.70955875 0.286764359375 0.707720625 0.286764359375 0.704044375 0.283088365625 0.704044375 0.28125036875 0.702205625 0.279411634375 0.6746325 0.279411634375 0.672794375 0.28125036875 0.670955625 0.28125036875 0.66544125 0.286764359375 0.658088125 0.286764359375
17 0.314338125 0.1397061859375 0.306985 0.1470589109375 0.30330875 0.1470589109375 0.301470625 0.1488969078125 0.301470625 0.150735640625 0.297794375 0.154411634375 0.2941175 0.154411634375 0.292279375 0.15625036875 0.29044125 0.15625036875 0.286765 0.1599263625 0.28492625 0.1599263625 0.283088125 0.161764359375 0.28125 0.161764359375 0.27389687500000004 0.1691178203125 0.27389687500000004 0.255514728125 0.275735 0.255514728125 0.279411875 0.25919145781249997 0.279411875 0.2610294546875 0.28125 0.2628674515625 0.283088125 0.2628674515625 0.286765 0.26654418281250003 0.286765 0.2683821796875 0.28860312499999996 0.2702209125 0.2941175 0.2702209125 0.295955625 0.2720589109375 0.297794375 0.2720589109375 0.2996325 0.2738969078125 0.2996325 0.275735640625 0.301470625 0.275735640625 0.30330875 0.2775736375 0.30514687500000004 0.2775736375 0.310661875 0.283088365625 0.3125 0.283088365625 0.314338125 0.2849263625 0.31985312499999996 0.2849263625 0.323529375 0.2886030921875 0.323529375 0.2904410890625 0.3253675 0.2922790875 0.327205625 0.2922790875 0.329044375 0.2941178203125 0.3308825 0.2941178203125 0.332720625 0.29595581718749997 0.33639687500000004 0.29595581718749997 0.338235 0.2941178203125 0.341911875 0.2941178203125 0.34375 0.2922790875 0.349265 0.2922790875 0.35110312499999996 0.2904410890625 0.35110312499999996 0.2886030921875 0.354779375 0.2849263625 0.3621325 0.2849263625 0.369485 0.2775736375 0.373161875 0.2775736375 0.375 0.275735640625 0.376838125 0.275735640625 0.37867625 0.2738969078125 0.37867625 0.2720589109375 0.380515 0.2702209125 0.380515 0.255514728125 0.37867625 0.25367673125 0.37867625 0.2389705453125 0.380515 0.23713254843749998 0.380515 0.2297790875 0.38419125 0.22610309218750002 0.386029375 0.22610309218750002 0.3878675 0.224264359375 0.3878675 0.22242636249999997 0.391544375 0.21875036875 0.3933825 0.21875036875 0.39705875 0.21507363750000003 0.39705875 0.21139690781249998 0.39889687500000004 0.2095589109375 0.39889687500000004 0.189337996875 0.39705875 0.1875 0.39705875 0.1783085421875 0.395220625 0.1764705453125 0.395220625 0.1654410890625 0.391544375 0.161764359375 0.389705625 0.161764359375 0.3878675 0.1599263625 0.386029375 0.1599263625 0.38419125 0.158088365625 0.38235312499999996 0.158088365625 0.380515 0.15625036875 0.37867625 0.15625036875 0.376838125 0.154411634375 0.375 0.154411634375 0.369485 0.1488969078125 0.36764687500000004 0.1488969078125 0.36580875 0.1470589109375 0.3621325 0.1470589109375 0.354779375 0.1397061859375 0.35294125 0.1397061859375 0.35110312499999996 0.1378674515625 0.349265 0.1378674515625 0.34742625 0.1360294546875 0.32169125 0.1360294546875 0.31985312499999996 0.1378674515625 0.318015 0.1378674515625 0.31617625 0.1397061859375 0.314338125 0.1397061859375
34 0.60294125 0.37132326875 0.599264375 0.375 0.59742625 0.375 0.595588125 0.376837996875 0.595588125 0.4136030921875 0.59742625 0.4154410890625 0.599264375 0.4154410890625 0.6011031250000001 0.4172790875 0.62867625 0.4172790875 0.630514375 0.4154410890625 0.630514375 0.4136030921875 0.63419125 0.4099263625 0.636029375 0.4099263625 0.636029375 0.382352725 0.63419125 0.382352725 0.630514375 0.37867673125 0.630514375 0.376837996875 0.623161875 0.369485271875 0.623161875 0.36580854218750003 0.608455625 0.36580854218750003 0.6066175 0.367647275 0.604779375 0.367647275 0.60294125 0.369485271875 0.60294125 0.37132326875
6 0.323529375 0.7040441828125 0.32169125 0.7058821796875 0.31985312499999996 0.7058821796875 0.3125 0.713235640625 0.30882375 0.713235640625 0.306985 0.7150736375 0.30330875 0.7150736375 0.30330875 0.7169116343749999 0.2996325 0.7205883656250001 0.297794375 0.7205883656250001 0.295955625 0.7224263625 0.2941175 0.7224263625 0.28860312499999996 0.7279410890625 0.286765 0.7279410890625 0.28492625 0.7297790875 0.283088125 0.7297790875 0.27757375 0.7352938140624999 0.275735 0.7352938140624999 0.27389687500000004 0.7371325484375 0.27389687500000004 0.8272061859375001 0.275735 0.8290441828124999 0.27757375 0.8290441828124999 0.28125 0.8327209124999999 0.283088125 0.8327209124999999 0.286765 0.8363969078125001 0.29044125 0.8363969078125001 0.2941175 0.8400736375 0.2941175 0.8419116343749999 0.295955625 0.84375036875 0.2996325 0.84375036875 0.301470625 0.8455883656250001 0.30330875 0.8455883656250001 0.30882375 0.8511030921874999 0.3125 0.8511030921874999 0.31617625 0.8547798234374999 0.31617625 0.8566178203125 0.318015 0.8584558171875001 0.32169125 0.8584558171875001 0.327205625 0.8639705453125 0.329044375 0.8639705453125 0.3308825 0.8658085421875 0.341911875 0.8658085421875 0.34375 0.8639705453125 0.345588125 0.8639705453125 0.349265 0.8602938140624999 0.35110312499999996 0.8602938140624999 0.35294125 0.8584558171875001 0.3566175 0.8584558171875001 0.358455625 0.8566178203125 0.358455625 0.8547798234374999 0.3621325 0.8511030921874999 0.363970625 0.8511030921874999 0.36580875 0.8492650953125 0.36764687500000004 0.8492650953125 0.37132375 0.8455883656250001 0.373161875 0.8455883656250001 0.375 0.84375036875 0.37867625 0.84375036875 0.380515 0.8419116343749999 0.380515 0.8400736375 0.38419125 0.8363969078125001 0.386029375 0.8363969078125001 0.3878675 0.8345589109375 0.389705625 0.8345589109375 0.39705875 0.8272061859375001 0.39705875 0.8253674515625 0.40073499999999995 0.8216914578125 0.40073499999999995 0.819852725 0.40257375 0.8180147281249999 0.40257375 0.7389705453125 0.39705875 0.7334558171875 0.395220625 0.7334558171875 0.389705625 0.7279410890625 0.386029375 0.7279410890625 0.37867625 0.7205883656250001 0.373161875 0.7205883656250001 0.37132375 0.71875036875 0.369485 0.71875036875 0.363970625 0.713235640625 0.360294375 0.713235640625 0.3566175 0.7095589109375 0.354779375 0.7095589109375 0.349265 0.7040441828125 0.34742625 0.7040441828125 0.345588125 0.7022061859375001 0.345588125 0.7003674515625 0.34375 0.6985294546875 0.332720625 0.6985294546875 0.3308825 0.7003674515625 0.329044375 0.7003674515625 0.3253675 0.7040441828125 0.323529375 0.7040441828125
37 0.582720625 0.431985271875 0.5808825 0.43382326875 0.577205625 0.43382326875 0.5753675 0.43566200312500003 0.573529375 0.43566200312500003 0.573529375 0.4375 0.5698531250000001 0.44117673125 0.56617625 0.44117673125 0.564338125 0.443014728125 0.5625 0.443014728125 0.5551468749999999 0.45036745156249997 0.5551468749999999 0.5404410890625 0.556985 0.5404410890625 0.55882375 0.5422790875 0.5625 0.5422790875 0.564338125 0.5441178203125 0.56617625 0.5441178203125 0.568014375 0.5459558171875 0.5753675 0.5459558171875 0.577205625 0.5477938140624999 0.579044375 0.5477938140624999 0.5808825 0.5496325484375 0.591911875 0.5496325484375 0.59375 0.5514705453125 0.595588125 0.5514705453125 0.59742625 0.5533085421874999 0.6011031250000001 0.5533085421874999 0.60294125 0.555147275 0.6121325 0.555147275 0.61580875 0.5514705453125 0.6176468749999999 0.5514705453125 0.619485 0.5496325484375 0.630514375 0.5496325484375 0.6323531250000001 0.5514705453125 0.636029375 0.5514705453125 0.639705625 0.555147275 0.6433825 0.555147275 0.64705875 0.5514705453125 0.6488968749999999 0.5514705453125 0.650735 0.5496325484375 0.654411875 0.5496325484375 0.65625 0.5477938140624999 0.658088125 0.5477938140624999 0.65992625 0.5459558171875 0.661764375 0.5459558171875 0.6636031250000001 0.5441178203125 0.667279375 0.5441178203125 0.6691175 0.5422790875 0.672794375 0.5422790875 0.6746325 0.5404410890625 0.676470625 0.5404410890625 0.67830875 0.5386030921875 0.67830875 0.5367650953124999 0.6801468749999999 0.5349263625 0.6801468749999999 0.5330883656250001 0.681985 0.53125036875 0.681985 0.4577209125 0.6801468749999999 0.4558821796875 0.6801468749999999 0.45404418281250003 0.6746325 0.4485294546875 0.672794375 0.4485294546875 0.66544125 0.44117673125 0.6636031250000001 0.44117673125 0.65625 0.43382326875 0.654411875 0.43382326875 0.65257375 0.431985271875 0.6488968749999999 0.431985271875 0.64705875 0.43014727500000005 0.64705875 0.4283085421875 0.645220625 0.4264705453125 0.645220625 0.42463254843750003 0.6433825 0.42279381406249994 0.6433825 0.42095581718749997 0.59375 0.42095581718749997 0.588235 0.4264705453125 0.588235 0.4283085421875 0.58455875 0.431985271875 0.582720625 0.431985271875
36 0.44669125000000004 0.7113969078125 0.444853125 0.713235640625 0.443014375 0.713235640625 0.44117625 0.7150736375 0.44117625 0.7169116343749999 0.439338125 0.71875036875 0.4375 0.71875036875 0.435661875 0.7205883656250001 0.43382375 0.7205883656250001 0.43198499999999995 0.7224263625 0.430146875 0.7224263625 0.42463249999999997 0.7279410890625 0.42095562500000006 0.7279410890625 0.41911750000000003 0.7297790875 0.41911750000000003 0.7316178203125 0.41544125000000004 0.7352938140624999 0.413603125 0.7352938140624999 0.411764375 0.7371325484375 0.411764375 0.8272061859375001 0.413603125 0.8272061859375001 0.41544125000000004 0.8290441828124999 0.417279375 0.8290441828124999 0.41911750000000003 0.8308821796875 0.42095562500000006 0.8308821796875 0.426470625 0.8363969078125001 0.430146875 0.8363969078125001 0.43382375 0.8400736375 0.43382375 0.8419116343749999 0.435661875 0.84375036875 0.443014375 0.84375036875 0.45036750000000003 0.8511030921874999 0.45220562500000006 0.8511030921874999 0.45588249999999997 0.8547798234374999 0.45588249999999997 0.8566178203125 0.457720625 0.8584558171875001 0.46323499999999995 0.8584558171875001 0.46507375 0.8602938140624999 0.466911875 0.8602938140624999 0.470588125 0.8639705453125 0.48345562500000006 0.8639705453125 0.488970625 0.8584558171875001 0.49080874999999996 0.8584558171875001 0.492646875 0.8566178203125 0.49448499999999995 0.8566178203125 0.505514375 0.8455883656250001 0.5073531250000001 0.8455883656250001 0.50919125 0.84375036875 0.5128675 0.84375036875 0.514705625 0.8419116343749999 0.516544375 0.8419116343749999 0.516544375 0.8327209124999999 0.514705625 0.8308821796875 0.514705625 0.8143379968750001 0.516544375 0.8125 0.516544375 0.8106620031249999 0.5183825 0.80882326875 0.5183825 0.805147275 0.520220625 0.8033085421875 0.520220625 0.8014705453125 0.5238968749999999 0.7977938140624999 0.525735 0.7977938140624999 0.525735 0.7959558171875 0.529411875 0.7922790875 0.53125 0.7922790875 0.53492625 0.7886030921875 0.53492625 0.7849263625 0.536764375 0.7830883656250001 0.536764375 0.7794116343749999 0.54044125 0.775735640625 0.54044125 0.7371325484375 0.5386031250000001 0.7371325484375 0.536764375 0.7352938140624999 0.53492625 0.7352938140624999 0.529411875 0.7297790875 0.52757375 0.7297790875 0.525735 0.7279410890625 0.5238968749999999 0.7279410890625 0.516544375 0.7205883656250001 0.50919125 0.7205883656250001 0.505514375 0.7169116343749999 0.505514375 0.7150736375 0.50367625 0.713235640625 0.498161875 0.713235640625 0.49632375 0.7113969078125 0.49448499999999995 0.7113969078125 0.492646875 0.7095589109375 0.492646875 0.7077209125 0.49080874999999996 0.7077209125 0.488970625 0.7058821796875 0.45588249999999997 0.7058821796875 0.45404437499999994 0.7077209125 0.45220562500000006 0.7077209125 0.448529375 0.7113969078125 0.44669125000000004 0.7113969078125
17 0.588235 0.7113969078125 0.5863968749999999 0.713235640625 0.582720625 0.713235640625 0.5753675 0.7205883656250001 0.57169125 0.7205883656250001 0.5698531250000001 0.7224263625 0.568014375 0.7224263625 0.5625 0.7279410890625 0.560661875 0.7279410890625 0.55330875 0.7352938140624999 0.55330875 0.7996325484375 0.5551468749999999 0.7996325484375 0.556985 0.8014705453125 0.556985 0.8033085421875 0.55882375 0.805147275 0.55882375 0.8125 0.560661875 0.8143379968750001 0.568014375 0.8143379968750001 0.573529375 0.819852725 0.573529375 0.8216914578125 0.577205625 0.8253674515625 0.577205625 0.8272061859375001 0.579044375 0.8290441828124999 0.579044375 0.8345589109375 0.577205625 0.8363969078125001 0.577205625 0.838235640625 0.5753675 0.8400736375 0.5753675 0.8419116343749999 0.577205625 0.84375036875 0.577205625 0.8455883656250001 0.579044375 0.8474263625 0.579044375 0.8492650953125 0.5808825 0.8492650953125 0.582720625 0.8511030921874999 0.5863968749999999 0.8511030921874999 0.588235 0.8529410890625 0.59007375 0.8529410890625 0.59375 0.8566178203125 0.595588125 0.8566178203125 0.59742625 0.8584558171875001 0.599264375 0.8584558171875001 0.6011031250000001 0.8602938140624999 0.60294125 0.8602938140624999 0.604779375 0.8621325484375 0.604779375 0.8639705453125 0.608455625 0.8639705453125 0.610294375 0.8658085421875 0.62132375 0.8658085421875 0.62867625 0.8584558171875001 0.636029375 0.8584558171875001 0.6378675 0.8566178203125 0.6378675 0.8547798234374999 0.641544375 0.8511030921874999 0.6433825 0.8511030921874999 0.645220625 0.8492650953125 0.64705875 0.8492650953125 0.64705875 0.8474263625 0.6488968749999999 0.8455883656250001 0.650735 0.8455883656250001 0.65257375 0.84375036875 0.65625 0.84375036875 0.658088125 0.8419116343749999 0.65992625 0.8419116343749999 0.65992625 0.8400736375 0.6636031250000001 0.8363969078125001 0.667279375 0.8363969078125001 0.6691175 0.8345589109375 0.670955625 0.8345589109375 0.6746325 0.8308821796875 0.676470625 0.8308821796875 0.67830875 0.8290441828124999 0.681985 0.8290441828124999 0.68382375 0.8272061859375001 0.685661875 0.8272061859375001 0.6875 0.8253674515625 0.6875 0.7977938140624999 0.68382375 0.7941178203125 0.68382375 0.7775736375 0.6875 0.7738969078125 0.6875 0.75367673125 0.68382375 0.75 0.68382375 0.74632326875 0.681985 0.744485271875 0.681985 0.7371325484375 0.6801468749999999 0.7352938140624999 0.67830875 0.7352938140624999 0.6746325 0.7316178203125 0.6746325 0.7297790875 0.672794375 0.7297790875 0.670955625 0.7279410890625 0.667279375 0.7279410890625 0.66544125 0.7261030921875 0.6636031250000001 0.7261030921875 0.658088125 0.7205883656250001 0.65625 0.7205883656250001 0.65257375 0.7169116343749999 0.65257375 0.7150736375 0.650735 0.713235640625 0.64705875 0.713235640625 0.645220625 0.7113969078125 0.6433825 0.7113969078125 0.6378675 0.7058821796875 0.636029375 0.7058821796875 0.62867625 0.6985294546875 0.604779375 0.6985294546875 0.59742625 0.7058821796875 0.595588125 0.7058821796875 0.59007375 0.7113969078125 0.588235 0.7113969078125
0 0.74632375 0.4191178203125 0.744485 0.42095581718749997 0.7426468749999999 0.42095581718749997 0.7371325 0.4264705453125 0.733455625 0.4264705453125 0.7316175 0.4283085421875 0.729779375 0.4283085421875 0.724264375 0.43382326875 0.72242625 0.43382326875 0.713235 0.443014728125 0.7113968749999999 0.443014728125 0.707720625 0.4466914578125 0.7058825 0.4466914578125 0.704044375 0.4485294546875 0.702205625 0.4485294546875 0.698529375 0.45220618593750006 0.698529375 0.45404418281250003 0.69669125 0.4558821796875 0.69669125 0.4577209125 0.693014375 0.4613969078125 0.693014375 0.46323564062499994 0.69117625 0.4650736375 0.69117625 0.5386030921875 0.6948531250000001 0.5422790875 0.698529375 0.5422790875 0.7003675 0.5441178203125 0.702205625 0.5441178203125 0.704044375 0.5459558171875 0.7058825 0.5459558171875 0.707720625 0.5477938140624999 0.70955875 0.5477938140624999 0.7113968749999999 0.5496325484375 0.7261031250000001 0.5496325484375 0.7261031250000001 0.5477938140624999 0.72794125 0.5459558171875 0.72794125 0.5441178203125 0.729779375 0.5422790875 0.7316175 0.5422790875 0.733455625 0.5441178203125 0.733455625 0.555147275 0.735294375 0.556985271875 0.7371325 0.556985271875 0.738970625 0.55882326875 0.74080875 0.556985271875 0.7628675 0.556985271875 0.764705625 0.55882326875 0.766544375 0.55882326875 0.7683825 0.560662003125 0.770220625 0.55882326875 0.77205875 0.55882326875 0.7738968749999999 0.556985271875 0.797794375 0.556985271875 0.80330875 0.5514705453125 0.8051468749999999 0.5514705453125 0.8069850000000001 0.5496325484375 0.8125 0.5496325484375 0.8143381249999999 0.5477938140624999 0.8143381249999999 0.5459558171875 0.818014375 0.5422790875 0.818014375 0.4558821796875 0.8143381249999999 0.45220618593750006 0.8143381249999999 0.45036745156249997 0.8125 0.4485294546875 0.8106618750000001 0.4485294546875 0.80330875 0.44117673125 0.7996325 0.44117673125 0.797794375 0.43933799687499997 0.795955625 0.43933799687499997 0.79044125 0.43382326875 0.7886031250000001 0.43382326875 0.783088125 0.4283085421875 0.78125 0.4283085421875 0.779411875 0.4264705453125 0.775735 0.4264705453125 0.7683825 0.4191178203125 0.764705625 0.4191178203125 0.761029375 0.4154410890625 0.75919125 0.4154410890625 0.7573531250000001 0.4172790875 0.755514375 0.4172790875 0.75367625 0.4191178203125 0.74632375 0.4191178203125
0 0.154411875 0.44489617031249995 0.150735 0.4485729015625 0.14705875 0.4485729015625 0.145220625 0.4504108984375 0.1433825 0.4504108984375 0.136029375 0.45776435937500004 0.136029375 0.45960235625 0.13419125 0.461440353125 0.13419125 0.5423232687499999 0.141544375 0.54967599375 0.145220625 0.54967599375 0.14705875 0.551513990625 0.14889687499999998 0.551513990625 0.15257375 0.5551907218750001 0.154411875 0.5551907218750001 0.15625 0.55702871875 0.158088125 0.55702871875 0.16544125 0.5643821796874999 0.170955625 0.5643821796874999 0.17830875 0.5717349046875 0.18014687499999998 0.5717349046875 0.181985 0.5735729015625 0.20588250000000002 0.5735729015625 0.20955875000000002 0.5698961703125 0.211396875 0.5698961703125 0.211396875 0.5680581734375 0.21507375 0.5643821796874999 0.216911875 0.5643821796874999 0.21875 0.562543446875 0.220588125 0.562543446875 0.220588125 0.5607054484375 0.22242625 0.5588674515625 0.224265 0.5588674515625 0.226103125 0.55702871875 0.23161749999999998 0.55702871875 0.24080875000000002 0.547837996875 0.24080875000000002 0.5459992640625 0.242646875 0.5441612671875 0.242646875 0.5423232687499999 0.24632375 0.5386465390625 0.24632375 0.5257790875 0.248161875 0.523940353125 0.248161875 0.516587628125 0.251838125 0.5129108984374999 0.25367625 0.5129108984374999 0.255515 0.5110729015625 0.255515 0.5092349046875 0.25735312499999996 0.5073961703125 0.25735312499999996 0.5055581734375 0.25919125 0.5037201765625 0.261029375 0.5037201765625 0.261029375 0.48533799687499996 0.25735312499999996 0.4816612671875 0.25735312499999996 0.46695508124999996 0.255515 0.465117084375 0.255515 0.461440353125 0.25367625 0.45960235625 0.25367625 0.45224963125000006 0.251838125 0.4504108984375 0.25 0.4504108984375 0.248161875 0.4485729015625 0.244485 0.4485729015625 0.242646875 0.44673490468750005 0.241233125 0.44534167968749994 0.237866875 0.4431134015625 0.23343250000000001 0.441485271875 0.222015625 0.432452871875 0.2088775 0.42161855625 0.18955375000000002 0.42158468281249994 0.158088125 0.4430581734375 0.15625 0.44489617031249995 0.154411875 0.44489617031249995
35 0.3933825 0.2977938140625 0.391544375 0.2977938140625 0.389705625 0.2996325484375 0.3878675 0.2996325484375 0.386029375 0.3014705453125 0.38235312499999996 0.3014705453125 0.380515 0.30330854218750003 0.3621325 0.30330854218750003 0.3621325 0.305147275 0.360294375 0.306985271875 0.358455625 0.306985271875 0.3566175 0.30882326875 0.35110312499999996 0.30882326875 0.349265 0.310662003125 0.34742625 0.310662003125 0.345588125 0.3125 0.345588125 0.31617673125 0.34375 0.318014728125 0.34375 0.34375036875 0.341911875 0.345588365625 0.341911875 0.3511030921875 0.34007375 0.3529410890625 0.34007375 0.3988969078125 0.34375 0.4025736375 0.345588125 0.4025736375 0.34742625 0.404411634375 0.349265 0.404411634375 0.354779375 0.4099263625 0.3566175 0.4099263625 0.358455625 0.41176509531249994 0.360294375 0.41176509531249994 0.363970625 0.4154410890625 0.36580875 0.4154410890625 0.36764687500000004 0.4172790875 0.380515 0.4172790875 0.38235312499999996 0.4191178203125 0.386029375 0.4191178203125 0.3878675 0.4172790875 0.3933825 0.4172790875 0.395220625 0.4154410890625 0.39705875 0.4154410890625 0.40073499999999995 0.41176509531249994 0.404411875 0.41176509531249994 0.40625 0.4099263625 0.408088125 0.4099263625 0.40992625 0.41176509531249994 0.411764375 0.41176509531249994 0.41544125000000004 0.4154410890625 0.41911750000000003 0.4154410890625 0.42095562500000006 0.4172790875 0.435661875 0.4172790875 0.4375 0.4154410890625 0.44117625 0.4154410890625 0.443014375 0.4136030921875 0.444853125 0.4136030921875 0.44669125000000004 0.41176509531249994 0.448529375 0.41176509531249994 0.45036750000000003 0.4099263625 0.45404437499999994 0.4099263625 0.45588249999999997 0.408088365625 0.457720625 0.408088365625 0.461396875 0.404411634375 0.46323499999999995 0.404411634375 0.46507375 0.4025736375 0.466911875 0.4025736375 0.46875 0.40073564062499994 0.46875 0.318014728125 0.466911875 0.31617673125 0.466911875 0.314337996875 0.46507375 0.3125 0.46507375 0.310662003125 0.45955874999999996 0.305147275 0.457720625 0.305147275 0.45588249999999997 0.30330854218750003 0.45404437499999994 0.30330854218750003 0.45220562500000006 0.3014705453125 0.448529375 0.3014705453125 0.44669125000000004 0.2996325484375 0.444853125 0.2996325484375 0.44117625 0.29595581718749997 0.439338125 0.29595581718749997 0.4375 0.2941178203125 0.42463249999999997 0.2941178203125 0.42279437499999994 0.2922790875 0.42095562500000006 0.2922790875 0.417279375 0.2886030921875 0.417279375 0.28125036875 0.39889687500000004 0.28125036875 0.39705875 0.283088365625 0.40073499999999995 0.286764359375 0.40073499999999995 0.2904410890625 0.3933825 0.2977938140625
36 0.5 0.59375036875 0.498161875 0.5955883656250001 0.48713249999999997 0.5955883656250001 0.48345562500000006 0.5992650953124999 0.48345562500000006 0.6011030921875 0.479779375 0.6047790875 0.479779375 0.6525736375 0.48529437499999994 0.6580883656250001 0.48529437499999994 0.6636030921875 0.49080874999999996 0.6691178203125 0.492646875 0.6691178203125 0.49448499999999995 0.6709558171875 0.49448499999999995 0.6727938140624999 0.498161875 0.6727938140624999 0.5 0.6746325484375 0.501838125 0.6746325484375 0.5073531250000001 0.680147275 0.5073531250000001 0.694852725 0.50919125 0.6966914578125001 0.511029375 0.6966914578125001 0.5128675 0.6985294546875 0.514705625 0.6985294546875 0.516544375 0.7003674515625 0.516544375 0.7022061859375001 0.5183825 0.7022061859375001 0.520220625 0.7040441828125 0.525735 0.7040441828125 0.529411875 0.7077209125 0.529411875 0.7095589109375 0.53125 0.7113969078125 0.536764375 0.7113969078125 0.5386031250000001 0.713235640625 0.54044125 0.713235640625 0.545955625 0.71875036875 0.547794375 0.71875036875 0.5551468749999999 0.7113969078125 0.560661875 0.7113969078125 0.5625 0.7095589109375 0.564338125 0.7095589109375 0.564338125 0.7077209125 0.56617625 0.7058821796875 0.568014375 0.7058821796875 0.5698531250000001 0.7040441828125 0.57169125 0.7040441828125 0.573529375 0.7022061859375001 0.5753675 0.7022061859375001 0.579044375 0.6985294546875 0.5808825 0.6985294546875 0.582720625 0.6966914578125001 0.591911875 0.6966914578125001 0.59375 0.694852725 0.59375 0.693014728125 0.59742625 0.689337996875 0.6011031250000001 0.689337996875 0.608455625 0.681985271875 0.608455625 0.680147275 0.610294375 0.6783085421874999 0.610294375 0.6470589109375 0.608455625 0.6452209125 0.608455625 0.6415441828125 0.610294375 0.6397061859375001 0.610294375 0.619485271875 0.608455625 0.617647275 0.6066175 0.617647275 0.604779375 0.6158085421874999 0.6011031250000001 0.6158085421874999 0.599264375 0.6139705453125 0.59742625 0.6139705453125 0.588235 0.6047790875 0.588235 0.6011030921875 0.5863968749999999 0.5992650953124999 0.5863968749999999 0.59375036875 0.58455875 0.5919116343749999 0.58455875 0.588235640625 0.582720625 0.588235640625 0.5808825 0.5900736375 0.579044375 0.5900736375 0.5753675 0.59375036875 0.57169125 0.59375036875 0.5698531250000001 0.5955883656250001 0.568014375 0.5955883656250001 0.56617625 0.59375036875 0.564338125 0.59375036875 0.5625 0.5919116343749999 0.55882375 0.5919116343749999 0.556985 0.5900736375 0.542279375 0.5900736375 0.54044125 0.588235640625 0.5386031250000001 0.5900736375 0.536764375 0.5900736375 0.533088125 0.59375036875 0.5 0.59375036875
35 0.21674000000000002 0.5942349046875 0.21104250000000002 0.5983784984375 0.207920625 0.5998033875 0.207920625 0.6512739328125 0.20975875 0.6512739328125 0.21343499999999999 0.6549506625 0.21343499999999999 0.656788659375 0.22078812499999997 0.6641413843749999 0.22078812499999997 0.689877025 0.22262624999999997 0.691715021875 0.22262624999999997 0.69355375625 0.224464375 0.69355375625 0.226303125 0.695391753125 0.2318175 0.695391753125 0.23549375 0.6990684828125 0.23549375 0.7009064796875 0.2373325 0.7027444765624999 0.242846875 0.7027444765624999 0.24468499999999999 0.7045832109375 0.246523125 0.7045832109375 0.252038125 0.7100972015625 0.25387624999999997 0.7100972015625 0.261229375 0.7174506625 0.2630675 0.7174506625 0.26490562500000003 0.719288659375 0.27225875 0.719288659375 0.274096875 0.7174506625 0.279611875 0.7174506625 0.28145 0.7156119296875 0.283288125 0.7156119296875 0.288803125 0.7100972015625 0.29064125 0.7100972015625 0.29799375 0.7027444765624999 0.305346875 0.7027444765624999 0.307185 0.7009064796875 0.307185 0.6990684828125 0.310861875 0.695391753125 0.314538125 0.695391753125 0.320053125 0.689877025 0.32189125 0.689877025 0.323729375 0.6880390281250001 0.3255675 0.6880390281250001 0.32924375 0.684362296875 0.32924375 0.6825243000000001 0.3310825 0.6806855671875 0.3310825 0.6788475703125 0.33292062499999997 0.6770095734375 0.33292062499999997 0.63105375625 0.3310825 0.629215021875 0.3310825 0.6163475703125 0.32924375 0.6145095734375 0.32924375 0.597965390625 0.3255675 0.594288659375 0.304396875 0.5830625921875 0.28126375000000003 0.5659867453125 0.25609375 0.5644027984375 0.22870374999999998 0.5859919 0.22422375 0.5898784984375001 0.21674000000000002 0.5942349046875
36 0.41683000000000003 0.17205522812500001 0.4163475 0.1941509578125 0.42270812500000005 0.180147275 0.42638437500000004 0.1727938140625 0.432159375 0.1698387328125 0.439315 0.17262518437500002 0.44419000000000003 0.177427834375 0.448701875 0.182420471875 0.44771687499999996 0.18888070625 0.459561875 0.2009970546875 0.46434749999999997 0.2089374078125 0.45395812500000005 0.21139690781249998 0.44806 0.21324226875000002 0.44399937500000003 0.2273284234375 0.43674999999999997 0.229354934375 0.43100937500000003 0.2291119296875 0.427073125 0.226911634375 0.42638437500000004 0.224264359375 0.42326312499999996 0.22124668593750002 0.42463937500000004 0.2132842421875 0.41505125 0.21405670156249998 0.41535500000000003 0.224264359375 0.417193125 0.22610309218750002 0.417193125 0.2334558171875 0.41903125 0.2352938140625 0.41903125 0.2389705453125 0.42270812500000005 0.242647275 0.42454625 0.242647275 0.42822250000000006 0.24632326875000002 0.43006062500000003 0.24632326875000002 0.431899375 0.24816200312499997 0.4337375 0.24816200312499997 0.43557562499999997 0.25 0.43741375 0.25 0.43925187499999996 0.251837996875 0.43925187499999996 0.26654418281250003 0.44292875 0.2702209125 0.444766875 0.2702209125 0.448443125 0.2738969078125 0.448443125 0.275735640625 0.45028125 0.2775736375 0.45212 0.2775736375 0.45395812500000005 0.279411634375 0.45579625 0.279411634375 0.45947250000000006 0.283088365625 0.46131062500000003 0.283088365625 0.463149375 0.2849263625 0.46682562499999997 0.2849263625 0.47050187499999996 0.2886030921875 0.47050187499999996 0.2904410890625 0.47234 0.2922790875 0.48520812500000005 0.2922790875 0.48704625 0.2904410890625 0.48888437500000004 0.2904410890625 0.48888437500000004 0.2886030921875 0.49072250000000006 0.286764359375 0.49256062500000003 0.286764359375 0.494399375 0.2849263625 0.49807562499999997 0.2849263625 0.49991375 0.283088365625 0.501751875 0.283088365625 0.50542875 0.279411634375 0.507266875 0.279411634375 0.509105 0.2775736375 0.510943125 0.2775736375 0.5146200000000001 0.2738969078125 0.5146200000000001 0.2720589109375 0.516458125 0.2702209125 0.516458125 0.2647061859375 0.5146200000000001 0.2628674515625 0.5146200000000001 0.255514728125 0.51278125 0.25367673125 0.51278125 0.244485271875 0.5146200000000001 0.242647275 0.5146200000000001 0.2389705453125 0.51829625 0.2352938140625 0.51829625 0.2334558171875 0.520134375 0.23161782031249997 0.520134375 0.2297790875 0.5238106250000001 0.22610309218750002 0.525649375 0.22610309218750002 0.53484 0.216911634375 0.53484 0.21139690781249998 0.53667875 0.2095589109375 0.53667875 0.189337996875 0.53484 0.1875 0.53484 0.1636030921875 0.533001875 0.161764359375 0.529325625 0.161764359375 0.5274875 0.1599263625 0.525649375 0.1599263625 0.5219725000000001 0.15625036875 0.520134375 0.15625036875 0.51829625 0.154411634375 0.516458125 0.154411634375 0.5146200000000001 0.1525736375 0.51278125 0.1525736375 0.509105 0.1488969078125 0.507266875 0.1488969078125 0.50542875 0.1470589109375 0.501751875 0.1470589109375 0.49807562499999997 0.1433821796875 0.49807562499999997 0.1415441828125 0.4962375 0.1397061859375 0.494399375 0.1397061859375 0.49256062500000003 0.1378674515625 0.463149375 0.1378674515625 0.462593125 0.1417157578125 0.45048562499999995 0.1482717234375 0.417193125 0.1709558171875 0.41683000000000003 0.17205522812500001
35 0.205919375 0.32724963125 0.20408125 0.32908762812500003 0.20408125 0.36217599375 0.205919375 0.364013990625 0.205919375 0.371366715625 0.20775749999999998 0.3732054484375 0.209595625 0.3732054484375 0.220625 0.3842349046875 0.220625 0.4081318109375 0.22246312499999998 0.4099698078125 0.22981625 0.4099698078125 0.237169375 0.4173225328125 0.23900749999999998 0.4173225328125 0.240845625 0.4191612671875 0.24268375 0.4191612671875 0.244521875 0.4209992640625 0.244521875 0.42283726093749996 0.24636062500000003 0.42283726093749996 0.24819874999999997 0.42467599375000004 0.25187499999999996 0.42467599375000004 0.25922812500000003 0.43202871875 0.26106625 0.43202871875 0.262904375 0.43386671562499995 0.2647425 0.43386671562499995 0.26658125 0.43570544843750003 0.268419375 0.43570544843750003 0.2702575 0.43386671562499995 0.272095625 0.43386671562499995 0.27393375 0.43202871875 0.28312499999999996 0.43202871875 0.284963125 0.430190721875 0.284963125 0.4283519875 0.28864 0.42467599375000004 0.29231625 0.42467599375000004 0.294154375 0.42283726093749996 0.2959925 0.42283726093749996 0.299669375 0.4191612671875 0.3015075 0.4191612671875 0.303345625 0.4173225328125 0.307021875 0.4173225328125 0.308860625 0.4154845359375 0.31069874999999997 0.4154845359375 0.31437499999999996 0.41180854218749996 0.316213125 0.41180854218749996 0.318051875 0.4099698078125 0.31989 0.4099698078125 0.3272425 0.402617084375 0.32908125 0.402617084375 0.3327575 0.398940353125 0.3327575 0.37688144375 0.330919375 0.375043446875 0.330919375 0.34195508124999996 0.32908125 0.340117084375 0.32908125 0.3198961703125 0.32551874999999997 0.311360825 0.299558125 0.2965375546875 0.269375625 0.2738600890625 0.231965625 0.3006833578125 0.225250625 0.30337555156249996 0.20775749999999998 0.3162201765625 0.205919375 0.3180581734375 0.205919375 0.32724963125
28 0.21507375 0.56617673125 0.213235 0.568014728125 0.213235 0.569852725 0.20955875000000002 0.5735294546875 0.202205625 0.5735294546875 0.198529375 0.5772061859375001 0.198529375 0.5919116343749999 0.20036749999999998 0.59375036875 0.20955875000000002 0.59375036875 0.21507375 0.588235640625 0.216911875 0.588235640625 0.21875 0.5863969078125 0.224265 0.5863969078125 0.226103125 0.5845589109375 0.226103125 0.5827209125 0.22977937499999998 0.5790441828125 0.233455625 0.5790441828125 0.235294375 0.5772061859375001 0.23713250000000002 0.5772061859375001 0.242646875 0.5716914578125001 0.24632375 0.5716914578125001 0.248161875 0.569852725 0.248161875 0.568014728125 0.25367625 0.5625 0.255515 0.5625 0.255515 0.560662003125 0.25735312499999996 0.55882326875 0.25735312499999996 0.5514705453125 0.23713250000000002 0.5514705453125 0.22977937499999998 0.55882326875 0.224265 0.55882326875 0.216911875 0.56617673125 0.21507375 0.56617673125
25 0.501838125 0.1452209125 0.50367625 0.1452209125 0.5073531250000001 0.1488969078125 0.5073531250000001 0.150735640625 0.50919125 0.1525736375 0.5128675 0.1525736375 0.514705625 0.154411634375 0.516544375 0.154411634375 0.520220625 0.158088365625 0.52205875 0.158088365625 0.5238968749999999 0.1599263625 0.525735 0.1599263625 0.529411875 0.1636030921875 0.529411875 0.1654410890625 0.53125 0.1672790875 0.54044125 0.1672790875 0.5441175 0.1636030921875 0.5441175 0.154411634375 0.542279375 0.1525736375 0.542279375 0.1488969078125 0.54044125 0.1470589109375 0.536764375 0.1470589109375 0.53492625 0.1452209125 0.533088125 0.1452209125 0.529411875 0.1415441828125 0.52757375 0.1415441828125 0.525735 0.1397061859375 0.5238968749999999 0.1397061859375 0.520220625 0.1360294546875 0.520220625 0.1341914578125 0.5183825 0.132352725 0.516544375 0.132352725 0.50919125 0.125 0.492646875 0.125 0.492646875 0.1378674515625 0.498161875 0.1433821796875 0.5 0.1433821796875 0.501838125 0.1452209125
31 0.389705625 0.42095581718749997 0.389705625 0.42279381406249994 0.3878675 0.42463254843750003 0.3878675 0.4613969078125 0.389705625 0.4613969078125 0.3933825 0.4650736375 0.417279375 0.4650736375 0.42095562500000006 0.4613969078125 0.42279437499999994 0.4613969078125 0.42463249999999997 0.4595589109375 0.42463249999999997 0.42463254843750003 0.42279437499999994 0.42279381406249994 0.42279437499999994 0.42095581718749997 0.417279375 0.4154410890625 0.417279375 0.4136030921875 0.39705875 0.4136030921875 0.39705875 0.4154410890625 0.395220625 0.4172790875 0.3933825 0.4172790875 0.389705625 0.42095581718749997
36 0.667279375 0.56617673125 0.66544125 0.568014728125 0.6636031250000001 0.568014728125 0.658088125 0.5735294546875 0.650735 0.5735294546875 0.6488968749999999 0.5753674515625 0.64705875 0.5753674515625 0.64705875 0.5992650953124999 0.641544375 0.6047790875 0.639705625 0.6047790875 0.639705625 0.6066178203125 0.6378675 0.6084558171875 0.636029375 0.6084558171875 0.63419125 0.6102938140624999 0.630514375 0.6102938140624999 0.62867625 0.6121325484375 0.626838125 0.6121325484375 0.62132375 0.617647275 0.62132375 0.630514728125 0.623161875 0.632352725 0.623161875 0.6341914578125001 0.625 0.6360294546875 0.625 0.6525736375 0.623161875 0.6544116343749999 0.623161875 0.6654410890625 0.62132375 0.6672790875 0.62132375 0.6783085421874999 0.623161875 0.680147275 0.623161875 0.681985271875 0.625 0.68382326875 0.625 0.685662003125 0.626838125 0.6875 0.62867625 0.6875 0.630514375 0.689337996875 0.636029375 0.689337996875 0.639705625 0.693014728125 0.639705625 0.694852725 0.641544375 0.6966914578125001 0.650735 0.6966914578125001 0.6636031250000001 0.7095589109375 0.66544125 0.7095589109375 0.667279375 0.7113969078125 0.670955625 0.7113969078125 0.67830875 0.71875036875 0.689338125 0.71875036875 0.69117625 0.7169116343749999 0.693014375 0.7169116343749999 0.69669125 0.713235640625 0.698529375 0.713235640625 0.7003675 0.7113969078125 0.702205625 0.7113969078125 0.704044375 0.7095589109375 0.707720625 0.7095589109375 0.70955875 0.7077209125 0.70955875 0.7058821796875 0.713235 0.7022061859375001 0.713235 0.7003674515625 0.71507375 0.6985294546875 0.71875 0.6985294546875 0.720588125 0.6966914578125001 0.7316175 0.6966914578125001 0.733455625 0.694852725 0.733455625 0.693014728125 0.7371325 0.689337996875 0.74080875 0.689337996875 0.748161875 0.681985271875 0.748161875 0.6121325484375 0.74632375 0.6102938140624999 0.744485 0.6102938140624999 0.74080875 0.6066178203125 0.74080875 0.6047790875 0.738970625 0.6047790875 0.733455625 0.5992650953124999 0.733455625 0.5900736375 0.7316175 0.588235640625 0.7316175 0.5863969078125 0.7261031250000001 0.5808821796875 0.724264375 0.5808821796875 0.72242625 0.5790441828125 0.71875 0.5790441828125 0.716911875 0.5772061859375001 0.71507375 0.5772061859375001 0.713235 0.5753674515625 0.7113968749999999 0.5753674515625 0.70955875 0.5735294546875 0.702205625 0.5735294546875 0.698529375 0.569852725 0.69669125 0.569852725 0.693014375 0.56617673125 0.69117625 0.56617673125 0.689338125 0.564337996875 0.6875 0.564337996875 0.685661875 0.5625 0.67830875 0.5625 0.676470625 0.564337996875 0.6746325 0.564337996875 0.672794375 0.56617673125 0.667279375 0.56617673125
25 0.43382375 0.2904410890625 0.435661875 0.2922790875 0.4375 0.2922790875 0.444853125 0.2996325484375 0.45220562500000006 0.2996325484375 0.45588249999999997 0.30330854218750003 0.45588249999999997 0.305147275 0.457720625 0.306985271875 0.461396875 0.306985271875 0.46323499999999995 0.30882326875 0.46875 0.30882326875 0.470588125 0.306985271875 0.474264375 0.306985271875 0.474264375 0.2941178203125 0.47242625 0.2941178203125 0.46875 0.2904410890625 0.46875 0.2886030921875 0.466911875 0.286764359375 0.45955874999999996 0.286764359375 0.45220562500000006 0.279411634375 0.45036750000000003 0.279411634375 0.44669125000000004 0.275735640625 0.44669125000000004 0.2738969078125 0.444853125 0.2720589109375 0.439338125 0.2720589109375 0.4375 0.2738969078125 0.435661875 0.2720589109375 0.426470625 0.2720589109375 0.426470625 0.275735640625 0.43198499999999995 0.275735640625 0.43382375 0.2775736375 0.43382375 0.2904410890625
26 0.5698531250000001 0.1341914578125 0.568014375 0.1341914578125 0.5625 0.1397061859375 0.560661875 0.1397061859375 0.551470625 0.1488969078125 0.551470625 0.1525736375 0.5496325 0.154411634375 0.5496325 0.1654410890625 0.551470625 0.1654410890625 0.55330875 0.1672790875 0.5625 0.1672790875 0.564338125 0.1654410890625 0.564338125 0.1636030921875 0.568014375 0.1599263625 0.5698531250000001 0.1599263625 0.5753675 0.154411634375 0.577205625 0.154411634375 0.579044375 0.1525736375 0.58455875 0.1525736375 0.5863968749999999 0.150735640625 0.5863968749999999 0.1488969078125 0.59007375 0.1452209125 0.591911875 0.1452209125 0.595588125 0.1415441828125 0.595588125 0.1397061859375 0.59742625 0.1378674515625 0.59742625 0.132352725 0.595588125 0.130514728125 0.595588125 0.12867673125 0.59375 0.126837996875 0.59375 0.125 0.579044375 0.125 0.579044375 0.126837996875 0.573529375 0.132352725 0.57169125 0.132352725 0.5698531250000001 0.1341914578125
0 0.314338125 0.43382326875 0.3125 0.43566200312500003 0.30882375 0.43566200312500003 0.306985 0.4375 0.30514687500000004 0.4375 0.30330875 0.43933799687499997 0.301470625 0.43933799687499997 0.2996325 0.44117673125 0.297794375 0.44117673125 0.295955625 0.443014728125 0.2941175 0.443014728125 0.29044125 0.4466914578125 0.28860312499999996 0.4466914578125 0.286765 0.4485294546875 0.28125 0.4485294546875 0.279411875 0.45036745156249997 0.27757375 0.45036745156249997 0.27757375 0.4650736375 0.275735 0.466911634375 0.275735 0.50367673125 0.27757375 0.505514728125 0.27757375 0.507352725 0.279411875 0.5091914578125001 0.279411875 0.5110294546875 0.28125 0.5128674515625 0.28125 0.5147061859375001 0.28492625 0.5183821796875 0.28492625 0.5202209125 0.286765 0.5220589109375 0.286765 0.5275736375 0.28860312499999996 0.5294116343749999 0.28860312499999996 0.5330883656250001 0.29044125 0.5349263625 0.29044125 0.5386030921875 0.292279375 0.5404410890625 0.292279375 0.5496325484375 0.2941175 0.5514705453125 0.2941175 0.555147275 0.295955625 0.556985271875 0.297794375 0.556985271875 0.301470625 0.560662003125 0.301470625 0.5625 0.30330875 0.564337996875 0.30882375 0.564337996875 0.310661875 0.56617673125 0.3125 0.56617673125 0.318015 0.5716914578125001 0.31985312499999996 0.5716914578125001 0.3253675 0.5772061859375001 0.345588125 0.5772061859375001 0.345588125 0.5753674515625 0.34742625 0.5735294546875 0.349265 0.5735294546875 0.35110312499999996 0.5716914578125001 0.354779375 0.5716914578125001 0.3621325 0.564337996875 0.36580875 0.564337996875 0.36764687500000004 0.5625 0.369485 0.5625 0.373161875 0.55882326875 0.375 0.55882326875 0.376838125 0.556985271875 0.37867625 0.556985271875 0.38419125 0.5514705453125 0.386029375 0.5514705453125 0.3878675 0.5496325484375 0.391544375 0.5496325484375 0.395220625 0.5459558171875 0.395220625 0.5441178203125 0.39705875 0.5422790875 0.39705875 0.5330883656250001 0.395220625 0.53125036875 0.39705875 0.5294116343749999 0.39705875 0.4889705453125 0.395220625 0.48713254843750003 0.395220625 0.4724263625 0.3933825 0.470588365625 0.3933825 0.46875036875 0.391544375 0.46875036875 0.3878675 0.4650736375 0.386029375 0.4650736375 0.38235312499999996 0.4613969078125 0.38235312499999996 0.4595589109375 0.380515 0.4577209125 0.380515 0.44117673125 0.37867625 0.43933799687499997 0.37867625 0.4375 0.376838125 0.43566200312500003 0.373161875 0.43566200312500003 0.37132375 0.43382326875 0.3566175 0.43382326875 0.354779375 0.431985271875 0.35294125 0.43382326875 0.345588125 0.43382326875 0.34375 0.431985271875 0.33639687500000004 0.431985271875 0.33455875 0.43382326875 0.332720625 0.431985271875 0.3308825 0.431985271875 0.327205625 0.4283085421875 0.3253675 0.4283085421875 0.323529375 0.43014727500000005 0.32169125 0.43014727500000005 0.318015 0.43382326875 0.314338125 0.43382326875
27 0.654411875 0.555147275 0.650735 0.55882326875 0.6433825 0.55882326875 0.63419125 0.568014728125 0.6323531250000001 0.568014728125 0.6323531250000001 0.5808821796875 0.63419125 0.5790441828125 0.639705625 0.5790441828125 0.641544375 0.5808821796875 0.6433825 0.5790441828125 0.650735 0.5790441828125 0.65257375 0.5772061859375001 0.65257375 0.5753674515625 0.65625 0.5716914578125001 0.6636031250000001 0.5716914578125001 0.670955625 0.564337996875 0.672794375 0.564337996875 0.6746325 0.5625 0.6746325 0.560662003125 0.67830875 0.556985271875 0.681985 0.556985271875 0.685661875 0.5533085421874999 0.685661875 0.5441178203125 0.66544125 0.5441178203125 0.658088125 0.5514705453125 0.65625 0.5514705453125 0.654411875 0.5533085421874999 0.654411875 0.555147275
16 0.70955875 0.6985294546875 0.70955875 0.6966914578125001 0.7113968749999999 0.694852725 0.7113968749999999 0.6415441828125 0.661764375 0.6415441828125 0.661764375 0.7003674515625 0.7058825 0.7003674515625 0.707720625 0.6985294546875 0.70955875 0.6985294546875
26 0.501838125 0.71875036875 0.50919125 0.71875036875 0.516544375 0.7261030921875 0.5183825 0.7261030921875 0.525735 0.7334558171875 0.542279375 0.7334558171875 0.5441175 0.7316178203125 0.5441175 0.7261030921875 0.542279375 0.7242650953124999 0.542279375 0.7169116343749999 0.5386031250000001 0.713235640625 0.53125 0.713235640625 0.52757375 0.7095589109375 0.52757375 0.7077209125 0.525735 0.7058821796875 0.5238968749999999 0.7058821796875 0.520220625 0.7022061859375001 0.520220625 0.6985294546875 0.498161875 0.6985294546875 0.498161875 0.7077209125 0.5 0.7095589109375 0.5 0.7169116343749999 0.501838125 0.71875036875
16 0.360294375 0.555147275 0.3621325 0.5533085421874999 0.3621325 0.5 0.360294375 0.49816200312500003 0.3125 0.49816200312500003 0.3125 0.556985271875 0.3566175 0.556985271875 0.358455625 0.555147275 0.360294375 0.555147275
37 0.49632375 0.4099263625 0.50367625 0.4172790875 0.511029375 0.4172790875 0.514705625 0.42095581718749997 0.514705625 0.42279381406249994 0.516544375 0.42463254843750003 0.5183825 0.42463254843750003 0.520220625 0.4264705453125 0.52205875 0.4264705453125 0.525735 0.43014727500000005 0.52757375 0.43014727500000005 0.529411875 0.431985271875 0.533088125 0.431985271875 0.5386031250000001 0.4375 0.54044125 0.4375 0.542279375 0.43933799687499997 0.5496325 0.43933799687499997 0.551470625 0.4375 0.55330875 0.4375 0.556985 0.43382326875 0.55882375 0.43382326875 0.560661875 0.431985271875 0.5625 0.431985271875 0.564338125 0.43014727500000005 0.56617625 0.43014727500000005 0.5698531250000001 0.4264705453125 0.57169125 0.4264705453125 0.573529375 0.42463254843750003 0.577205625 0.42463254843750003 0.579044375 0.42279381406249994 0.5808825 0.42279381406249994 0.5863968749999999 0.4172790875 0.59007375 0.4172790875 0.59375 0.4136030921875 0.59375 0.37867673125 0.6011031250000001 0.37132326875 0.6011031250000001 0.369485271875 0.60294125 0.367647275 0.60294125 0.36580854218750003 0.6066175 0.3621325484375 0.608009375 0.311751840625 0.53371375 0.2801244484375 0.488853125 0.311042709375 0.48345562500000006 0.4025736375 0.48713249999999997 0.4025736375 0.49448499999999995 0.4099263625 0.49632375 0.4099263625
25 0.404411875 0.224264359375 0.41544125000000004 0.224264359375 0.41544125000000004 0.21875036875 0.411764375 0.21507363750000003 0.411764375 0.2077209125 0.40992625 0.20588217968750003 0.40992625 0.2022061859375 0.411764375 0.20036745156250002 0.411764375 0.1985294546875 0.413603125 0.1966914578125 0.41544125000000004 0.1966914578125 0.41544125000000004 0.1654410890625 0.40073499999999995 0.1654410890625 0.40073499999999995 0.220588365625 0.40257375 0.220588365625 0.404411875 0.22242636249999997 0.404411875 0.224264359375
35 0.41734312500000004 0.4798571421875 0.41734312500000004 0.5423571421875 0.426534375 0.5497098671875 0.43254125 0.5538858609374999 0.4541075 0.56993078125 0.47753187500000005 0.5871008843750001 0.48351937500000003 0.5791215015625 0.483943125 0.57854491875 0.507416875 0.564416053125 0.5166075 0.5570625921875 0.5331518749999999 0.5478718703125 0.53559125 0.5504911640625 0.53499 0.5423571421875 0.536828125 0.5166215015625 0.535175 0.45500441875000003 0.47533624999999996 0.4135927828125 0.435725625 0.4375773203125 0.43108 0.442596465625 0.432183125 0.4590891015625 0.41918125 0.4669889546875 0.41734312500000004 0.4798571421875
34 0.25 0.5220589109375 0.248161875 0.5238969078125 0.248161875 0.525735640625 0.24632375 0.5275736375 0.24632375 0.5514705453125 0.251838125 0.556985271875 0.255515 0.556985271875 0.25735312499999996 0.55882326875 0.266544375 0.55882326875 0.2683825 0.556985271875 0.283088125 0.556985271875 0.28492625 0.555147275 0.28492625 0.5514705453125 0.286765 0.5496325484375 0.286765 0.5404410890625 0.28492625 0.5386030921875 0.28492625 0.5202209125 0.283088125 0.5183821796875 0.283088125 0.5165441828125 0.28125 0.5165441828125 0.27757375 0.5128674515625 0.27757375 0.5110294546875 0.275735 0.5091914578125001 0.25919125 0.5091914578125001 0.25367625 0.5147061859375001 0.251838125 0.5147061859375001 0.25 0.5165441828125 0.25 0.5220589109375
27 0.55330875 0.5367650953124999 0.55330875 0.4558821796875 0.5496325 0.45220618593750006 0.542279375 0.45220618593750006 0.54044125 0.45404418281250003 0.54044125 0.5404410890625 0.5496325 0.5404410890625 0.55330875 0.5367650953124999
37 0.34742625 0.689337996875 0.354779375 0.694852725 0.369485 0.7040441828125 0.37132375 0.7040441828125 0.37867625 0.7095589109375 0.386029375 0.7113969078125 0.3933825 0.71875036875 0.40625 0.7242650953124999 0.413603125 0.71875036875 0.417279375 0.71875036875 0.42279437499999994 0.713235640625 0.42463249999999997 0.713235640625 0.426470625 0.7113969078125 0.430146875 0.7113969078125 0.43198499999999995 0.7095589109375 0.43382375 0.7095589109375 0.43382375 0.7077209125 0.435661875 0.7058821796875 0.4375 0.7058821796875 0.439338125 0.7040441828125 0.443014375 0.7040441828125 0.444853125 0.7022061859375001 0.44669125000000004 0.7022061859375001 0.44669125000000004 0.7003674515625 0.448529375 0.6985294546875 0.448529375 0.689337996875 0.44669125000000004 0.6875 0.44669125000000004 0.6783085421874999 0.448529375 0.6764705453125 0.448529375 0.6709558171875 0.45036750000000003 0.6691178203125 0.45036750000000003 0.6672790875 0.45220562500000006 0.6654410890625 0.45220562500000006 0.6617650953124999 0.45404437499999994 0.6599263625 0.45404437499999994 0.65625036875 0.457720625 0.6525736375 0.45955874999999996 0.6525736375 0.46507375 0.6470589109375 0.466911875 0.6470589109375 0.46875 0.6452209125 0.46875 0.6415441828125 0.470588125 0.6397061859375001 0.470588125 0.6029410890625 0.46875 0.6011030921875 0.46875 0.5974263625 0.461396875 0.5900736375 0.45955874999999996 0.5900736375 0.45588249999999997 0.588235640625 0.452015 0.583055228125 0.4348675 0.573973490625 0.40981125 0.55406921875 0.3878675 0.5716914578125001 0.38419125 0.5716914578125001 0.367503125 0.58246318125 0.342516875 0.5980478640625 0.343635 0.686579528125 0.34742625 0.689337996875
33 0.7371325 0.56617673125 0.735294375 0.568014728125 0.735294375 0.6011030921875 0.7371325 0.6029410890625 0.738970625 0.6029410890625 0.74080875 0.6047790875 0.74080875 0.6066178203125 0.7426468749999999 0.6066178203125 0.744485 0.6084558171875 0.7683825 0.6084558171875 0.770220625 0.6066178203125 0.770220625 0.6047790875 0.7738968749999999 0.6011030921875 0.775735 0.6011030921875 0.77757375 0.5992650953124999 0.77757375 0.5735294546875 0.775735 0.5716914578125001 0.775735 0.569852725 0.770220625 0.564337996875 0.770220625 0.5625 0.764705625 0.556985271875 0.74632375 0.556985271875 0.7426468749999999 0.560662003125 0.7426468749999999 0.5625 0.738970625 0.56617673125 0.7371325 0.56617673125
15 0.50367625 0.78125036875 0.45220562500000006 0.78125036875 0.45220562500000006 0.8419116343749999 0.498161875 0.8419116343749999 0.50367625 0.8363969078125001 0.50367625 0.78125036875
25 0.43382375 0.1360294546875 0.430146875 0.1397061859375 0.42279437499999994 0.1397061859375 0.41544125000000004 0.1470589109375 0.413603125 0.1470589109375 0.411764375 0.1488969078125 0.411764375 0.150735640625 0.40992625 0.1525736375 0.40992625 0.1654410890625 0.42463249999999997 0.1654410890625 0.42463249999999997 0.1636030921875 0.42830874999999996 0.1599263625 0.430146875 0.1599263625 0.43198499999999995 0.158088365625 0.43382375 0.158088365625 0.4375 0.154411634375 0.439338125 0.154411634375 0.44117625 0.1525736375 0.444853125 0.1525736375 0.44669125000000004 0.150735640625 0.44669125000000004 0.1488969078125 0.45036750000000003 0.1452209125 0.45220562500000006 0.1452209125 0.45955874999999996 0.1378674515625 0.46323499999999995 0.1378674515625 0.46507375 0.1360294546875 0.46507375 0.132352725 0.45955874999999996 0.126837996875 0.45955874999999996 0.125 0.444853125 0.125 0.4375 0.132352725 0.435661875 0.132352725 0.43382375 0.1341914578125 0.43382375 0.1360294546875
28 0.63419125 0.279411634375 0.6323531250000001 0.28125036875 0.6323531250000001 0.283088365625 0.62867625 0.286764359375 0.625 0.286764359375 0.623161875 0.2886030921875 0.62132375 0.2886030921875 0.619485 0.2904410890625 0.619485 0.2922790875 0.6176468749999999 0.2941178203125 0.6176468749999999 0.306985271875 0.636029375 0.306985271875 0.6378675 0.305147275 0.6378675 0.30330854218750003 0.641544375 0.2996325484375 0.6433825 0.2996325484375 0.650735 0.2922790875 0.658088125 0.2922790875 0.65992625 0.2904410890625 0.65992625 0.2886030921875 0.6636031250000001 0.2849263625 0.66544125 0.2849263625 0.6691175 0.28125036875 0.6691175 0.279411634375 0.670955625 0.2775736375 0.672794375 0.2775736375 0.672794375 0.2720589109375 0.670955625 0.2720589109375 0.667279375 0.2683821796875 0.667279375 0.26654418281250003 0.65625 0.26654418281250003 0.650735 0.2720589109375 0.6488968749999999 0.2720589109375 0.641544375 0.279411634375 0.63419125 0.279411634375
31 0.461396875 0.088235640625 0.457720625 0.091911634375 0.457720625 0.09375036875000001 0.45588249999999997 0.095588365625 0.45588249999999997 0.12867673125 0.457720625 0.130514728125 0.461396875 0.130514728125 0.46507375 0.1341914578125 0.46875 0.1341914578125 0.470588125 0.132352725 0.476103125 0.132352725 0.47794125000000004 0.130514728125 0.488970625 0.130514728125 0.49632375 0.123162003125 0.49632375 0.095588365625 0.49448499999999995 0.095588365625 0.492646875 0.09375036875000001 0.492646875 0.091911634375 0.488970625 0.088235640625 0.48713249999999997 0.088235640625 0.48345562500000006 0.0845589109375 0.48345562500000006 0.0827209125 0.48161750000000003 0.0808821796875 0.47242625 0.0808821796875 0.466911875 0.0863969078125 0.46507375 0.0863969078125 0.46323499999999995 0.088235640625 0.461396875 0.088235640625
31 0.31617625 0.12867673125 0.318015 0.130514728125 0.332720625 0.130514728125 0.33455875 0.132352725 0.338235 0.132352725 0.34007375 0.1341914578125 0.341911875 0.132352725 0.345588125 0.132352725 0.34742625 0.130514728125 0.349265 0.130514728125 0.35110312499999996 0.12867673125 0.35294125 0.12867673125 0.3566175 0.125 0.3566175 0.123162003125 0.358455625 0.12132326874999999 0.358455625 0.0974263625 0.3566175 0.095588365625 0.354779375 0.095588365625 0.35110312499999996 0.091911634375 0.35110312499999996 0.0900736375 0.349265 0.088235640625 0.34742625 0.088235640625 0.34375 0.0845589109375 0.34375 0.0827209125 0.341911875 0.0808821796875 0.3308825 0.0808821796875 0.318015 0.09375036875000001 0.318015 0.095588365625 0.31617625 0.0974263625 0.31617625 0.12867673125
4 0.52205875 0.7977938140624999 0.5183825 0.8014705453125 0.5183825 0.8290441828124999 0.52205875 0.8327209124999999 0.52205875 0.8419116343749999 0.5238968749999999 0.84375036875 0.525735 0.84375036875 0.529411875 0.8474263625 0.5625 0.8474263625 0.564338125 0.8455883656250001 0.56617625 0.8455883656250001 0.568014375 0.84375036875 0.5698531250000001 0.84375036875 0.57169125 0.8419116343749999 0.57169125 0.8400736375 0.5753675 0.8363969078125001 0.5753675 0.8235294546875 0.57169125 0.819852725 0.57169125 0.8180147281249999 0.5698531250000001 0.81617673125 0.560661875 0.81617673125 0.556985 0.8125 0.556985 0.8033085421875 0.5551468749999999 0.8014705453125 0.55330875 0.8014705453125 0.5496325 0.7977938140624999 0.5496325 0.7959558171875 0.547794375 0.7941178203125 0.545955625 0.7941178203125 0.5441175 0.7922790875 0.529411875 0.7922790875 0.52757375 0.7941178203125 0.5238968749999999 0.7941178203125 0.52205875 0.7959558171875 0.52205875 0.7977938140624999
4 0.636029375 0.6084558171875 0.6378675 0.6066178203125 0.6378675 0.6047790875 0.641544375 0.6011030921875 0.6433825 0.6011030921875 0.6433825 0.5845589109375 0.641544375 0.5827209125 0.639705625 0.5827209125 0.6378675 0.5808821796875 0.63419125 0.5808821796875 0.630514375 0.5772061859375001 0.630514375 0.5753674515625 0.62867625 0.5753674515625 0.623161875 0.569852725 0.623161875 0.5625 0.61580875 0.555147275 0.61580875 0.5533085421874999 0.599264375 0.5533085421874999 0.59007375 0.5625 0.59007375 0.6011030921875 0.59742625 0.6084558171875 0.636029375 0.6084558171875
12 0.43198499999999995 0.6415441828125 0.38235312499999996 0.6415441828125 0.38235312499999996 0.7003674515625 0.426470625 0.7003674515625 0.43198499999999995 0.694852725 0.43198499999999995 0.6415441828125
8 0.7113968749999999 0.3547790875 0.661764375 0.3547790875 0.65992625 0.3566178203125 0.65992625 0.4154410890625 0.7113968749999999 0.4154410890625 0.7113968749999999 0.3547790875
7 0.40257375 0.41176509531249994 0.404411875 0.4099263625 0.40625 0.4099263625 0.408088125 0.41176509531249994 0.40992625 0.41176509531249994 0.413603125 0.4154410890625 0.430146875 0.4154410890625 0.43198499999999995 0.4136030921875 0.43198499999999995 0.3566178203125 0.38235312499999996 0.3566178203125 0.38235312499999996 0.4154410890625 0.395220625 0.4154410890625 0.39889687500000004 0.41176509531249994 0.40257375 0.41176509531249994
12 0.641544375 0.2702209125 0.6433825 0.2702209125 0.6433825 0.213235640625 0.591911875 0.213235640625 0.591911875 0.2720589109375 0.595588125 0.275735640625 0.636029375 0.275735640625 0.641544375 0.2702209125
27 0.545955625 0.7959558171875 0.5496325 0.7959558171875 0.551470625 0.7941178203125 0.55330875 0.7941178203125 0.55330875 0.742647275 0.5496325 0.7389705453125 0.5496325 0.7371325484375 0.547794375 0.7352938140624999 0.54044125 0.7352938140624999 0.54044125 0.7922790875 0.542279375 0.7941178203125 0.5441175 0.7941178203125 0.545955625 0.7959558171875
7 0.6433825 0.78125036875 0.59007375 0.78125036875 0.59007375 0.84375036875 0.636029375 0.84375036875 0.6433825 0.8363969078125001 0.6433825 0.78125036875
9 0.755514375 0.555147275 0.7573531250000001 0.556985271875 0.775735 0.556985271875 0.77757375 0.555147275 0.779411875 0.555147275 0.78125 0.5533085421874999 0.78125 0.49816200312500003 0.729779375 0.49816200312500003 0.729779375 0.556985271875 0.748161875 0.556985271875 0.75 0.555147275 0.755514375 0.555147275
28 0.21507375 0.7113969078125 0.216911875 0.7113969078125 0.220588125 0.7150736375 0.220588125 0.7169116343749999 0.22242625 0.71875036875 0.23161749999999998 0.71875036875 0.235294375 0.7224263625 0.235294375 0.7242650953124999 0.23713250000000002 0.7261030921875 0.23897062500000002 0.7261030921875 0.242646875 0.7297790875 0.242646875 0.7316178203125 0.244485 0.7334558171875 0.25367625 0.7334558171875 0.25735312499999996 0.7371325484375 0.261029375 0.7371325484375 0.264705625 0.7334558171875 0.266544375 0.7334558171875 0.266544375 0.7242650953124999 0.264705625 0.7224263625 0.264705625 0.7205883656250001 0.2628675 0.71875036875 0.2628675 0.7169116343749999 0.25919125 0.713235640625 0.251838125 0.713235640625 0.248161875 0.7095589109375 0.248161875 0.7077209125 0.24632375 0.7058821796875 0.23897062500000002 0.7058821796875 0.23161749999999998 0.6985294546875 0.22977937499999998 0.6985294546875 0.22794124999999998 0.6966914578125001 0.211396875 0.6966914578125001 0.211396875 0.7058821796875 0.213235 0.7077209125 0.213235 0.7095589109375 0.21507375 0.7113969078125
13 0.57169125 0.694852725 0.57169125 0.6415441828125 0.52205875 0.6415441828125 0.52205875 0.6985294546875 0.5238968749999999 0.7003674515625 0.56617625 0.7003674515625 0.57169125 0.694852725
25 0.48345562500000006 0.3952209125 0.48345562500000006 0.3125 0.479779375 0.30882326875 0.470588125 0.30882326875 0.470588125 0.3988969078125 0.48161750000000003 0.3988969078125 0.48161750000000003 0.3970589109375 0.48345562500000006 0.3952209125
2 0.38235312499999996 0.23161782031249997 0.380515 0.2334558171875 0.375738125 0.257059646875 0.38235312499999996 0.2610294546875 0.38506625 0.27592194375 0.388203125 0.280645803125 0.41943374999999994 0.2810949921875 0.427070625 0.28079381406250004 0.436261875 0.2706119296875 0.437315 0.25087113437499997 0.433101875 0.2475301921875 0.42830874999999996 0.24816200312499997 0.42463249999999997 0.24816200312499997 0.41774374999999997 0.2471030921875 0.41608875 0.2427525765625 0.41587562499999997 0.23321575781249998 0.39879937499999996 0.22026288593749999 0.386029375 0.2279410890625 0.38419125 0.2279410890625 0.38235312499999996 0.2297790875 0.38235312499999996 0.23161782031249997
25 0.3566175 0.1433821796875 0.358455625 0.1452209125 0.363970625 0.1452209125 0.36764687500000004 0.1488969078125 0.36764687500000004 0.150735640625 0.369485 0.1525736375 0.37132375 0.1525736375 0.37867625 0.1599263625 0.386029375 0.1599263625 0.389705625 0.1636030921875 0.389705625 0.1654410890625 0.391544375 0.1672790875 0.40073499999999995 0.1672790875 0.40257375 0.1654410890625 0.40257375 0.1488969078125 0.40073499999999995 0.1470589109375 0.39889687500000004 0.1470589109375 0.3933825 0.1415441828125 0.391544375 0.1415441828125 0.389705625 0.1397061859375 0.38419125 0.1397061859375 0.380515 0.1360294546875 0.380515 0.1341914578125 0.37867625 0.132352725 0.376838125 0.132352725 0.369485 0.125 0.35110312499999996 0.125 0.35110312499999996 0.1378674515625 0.354779375 0.1415441828125 0.354779375 0.1433821796875 0.3566175 0.1433821796875
27 0.55330875 0.564337996875 0.560661875 0.564337996875 0.568014375 0.5716914578125001 0.5698531250000001 0.5716914578125001 0.573529375 0.5753674515625 0.573529375 0.5772061859375001 0.5753675 0.5790441828125 0.5863968749999999 0.5790441828125 0.5863968749999999 0.560662003125 0.58455875 0.55882326875 0.582720625 0.55882326875 0.579044375 0.555147275 0.579044375 0.5533085421874999 0.577205625 0.5514705453125 0.5698531250000001 0.5514705453125 0.5625 0.5441178203125 0.55882375 0.5441178203125 0.556985 0.5422790875 0.5496325 0.5422790875 0.5496325 0.55882326875 0.551470625 0.560662003125 0.551470625 0.5625 0.55330875 0.564337996875
15 0.45220562500000006 0.22959204687499998 0.45220562500000006 0.23143004375 0.45036750000000003 0.233268040625 0.45036750000000003 0.2700331375 0.45220562500000006 0.2700331375 0.45404437499999994 0.271871134375 0.45955874999999996 0.271871134375 0.461396875 0.2737098671875 0.498161875 0.2737098671875 0.501838125 0.2700331375 0.50367625 0.2700331375 0.50367625 0.2148858609375 0.501838125 0.21304786406249998 0.45220562500000006 0.21304786406249998 0.45404437499999994 0.2148858609375 0.45404437499999994 0.21672459531250002 0.45220562500000006 0.2185625921875 0.45036750000000003 0.2185625921875 0.45036750000000003 0.22775405 0.45220562500000006 0.22959204687499998
34 0.19117625 0.6544116343749999 0.185661875 0.6544116343749999 0.18382375 0.65625036875 0.18382375 0.6580883656250001 0.18014687499999998 0.6617650953124999 0.17830875 0.6617650953124999 0.176470625 0.6636030921875 0.176470625 0.694852725 0.18382375 0.7022061859375001 0.211396875 0.7022061859375001 0.211396875 0.7003674515625 0.21507375 0.6966914578125001 0.216911875 0.6966914578125001 0.21875 0.694852725 0.21875 0.6654410890625 0.211396875 0.6580883656250001 0.211396875 0.65625036875 0.20955875000000002 0.6544116343749999 0.20588250000000002 0.6544116343749999 0.202205625 0.650735640625 0.19669125 0.650735640625 0.19485312500000002 0.6525736375 0.19485312500000002 0.6544116343749999 0.193015 0.65625036875 0.19117625 0.6544116343749999
3 0.52205875 0.26654418281250003 0.52205875 0.2702209125 0.527545625 0.2810898375 0.5585924999999999 0.2804705453125 0.567556875 0.280147275 0.5765100000000001 0.26913549375 0.57788375 0.2519506625 0.5734975 0.24786303437499999 0.5561462500000001 0.24681075156249999 0.5551468749999999 0.2352938140625 0.551470625 0.23161782031249997 0.545955625 0.224264359375 0.53686875 0.2197260671875 0.529411875 0.224264359375 0.525735 0.22610309218750002 0.520220625 0.23161782031249997 0.5167725 0.2570088359375 0.52205875 0.26654418281250003
26 0.55330875 0.220588365625 0.55330875 0.1709558171875 0.5496325 0.1672790875 0.542279375 0.1672790875 0.542279375 0.224264359375 0.5441175 0.22610309218750002 0.547794375 0.22610309218750002 0.55330875 0.220588365625
28 0.270220625 0.5 0.27205875 0.49816200312500003 0.27205875 0.49264727500000005 0.27389687500000004 0.4908085421875 0.27389687500000004 0.4577209125 0.270220625 0.45404418281250003 0.270220625 0.45220618593750006 0.261029375 0.45220618593750006 0.261029375 0.505514728125 0.2683825 0.505514728125 0.270220625 0.50367673125 0.270220625 0.5
34 0.6691175 0.23161782031249997 0.6691175 0.2352938140625 0.667279375 0.23713254843749998 0.667279375 0.2408085421875 0.66544125 0.242647275 0.66544125 0.2683821796875 0.667279375 0.2683821796875 0.6691175 0.2702209125 0.670955625 0.2702209125 0.676470625 0.275735640625 0.69669125 0.275735640625 0.704044375 0.2683821796875 0.704044375 0.23713254843749998 0.702205625 0.2352938140625 0.702205625 0.2334558171875 0.698529375 0.2297790875 0.69669125 0.2297790875 0.6948531250000001 0.2279410890625 0.693014375 0.2279410890625 0.689338125 0.224264359375 0.689338125 0.22242636249999997 0.67830875 0.22242636249999997 0.67830875 0.224264359375 0.6746325 0.2279410890625 0.672794375 0.2279410890625 0.6691175 0.23161782031249997
28 0.19485312500000002 0.650735640625 0.202205625 0.650735640625 0.202205625 0.6470589109375 0.204044375 0.6452209125 0.204044375 0.5974263625 0.20588250000000002 0.5955883656250001 0.20588250000000002 0.59375036875 0.19485312500000002 0.59375036875 0.19117625 0.5974263625 0.19117625 0.6488969078125 0.193015 0.6488969078125 0.19485312500000002 0.650735640625
3 0.595588125 0.0845589109375 0.591911875 0.088235640625 0.59007375 0.088235640625 0.588235 0.0900736375 0.585250625 0.11665905781250001 0.58992 0.11927982343750002 0.592604375 0.13004418281250002 0.5967 0.1387076578125 0.62211875 0.1374580265625 0.637053125 0.13976656875 0.639705625 0.130514728125 0.641544375 0.130514728125 0.6433825 0.12867673125 0.6433825 0.126837996875 0.645220625 0.125 0.645220625 0.1084558171875 0.6433825 0.1066178203125 0.641544375 0.1047790875 0.6370525 0.105264359375 0.62685375 0.1049602359375 0.62132375 0.088235640625 0.619485 0.088235640625 0.61580875 0.0845589109375 0.6121325 0.0808821796875 0.610294375 0.0790441828125 0.60294125 0.0790441828125 0.6011031250000001 0.0808821796875 0.59742625 0.0808821796875 0.595588125 0.0827209125 0.595588125 0.0845589109375
10 0.242646875 0.3566178203125 0.242646875 0.4154410890625 0.292279375 0.4154410890625 0.292279375 0.3566178203125 0.242646875 0.3566178203125
27 0.6948531250000001 0.55882326875 0.7003675 0.564337996875 0.702205625 0.564337996875 0.7058825 0.568014728125 0.7058825 0.569852725 0.707720625 0.5716914578125001 0.70955875 0.5716914578125001 0.716911875 0.5790441828125 0.724264375 0.5790441828125 0.729779375 0.5845589109375 0.733455625 0.5845589109375 0.733455625 0.568014728125 0.7316175 0.56617673125 0.7316175 0.564337996875 0.72794125 0.560662003125 0.7261031250000001 0.560662003125 0.724264375 0.55882326875 0.72242625 0.55882326875 0.71875 0.555147275 0.71875 0.5533085421874999 0.716911875 0.5514705453125 0.7113968749999999 0.5514705453125 0.70955875 0.5496325484375 0.707720625 0.5496325484375 0.7058825 0.5477938140624999 0.7058825 0.5459558171875 0.702205625 0.5422790875 0.689338125 0.5422790875 0.689338125 0.556985271875 0.69117625 0.556985271875 0.693014375 0.55882326875 0.6948531250000001 0.55882326875
3 0.448529375 0.6966914578125001 0.45036750000000003 0.6966914578125001 0.457720625 0.7040441828125 0.49080874999999996 0.7040441828125 0.492646875 0.7022061859375001 0.49448499999999995 0.7022061859375001 0.5 0.6966914578125001 0.50367625 0.6966914578125001 0.50367625 0.6764705453125 0.5 0.6764705453125 0.49448499999999995 0.6709558171875 0.49080874999999996 0.6709558171875 0.488970625 0.6691178203125 0.48713249999999997 0.6691178203125 0.48529437499999994 0.6672790875 0.48529437499999994 0.6654410890625 0.48345562500000006 0.6636030921875 0.48345562500000006 0.6580883656250001 0.474264375 0.6488969078125 0.45955874999999996 0.6488969078125 0.45404437499999994 0.6544116343749999 0.45220562500000006 0.6544116343749999 0.448529375 0.6580883656250001 0.448529375 0.6966914578125001
25 0.413603125 0.4724263625 0.40073499999999995 0.4724263625 0.40073499999999995 0.5404410890625 0.40992625 0.5404410890625 0.413603125 0.5367650953124999 0.413603125 0.4724263625
28 0.62132375 0.310662003125 0.62132375 0.30882326875 0.610294375 0.30882326875 0.610294375 0.3639705453125 0.623161875 0.3639705453125 0.623161875 0.3125 0.62132375 0.310662003125
29 0.43499999999999994 0.22974963124999997 0.44437499999999996 0.2275405 0.45 0.21207658281250003 0.45625 0.21207658281250003 0.45999999999999996 0.20692194375 0.45625 0.19955817343749999 0.44875 0.194403534375 0.44625000000000004 0.17967599375 0.433125 0.1701030921875 0.42437500000000006 0.17820324062499998 0.42062499999999997 0.192194403125 0.41125 0.20324005937499998 0.41125 0.209131075 0.421875 0.21207658281250003 0.426875 0.2275405 0.43499999999999994 0.22974963124999997
34 0.220625 0.41016200312500006 0.215 0.3792341671875 0.2 0.364506628125 0.19375 0.36524300468750004 0.183125 0.37481590625 0.176875 0.3902798234375 0.175 0.40868924843750004 0.18562499999999998 0.41973490468749997 0.21000000000000002 0.42047128125000005 0.220625 0.41016200312500006
28 0.2575 0.45508100156250003 0.26687500000000003 0.4506627390625 0.26625 0.439617084375 0.26187499999999997 0.435198821875 0.22374999999999998 0.41016200312500006 0.215625 0.41531664218750003 0.21125 0.4226804125 0.216875 0.4300441828125 0.22875 0.4344624453125 0.2575 0.45508100156250003
13 0.3625 0.27245949999999997 0.364375 0.2687776140625 0.36375 0.219440353125 0.36062500000000003 0.21281296093750002 0.316875 0.21207658281250003 0.3125 0.215022090625 0.31124999999999997 0.219440353125 0.31062500000000004 0.2650957296875 0.31375000000000003 0.2731958765625 0.338125 0.2768777609375 0.3625 0.27245949999999997
11 0.5675 0.41678939687499994 0.5725 0.4131075109375 0.573125 0.360088365625 0.5700000000000001 0.3549337265625 0.525625 0.3541973484375 0.521875 0.3571428578125 0.520625 0.3630338734375 0.52 0.40795287187499996 0.5225 0.414580265625 0.528125 0.41678939687499994 0.5675 0.41678939687499994
11 0.294375 0.692194403125 0.29500000000000004 0.6472754046875 0.29312499999999997 0.642120765625 0.2875 0.6391752578125 0.26625 0.6391752578125 0.24500000000000002 0.639911634375 0.241875 0.6435935203125001 0.24125000000000002 0.6958762890625 0.244375 0.7002945515625 0.291875 0.6995581734375 0.294375 0.692194403125
14 0.6224999999999999 0.5618556703124999 0.640625 0.5574374078125001 0.6431250000000001 0.54344624375 0.64125 0.4992636234375 0.6375 0.4970544921875 0.59875 0.496318115625 0.590625 0.5014727546875 0.591875 0.5589101624999999 0.595 0.5596465390625001 0.61 0.5515463921875 0.6224999999999999 0.5618556703124999
14 0.21749999999999997 0.5596465390625001 0.22374999999999998 0.555964653125 0.224375 0.5036818843749999 0.220625 0.49779086875 0.181875 0.496318115625 0.175 0.49779086875 0.171875 0.5029455078125 0.17124999999999999 0.5537555234375 0.17375000000000002 0.5574374078125001 0.18875 0.56111929375 0.21749999999999997 0.5596465390625001
27 0.7631249999999999 0.681885125 0.76375 0.6141384390625 0.75875 0.6104565531249999 0.748125 0.612665684375 0.7474999999999999 0.6804123718749999 0.751875 0.6855670109374999 0.7581249999999999 0.6870397640625 0.7631249999999999 0.681885125
8 0.501838125 0.555147275 0.50367625 0.5533085421874999 0.50367625 0.49816200312500003 0.45220562500000006 0.49816200312500003 0.45220562500000006 0.556985271875 0.498161875 0.556985271875 0.5 0.555147275 0.501838125 0.555147275
20 0.565625 0.08125036875 0.565625 0.0062503687500000005 0.5125 0.0062503687500000005 0.5125 0.0828122234375 0.5625 0.0828122234375 0.5640625 0.08125036875 0.565625 0.08125036875
18 0.775 0.7687503687499999 0.775 0.71875036875 0.7234375 0.71875036875 0.7234375 0.7984374078124999 0.7734375 0.7984374078124999 0.7734375 0.7703122234374999 0.775 0.7687503687499999
18 0.565625 0.8640625921874999 0.5140625 0.8640625921874999 0.5140625 0.9375 0.5640625 0.9375 0.565625 0.9359374078125 0.565625 0.8640625921874999
18 0.2703125 0.0859374078125 0.271875 0.0875 0.2828125 0.0875 0.2859375 0.084374815625 0.2859375 0.0546877765625 0.2875 0.053125184375 0.2875 0.0140625921875 0.2859375 0.0125 0.2859375 0.0078122234375 0.234375 0.0078122234375 0.234375 0.0875 0.2609375 0.0875 0.2625 0.0859374078125 0.2703125 0.0859374078125
18 0.2359375 0.8625 0.2359375 0.9406251843750001 0.284375 0.9406251843750001 0.284375 0.8625 0.2359375 0.8625
22 0.775 0.22343740781250002 0.775 0.1453122234375 0.721875 0.1453122234375 0.721875 0.22812518437499998 0.7734375 0.22812518437499998 0.7734375 0.225 0.775 0.22343740781250002
21 0.915625 0.4296877765625 0.859375 0.4296877765625 0.859375 0.5125 0.9140625 0.5125 0.915625 0.5109374078125 0.915625 0.4296877765625
19 0.0953125 0.5765625921875001 0.0953125 0.653125184375 0.1453125 0.653125184375 0.1453125 0.5765625921875001 0.0953125 0.5765625921875001
23 0.1484375 0.2921877765625 0.09375 0.2921877765625 0.09375 0.3703122234375 0.146875 0.3703122234375 0.1484375 0.36875036875 0.1484375 0.2921877765625