37 0.6893380828125 0.2959558828125 0.6856619171875 0.299632353125 0.6838238343749999 0.299632353125 0.6819851031249999 0.3014705875 0.6764708546875 0.3014705875 0.674632125 0.3033088234375 0.6727940421875 0.3033088234375 0.6672791453125 0.30882352968750004 0.6654410625 0.30882352968750004 0.6636029796875 0.3106617640625 0.6617648968750001 0.3106617640625 0.6617648968750001 0.3125 0.6599268140625 0.3143382359375 0.6580880828125 0.3143382359375 0.65625 0.31617647031249996 0.6525738343749999 0.31617647031249996 0.6507351031249999 0.31801470625 0.6488970203125 0.31801470625 0.6470589375 0.319852940625 0.6470589375 0.3216911765625 0.6452208546875 0.3235294125 0.6452208546875 0.382352940625 0.6470589375 0.3841911765625 0.6470589375 0.3860294125 0.6488970203125 0.387867646875 0.6507351031249999 0.387867646875 0.6544119171875 0.3915441171875 0.6544119171875 0.3952205875 0.65625 0.3970588234375 0.65625 0.398897059375 0.6599268140625 0.40257352968750004 0.6599268140625 0.40625 0.6617648968750001 0.4080882359375 0.6617648968750001 0.43382352968750004 0.6636029796875 0.4356617640625 0.6636029796875 0.4375 0.6654410625 0.4375 0.6672791453125 0.4393382359375 0.6727940421875 0.4393382359375 0.674632125 0.44117647031249996 0.6783089375 0.44117647031249996 0.6838238343749999 0.4466911765625 0.6893380828125 0.4466911765625 0.6930148968750001 0.450367646875 0.6948529796875 0.450367646875 0.6985291453125 0.4540441171875 0.7040440421875 0.4540441171875 0.705882125 0.455882353125 0.7095589375 0.455882353125 0.7150738343749999 0.450367646875 0.7150738343749999 0.4485294125 0.7169119171875 0.4466911765625 0.7169119171875 0.44485294062499997 0.7205880828125 0.44117647031249996 0.7334559578125 0.44117647031249996 0.7352940421875 0.4393382359375 0.737132125 0.4393382359375 0.7389708546875 0.4375 0.7426470203125 0.4375 0.7463238343749999 0.43382352968750004 0.75 0.43382352968750004 0.7518380828125 0.43198529375000005 0.7573529796875 0.43198529375000005 0.7591910625 0.43014705937500003 0.7610291453125 0.43014705937500003 0.7665440421875 0.424632353125 0.768382125 0.424632353125 0.7702208546875 0.4227941171875 0.7702208546875 0.4209558828125 0.7738970203125 0.4172794125 0.7757351031249999 0.4172794125 0.7775738343749999 0.4154411765625 0.7775738343749999 0.3272058828125 0.7702208546875 0.319852940625 0.7702208546875 0.31801470625 0.768382125 0.31617647031249996 0.7665440421875 0.31617647031249996 0.7647059578125 0.3143382359375 0.762867875 0.3143382359375 0.7591910625 0.3106617640625 0.7573529796875 0.3106617640625 0.7555148968750001 0.30882352968750004 0.7518380828125 0.30882352968750004 0.7444851031249999 0.3014705875 0.7408089375 0.3014705875 0.737132125 0.2977941171875 0.7352940421875 0.2977941171875 0.731617875 0.294117646875 0.7297791453125 0.294117646875 0.7242648968750001 0.288602940625 0.700367875 0.288602940625 0.6948529796875 0.294117646875 0.6930148968750001 0.294117646875 0.6911768140625 0.2959558828125 0.6893380828125 0.2959558828125
35 0.3823529796875 0.3014705875 0.37683808281250003 0.30698529375 0.375 0.30698529375 0.37316191718749997 0.30882352968750004 0.371323834375 0.30882352968750004 0.3639708546875 0.31617647031249996 0.36213212499999997 0.31617647031249996 0.3602940421875 0.31801470625 0.3602940421875 0.319852940625 0.35661787500000003 0.3235294125 0.3547791453125 0.3235294125 0.3547791453125 0.419117646875 0.3602940421875 0.424632353125 0.36213212499999997 0.424632353125 0.3639708546875 0.4264705875 0.3658089375 0.4264705875 0.369485103125 0.43014705937500003 0.371323834375 0.43014705937500003 0.37316191718749997 0.43198529375000005 0.380514896875 0.43198529375000005 0.3823529796875 0.43382352968750004 0.3860291453125 0.43382352968750004 0.3915440421875 0.4393382359375 0.3952208546875 0.4393382359375 0.3970589375 0.4375 0.400735103125 0.4375 0.40257383437499994 0.4356617640625 0.40441191718749997 0.4356617640625 0.40808808281250003 0.43198529375000005 0.4209559578125 0.43198529375000005 0.4227940421875 0.43014705937500003 0.4264708546875 0.43014705937500003 0.42830893750000004 0.4283088234375 0.43566191718749997 0.4283088234375 0.4375 0.43014705937500003 0.4577208546875 0.43014705937500003 0.45955893750000004 0.4283088234375 0.46139702031249996 0.4283088234375 0.463235103125 0.4264705875 0.46691191718749997 0.4264705875 0.46875 0.424632353125 0.474264896875 0.424632353125 0.4797791453125 0.419117646875 0.481617875 0.419117646875 0.4834559578125 0.4172794125 0.4834559578125 0.3216911765625 0.481617875 0.319852940625 0.481617875 0.31801470625 0.4797791453125 0.31801470625 0.47794106249999996 0.31617647031249996 0.4724268140625 0.31617647031249996 0.46691191718749997 0.3106617640625 0.46507383437499994 0.3106617640625 0.463235103125 0.30882352968750004 0.45955893750000004 0.30882352968750004 0.4577208546875 0.30698529375 0.455882125 0.30698529375 0.4540440421875 0.305147059375 0.4540440421875 0.3033088234375 0.4522059578125 0.3014705875 0.4485291453125 0.3014705875 0.44669106249999996 0.299632353125 0.44485297968750004 0.299632353125 0.4411768140625 0.2959558828125 0.4411768140625 0.294117646875 0.43933808281250003 0.2922794125 0.40441191718749997 0.2922794125 0.40257383437499994 0.294117646875 0.39338212499999997 0.294117646875 0.3860291453125 0.3014705875 0.3823529796875 0.3014705875
17 0.6213238343749999 0.7352941171875 0.6194851031249999 0.7352941171875 0.6176470203125 0.737132353125 0.6176470203125 0.7389705875 0.6158089375 0.7408088234375 0.6139708546875 0.7408088234375 0.612132125 0.7426470593750001 0.606617875 0.7426470593750001 0.5992648968750001 0.75 0.5974268140625 0.75 0.5919119171875 0.75551470625 0.5900738343749999 0.75551470625 0.5882351031249999 0.7573529406249999 0.5845589375 0.7573529406249999 0.5827208546875 0.7591911765625 0.580882125 0.7591911765625 0.580882125 0.7610294125 0.5790440421875 0.762867646875 0.5772059578125 0.762867646875 0.5716910625 0.768382353125 0.5716910625 0.83823529375 0.5735291453125 0.8400735296875 0.5735291453125 0.84375 0.575367875 0.8455882359375 0.575367875 0.8474264703125 0.5772059578125 0.84926470625 0.5790440421875 0.84926470625 0.580882125 0.8511029406249999 0.5845589375 0.8511029406249999 0.5882351031249999 0.8547794124999999 0.5882351031249999 0.856617646875 0.5900738343749999 0.856617646875 0.5974268140625 0.8639705875000001 0.5974268140625 0.8731617640625 0.5955880828125 0.875 0.5955880828125 0.8897058828125 0.5974268140625 0.8915441171875 0.5974268140625 0.893382353125 0.6011029796875 0.893382353125 0.6029410625 0.8952205875000001 0.6102940421875 0.8952205875000001 0.612132125 0.8970588234375001 0.6139708546875 0.8970588234375001 0.6194851031249999 0.9025735296875 0.6213238343749999 0.9025735296875 0.6231619171875 0.9044117640625 0.625 0.9044117640625 0.6286768140625 0.9080882359375 0.6305148968750001 0.9080882359375 0.6323529796875 0.9099264703125 0.6397059578125 0.9099264703125 0.6415440421875 0.9080882359375 0.643382125 0.9080882359375 0.6488970203125 0.9025735296875 0.6507351031249999 0.9025735296875 0.6525738343749999 0.90073529375 0.6544119171875 0.90073529375 0.6580880828125 0.8970588234375001 0.6599268140625 0.8970588234375001 0.6617648968750001 0.8952205875000001 0.6636029796875 0.8952205875000001 0.6709559578125 0.887867646875 0.6727940421875 0.887867646875 0.674632125 0.8860294124999999 0.6764708546875 0.8860294124999999 0.6819851031249999 0.88051470625 0.6856619171875 0.88051470625 0.6930148968750001 0.8731617640625 0.6985291453125 0.8731617640625 0.700367875 0.8713235296875 0.7022059578125 0.8713235296875 0.7040440421875 0.86948529375 0.7040440421875 0.8676470593750001 0.705882125 0.8658088234375001 0.705882125 0.84926470625 0.7040440421875 0.8474264703125 0.7040440421875 0.7738970593750001 0.6985291453125 0.768382353125 0.6985291453125 0.7665441171875 0.6966910625 0.7665441171875 0.6930148968750001 0.762867646875 0.6911768140625 0.762867646875 0.6893380828125 0.7610294125 0.6893380828125 0.7591911765625 0.6875 0.7573529406249999 0.6838238343749999 0.7573529406249999 0.6819851031249999 0.75551470625 0.6801470203125 0.75551470625 0.6764708546875 0.7518382359375 0.674632125 0.7518382359375 0.6727940421875 0.75 0.6709559578125 0.75 0.6672791453125 0.7463235296875 0.6672791453125 0.74448529375 0.6654410625 0.7426470593750001 0.6617648968750001 0.7426470593750001 0.6599268140625 0.7408088234375 0.6580880828125 0.7408088234375 0.6507351031249999 0.7334558828125 0.6488970203125 0.7334558828125 0.6452208546875 0.7297794125 0.6268380828125 0.7297794125 0.6268380828125 0.731617646875 0.625 0.7334558828125 0.6231619171875 0.7334558828125 0.6213238343749999 0.7352941171875
6 0.32536787500000003 0.7426470593750001 0.3235291453125 0.74448529375 0.3198529796875 0.74448529375 0.31433808281250003 0.75 0.3125 0.75 0.31066191718749997 0.7518382359375 0.308823834375 0.7518382359375 0.3033089375 0.7573529406249999 0.3014708546875 0.7573529406249999 0.29963212499999997 0.7591911765625 0.2977940421875 0.7591911765625 0.2922791453125 0.7647058828125 0.2904410625 0.7647058828125 0.2886029796875 0.7665441171875 0.286764896875 0.7665441171875 0.286764896875 0.768382353125 0.284926165625 0.7702205875 0.284926165625 0.7720588234375 0.28125 0.77573529375 0.28125 0.8639705875000001 0.28308808281250003 0.8658088234375001 0.284926165625 0.8658088234375001 0.286764896875 0.8676470593750001 0.286764896875 0.86948529375 0.2904410625 0.8731617640625 0.29411787500000003 0.8731617640625 0.2959559578125 0.875 0.2977940421875 0.875 0.3033089375 0.88051470625 0.3051470203125 0.88051470625 0.3125 0.887867646875 0.316176165625 0.887867646875 0.318014896875 0.8897058828125 0.3198529796875 0.8897058828125 0.32536787500000003 0.8952205875000001 0.3272059578125 0.8952205875000001 0.33088212499999997 0.8988970593750001 0.33088212499999997 0.90073529375 0.3327208546875 0.9025735296875 0.3363970203125 0.9025735296875 0.340073834375 0.90625 0.34191191718749997 0.90625 0.34375 0.9080882359375 0.3511029796875 0.9080882359375 0.3547791453125 0.9044117640625 0.35661787500000003 0.9044117640625 0.3584559578125 0.9025735296875 0.36213212499999997 0.9025735296875 0.369485103125 0.8952205875000001 0.371323834375 0.8952205875000001 0.37316191718749997 0.893382353125 0.375 0.893382353125 0.380514896875 0.887867646875 0.3841910625 0.887867646875 0.3915440421875 0.88051470625 0.39338212499999997 0.88051470625 0.400735103125 0.8731617640625 0.40441191718749997 0.8731617640625 0.4099268140625 0.8676470593750001 0.4099268140625 0.8658088234375001 0.411764896875 0.8639705875000001 0.411764896875 0.8602941171875 0.41360297968750004 0.8584558828125 0.41360297968750004 0.8547794124999999 0.41544106249999996 0.8529411765624999 0.41544106249999996 0.77573529375 0.411764896875 0.7720588234375 0.411764896875 0.7702205875 0.40625 0.7647058828125 0.400735103125 0.7647058828125 0.39338212499999997 0.7573529406249999 0.3915440421875 0.7573529406249999 0.3841910625 0.75 0.380514896875 0.75 0.3786768140625 0.7481617640625 0.37683808281250003 0.7481617640625 0.371323834375 0.7426470593750001 0.3676470203125 0.7426470593750001 0.35661787500000003 0.731617646875 0.35661787500000003 0.7297794125 0.34375 0.7297794125 0.340073834375 0.7334558828125 0.338235103125 0.7334558828125 0.3290440421875 0.7426470593750001 0.32536787500000003 0.7426470593750001
36 0.4724268140625 0.1470588234375 0.47058808281250003 0.1470588234375 0.46875 0.148897059375 0.46691191718749997 0.148897059375 0.46507383437499994 0.15073529375 0.463235103125 0.15073529375 0.45955893750000004 0.15441176406249998 0.4540440421875 0.15441176406249998 0.4522059578125 0.15625 0.450367875 0.15625 0.44485297968750004 0.16176470625 0.443014896875 0.16176470625 0.4411768140625 0.163602940625 0.4375 0.163602940625 0.43382383437499994 0.1672794125 0.431985103125 0.1672794125 0.43014702031249996 0.169117646875 0.42830893750000004 0.169117646875 0.42830893750000004 0.1764705875 0.43014702031249996 0.1783088234375 0.43014702031249996 0.1838235296875 0.431985103125 0.18566176406249998 0.431985103125 0.2205882359375 0.42830893750000004 0.22426470625 0.42830893750000004 0.23345588281250002 0.431985103125 0.23713235312499997 0.431985103125 0.2408088234375 0.43382383437499994 0.242647059375 0.43382383437499994 0.25 0.43566191718749997 0.2518382359375 0.43566191718749997 0.25367647031249996 0.43933808281250003 0.25367647031249996 0.4411768140625 0.25551470625 0.44485297968750004 0.25551470625 0.44669106249999996 0.257352940625 0.4485291453125 0.257352940625 0.450367875 0.2591911765625 0.450367875 0.2610294125 0.455882125 0.2665441171875 0.455882125 0.2830882359375 0.4577208546875 0.28492647031249996 0.463235103125 0.28492647031249996 0.46507383437499994 0.28676470625 0.46691191718749997 0.28676470625 0.4724268140625 0.2922794125 0.474264896875 0.2922794125 0.47794106249999996 0.2959558828125 0.47794106249999996 0.2977941171875 0.4797791453125 0.299632353125 0.487132125 0.299632353125 0.4889708546875 0.3014705875 0.49816191718749997 0.3014705875 0.5 0.299632353125 0.5055148968750001 0.299632353125 0.5091910625 0.2959558828125 0.5110291453125 0.2959558828125 0.512867875 0.294117646875 0.5147059578125 0.294117646875 0.5165440421875 0.2922794125 0.5202208546875 0.2922794125 0.5220589375 0.2904411765625 0.5238970203125 0.2904411765625 0.5275738343749999 0.28676470625 0.5294119171875 0.28676470625 0.5349268140625 0.28125 0.5349268140625 0.27573529375 0.5330880828125 0.273897059375 0.5330880828125 0.2702205875 0.53125 0.268382353125 0.53125 0.2647058828125 0.5294119171875 0.262867646875 0.5294119171875 0.2610294125 0.53125 0.2591911765625 0.53125 0.257352940625 0.5330880828125 0.25551470625 0.5330880828125 0.25367647031249996 0.5349268140625 0.2518382359375 0.5349268140625 0.24448529375 0.5551470203125 0.22426470625 0.5569851031249999 0.22426470625 0.5569851031249999 0.17279411718749998 0.5551470203125 0.17095588281250002 0.5533089375 0.17095588281250002 0.5459559578125 0.163602940625 0.544117875 0.163602940625 0.5422791453125 0.16176470625 0.5386029796875 0.16176470625 0.53125 0.15441176406249998 0.5257351031249999 0.15441176406249998 0.5238970203125 0.1525735296875 0.5220589375 0.1525735296875 0.5202208546875 0.15073529375 0.5202208546875 0.148897059375 0.518382125 0.148897059375 0.5110291453125 0.14154411718749998 0.47794106249999996 0.14154411718749998 0.47794106249999996 0.143382353125 0.47610297968750004 0.1452205875 0.474264896875 0.1452205875 0.4724268140625 0.1470588234375
36 0.544117875 0.59926470625 0.5422791453125 0.6011029406249999 0.5404410625 0.6011029406249999 0.5386029796875 0.6029411765625 0.5367648968750001 0.6029411765625 0.5349268140625 0.6047794125 0.53125 0.6047794125 0.5275738343749999 0.6084558828125 0.5257351031249999 0.6084558828125 0.5238970203125 0.6102941171875 0.5220589375 0.6102941171875 0.5202208546875 0.612132353125 0.518382125 0.612132353125 0.5147059578125 0.6158088234375 0.5110291453125 0.6158088234375 0.5091910625 0.6176470593750001 0.5055148968750001 0.6176470593750001 0.5036768140625 0.61948529375 0.5018380828125 0.61948529375 0.5018380828125 0.6213235296875 0.5 0.6231617640625 0.5 0.625 0.49816191718749997 0.6268382359375 0.49816191718749997 0.6323529406249999 0.49632383437499994 0.6341911765625 0.49632383437499994 0.68198529375 0.49816191718749997 0.6838235296875 0.49816191718749997 0.6856617640625 0.5 0.6875 0.5 0.69301470625 0.5073529796875 0.700367646875 0.5073529796875 0.7022058828125 0.5091910625 0.7040441171875 0.518382125 0.7040441171875 0.5220589375 0.7077205875 0.5220589375 0.7095588234375 0.5238970203125 0.7113970593750001 0.5238970203125 0.71323529375 0.5275738343749999 0.7169117640625 0.5257351031249999 0.71875 0.5257351031249999 0.7224264703125 0.5275738343749999 0.72426470625 0.5275738343749999 0.7261029406249999 0.5294119171875 0.7279411765625 0.5294119171875 0.731617646875 0.53125 0.7334558828125 0.5404410625 0.7334558828125 0.544117875 0.737132353125 0.544117875 0.7389705875 0.5459559578125 0.7408088234375 0.5477940421875 0.7408088234375 0.549632125 0.7426470593750001 0.5514708546875 0.7426470593750001 0.5533089375 0.74448529375 0.5533089375 0.7463235296875 0.5551470203125 0.7463235296875 0.5569851031249999 0.7481617640625 0.5625 0.7481617640625 0.5643380828125 0.75 0.5716910625 0.75 0.5735291453125 0.7481617640625 0.575367875 0.7481617640625 0.5827208546875 0.7408088234375 0.5845589375 0.7408088234375 0.5863970203125 0.7389705875 0.5882351031249999 0.7389705875 0.5882351031249999 0.737132353125 0.5900738343749999 0.7352941171875 0.5919119171875 0.7352941171875 0.5992648968750001 0.7279411765625 0.6029410625 0.7279411765625 0.6047791453125 0.7261029406249999 0.6139708546875 0.7261029406249999 0.6194851031249999 0.7205882359375 0.6213238343749999 0.7205882359375 0.6305148968750001 0.7113970593750001 0.6305148968750001 0.6470588234375 0.6286768140625 0.6452205875 0.6268380828125 0.6452205875 0.6213238343749999 0.6397058828125 0.6176470203125 0.6397058828125 0.6102940421875 0.6323529406249999 0.6102940421875 0.63051470625 0.6084559578125 0.6286764703125 0.6084559578125 0.6213235296875 0.606617875 0.61948529375 0.606617875 0.6176470593750001 0.6047791453125 0.6176470593750001 0.6011029796875 0.6139705875 0.6011029796875 0.612132353125 0.5992648968750001 0.6102941171875 0.5992648968750001 0.606617646875 0.5974268140625 0.6047794125 0.59375 0.6084558828125 0.5919119171875 0.6084558828125 0.5900738343749999 0.6102941171875 0.5882351031249999 0.6102941171875 0.5845589375 0.6139705875 0.5827208546875 0.6139705875 0.5790440421875 0.6102941171875 0.5772059578125 0.6102941171875 0.575367875 0.6084558828125 0.5716910625 0.6084558828125 0.5680148968750001 0.6047794125 0.5680148968750001 0.6011029406249999 0.5661768140625 0.59926470625 0.5661768140625 0.5974264703125 0.5643380828125 0.5955882359375 0.5606619171875 0.5955882359375 0.5588238343749999 0.5974264703125 0.5551470203125 0.5974264703125 0.5533089375 0.59926470625 0.544117875 0.59926470625
4 0.6102940421875 0.5919117640625 0.6084559578125 0.59375 0.6084559578125 0.61948529375 0.6102940421875 0.6213235296875 0.6102940421875 0.6323529406249999 0.612132125 0.6341911765625 0.612132125 0.6360294125 0.6139708546875 0.6360294125 0.6158089375 0.637867646875 0.6580880828125 0.637867646875 0.6599268140625 0.6360294125 0.6599268140625 0.6341911765625 0.6654410625 0.6286764703125 0.6654410625 0.6102941171875 0.6580880828125 0.6102941171875 0.6525738343749999 0.6047794125 0.6507351031249999 0.6047794125 0.6452208546875 0.59926470625 0.6452208546875 0.5900735296875 0.643382125 0.58823529375 0.6415440421875 0.58823529375 0.637867875 0.5845588234375 0.637867875 0.5827205875 0.6360291453125 0.580882353125 0.6341910625 0.580882353125 0.6323529796875 0.5790441171875 0.6231619171875 0.5790441171875 0.6213238343749999 0.580882353125 0.6176470203125 0.580882353125 0.6102940421875 0.58823529375 0.6102940421875 0.5919117640625
17 0.6139708546875 0.1470588234375 0.606617875 0.15441176406249998 0.5992648968750001 0.15441176406249998 0.5900738343749999 0.163602940625 0.5882351031249999 0.163602940625 0.5845589375 0.1672794125 0.5827208546875 0.1672794125 0.580882125 0.169117646875 0.5772059578125 0.169117646875 0.5735291453125 0.17279411718749998 0.575367875 0.174632353125 0.575367875 0.180147059375 0.5735291453125 0.18198529375 0.5735291453125 0.24632352968750001 0.5827208546875 0.25551470625 0.5863970203125 0.25551470625 0.5955880828125 0.2647058828125 0.5955880828125 0.27757352968750004 0.59375 0.2794117640625 0.59375 0.28492647031249996 0.5974268140625 0.288602940625 0.5992648968750001 0.288602940625 0.6011029796875 0.2904411765625 0.6029410625 0.2904411765625 0.6047791453125 0.2922794125 0.6084559578125 0.2922794125 0.6102940421875 0.294117646875 0.612132125 0.294117646875 0.6158089375 0.2977941171875 0.6176470203125 0.2977941171875 0.6194851031249999 0.299632353125 0.625 0.299632353125 0.6268380828125 0.3014705875 0.6286768140625 0.3014705875 0.6323529796875 0.305147059375 0.6360291453125 0.305147059375 0.6415440421875 0.299632353125 0.6470589375 0.299632353125 0.6488970203125 0.2977941171875 0.6507351031249999 0.2977941171875 0.65625 0.2922794125 0.6580880828125 0.2922794125 0.6599268140625 0.2904411765625 0.6599268140625 0.288602940625 0.6636029796875 0.28492647031249996 0.6709559578125 0.28492647031249996 0.6819851031249999 0.273897059375 0.6819851031249999 0.2720588234375 0.6838238343749999 0.2702205875 0.6838238343749999 0.268382353125 0.6875 0.2647058828125 0.6875 0.262867646875 0.6893380828125 0.2610294125 0.6893380828125 0.24448529375 0.6930148968750001 0.2408088234375 0.6948529796875 0.2408088234375 0.6966910625 0.23897058750000003 0.6966910625 0.23713235312499997 0.700367875 0.23345588281250002 0.7022059578125 0.23345588281250002 0.7040440421875 0.23161764687500003 0.7040440421875 0.1764705875 0.6966910625 0.169117646875 0.6948529796875 0.169117646875 0.6875 0.16176470625 0.6856619171875 0.16176470625 0.6801470203125 0.15625 0.6783089375 0.15625 0.674632125 0.1525735296875 0.6727940421875 0.1525735296875 0.6672791453125 0.1470588234375 0.6636029796875 0.1470588234375 0.6580880828125 0.14154411718749998 0.6268380828125 0.14154411718749998 0.6231619171875 0.1452205875 0.6213238343749999 0.1452205875 0.6194851031249999 0.1470588234375 0.6139708546875 0.1470588234375
36 0.4577208546875 0.75 0.455882125 0.75 0.450367875 0.75551470625 0.4485291453125 0.75551470625 0.44669106249999996 0.7573529406249999 0.44485297968750004 0.7573529406249999 0.443014896875 0.7591911765625 0.4411768140625 0.7591911765625 0.4411768140625 0.7610294125 0.4375 0.7647058828125 0.43382383437499994 0.7647058828125 0.4264708546875 0.7720588234375 0.4264708546875 0.8639705875000001 0.43566191718749997 0.8731617640625 0.43933808281250003 0.8731617640625 0.4411768140625 0.875 0.443014896875 0.875 0.4485291453125 0.88051470625 0.4522059578125 0.88051470625 0.455882125 0.8841911765624999 0.455882125 0.8860294124999999 0.4577208546875 0.887867646875 0.45955893750000004 0.887867646875 0.46139702031249996 0.8897058828125 0.463235103125 0.8897058828125 0.46507383437499994 0.8915441171875 0.46507383437499994 0.893382353125 0.46691191718749997 0.893382353125 0.46875 0.8952205875000001 0.4724268140625 0.8952205875000001 0.4797791453125 0.9025735296875 0.4852940421875 0.9025735296875 0.487132125 0.9044117640625 0.49816191718749997 0.9044117640625 0.5 0.9025735296875 0.5036768140625 0.9025735296875 0.5055148968750001 0.90073529375 0.5055148968750001 0.8988970593750001 0.5091910625 0.8952205875000001 0.512867875 0.8952205875000001 0.5147059578125 0.893382353125 0.5165440421875 0.893382353125 0.5202208546875 0.8897058828125 0.5220589375 0.8897058828125 0.5238970203125 0.887867646875 0.5275738343749999 0.887867646875 0.5294119171875 0.8860294124999999 0.5330880828125 0.8860294124999999 0.5330880828125 0.8841911765624999 0.5349268140625 0.8823529406249999 0.5349268140625 0.8731617640625 0.5330880828125 0.8713235296875 0.5330880828125 0.86948529375 0.53125 0.8676470593750001 0.53125 0.8658088234375001 0.5294119171875 0.8639705875000001 0.5294119171875 0.8602941171875 0.5330880828125 0.856617646875 0.5330880828125 0.8511029406249999 0.5349268140625 0.84926470625 0.5349268140625 0.8419117640625 0.5422791453125 0.8345588234375001 0.5422791453125 0.8327205875000001 0.5459559578125 0.8290441171875 0.5477940421875 0.8290441171875 0.5551470203125 0.8216911765624999 0.5551470203125 0.7720588234375 0.5533089375 0.7720588234375 0.549632125 0.768382353125 0.549632125 0.7665441171875 0.5477940421875 0.7647058828125 0.544117875 0.7647058828125 0.5422791453125 0.762867646875 0.5404410625 0.762867646875 0.5349268140625 0.7573529406249999 0.53125 0.7573529406249999 0.5238970203125 0.75 0.5165440421875 0.75 0.512867875 0.7463235296875 0.512867875 0.74448529375 0.5091910625 0.7408088234375 0.47794106249999996 0.7408088234375 0.47610297968750004 0.7426470593750001 0.47058808281250003 0.7426470593750001 0.46875 0.7408088234375 0.46691191718749997 0.7408088234375 0.46507383437499994 0.7426470593750001 0.463235103125 0.7426470593750001 0.463235103125 0.74448529375 0.4577208546875 0.75
4 0.5386029796875 0.83823529375 0.5367648968750001 0.8400735296875 0.5367648968750001 0.8786764703125 0.5386029796875 0.88051470625 0.5404410625 0.88051470625 0.544117875 0.8841911765624999 0.544117875 0.8860294124999999 0.5459559578125 0.887867646875 0.5845589375 0.887867646875 0.5863970203125 0.8860294124999999 0.5863970203125 0.8841911765624999 0.5900738343749999 0.88051470625 0.5919119171875 0.88051470625 0.59375 0.8786764703125 0.59375 0.862132353125 0.5919119171875 0.8602941171875 0.5919119171875 0.8584558828125 0.5900738343749999 0.8584558828125 0.5845589375 0.8529411765624999 0.575367875 0.8529411765624999 0.5716910625 0.84926470625 0.5716910625 0.83823529375 0.5698529796875 0.8363970593750001 0.5698529796875 0.8345588234375001 0.5661768140625 0.830882353125 0.5459559578125 0.830882353125 0.544117875 0.8327205875000001 0.544117875 0.8345588234375001 0.5404410625 0.83823529375 0.5386029796875 0.83823529375
17 0.31066191718749997 0.15441176406249998 0.3033089375 0.16176470625 0.2977940421875 0.16176470625 0.2904410625 0.169117646875 0.2886029796875 0.169117646875 0.286764896875 0.17095588281250002 0.284926165625 0.17095588281250002 0.28125 0.174632353125 0.28125 0.268382353125 0.28308808281250003 0.268382353125 0.284926165625 0.2702205875 0.2886029796875 0.2702205875 0.2959559578125 0.27757352968750004 0.2977940421875 0.27757352968750004 0.3014708546875 0.28125 0.3014708546875 0.2830882359375 0.3033089375 0.28492647031249996 0.3125 0.28492647031249996 0.316176165625 0.288602940625 0.316176165625 0.2904411765625 0.318014896875 0.2922794125 0.3198529796875 0.2922794125 0.3216910625 0.294117646875 0.3235291453125 0.294117646875 0.32536787500000003 0.2959558828125 0.32536787500000003 0.2977941171875 0.3290440421875 0.2977941171875 0.33088212499999997 0.299632353125 0.3345589375 0.299632353125 0.338235103125 0.3033088234375 0.338235103125 0.305147059375 0.340073834375 0.30698529375 0.3547791453125 0.30698529375 0.36213212499999997 0.299632353125 0.3639708546875 0.299632353125 0.3658089375 0.2977941171875 0.3676470203125 0.2977941171875 0.371323834375 0.294117646875 0.37316191718749997 0.294117646875 0.375 0.2922794125 0.3786768140625 0.2922794125 0.3841910625 0.28676470625 0.3860291453125 0.28676470625 0.3897059578125 0.2830882359375 0.3897059578125 0.2720588234375 0.38786787500000003 0.2702205875 0.38786787500000003 0.24632352968750001 0.3952208546875 0.23897058750000003 0.3952208546875 0.23713235312499997 0.3988970203125 0.23345588281250002 0.400735103125 0.23345588281250002 0.40257383437499994 0.23161764687500003 0.40257383437499994 0.22977941249999997 0.40625 0.226102940625 0.40808808281250003 0.226102940625 0.4099268140625 0.22426470625 0.4099268140625 0.174632353125 0.40808808281250003 0.17279411718749998 0.40808808281250003 0.17095588281250002 0.40625 0.17095588281250002 0.3988970203125 0.163602940625 0.3970589375 0.163602940625 0.3952208546875 0.16176470625 0.3915440421875 0.16176470625 0.3897059578125 0.1599264703125 0.38786787500000003 0.1599264703125 0.3860291453125 0.15808823593750002 0.3860291453125 0.15625 0.3841910625 0.15625 0.3823529796875 0.15441176406249998 0.3786768140625 0.15441176406249998 0.37683808281250003 0.1525735296875 0.375 0.1525735296875 0.37316191718749997 0.15073529375 0.37316191718749997 0.148897059375 0.371323834375 0.1470588234375 0.3676470203125 0.1470588234375 0.3639708546875 0.143382353125 0.36213212499999997 0.143382353125 0.3584559578125 0.13970588281250002 0.3290440421875 0.13970588281250002 0.3272059578125 0.14154411718749998 0.32536787500000003 0.14154411718749998 0.3125 0.15441176406249998 0.31066191718749997 0.15441176406249998
34 0.191176165625 0.6875 0.1875 0.6911764703125 0.1856619171875 0.6911764703125 0.183823834375 0.69301470625 0.183823834375 0.700367646875 0.181985103125 0.7022058828125 0.181985103125 0.7279411765625 0.183823834375 0.7297794125 0.183823834375 0.731617646875 0.1856619171875 0.7334558828125 0.1875 0.7334558828125 0.1893380828125 0.7352941171875 0.21139702031250002 0.7352941171875 0.213235103125 0.7334558828125 0.21691191718749997 0.7334558828125 0.22610297968749998 0.72426470625 0.22610297968749998 0.700367646875 0.22058808281250003 0.6948529406249999 0.22058808281250003 0.69301470625 0.21875 0.6911764703125 0.21875 0.6875 0.21139702031250002 0.6801470593750001 0.19852914531250002 0.6801470593750001 0.19485297968749998 0.6838235296875 0.193014896875 0.6838235296875 0.191176165625 0.6856617640625 0.191176165625 0.6875
37 0.57458160625 0.4865232203125 0.57458160625 0.5012291015625 0.5764196890625 0.5030673375 0.5764196890625 0.5049055734375 0.57458160625 0.5067438078125 0.57458160625 0.5196114546875 0.5727435234375 0.521449690625 0.5727435234375 0.5655673375 0.57458160625 0.5674055734375 0.5782577718749999 0.5674055734375 0.5856107515625 0.5747585140625 0.5874488343750001 0.5747585140625 0.5892875640625 0.57659675 0.5911256484375 0.57659675 0.5948018140625 0.5802732203125001 0.59664054375 0.5802732203125001 0.5984786265625 0.5821114546875 0.6021547921875 0.5821114546875 0.6039935234375 0.583949690625 0.60583160625 0.583949690625 0.6076696890625 0.585787925 0.6113458546875 0.585787925 0.6131845859375 0.583949690625 0.6168607515625 0.583949690625 0.6186988343750001 0.5821114546875 0.6389196890625 0.5821114546875 0.6425958546875 0.585787925 0.6425958546875 0.5876261609375 0.6444345859375 0.589464396875 0.64627266875 0.589464396875 0.6481107515625 0.59130263125 0.6499488343750001 0.59130263125 0.6517875640625 0.5931408671875 0.65546373125 0.5931408671875 0.6573018140625 0.59130263125 0.65914054375 0.59130263125 0.6609786265625 0.589464396875 0.6701696890625 0.585787925 0.6738458546875 0.5821114546875 0.702461140625 0.564608359375 0.703974740625 0.48955263125000004 0.7038180046875 0.48549148593749997 0.70210945625 0.4753274 0.6475336781250001 0.442190403125 0.623887953125 0.4406671828125 0.58377266875 0.4754938078125 0.5782577718749999 0.48100851406249995 0.5764196890625 0.48100851406249995 0.5764196890625 0.484684984375 0.57458160625 0.4865232203125
36 0.66971373125 0.627357584375 0.6660369171875 0.6310340562500001 0.6641988343749999 0.6310340562500001 0.6586839375 0.6365487609375 0.6568458546875 0.6365487609375 0.6531690421875 0.6402252328125 0.6513309578124999 0.6402252328125 0.649492875 0.6420634671875 0.6476547921875 0.6420634671875 0.6458160625 0.643901703125 0.6458160625 0.7027252328125 0.6476547921875 0.7045634671875 0.6476547921875 0.7100781734375 0.649492875 0.711916409375 0.649492875 0.7155928796875 0.6513309578124999 0.7155928796875 0.6605220203125 0.7247840562500001 0.6660369171875 0.7247840562500001 0.667875 0.7266222906250001 0.66971373125 0.7266222906250001 0.6715518140625 0.7284605265625 0.6715518140625 0.7302987609375 0.6733898968750001 0.732136996875 0.6752279796875 0.732136996875 0.6770660625 0.7339752328125 0.6789047921875 0.7339752328125 0.6825809578124999 0.737651703125 0.6844190421875 0.737651703125 0.686257771875 0.7394899374999999 0.6880958546875 0.7394899374999999 0.6954488343749999 0.7468428796875 0.6972869171875 0.7468428796875 0.70096373125 0.75051935 0.70096373125 0.752357584375 0.7028018140625 0.752357584375 0.7046398968750001 0.7541958203125 0.7193458546875 0.7541958203125 0.7266988343749999 0.7468428796875 0.7285369171875 0.7468428796875 0.730375 0.74500464375 0.73221373125 0.74500464375 0.7377279796875 0.7394899374999999 0.739566709375 0.7394899374999999 0.7450809578124999 0.7339752328125 0.7469190421875 0.7339752328125 0.748757771875 0.732136996875 0.7524339375 0.732136996875 0.7542720203125 0.7302987609375 0.7561107515625001 0.7302987609375 0.761625 0.7247840562500001 0.7653018140625 0.7247840562500001 0.7781690421875 0.711916409375 0.7781690421875 0.7100781734375 0.780007771875 0.7082399374999999 0.780007771875 0.6420634671875 0.770816709375 0.6365487609375 0.7671398968750001 0.6328722906250001 0.756707253125 0.6315634671875 0.7579488343749999 0.6163281734375 0.7469190421875 0.6089752328125 0.70967551875 0.5822051078125 0.6972869171875 0.5905928796875 0.6699475390625 0.61349535625 0.6715518140625 0.6236811140625 0.66971373125 0.62551935 0.66971373125 0.627357584375
28 0.2297791453125 0.58823529375 0.2279410625 0.58823529375 0.222426165625 0.59375 0.22058808281250003 0.59375 0.21875 0.5955882359375 0.215073834375 0.5955882359375 0.213235103125 0.5974264703125 0.213235103125 0.59926470625 0.2095589375 0.6029411765625 0.2077208546875 0.6029411765625 0.20588212499999997 0.6047794125 0.20588212499999997 0.6213235296875 0.21875 0.6213235296875 0.21875 0.61948529375 0.222426165625 0.6158088234375 0.224264896875 0.6158088234375 0.23161787500000003 0.6084558828125 0.2389708546875 0.6084558828125 0.2408089375 0.606617646875 0.2408089375 0.6047794125 0.244485103125 0.6011029406249999 0.246323834375 0.6011029406249999 0.253676165625 0.59375 0.255514896875 0.59375 0.2573529796875 0.5919117640625 0.2591910625 0.5919117640625 0.2591910625 0.5900735296875 0.2610291453125 0.58823529375 0.2610291453125 0.5863970593750001 0.26286787500000003 0.5845588234375 0.26286787500000003 0.5790441171875 0.2610291453125 0.580882353125 0.2591910625 0.580882353125 0.2573529796875 0.5790441171875 0.253676165625 0.5790441171875 0.25183808281250003 0.5772058828125 0.24264702031250002 0.5772058828125 0.2389708546875 0.580882353125 0.23713212499999997 0.580882353125 0.2297791453125 0.58823529375
0 0.7647059578125 0.44117647031249996 0.762867875 0.44301470624999995 0.7610291453125 0.44301470624999995 0.7573529796875 0.4466911765625 0.7555148968750001 0.4466911765625 0.7536768140625 0.4485294125 0.7518380828125 0.4485294125 0.75 0.450367646875 0.7481619171875 0.450367646875 0.7444851031249999 0.4540441171875 0.7426470203125 0.4540441171875 0.7408089375 0.455882353125 0.7389708546875 0.455882353125 0.737132125 0.4577205875 0.7352940421875 0.4577205875 0.7352940421875 0.4595588234375 0.7334559578125 0.46139705937500003 0.731617875 0.46139705937500003 0.7279410625 0.46507352968750004 0.7261029796875 0.46507352968750004 0.7261029796875 0.4669117640625 0.7242648968750001 0.46875 0.7224268140625 0.46875 0.7205880828125 0.4705882359375 0.71875 0.4705882359375 0.7169119171875 0.47242647031249996 0.7169119171875 0.5625 0.7242648968750001 0.5698529406249999 0.7279410625 0.5698529406249999 0.7297791453125 0.5716911765625 0.7334559578125 0.5716911765625 0.7352940421875 0.5735294125 0.7389708546875 0.5735294125 0.7408089375 0.575367646875 0.7426470203125 0.575367646875 0.7444851031249999 0.5772058828125 0.7481619171875 0.5772058828125 0.75 0.5790441171875 0.7536768140625 0.5790441171875 0.7591910625 0.5845588234375 0.762867875 0.5845588234375 0.7647059578125 0.5827205875 0.768382125 0.5827205875 0.7702208546875 0.5845588234375 0.7794119171875 0.5845588234375 0.78125 0.5827205875 0.7830880828125 0.5827205875 0.7849268140625 0.5845588234375 0.7904410625 0.5845588234375 0.794117875 0.580882353125 0.799632125 0.580882353125 0.8033089375 0.5845588234375 0.8051470203125 0.5845588234375 0.8088238343749999 0.580882353125 0.8143380828125 0.580882353125 0.8180148968750001 0.5845588234375 0.8198529796875 0.5845588234375 0.8235291453125001 0.580882353125 0.8253678750000001 0.580882353125 0.8272059578125001 0.5790441171875 0.8308821249999999 0.5790441171875 0.8327208546874999 0.5772058828125 0.8345589375 0.5772058828125 0.8400738343749999 0.5716911765625 0.8419119171875 0.5716911765625 0.8455880828125 0.56801470625 0.8455880828125 0.5661764703125 0.8474268140625 0.5643382359375 0.8492648968750001 0.5643382359375 0.8492648968750001 0.481617646875 0.8474268140625 0.4797794125 0.8474268140625 0.4779411765625 0.8455880828125 0.47610294062499997 0.8455880828125 0.47242647031249996 0.8419119171875 0.46875 0.8400738343749999 0.46875 0.8345589375 0.46323529375000005 0.8308821249999999 0.46323529375000005 0.8272059578125001 0.4595588234375 0.8253678750000001 0.4595588234375 0.8235291453125001 0.4577205875 0.8216910625 0.4577205875 0.8198529796875 0.455882353125 0.8180148968750001 0.455882353125 0.8161768140625 0.4540441171875 0.8143380828125 0.4540441171875 0.8106619171875 0.450367646875 0.8088238343749999 0.450367646875 0.8069851031249999 0.4485294125 0.8051470203125 0.4485294125 0.8014708546874999 0.44485294062499997 0.799632125 0.44485294062499997 0.7959559578125 0.44117647031249996 0.794117875 0.44117647031249996 0.7886029796875 0.4356617640625 0.7849268140625 0.4356617640625 0.7830880828125 0.43382352968750004 0.7794119171875 0.43382352968750004 0.7775738343749999 0.4356617640625 0.7738970203125 0.4356617640625 0.768382125 0.44117647031249996 0.7647059578125 0.44117647031249996
35 0.21875 0.6875 0.21875 0.6893382359375 0.22058808281250003 0.6911764703125 0.22058808281250003 0.6948529406249999 0.2279410625 0.7022058828125 0.2279410625 0.72426470625 0.2297791453125 0.7261029406249999 0.23161787500000003 0.7261029406249999 0.23713212499999997 0.731617646875 0.2389708546875 0.731617646875 0.2408089375 0.7334558828125 0.246323834375 0.7334558828125 0.25 0.737132353125 0.25 0.7389705875 0.25183808281250003 0.7408088234375 0.2591910625 0.7408088234375 0.2665440421875 0.7481617640625 0.26838212499999997 0.7481617640625 0.2720589375 0.7518382359375 0.2720589375 0.7536764703125 0.2738970203125 0.75551470625 0.28308808281250003 0.75551470625 0.284926165625 0.7536764703125 0.284926165625 0.7518382359375 0.2886029796875 0.7481617640625 0.2959559578125 0.7481617640625 0.3033089375 0.7408088234375 0.306985103125 0.7408088234375 0.308823834375 0.7389705875 0.31066191718749997 0.7389705875 0.316176165625 0.7334558828125 0.3198529796875 0.7334558828125 0.3216910625 0.731617646875 0.3216910625 0.7297794125 0.32536787500000003 0.7261029406249999 0.3327208546875 0.7261029406249999 0.34375 0.7150735296875 0.34375 0.6341911765625 0.34191191718749997 0.6323529406249999 0.34191191718749997 0.6286764703125 0.338235103125 0.625 0.3363970203125 0.625 0.3345589375 0.6231617640625 0.3129650265625 0.60776470625 0.29297215 0.5899171828124999 0.265158678125 0.589192725 0.22058808281250003 0.6231617640625 0.2132033671875 0.6257097515625001 0.215073834375 0.6838235296875 0.21875 0.6875
12 0.6654410625 0.22242647031249999 0.612132125 0.22242647031249999 0.612132125 0.28492647031249996 0.6580880828125 0.28492647031249996 0.6654410625 0.27757352968750004 0.6654410625 0.22242647031249999
25 0.4540440421875 0.1341911765625 0.4540440421875 0.1360294125 0.4522059578125 0.137867646875 0.4485291453125 0.137867646875 0.44669106249999996 0.13970588281250002 0.443014896875 0.13970588281250002 0.4411768140625 0.14154411718749998 0.4411768140625 0.143382353125 0.4375 0.1470588234375 0.43382383437499994 0.1470588234375 0.4264708546875 0.15441176406249998 0.4264708546875 0.15625 0.424632125 0.15808823593750002 0.424632125 0.17095588281250002 0.4264708546875 0.17279411718749998 0.431985103125 0.17279411718749998 0.4375 0.1672794125 0.44485297968750004 0.1672794125 0.44669106249999996 0.1654411765625 0.44669106249999996 0.163602940625 0.450367875 0.1599264703125 0.4522059578125 0.1599264703125 0.4540440421875 0.15808823593750002 0.4540440421875 0.15625 0.4577208546875 0.1525735296875 0.46691191718749997 0.1525735296875 0.46875 0.15073529375 0.46875 0.148897059375 0.4724268140625 0.1452205875 0.474264896875 0.1452205875 0.47610297968750004 0.143382353125 0.47610297968750004 0.14154411718749998 0.47794106249999996 0.13970588281250002 0.47794106249999996 0.137867646875 0.4797791453125 0.1360294125 0.481617875 0.1360294125 0.481617875 0.1341911765625 0.4797791453125 0.132352940625 0.47794106249999996 0.132352940625 0.47610297968750004 0.13051470625 0.474264896875 0.13051470625 0.4724268140625 0.1286764703125 0.463235103125 0.1286764703125 0.45955893750000004 0.132352940625 0.4577208546875 0.132352940625 0.455882125 0.1341911765625 0.4540440421875 0.1341911765625
35 0.25183808281250003 0.2977941171875 0.25 0.299632353125 0.24816191718749997 0.299632353125 0.246323834375 0.3014705875 0.244485103125 0.3014705875 0.2389708546875 0.30698529375 0.23713212499999997 0.30698529375 0.2352940421875 0.30882352968750004 0.2334559578125 0.30882352968750004 0.23161787500000003 0.3106617640625 0.2297791453125 0.3106617640625 0.224264896875 0.31617647031249996 0.22058808281250003 0.31617647031249996 0.21875 0.31801470625 0.21691191718749997 0.31801470625 0.213235103125 0.3216911765625 0.213235103125 0.325367646875 0.2095589375 0.3290441171875 0.2095589375 0.38051470625 0.213235103125 0.3841911765625 0.213235103125 0.3860294125 0.215073834375 0.387867646875 0.21691191718749997 0.387867646875 0.22058808281250003 0.3915441171875 0.22058808281250003 0.393382353125 0.2279410625 0.40073529375000005 0.2279410625 0.424632353125 0.2297791453125 0.4264705875 0.2297791453125 0.4283088234375 0.23161787500000003 0.43014705937500003 0.2334559578125 0.43014705937500003 0.2352940421875 0.43198529375000005 0.2389708546875 0.43198529375000005 0.2408089375 0.43382352968750004 0.24264702031250002 0.43382352968750004 0.246323834375 0.4375 0.24816191718749997 0.4375 0.25 0.4393382359375 0.253676165625 0.4393382359375 0.255514896875 0.44117647031249996 0.2573529796875 0.44117647031249996 0.2610291453125 0.44485294062499997 0.2647059578125 0.44485294062499997 0.2665440421875 0.4466911765625 0.26838212499999997 0.4466911765625 0.2720589375 0.450367646875 0.2720589375 0.4522058828125 0.2738970203125 0.4540441171875 0.277573834375 0.4540441171875 0.27941191718749997 0.4522058828125 0.28125 0.4522058828125 0.286764896875 0.4466911765625 0.2886029796875 0.4466911765625 0.2904410625 0.44485294062499997 0.29411787500000003 0.44485294062499997 0.2959559578125 0.44301470624999995 0.2977940421875 0.44301470624999995 0.29963212499999997 0.44117647031249996 0.3014708546875 0.44117647031249996 0.3033089375 0.4393382359375 0.306985103125 0.4393382359375 0.308823834375 0.4375 0.31066191718749997 0.4375 0.31433808281250003 0.43382352968750004 0.316176165625 0.43382352968750004 0.318014896875 0.43198529375000005 0.3216910625 0.43198529375000005 0.3235291453125 0.43014705937500003 0.3272059578125 0.43014705937500003 0.3327208546875 0.424632353125 0.3345589375 0.424632353125 0.34191191718749997 0.4172794125 0.34375 0.4172794125 0.34375 0.3327205875 0.34191191718749997 0.330882353125 0.34191191718749997 0.3290441171875 0.340073834375 0.3272058828125 0.340073834375 0.325367646875 0.338235103125 0.3235294125 0.3363970203125 0.3235294125 0.3290440421875 0.31617647031249996 0.32536787500000003 0.31617647031249996 0.3235291453125 0.3143382359375 0.3216910625 0.3143382359375 0.3198529796875 0.3125 0.318014896875 0.3125 0.31433808281250003 0.30882352968750004 0.31066191718749997 0.30882352968750004 0.308823834375 0.30698529375 0.306985103125 0.30698529375 0.3033089375 0.3033088234375 0.3014708546875 0.3033088234375 0.29963212499999997 0.3014705875 0.2959559578125 0.3014705875 0.29411787500000003 0.299632353125 0.2922791453125 0.299632353125 0.284926165625 0.2922794125 0.284926165625 0.2904411765625 0.28308808281250003 0.288602940625 0.28125 0.288602940625 0.27941191718749997 0.28676470625 0.2665440421875 0.28676470625 0.2647059578125 0.288602940625 0.26286787500000003 0.288602940625 0.253676165625 0.2977941171875 0.25183808281250003 0.2977941171875
25 0.5110291453125 0.1452205875 0.512867875 0.1452205875 0.5165440421875 0.148897059375 0.5165440421875 0.15073529375 0.518382125 0.15073529375 0.5202208546875 0.1525735296875 0.5257351031249999 0.1525735296875 0.5294119171875 0.15625 0.5294119171875 0.15808823593750002 0.53125 0.1599264703125 0.5330880828125 0.1599264703125 0.5404410625 0.1672794125 0.5477940421875 0.1672794125 0.5514708546875 0.17095588281250002 0.5514708546875 0.17279411718749998 0.5588238343749999 0.17279411718749998 0.5625 0.169117646875 0.5625 0.15441176406249998 0.5606619171875 0.15441176406249998 0.5533089375 0.1470588234375 0.5459559578125 0.1470588234375 0.5422791453125 0.143382353125 0.5422791453125 0.14154411718749998 0.5404410625 0.13970588281250002 0.5386029796875 0.13970588281250002 0.5367648968750001 0.137867646875 0.5349268140625 0.137867646875 0.5330880828125 0.1360294125 0.5330880828125 0.1341911765625 0.53125 0.1341911765625 0.5294119171875 0.132352940625 0.5238970203125 0.132352940625 0.5220589375 0.13051470625 0.518382125 0.13051470625 0.5165440421875 0.1286764703125 0.5073529796875 0.1286764703125 0.5073529796875 0.13970588281250002 0.5091910625 0.14154411718749998 0.5091910625 0.143382353125 0.5110291453125 0.1452205875
37 0.40625 0.5827205875 0.40625 0.5845588234375 0.400735103125 0.5900735296875 0.3988970203125 0.5900735296875 0.3970589375 0.5919117640625 0.3952208546875 0.5919117640625 0.39338212499999997 0.59375 0.3915440421875 0.59375 0.3897059578125 0.5955882359375 0.3860291453125 0.5955882359375 0.3786768140625 0.6029411765625 0.37683808281250003 0.6029411765625 0.371323834375 0.6084558828125 0.369485103125 0.6084558828125 0.3676470203125 0.6102941171875 0.3639708546875 0.6102941171875 0.3529410625 0.6213235296875 0.3529410625 0.71875 0.3547791453125 0.71875 0.36213212499999997 0.7261029406249999 0.3676470203125 0.7261029406249999 0.369485103125 0.7279411765625 0.371323834375 0.7279411765625 0.37683808281250003 0.7334558828125 0.3786768140625 0.7334558828125 0.380514896875 0.7352941171875 0.3823529796875 0.7352941171875 0.3860291453125 0.7389705875 0.38786787500000003 0.7389705875 0.3897059578125 0.7408088234375 0.39338212499999997 0.7408088234375 0.400735103125 0.7481617640625 0.40257383437499994 0.7481617640625 0.40808808281250003 0.7536764703125 0.4099268140625 0.7536764703125 0.411764896875 0.75551470625 0.43014702031249996 0.75551470625 0.431985103125 0.7536764703125 0.431985103125 0.7518382359375 0.43566191718749997 0.7481617640625 0.4375 0.7481617640625 0.43933808281250003 0.7463235296875 0.4411768140625 0.7463235296875 0.44485297968750004 0.7426470593750001 0.44669106249999996 0.7426470593750001 0.4485291453125 0.7408088234375 0.4522059578125 0.7408088234375 0.4540440421875 0.7389705875 0.455882125 0.7389705875 0.4577208546875 0.737132353125 0.45955893750000004 0.737132353125 0.46507383437499994 0.731617646875 0.46507383437499994 0.7224264703125 0.463235103125 0.7205882359375 0.463235103125 0.7040441171875 0.46507383437499994 0.7022058828125 0.46507383437499994 0.6985294125 0.46691191718749997 0.6966911765625 0.46691191718749997 0.69301470625 0.46875 0.6911764703125 0.46875 0.6875 0.474264896875 0.68198529375 0.47610297968750004 0.68198529375 0.47794106249999996 0.6801470593750001 0.4797791453125 0.6801470593750001 0.4834559578125 0.6764705875 0.4834559578125 0.6672794125 0.4852940421875 0.6654411765625 0.4852940421875 0.6268382359375 0.4834559578125 0.625 0.4834559578125 0.61948529375 0.481617875 0.6176470593750001 0.4797791453125 0.6176470593750001 0.4724268140625 0.6102941171875 0.47058808281250003 0.6102941171875 0.46691191718749997 0.606617646875 0.46507383437499994 0.606617646875 0.463235103125 0.6047794125 0.46139702031249996 0.6047794125 0.45955893750000004 0.6029411765625 0.455882125 0.6029411765625 0.4522059578125 0.59926470625 0.4485291453125 0.59926470625 0.44669106249999996 0.5974264703125 0.443014896875 0.5974264703125 0.4411768140625 0.59926470625 0.43933808281250003 0.59926470625 0.4375 0.6011029406249999 0.43566191718749997 0.6011029406249999 0.43382383437499994 0.59926470625 0.43382383437499994 0.5955882359375 0.431985103125 0.59375 0.431985103125 0.5900735296875 0.43014702031249996 0.58823529375 0.43014702031249996 0.5827205875 0.42830893750000004 0.580882353125 0.424632125 0.580882353125 0.4227940421875 0.5790441171875 0.419117875 0.5790441171875 0.4172791453125 0.580882353125 0.4099268140625 0.580882353125 0.40808808281250003 0.5827205875 0.40625 0.5827205875
28 0.6709559578125 0.28125 0.6654410625 0.28676470625 0.6636029796875 0.28676470625 0.6617648968750001 0.288602940625 0.6617648968750001 0.2904411765625 0.6580880828125 0.294117646875 0.6507351031249999 0.294117646875 0.643382125 0.3014705875 0.6415440421875 0.3014705875 0.637867875 0.305147059375 0.637867875 0.319852940625 0.6397059578125 0.3216911765625 0.6507351031249999 0.3216911765625 0.6580880828125 0.3143382359375 0.6636029796875 0.3143382359375 0.6709559578125 0.30698529375 0.6727940421875 0.30698529375 0.674632125 0.305147059375 0.674632125 0.3033088234375 0.6783089375 0.299632353125 0.6875 0.299632353125 0.6893380828125 0.2977941171875 0.6893380828125 0.2959558828125 0.6930148968750001 0.2922794125 0.6948529796875 0.2922794125 0.6966910625 0.2904411765625 0.6966910625 0.28492647031249996 0.6985291453125 0.2830882359375 0.6985291453125 0.27757352968750004 0.6819851031249999 0.27757352968750004 0.6801470203125 0.2794117640625 0.674632125 0.2794117640625 0.6727940421875 0.28125 0.6709559578125 0.28125
12 0.44669106249999996 0.669117646875 0.3952208546875 0.669117646875 0.3952208546875 0.7334558828125 0.44485297968750004 0.7334558828125 0.44669106249999996 0.731617646875 0.44669106249999996 0.669117646875
0 0.1456904140625 0.47901393125 0.143851684375 0.4808521671875 0.143851684375 0.482690403125 0.1420136015625 0.48452863749999997 0.1420136015625 0.48820510781250004 0.14017551875 0.49004334375 0.14017551875 0.5635727546875 0.1420136015625 0.565410990625 0.1420136015625 0.5672492265625 0.143851684375 0.5690874609375001 0.1456904140625 0.5690874609375001 0.15304339375 0.576440403125 0.1603963734375 0.576440403125 0.1640725390625 0.5801168734375 0.1640725390625 0.5819551078125 0.165910621875 0.58379334375 0.16774935156249998 0.58379334375 0.175101684375 0.5911462843749999 0.1824546625 0.5911462843749999 0.1861314765625 0.5948227546875 0.1861314765625 0.596660990625 0.18796955937499998 0.5984992265625 0.1898076421875 0.5984992265625 0.1916463734375 0.6003374609375001 0.19348445625 0.6003374609375001 0.1953225390625 0.602175696875 0.206351684375 0.602175696875 0.210028496875 0.5984992265625 0.21186657968749997 0.5984992265625 0.2137046625 0.596660990625 0.2137046625 0.5948227546875 0.21554339374999998 0.5929845203124999 0.2173814765625 0.5929845203124999 0.219219559375 0.5911462843749999 0.22289637343750002 0.5911462843749999 0.22473445625 0.58930805 0.22657253906250002 0.58930805 0.23208743593749998 0.58379334375 0.23392551875 0.58379334375 0.23576360156249998 0.5819551078125 0.23576360156249998 0.5801168734375 0.2394404140625 0.576440403125 0.24679339374999998 0.576440403125 0.25046955937500004 0.57276393125 0.25046955937500004 0.5672492265625 0.2523076421875 0.565410990625 0.2523076421875 0.5635727546875 0.2541463734375 0.5617345203124999 0.2541463734375 0.5598962843749999 0.25598445625 0.55805805 0.25598445625 0.5488668734375 0.2578225390625 0.5470286375 0.2578225390625 0.54151393125 0.2633374359375 0.5359992265625 0.2633374359375 0.534160990625 0.2670136015625 0.5304845203124999 0.2670136015625 0.52680805 0.268851684375 0.5249698140625 0.268851684375 0.497396284375 0.2670136015625 0.49555804999999997 0.2670136015625 0.4937198140625 0.26517551875 0.4918815796875 0.26517551875 0.4753374609375 0.2633374359375 0.47349922656250004 0.2578225390625 0.47349922656250004 0.25598445625 0.4753374609375 0.2056878234375 0.43987306562499995 0.15304339375 0.4753374609375 0.1512046625 0.477175696875 0.1493665796875 0.477175696875 0.147528496875 0.47901393125 0.1456904140625 0.47901393125
33 0.7591910625 0.63051470625 0.7610291453125 0.63051470625 0.7647059578125 0.6341911765625 0.7647059578125 0.6360294125 0.7959559578125 0.6360294125 0.7977940421875 0.6341911765625 0.7977940421875 0.6323529406249999 0.799632125 0.63051470625 0.799632125 0.6286764703125 0.8014708546874999 0.6268382359375 0.8014708546874999 0.6102941171875 0.799632125 0.6084558828125 0.799632125 0.5955882359375 0.7977940421875 0.59375 0.7977940421875 0.5919117640625 0.7922791453125 0.5863970593750001 0.7922791453125 0.5827205875 0.7720589375 0.5827205875 0.7647059578125 0.5900735296875 0.7647059578125 0.5919117640625 0.7591910625 0.5974264703125 0.7591910625 0.63051470625
35 0.431985103125 0.5386029406249999 0.431985103125 0.5477941171875 0.43014702031249996 0.549632353125 0.43014702031249996 0.5643382359375 0.431985103125 0.5661764703125 0.431985103125 0.56801470625 0.43382383437499994 0.5698529406249999 0.43382383437499994 0.5716911765625 0.43566191718749997 0.5735294125 0.4375 0.5735294125 0.443014896875 0.5790441171875 0.44485297968750004 0.5790441171875 0.4522059578125 0.5863970593750001 0.455882125 0.5863970593750001 0.4577208546875 0.58823529375 0.45955893750000004 0.58823529375 0.46507383437499994 0.59375 0.46691191718749997 0.59375 0.474264896875 0.6011029406249999 0.47794106249999996 0.6011029406249999 0.4797791453125 0.6029411765625 0.481617875 0.6029411765625 0.4834559578125 0.6047794125 0.4834559578125 0.606617646875 0.4852940421875 0.606617646875 0.487132125 0.6084558828125 0.49632383437499994 0.6084558828125 0.5018380828125 0.6029411765625 0.5036768140625 0.6029411765625 0.5055148968750001 0.6011029406249999 0.5091910625 0.6011029406249999 0.5165440421875 0.59375 0.518382125 0.59375 0.5202208546875 0.5919117640625 0.5220589375 0.5919117640625 0.5257351031249999 0.58823529375 0.5275738343749999 0.58823529375 0.5294119171875 0.5863970593750001 0.5330880828125 0.5863970593750001 0.5386029796875 0.580882353125 0.5404410625 0.580882353125 0.5422791453125 0.5790441171875 0.5477940421875 0.5790441171875 0.549632125 0.5772058828125 0.549632125 0.575367646875 0.5533089375 0.5716911765625 0.5551470203125 0.5716911765625 0.5588238343749999 0.56801470625 0.5588238343749999 0.5661764703125 0.5606619171875 0.5643382359375 0.5606619171875 0.549632353125 0.5588238343749999 0.5477941171875 0.5588238343749999 0.5 0.5569851031249999 0.4981617640625 0.5569851031249999 0.4797794125 0.5533089375 0.47610294062499997 0.49540284999999995 0.4312484515625 0.4655939125 0.45071826562500006 0.4540440421875 0.4595588234375 0.44527525937499995 0.4705758515625 0.43813147656250007 0.48468730625 0.430382771875 0.4977530953125 0.43382383437499994 0.53676470625 0.431985103125 0.5386029406249999
7 0.44669106249999996 0.36948529375 0.3952208546875 0.36948529375 0.3952208546875 0.43198529375000005 0.44485297968750004 0.43198529375000005 0.44669106249999996 0.43014705937500003 0.44669106249999996 0.36948529375
26 0.580882125 0.1452205875 0.5790440421875 0.1470588234375 0.575367875 0.1470588234375 0.5735291453125 0.148897059375 0.5735291453125 0.1525735296875 0.5698529796875 0.15625 0.5698529796875 0.17095588281250002 0.5716910625 0.17279411718749998 0.5790440421875 0.17279411718749998 0.5790440421875 0.17095588281250002 0.5827208546875 0.1672794125 0.5882351031249999 0.1672794125 0.5900738343749999 0.1654411765625 0.5919119171875 0.1654411765625 0.5919119171875 0.163602940625 0.59375 0.16176470625 0.5955880828125 0.16176470625 0.5974268140625 0.1599264703125 0.5992648968750001 0.1599264703125 0.6011029796875 0.15808823593750002 0.6011029796875 0.15625 0.6047791453125 0.1525735296875 0.6102940421875 0.1525735296875 0.612132125 0.15073529375 0.6139708546875 0.15073529375 0.6139708546875 0.148897059375 0.6158089375 0.1470588234375 0.6158089375 0.1286764703125 0.6011029796875 0.1286764703125 0.5900738343749999 0.13970588281250002 0.5882351031249999 0.13970588281250002 0.5827208546875 0.1452205875 0.580882125 0.1452205875
15 0.5202208546875 0.8786764703125 0.5202208546875 0.81801470625 0.46875 0.81801470625 0.46691191718749997 0.8198529406249999 0.46691191718749997 0.88051470625 0.518382125 0.88051470625 0.5202208546875 0.8786764703125
25 0.4264708546875 0.2279411765625 0.4264708546875 0.22242647031249999 0.42830893750000004 0.2205882359375 0.42830893750000004 0.180147059375 0.424632125 0.1764705875 0.424632125 0.174632353125 0.4227940421875 0.17279411718749998 0.41360297968750004 0.17279411718749998 0.41360297968750004 0.23161764687500003 0.424632125 0.23161764687500003 0.424632125 0.22977941249999997 0.4264708546875 0.2279411765625
7 0.6525738343749999 0.8823529406249999 0.6544119171875 0.88051470625 0.6654410625 0.88051470625 0.6654410625 0.8198529406249999 0.6084559578125 0.8198529406249999 0.6084559578125 0.88051470625 0.612132125 0.88051470625 0.6139708546875 0.8823529406249999 0.6525738343749999 0.8823529406249999
31 0.3327208546875 0.08823529375 0.33088212499999997 0.0900735296875 0.33088212499999997 0.0919117640625 0.3272059578125 0.0955882359375 0.3272059578125 0.13051470625 0.33088212499999997 0.1341911765625 0.33088212499999997 0.1360294125 0.3327208546875 0.137867646875 0.3584559578125 0.137867646875 0.3602940421875 0.1360294125 0.3639708546875 0.1360294125 0.3639708546875 0.1341911765625 0.3658089375 0.132352940625 0.3658089375 0.13051470625 0.3676470203125 0.1286764703125 0.3676470203125 0.12683823593750002 0.371323834375 0.12316176406249998 0.371323834375 0.106617646875 0.3676470203125 0.10294117656249999 0.3676470203125 0.101102940625 0.3658089375 0.09926470625 0.3658089375 0.0919117640625 0.3584559578125 0.0845588234375 0.3584559578125 0.0827205875 0.35661787500000003 0.080882353125 0.340073834375 0.080882353125 0.338235103125 0.0827205875 0.338235103125 0.0845588234375 0.3345589375 0.08823529375 0.3327208546875 0.08823529375
28 0.222426165625 0.7463235296875 0.224264896875 0.7463235296875 0.22610297968749998 0.7481617640625 0.23161787500000003 0.7481617640625 0.2352940421875 0.7518382359375 0.2352940421875 0.7536764703125 0.23713212499999997 0.75551470625 0.2389708546875 0.75551470625 0.2408089375 0.7573529406249999 0.24264702031250002 0.7573529406249999 0.244485103125 0.7591911765625 0.244485103125 0.7610294125 0.24816191718749997 0.7610294125 0.25 0.762867646875 0.253676165625 0.762867646875 0.2573529796875 0.7665441171875 0.2573529796875 0.768382353125 0.2591910625 0.7702205875 0.2720589375 0.7702205875 0.2738970203125 0.768382353125 0.2738970203125 0.7573529406249999 0.2702208546875 0.7536764703125 0.2702208546875 0.7518382359375 0.26838212499999997 0.75 0.2665440421875 0.75 0.26286787500000003 0.7463235296875 0.26286787500000003 0.74448529375 0.2610291453125 0.7426470593750001 0.253676165625 0.7426470593750001 0.246323834375 0.7352941171875 0.244485103125 0.7352941171875 0.2408089375 0.731617646875 0.2408089375 0.7297794125 0.2389708546875 0.7279411765625 0.21691191718749997 0.7279411765625 0.21691191718749997 0.7389705875 0.22058808281250003 0.7426470593750001 0.22058808281250003 0.74448529375 0.222426165625 0.7463235296875
0 0.3290440421875 0.5110294125 0.3235291453125 0.5165441171875 0.3216910625 0.5165441171875 0.318014896875 0.5202205875 0.318014896875 0.5220588234375 0.316176165625 0.5238970593750001 0.316176165625 0.52573529375 0.306985103125 0.5349264703125 0.3014708546875 0.5349264703125 0.29963212499999997 0.53676470625 0.2959559578125 0.53676470625 0.29411787500000003 0.5386029406249999 0.29411787500000003 0.5404411765625 0.2959559578125 0.5422794125 0.2959559578125 0.544117646875 0.29963212499999997 0.5477941171875 0.29963212499999997 0.5533088234375 0.3014708546875 0.5551470593750001 0.3014708546875 0.55698529375 0.29963212499999997 0.5588235296875 0.29963212499999997 0.5625 0.3014708546875 0.5643382359375 0.3014708546875 0.5827205875 0.3051470203125 0.5863970593750001 0.31066191718749997 0.5863970593750001 0.318014896875 0.59375 0.3216910625 0.59375 0.3235291453125 0.5955882359375 0.32536787500000003 0.5955882359375 0.33088212499999997 0.6011029406249999 0.3345589375 0.6011029406249999 0.34191191718749997 0.6084558828125 0.349264896875 0.6084558828125 0.3511029796875 0.606617646875 0.3529410625 0.606617646875 0.3547791453125 0.6047794125 0.35661787500000003 0.6047794125 0.3602940421875 0.6011029406249999 0.36213212499999997 0.6011029406249999 0.369485103125 0.59375 0.371323834375 0.59375 0.37683808281250003 0.58823529375 0.3786768140625 0.58823529375 0.380514896875 0.5863970593750001 0.3841910625 0.5863970593750001 0.3860291453125 0.5845588234375 0.38786787500000003 0.5845588234375 0.38786787500000003 0.5827205875 0.3915440421875 0.5790441171875 0.3970589375 0.5790441171875 0.3988970203125 0.5772058828125 0.400735103125 0.5772058828125 0.4099268140625 0.56801470625 0.4099268140625 0.4981617640625 0.4032512953125 0.48196826562500006 0.394762953125 0.48321671874999994 0.3945796625 0.46714783281249994 0.3474015546875 0.433632353125 0.2862007765625 0.4790325078125 0.3154812171875 0.47415479843749997 0.3216910625 0.4981617640625 0.3272059578125 0.5036764703125 0.3272059578125 0.50551470625 0.3290440421875 0.5073529406249999 0.3290440421875 0.5110294125
26 0.5220589375 0.7536764703125 0.5238970203125 0.75551470625 0.53125 0.75551470625 0.5386029796875 0.762867646875 0.5404410625 0.762867646875 0.5477940421875 0.7702205875 0.5533089375 0.7702205875 0.5551470203125 0.7720588234375 0.5643380828125 0.7720588234375 0.5643380828125 0.7573529406249999 0.5625 0.75551470625 0.5625 0.7518382359375 0.5606619171875 0.7518382359375 0.5551470203125 0.7463235296875 0.5551470203125 0.74448529375 0.5533089375 0.74448529375 0.5514708546875 0.7426470593750001 0.5459559578125 0.7426470593750001 0.5404410625 0.737132353125 0.5404410625 0.7352941171875 0.5386029796875 0.7352941171875 0.5349268140625 0.731617646875 0.5165440421875 0.731617646875 0.5165440421875 0.7481617640625 0.518382125 0.7481617640625 0.5220589375 0.7518382359375 0.5220589375 0.7536764703125
16 0.37316191718749997 0.5220588234375 0.371323834375 0.5202205875 0.3216910625 0.5202205875 0.3216910625 0.5827205875 0.371323834375 0.5827205875 0.37316191718749997 0.580882353125 0.37316191718749997 0.5220588234375
25 0.4264708546875 0.49264705937500003 0.424632125 0.4908088234375 0.41360297968750004 0.4908088234375 0.41360297968750004 0.5643382359375 0.4227940421875 0.5643382359375 0.4264708546875 0.5606617640625 0.4264708546875 0.49264705937500003
16 0.7352940421875 0.6727941171875 0.7334559578125 0.6709558828125 0.6838238343749999 0.6709558828125 0.6838238343749999 0.7334558828125 0.731617875 0.7334558828125 0.7352940421875 0.7297794125 0.7352940421875 0.6727941171875
28 0.6305148968750001 0.3235294125 0.6305148968750001 0.3768382359375 0.643382125 0.3768382359375 0.643382125 0.3235294125 0.6305148968750001 0.3235294125
14 0.6599268140625 0.5827205875 0.6617648968750001 0.580882353125 0.6617648968750001 0.5790441171875 0.6636029796875 0.5772058828125 0.6636029796875 0.5220588234375 0.6617648968750001 0.5202205875 0.612132125 0.5202205875 0.612132125 0.5790441171875 0.6360291453125 0.5790441171875 0.6397059578125 0.5827205875 0.6599268140625 0.5827205875
25 0.4485291453125 0.3014705875 0.4485291453125 0.3033088234375 0.450367875 0.305147059375 0.4522059578125 0.305147059375 0.4540440421875 0.30698529375 0.45955893750000004 0.30698529375 0.463235103125 0.3106617640625 0.463235103125 0.3125 0.46507383437499994 0.3143382359375 0.46691191718749997 0.3143382359375 0.4724268140625 0.319852940625 0.474264896875 0.319852940625 0.47610297968750004 0.3216911765625 0.4889708546875 0.3216911765625 0.49080893750000004 0.319852940625 0.49080893750000004 0.3106617640625 0.4889708546875 0.30882352968750004 0.4889708546875 0.30698529375 0.4834559578125 0.3014705875 0.4797791453125 0.3014705875 0.47610297968750004 0.2977941171875 0.47610297968750004 0.2959558828125 0.474264896875 0.294117646875 0.4724268140625 0.294117646875 0.46507383437499994 0.28676470625 0.450367875 0.28676470625 0.44669106249999996 0.2830882359375 0.443014896875 0.2830882359375 0.443014896875 0.2977941171875 0.44485297968750004 0.299632353125 0.44669106249999996 0.299632353125 0.4485291453125 0.3014705875
28 0.21139702031250002 0.6213235296875 0.20036787500000003 0.6213235296875 0.19669106249999999 0.625 0.19669106249999999 0.6783088234375 0.21139702031250002 0.6783088234375 0.21139702031250002 0.6213235296875
27 0.6819851031249999 0.5735294125 0.6801470203125 0.575367646875 0.6783089375 0.575367646875 0.6727940421875 0.580882353125 0.6709559578125 0.580882353125 0.669117875 0.5827205875 0.669117875 0.5845588234375 0.6654410625 0.58823529375 0.6636029796875 0.58823529375 0.65625 0.5955882359375 0.65625 0.6029411765625 0.6580880828125 0.6029411765625 0.6599268140625 0.6047794125 0.6617648968750001 0.6047794125 0.6636029796875 0.606617646875 0.6654410625 0.6047794125 0.6672791453125 0.6047794125 0.669117875 0.6029411765625 0.6727940421875 0.6029411765625 0.674632125 0.6011029406249999 0.6801470203125 0.6011029406249999 0.6819851031249999 0.59926470625 0.6819851031249999 0.5974264703125 0.6856619171875 0.59375 0.6893380828125 0.59375 0.6911768140625 0.5919117640625 0.6930148968750001 0.5919117640625 0.6966910625 0.58823529375 0.6985291453125 0.58823529375 0.700367875 0.5863970593750001 0.7022059578125 0.5863970593750001 0.7040440421875 0.5845588234375 0.7040440421875 0.5827205875 0.705882125 0.580882353125 0.705882125 0.5790441171875 0.7077208546875 0.5772058828125 0.7077208546875 0.5661764703125 0.6930148968750001 0.5661764703125 0.6911768140625 0.56801470625 0.6911768140625 0.5698529406249999 0.6875 0.5735294125 0.6819851031249999 0.5735294125
27 0.5643380828125 0.830882353125 0.5698529796875 0.830882353125 0.5716910625 0.8290441171875 0.5716910625 0.7738970593750001 0.5588238343749999 0.7738970593750001 0.5588238343749999 0.8272058828125 0.5606619171875 0.8290441171875 0.5625 0.8290441171875 0.5643380828125 0.830882353125
25 0.371323834375 0.1452205875 0.375 0.148897059375 0.375 0.15073529375 0.37683808281250003 0.1525735296875 0.3786768140625 0.1525735296875 0.3823529796875 0.15625 0.3823529796875 0.15808823593750002 0.3841910625 0.1599264703125 0.3915440421875 0.1599264703125 0.3988970203125 0.1672794125 0.400735103125 0.1672794125 0.40441191718749997 0.17095588281250002 0.40441191718749997 0.17279411718749998 0.4172791453125 0.17279411718749998 0.4172791453125 0.15625 0.41544106249999996 0.15441176406249998 0.41360297968750004 0.15441176406249998 0.4099268140625 0.15073529375 0.4099268140625 0.148897059375 0.40808808281250003 0.1470588234375 0.400735103125 0.1470588234375 0.39338212499999997 0.13970588281250002 0.3915440421875 0.13970588281250002 0.38786787500000003 0.1360294125 0.38786787500000003 0.1341911765625 0.3860291453125 0.132352940625 0.3823529796875 0.132352940625 0.3786768140625 0.1286764703125 0.36213212499999997 0.1286764703125 0.36213212499999997 0.143382353125 0.3639708546875 0.143382353125 0.3658089375 0.1452205875 0.371323834375 0.1452205875
31 0.40625 0.4375 0.40257383437499994 0.44117647031249996 0.400735103125 0.44117647031249996 0.3988970203125 0.44301470624999995 0.3988970203125 0.481617646875 0.400735103125 0.481617646875 0.40257383437499994 0.4834558828125 0.40808808281250003 0.4834558828125 0.4099268140625 0.4852941171875 0.42830893750000004 0.4852941171875 0.43014702031249996 0.4834558828125 0.4375 0.4834558828125 0.43933808281250003 0.481617646875 0.43933808281250003 0.44301470624999995 0.4375 0.44117647031249996 0.43566191718749997 0.44117647031249996 0.431985103125 0.4375 0.431985103125 0.4356617640625 0.4264708546875 0.43014705937500003 0.4099268140625 0.43014705937500003 0.40808808281250003 0.43198529375000005 0.40808808281250003 0.43382352968750004 0.40625 0.4356617640625 0.40625 0.4375
34 0.6194851031249999 0.3897058828125 0.6176470203125 0.3915441171875 0.6176470203125 0.43198529375000005 0.6213238343749999 0.4356617640625 0.6525738343749999 0.4356617640625 0.6580880828125 0.43014705937500003 0.6580880828125 0.398897059375 0.6525738343749999 0.393382353125 0.6525738343749999 0.3915441171875 0.6507351031249999 0.3897058828125 0.6488970203125 0.3897058828125 0.6452208546875 0.3860294125 0.6452208546875 0.3841911765625 0.643382125 0.382352940625 0.643382125 0.38051470625 0.6286768140625 0.38051470625 0.625 0.3841911765625 0.625 0.3860294125 0.6213238343749999 0.3897058828125 0.6194851031249999 0.3897058828125
31 0.4797791453125 0.08823529375 0.47794106249999996 0.0900735296875 0.47794106249999996 0.0919117640625 0.474264896875 0.0955882359375 0.4724268140625 0.0955882359375 0.47058808281250003 0.0974264703125 0.47058808281250003 0.1286764703125 0.4724268140625 0.13051470625 0.474264896875 0.13051470625 0.47794106249999996 0.1341911765625 0.47794106249999996 0.1360294125 0.4797791453125 0.137867646875 0.5036768140625 0.137867646875 0.5055148968750001 0.1360294125 0.5055148968750001 0.1341911765625 0.5091910625 0.13051470625 0.5110291453125 0.13051470625 0.512867875 0.1286764703125 0.512867875 0.0974264703125 0.5110291453125 0.0955882359375 0.5091910625 0.0955882359375 0.5055148968750001 0.0919117640625 0.5055148968750001 0.0900735296875 0.5036768140625 0.08823529375 0.5018380828125 0.08823529375 0.49816191718749997 0.0845588234375 0.49816191718749997 0.0827205875 0.49632383437499994 0.080882353125 0.487132125 0.080882353125 0.4852940421875 0.0827205875 0.4852940421875 0.0845588234375 0.481617875 0.08823529375 0.4797791453125 0.08823529375
34 0.2591910625 0.5404411765625 0.2573529796875 0.5422794125 0.2573529796875 0.5477941171875 0.255514896875 0.549632353125 0.255514896875 0.5533088234375 0.253676165625 0.5551470593750001 0.253676165625 0.575367646875 0.2573529796875 0.5790441171875 0.2573529796875 0.580882353125 0.2610291453125 0.5845588234375 0.2922791453125 0.5845588234375 0.2922791453125 0.5827205875 0.29411787500000003 0.580882353125 0.29411787500000003 0.5790441171875 0.2959559578125 0.5772058828125 0.2959559578125 0.5533088234375 0.29411787500000003 0.5514705875 0.29411787500000003 0.5459558828125 0.2922791453125 0.544117646875 0.2922791453125 0.5404411765625 0.2904410625 0.5386029406249999 0.2904410625 0.53676470625 0.286764896875 0.5330882359375 0.2665440421875 0.5330882359375 0.26286787500000003 0.53676470625 0.2610291453125 0.53676470625 0.2591910625 0.5386029406249999 0.2591910625 0.5404411765625
37 0.5036768140625 0.4154411765625 0.5055148968750001 0.4172794125 0.5055148968750001 0.419117646875 0.5073529796875 0.4209558828125 0.5073529796875 0.4227941171875 0.5165440421875 0.43198529375000005 0.5202208546875 0.43198529375000005 0.5220589375 0.43382352968750004 0.5238970203125 0.43382352968750004 0.5294119171875 0.4393382359375 0.53125 0.4393382359375 0.5386029796875 0.4466911765625 0.544117875 0.4466911765625 0.5459559578125 0.4485294125 0.5477940421875 0.4485294125 0.5533089375 0.4540441171875 0.5551470203125 0.4540441171875 0.5569851031249999 0.455882353125 0.5588238343749999 0.455882353125 0.5625 0.4595588234375 0.5643380828125 0.4577205875 0.5661768140625 0.4577205875 0.5680148968750001 0.455882353125 0.5716910625 0.455882353125 0.5735291453125 0.4540441171875 0.5772059578125 0.4540441171875 0.5790440421875 0.4522058828125 0.5790440421875 0.450367646875 0.580882125 0.4485294125 0.5827208546875 0.4485294125 0.5845589375 0.4466911765625 0.5919119171875 0.4466911765625 0.5992648968750001 0.4393382359375 0.6047791453125 0.4393382359375 0.6158089375 0.4283088234375 0.6158089375 0.393382353125 0.627867875 0.38516099062500003 0.6263329015625 0.32553715156249996 0.5834779796875 0.2918560375 0.551895725 0.2953351390625 0.504548575 0.3226021671875 0.5055148968750001 0.4080882359375 0.5018380828125 0.41176470624999995 0.5018380828125 0.4154411765625 0.5036768140625 0.4154411765625
28 0.26838212499999997 0.5275735296875 0.26838212499999997 0.53125 0.28308808281250003 0.53125 0.28308808281250003 0.5275735296875 0.28125 0.52573529375 0.28125 0.5202205875 0.28308808281250003 0.518382353125 0.28125 0.518382353125 0.27941191718749997 0.5165441171875 0.27941191718749997 0.5147058828125 0.277573834375 0.512867646875 0.277573834375 0.5073529406249999 0.27941191718749997 0.50551470625 0.27941191718749997 0.5018382359375 0.28308808281250003 0.4981617640625 0.28308808281250003 0.47610294062499997 0.277573834375 0.4705882359375 0.26838212499999997 0.4705882359375 0.26838212499999997 0.518382353125 0.2702208546875 0.5202205875 0.2702208546875 0.52573529375 0.26838212499999997 0.5275735296875
3 0.5367648968750001 0.2408088234375 0.53227785 0.2673885453125 0.537606865625 0.27107198125 0.544117875 0.2904411765625 0.5606619171875 0.2904411765625 0.56347409375 0.2911184203125 0.5718924875 0.291708978125 0.5860103624999999 0.2929326625 0.5963426171874999 0.2806501546875 0.5969436531250001 0.2637004640625 0.5914119171875 0.258030959375 0.5735291453125 0.2591911765625 0.5735291453125 0.257352940625 0.57381088125 0.24100541718750002 0.5550705953125 0.229219040625 0.5404410625 0.23713235312499997 0.5386029796875 0.23713235312499997 0.5386029796875 0.23897058750000003 0.5367648968750001 0.2408088234375
8 0.7334559578125 0.4283088234375 0.7352940421875 0.4264705875 0.7352940421875 0.424632353125 0.737132125 0.4227941171875 0.737132125 0.375 0.7352940421875 0.3731617640625 0.7352940421875 0.37132352968750004 0.6819851031249999 0.37132352968750004 0.6819851031249999 0.43198529375000005 0.731617875 0.43198529375000005 0.7334559578125 0.43014705937500003 0.7334559578125 0.4283088234375
13 0.5919119171875 0.669117646875 0.5386029796875 0.669117646875 0.5386029796875 0.7334558828125 0.5900738343749999 0.7334558828125 0.5919119171875 0.731617646875 0.5919119171875 0.669117646875
26 0.5625 0.23529411718749998 0.5643380828125 0.23713235312499997 0.5643380828125 0.2408088234375 0.5716910625 0.2408088234375 0.5716910625 0.1783088234375 0.5698529796875 0.1764705875 0.5698529796875 0.174632353125 0.5680148968750001 0.174632353125 0.5661768140625 0.17279411718749998 0.5588238343749999 0.17279411718749998 0.5588238343749999 0.23713235312499997 0.5606619171875 0.23529411718749998 0.5625 0.23529411718749998
10 0.29963212499999997 0.4209558828125 0.3014708546875 0.419117646875 0.3014708546875 0.3860294125 0.29963212499999997 0.3841911765625 0.29963212499999997 0.37132352968750004 0.25 0.37132352968750004 0.25 0.43198529375000005 0.2977940421875 0.43198529375000005 0.29963212499999997 0.43014705937500003 0.29963212499999997 0.4209558828125
34 0.1856619171875 0.3897058828125 0.183823834375 0.3915441171875 0.183823834375 0.3970588234375 0.181985103125 0.398897059375 0.181985103125 0.4227941171875 0.183823834375 0.424632353125 0.183823834375 0.43014705937500003 0.1856619171875 0.43198529375000005 0.1875 0.43198529375000005 0.191176165625 0.4356617640625 0.21691191718749997 0.4356617640625 0.22058808281250003 0.43198529375000005 0.222426165625 0.43198529375000005 0.22610297968749998 0.4283088234375 0.22610297968749998 0.40073529375000005 0.21875 0.393382353125 0.21875 0.3915441171875 0.21691191718749997 0.3897058828125 0.215073834375 0.3897058828125 0.21139702031250002 0.3860294125 0.21139702031250002 0.3841911765625 0.2095589375 0.382352940625 0.2040440421875 0.382352940625 0.2022059578125 0.38051470625 0.20036787500000003 0.38051470625 0.19852914531250002 0.382352940625 0.19485297968749998 0.382352940625 0.1875 0.3897058828125 0.1856619171875 0.3897058828125
2 0.3915440421875 0.242647059375 0.3897059578125 0.24448529375 0.3897059578125 0.2720588234375 0.391653496875 0.2751571203125 0.3952208546875 0.2794117640625 0.3970589375 0.288602940625 0.4375 0.288602940625 0.443165803125 0.2863111453125 0.4503458546875 0.2796044890625 0.4520213734375 0.2633839015625 0.44669106249999996 0.2591911765625 0.44485297968750004 0.257352940625 0.43566191718749997 0.257352940625 0.431985103125 0.25367647031249996 0.43014702031249996 0.24448529375 0.424632125 0.23897058750000003 0.4092616578125 0.22741640937500002 0.400735103125 0.23529411718749998 0.3997713734375 0.2368839015625 0.39338212499999997 0.242647059375 0.3915440421875 0.242647059375
34 0.6875 0.27757352968750004 0.6911768140625 0.28125 0.6911768140625 0.2830882359375 0.6930148968750001 0.28492647031249996 0.7242648968750001 0.28492647031249996 0.7261029796875 0.2830882359375 0.7261029796875 0.28125 0.7279410625 0.2794117640625 0.7279410625 0.27757352968750004 0.731617875 0.273897059375 0.731617875 0.257352940625 0.7279410625 0.25367647031249996 0.7279410625 0.25 0.7261029796875 0.2481617640625 0.7261029796875 0.242647059375 0.7242648968750001 0.2408088234375 0.7242648968750001 0.23897058750000003 0.71875 0.23345588281250002 0.71875 0.23161764687500003 0.7040440421875 0.23161764687500003 0.6893380828125 0.24632352968750001 0.6893380828125 0.2481617640625 0.6875 0.25 0.6875 0.27757352968750004
25 0.49632383437499994 0.3235294125 0.4852940421875 0.3235294125 0.4852940421875 0.40992647031249996 0.49816191718749997 0.40992647031249996 0.49816191718749997 0.325367646875 0.49632383437499994 0.3235294125
9 0.7716645078125 0.582992259375 0.7753413218749999 0.5793157890625 0.78820855 0.5793157890625 0.7900466328125 0.581154025 0.7918853625 0.581154025 0.7937234453124999 0.582992259375 0.8065913218749999 0.582992259375 0.8084294046875 0.581154025 0.8084294046875 0.520492259375 0.75695855 0.520492259375 0.75695855 0.581154025 0.7587966328125 0.581154025 0.7606353625 0.582992259375 0.7716645078125 0.582992259375
13 0.37316191718749997 0.27573529375 0.375 0.273897059375 0.375 0.226102940625 0.37316191718749997 0.22426470625 0.37316191718749997 0.2205882359375 0.3216910625 0.2205882359375 0.3216910625 0.28492647031249996 0.371323834375 0.28492647031249996 0.37316191718749997 0.2830882359375 0.37316191718749997 0.27573529375
28 0.2584196890625 0.4705882359375 0.2648963734375 0.4729102171875 0.27525906718750004 0.4705882359375 0.2759067359375 0.461300309375 0.272020725 0.455882353125 0.23186528437499998 0.42801857656250003 0.22733160625 0.42801857656250003 0.22279792812500002 0.4303405578125 0.21761657968749998 0.4388544890625 0.222150259375 0.4442724453125 0.2584196890625 0.4705882359375
27 0.7610103625 0.5990712078125 0.7590673578125 0.5921052625 0.7260362687499999 0.5704334359375001 0.7176165796875 0.5673374609375 0.7169689124999999 0.5665634671875 0.709196890625 0.5712074296874999 0.709844559375 0.58126935 0.7584196890625 0.6153250781249999 0.7610103625 0.5990712078125
27 0.6088082906250001 0.5921052625 0.607512953125 0.5890092874999999 0.5757772015625 0.5665634671875 0.5712435234375 0.5665634671875 0.5647668390625 0.57430340625 0.5660621765625 0.58204334375 0.6055699484375 0.6106811140625 0.6088082906250001 0.5921052625
15 0.47344559531249997 0.28560371562500003 0.5129533671875001 0.28560371562500003 0.5194300515625 0.28173374687499997 0.5200777203125 0.2267801859375 0.518134715625 0.2221362234375 0.5136010359375 0.2198142421875 0.5102007765625001 0.2198142421875 0.472797928125 0.2198142421875 0.46696891249999994 0.2229102171875 0.46696891249999994 0.282507740625 0.47344559531249997 0.28560371562500003
11 0.538860103125 0.43266253906249996 0.546632125 0.43730650156250006 0.5893782390625 0.43421052656250003 0.5926165796875 0.42801857656250003 0.5919689124999999 0.373065015625 0.584196890625 0.368421053125 0.5505181343750001 0.368421053125 0.5485751296875 0.368421053125 0.5414507765625001 0.36996904062499997 0.5375647671875 0.37616099062499997 0.5369170984375 0.421826625 0.538860103125 0.43266253906249996
11 0.24805699531249997 0.703560371875 0.25 0.7298761609375 0.2571243515625 0.7345201234375 0.26683937812499997 0.7337461296875001 0.2687823828125 0.7360681109375 0.30051813437499997 0.7321981421875 0.3031088078125 0.7275541796875 0.30440414531250004 0.703560371875 0.3031088078125 0.67414860625 0.2979274609375 0.66873065 0.2700777203125 0.66873065 0.2663536265625 0.66873065 0.255181346875 0.66873065 0.2512953375 0.6702786374999999 0.24935233124999998 0.67414860625 0.24805699531249997 0.703560371875
3 0.6152849734375 0.1385448921875 0.6178756484375 0.14086687343749998 0.6573834203125 0.1400928796875 0.6677461140625 0.130030959375 0.6670984453125001 0.11145510781250001 0.6632124359375 0.1075851390625 0.6509067359375 0.10990712031250001 0.6483160625 0.10835913281250001 0.6437823828125 0.09133126875 0.6295336781249999 0.0797213625 0.62564766875 0.0797213625 0.61334196875 0.08823529375 0.608160621875 0.0982972140625 0.606865284375 0.11609907187499999 0.6152849734375 0.1385448921875
14 0.177461140625 0.58204334375 0.188471503125 0.58668730625 0.22862694375 0.58359133125 0.2312176171875 0.5766253875 0.23056994843749998 0.5232198140625 0.22603626875 0.5193498453125 0.1910621765625 0.5185758515625001 0.187823834375 0.5185758515625001 0.18134714999999998 0.5193498453125 0.17616580312500002 0.5255417953125 0.175518134375 0.5750774 0.177461140625 0.58204334375
3 0.4676165796875 0.7244582046875 0.470207253125 0.7360681109375 0.47344559531249997 0.7383900921875 0.47733160625000004 0.7368421046875 0.5123057 0.7391640859375 0.52266839375 0.7283281734375 0.52266839375 0.710526315625 0.517487046875 0.706656346875 0.5051813468749999 0.707430340625 0.5012953375 0.702786378125 0.49935233125 0.6888544890625 0.48445595781249995 0.6787925703125001 0.4805699484375 0.6787925703125001 0.4676165796875 0.6880804953124999 0.4643782390625 0.6942724453125 0.4624352328125 0.713622290625 0.4676165796875 0.7244582046875
29 0.279145078125 0.5162538703124999 0.284326425 0.5201238390625 0.2920984453125 0.5208978328125 0.29533678750000003 0.533281734375 0.301165803125 0.536377709375 0.31023316093750003 0.536377709375 0.3167098453125 0.5286377703125 0.3173575125 0.5185758515625001 0.3218911921875 0.5208978328125 0.33031088125 0.5147058828125 0.3277202078125 0.50696594375 0.31800518125 0.49845201250000004 0.31800518125 0.4876160984375 0.3160621765625 0.4837461296875 0.30440414531250004 0.47523219843750003 0.3037564765625 0.4744582046875 0.2920984453125 0.48452012343749995 0.2920984453125 0.49458204375000003 0.2804404140625 0.5077399375 0.279145078125 0.5162538703124999
8 0.5147059578125 0.5827205875 0.5202208546875 0.5772058828125 0.5202208546875 0.5220588234375 0.518382125 0.5202205875 0.46691191718749997 0.5202205875 0.46507383437499994 0.5220588234375 0.46507383437499994 0.580882353125 0.46691191718749997 0.5827205875 0.5147059578125 0.5827205875
20 0.5859371765625 0.07968730625 0.5859371765625 0.00468730625 0.5296871765625 0.00468730625 0.5296871765625 0.08281269375 0.584375 0.08281269375 0.584375 0.08125 0.5859371765625 0.07968730625
18 0.5859371765625 0.98125 0.5859371765625 0.90625 0.5328121765625 0.90625 0.5328121765625 0.9843753875000001 0.584375 0.9843753875000001 0.584375 0.98281269375 0.5859371765625 0.98125
18 0.29531217656250003 0.98125 0.29531217656250003 0.9046873062499999 0.24375 0.9046873062499999 0.24375 0.9843753875000001 0.29375 0.9843753875000001 0.29375 0.98281269375 0.29531217656250003 0.98125
18 0.803125 0.7531246125 0.7484371765625 0.7531246125 0.7484371765625 0.83593730625 0.8015621765625 0.83593730625 0.803125 0.8343746124999999 0.803125 0.7531246125
18 0.24218782343749998 0.00625 0.24218782343749998 0.0875 0.29531217656250003 0.0875 0.29531217656250003 0.00625 0.24218782343749998 0.00625
21 0.8890621765625 0.44843730624999995 0.8890621765625 0.5359373062499999 0.946875 0.5359373062499999 0.946875 0.44843730624999995 0.8890621765625 0.44843730624999995
23 0.096875 0.30468730625 0.096875 0.38593730625 0.153125 0.38593730625 0.153125 0.30468730625 0.096875 0.30468730625
19 0.15 0.63281269375 0.15 0.6031246125 0.096875 0.6031246125 0.096875 0.6828126937500001 0.1484371765625 0.6828126937500001 0.1484371765625 0.6343746125 0.15 0.63281269375
22 0.803125 0.23593730625 0.803125 0.15 0.746875 0.15 0.746875 0.2375 0.7984371765625 0.2375 0.8 0.23593730625 0.803125 0.23593730625