0 0.518750325 0.2875 0.51718725625 0.289062309375 0.5156248375 0.289062309375 0.5125 0.292187690625 0.51093758125 0.292187690625 0.5093751625 0.29375 0.50781274375 0.29375 0.5031248374999999 0.29843769062500003 0.5015624187500001 0.29843769062500003 0.5 0.3 0.4968751625 0.3 0.49062483749999997 0.30625 0.4875 0.30625 0.481250325 0.3125 0.481250325 0.31562537968750004 0.47968725624999997 0.317187690625 0.47968725624999997 0.40156230937500004 0.48281274375 0.404687690625 0.4843751625 0.404687690625 0.49062483749999997 0.41093769062499996 0.4968751625 0.41093769062499996 0.5031248374999999 0.41718769062499994 0.5156248375 0.41718769062499994 0.52031274375 0.4125 0.52343758125 0.4125 0.525 0.41093769062499996 0.5406248375 0.41093769062499996 0.5468751625 0.41718769062499994 0.57343758125 0.41718769062499994 0.575 0.4156253796875 0.57968725625 0.4156253796875 0.58281274375 0.4125 0.58593758125 0.4125 0.5875 0.41093769062499996 0.5906248374999999 0.41093769062499996 0.59531274375 0.40625 0.5968751625000001 0.40625 0.59843758125 0.404687690625 0.6 0.404687690625 0.60156241875 0.4031253796875 0.6031248375 0.4031253796875 0.6031248375 0.4 0.60468725625 0.398437690625 0.60468725625 0.339062309375 0.6031248375 0.3375 0.6031248375 0.335937690625 0.6 0.332812309375 0.59843758125 0.332812309375 0.59531274375 0.32968769062500003 0.593750325 0.32968769062500003 0.58593758125 0.3218753796875 0.58593758125 0.317187690625 0.5843751625 0.31562537968750004 0.5843751625 0.310937690625 0.58281274375 0.3093753796875 0.58281274375 0.307812309375 0.581250325 0.30625 0.581250325 0.304687690625 0.57968725625 0.30312537968750003 0.57968725625 0.29531230937499997 0.5781248375 0.29375 0.57656241875 0.29375 0.57031274375 0.2875 0.5656248374999999 0.2875 0.5640624187500001 0.285937690625 0.5625 0.285937690625 0.55781274375 0.28125 0.5562503249999999 0.28125 0.55468725625 0.279687690625 0.52968725625 0.279687690625 0.5281248374999999 0.28125 0.52656241875 0.28125 0.52031274375 0.2875 0.518750325 0.2875
0 0.44218725625 0.71875 0.4406248375 0.720312309375 0.43906241875 0.720312309375 0.4343751625 0.725 0.43281274375 0.725 0.431250325 0.726562309375 0.42968725625 0.726562309375 0.42656241875 0.7296876906249999 0.425 0.7296876906249999 0.42343758125 0.73125 0.4218751625 0.73125 0.41562483749999996 0.7375 0.41406241875000005 0.7375 0.4125 0.7390623093750001 0.4125 0.8343753796875 0.41406241875000005 0.835937690625 0.41562483749999996 0.835937690625 0.418750325 0.8390623093749999 0.418750325 0.8406253796875 0.42031274375 0.8406253796875 0.4218751625 0.8421876906250001 0.42343758125 0.8421876906250001 0.425 0.84375 0.42656241875 0.84375 0.42968725625 0.8468753796874999 0.431250325 0.8468753796874999 0.43281274375 0.8484376906250001 0.4343751625 0.8484376906250001 0.4406248375 0.854687690625 0.44218725625 0.854687690625 0.44687516250000003 0.8593753796874999 0.44843758125 0.8593753796874999 0.45 0.860937690625 0.45156241875 0.860937690625 0.45781274375000003 0.867187690625 0.45937516250000004 0.867187690625 0.46406241875000004 0.8718753796875 0.47812483749999996 0.8718753796875 0.48281274375 0.867187690625 0.4843751625 0.867187690625 0.48593758125 0.8656253796875 0.4875 0.8656253796875 0.4968751625 0.85625 0.49843758125 0.85625 0.5031248374999999 0.851562309375 0.50468725625 0.851562309375 0.5093751625 0.8468753796874999 0.5093751625 0.84375 0.51093758125 0.8421876906250001 0.51093758125 0.81875 0.5125 0.8171876906250001 0.5125 0.8140623093749999 0.5156248375 0.8109376906250001 0.5156248375 0.8093753796875 0.51718725625 0.8078123093749999 0.51718725625 0.804687690625 0.518750325 0.8031253796875 0.518750325 0.801562309375 0.52031274375 0.8 0.5218751625 0.8 0.52343758125 0.7984376906249999 0.525 0.7984376906249999 0.52968725625 0.79375 0.52968725625 0.7906253796875 0.531250325 0.789062309375 0.531250325 0.785937690625 0.53281274375 0.7843753796875 0.53281274375 0.74375 0.531250325 0.742187690625 0.531250325 0.7406253796875 0.5281248374999999 0.7375 0.52656241875 0.7375 0.52031274375 0.73125 0.5156248375 0.73125 0.5093751625 0.725 0.5062496750000001 0.725 0.50468725625 0.723437690625 0.5031248374999999 0.723437690625 0.5 0.720312309375 0.49843758125 0.720312309375 0.4968751625 0.71875 0.49531274375 0.71875 0.49218725625 0.7156253796875001 0.49218725625 0.714062309375 0.49062483749999997 0.714062309375 0.48906241875 0.7125 0.4875 0.7125 0.4843751625 0.7093753796875 0.48281274375 0.7093753796875 0.481250325 0.7078123093750001 0.45781274375000003 0.7078123093750001 0.4531248375 0.7125 0.45156241875 0.7125 0.44531274375 0.71875 0.44218725625 0.71875
36 0.5281248374999999 0.56875 0.52656241875 0.570312309375 0.5218751625 0.570312309375 0.52031274375 0.5718753796875 0.518750325 0.5718753796875 0.51718725625 0.5734376906249999 0.5156248375 0.5734376906249999 0.51406241875 0.575 0.51093758125 0.575 0.5093751625 0.5765623093750001 0.50781274375 0.5765623093750001 0.50781274375 0.5781253796875 0.50468725625 0.58125 0.5031248374999999 0.58125 0.5015624187500001 0.5828123093750001 0.5015624187500001 0.5843753796875 0.5 0.585937690625 0.5 0.6031253796875 0.49062483749999997 0.6125 0.4875 0.6125 0.48593758125 0.6140623093750001 0.4843751625 0.6140623093750001 0.47968725624999997 0.61875 0.47968725624999997 0.6843753796875001 0.481250325 0.685937690625 0.48281274375 0.685937690625 0.4843751625 0.6875 0.48593758125 0.6875 0.4875 0.689062309375 0.4875 0.6906253796875 0.48906241875 0.692187690625 0.49062483749999997 0.692187690625 0.49218725625 0.69375 0.493750325 0.69375 0.49531274375 0.695312309375 0.49531274375 0.6968753796875 0.49843758125 0.6968753796875 0.5 0.6984376906249999 0.5031248374999999 0.6984376906249999 0.50468725625 0.7 0.5062496750000001 0.7 0.50781274375 0.7015623093750001 0.50781274375 0.7031253796875 0.51093758125 0.7031253796875 0.5125 0.7046876906249999 0.5156248375 0.7046876906249999 0.51718725625 0.70625 0.518750325 0.70625 0.5218751625 0.7093753796875 0.52343758125 0.7093753796875 0.525 0.710937690625 0.52968725625 0.710937690625 0.53281274375 0.714062309375 0.5343751625000001 0.714062309375 0.53906241875 0.71875 0.543750325 0.71875 0.54531274375 0.720312309375 0.5468751625 0.71875 0.54843758125 0.71875 0.55156241875 0.7156253796875001 0.5531248375 0.7156253796875001 0.5562503249999999 0.7125 0.55781274375 0.7125 0.5593751625000001 0.710937690625 0.5640624187500001 0.710937690625 0.57031274375 0.7046876906249999 0.5718751625 0.7046876906249999 0.57343758125 0.7031253796875 0.575 0.7031253796875 0.57968725625 0.6984376906249999 0.57968725625 0.6968753796875 0.581250325 0.695312309375 0.581250325 0.689062309375 0.58281274375 0.6875 0.58281274375 0.68125 0.5843751625 0.679687690625 0.5843751625 0.6734376906249999 0.58593758125 0.6718753796875 0.58593758125 0.664062309375 0.60468725625 0.6453123093750001 0.60468725625 0.601562309375 0.5968751625000001 0.59375 0.59531274375 0.59375 0.5906248374999999 0.589062309375 0.5875 0.589062309375 0.58593758125 0.5875 0.58281274375 0.5875 0.5781248375 0.5828123093750001 0.57656241875 0.5828123093750001 0.575 0.58125 0.5718751625 0.58125 0.57031274375 0.5796876906249999 0.5687496750000001 0.5796876906249999 0.5656248374999999 0.5765623093750001 0.5640624187500001 0.5765623093750001 0.5625 0.575 0.5609375812499999 0.575 0.55468725625 0.56875 0.5531248375 0.56875 0.54843758125 0.564062309375 0.5406248375 0.564062309375 0.53906241875 0.5656253796875 0.5375 0.5656253796875 0.5343751625000001 0.56875 0.5281248374999999 0.56875
37 0.6656248375 0.570312309375 0.6625 0.5734376906249999 0.66093758125 0.5734376906249999 0.6593751625000001 0.575 0.656250325 0.575 0.65468725625 0.5765623093750001 0.65156241875 0.5765623093750001 0.6468751625 0.58125 0.64531274375 0.58125 0.643750325 0.5828123093750001 0.64218725625 0.5828123093750001 0.63906241875 0.585937690625 0.6375 0.585937690625 0.63593758125 0.5875 0.63281274375 0.5875 0.6265624187500001 0.59375 0.625 0.59375 0.6234375812499999 0.595312309375 0.6218751625000001 0.595312309375 0.6218751625000001 0.5968753796875 0.62031274375 0.598437690625 0.62031274375 0.6656253796875 0.625 0.6703123093750001 0.625 0.6718753796875 0.631250325 0.6781253796875 0.63281274375 0.6781253796875 0.64218725625 0.6875 0.64218725625 0.689062309375 0.643750325 0.6906253796875 0.643750325 0.7031253796875 0.64531274375 0.7046876906249999 0.6468751625 0.7046876906249999 0.65 0.7078123093750001 0.65 0.7093753796875 0.65156241875 0.710937690625 0.6531248374999999 0.710937690625 0.6593751625000001 0.717187690625 0.66406241875 0.717187690625 0.67031274375 0.723437690625 0.675 0.723437690625 0.67656241875 0.725 0.6781248375 0.725 0.67968725625 0.726562309375 0.69218725625 0.726562309375 0.69531274375 0.723437690625 0.69843758125 0.723437690625 0.7 0.7218753796875 0.70156241875 0.7218753796875 0.706250325 0.717187690625 0.7093751625 0.717187690625 0.7156248374999999 0.710937690625 0.718750325 0.710937690625 0.72031274375 0.7093753796875 0.7218751625000001 0.7093753796875 0.72656241875 0.7046876906249999 0.7281248375 0.7046876906249999 0.7343751625 0.6984376906249999 0.7375 0.6984376906249999 0.73906241875 0.6968753796875 0.7406248375 0.6968753796875 0.7406248375 0.695312309375 0.74218725625 0.69375 0.7437503249999999 0.69375 0.74531274375 0.692187690625 0.7468751625000001 0.692187690625 0.7484375812499999 0.6906253796875 0.7484375812499999 0.664062309375 0.75 0.6625 0.75 0.626562309375 0.7484375812499999 0.625 0.7484375812499999 0.6140623093750001 0.7468751625000001 0.6125 0.74531274375 0.6125 0.73593758125 0.6031253796875 0.73593758125 0.601562309375 0.7343751625 0.6 0.7343751625 0.598437690625 0.731249675 0.595312309375 0.731249675 0.592187690625 0.72968725625 0.5906253796875001 0.72968725625 0.5875 0.7281248375 0.585937690625 0.7281248375 0.5843753796875 0.72656241875 0.5843753796875 0.725 0.5828123093750001 0.72343758125 0.5828123093750001 0.7218751625000001 0.58125 0.71718725625 0.58125 0.7156248374999999 0.5796876906249999 0.71406241875 0.5796876906249999 0.71093758125 0.5765623093750001 0.7093751625 0.5765623093750001 0.70781274375 0.575 0.70468725625 0.575 0.7031248375 0.5734376906249999 0.70156241875 0.5734376906249999 0.69843758125 0.570312309375 0.69531274375 0.570312309375 0.6890624187500001 0.564062309375 0.6875 0.564062309375 0.6859375812499999 0.5625 0.67656241875 0.5625 0.67343758125 0.5656253796875 0.6718751625 0.5656253796875 0.66718725625 0.570312309375 0.6656248375 0.570312309375
36 0.74218725625 0.423437690625 0.7406248375 0.423437690625 0.73906241875 0.425 0.7375 0.425 0.73593758125 0.42656230937500006 0.7343751625 0.42656230937500006 0.72968725625 0.43125 0.72656241875 0.43125 0.725 0.43281230937500004 0.72343758125 0.43281230937500004 0.7218751625000001 0.4343753796875 0.72031274375 0.4343753796875 0.718750325 0.435937690625 0.71718725625 0.435937690625 0.7156248374999999 0.4375 0.71406241875 0.4375 0.7125 0.439062309375 0.7125 0.44062537968750004 0.70781274375 0.44531230937500005 0.70781274375 0.4468753796875 0.706250325 0.44843769062499994 0.706250325 0.45937537968750003 0.7031248375 0.4625 0.70156241875 0.4625 0.7 0.46406230937500004 0.7 0.4656253796875 0.6968751625 0.46875 0.69531274375 0.46875 0.693750325 0.470312309375 0.693750325 0.485937690625 0.69218725625 0.4875 0.69218725625 0.53125 0.693750325 0.532812309375 0.693750325 0.5421876906249999 0.69531274375 0.54375 0.69531274375 0.5453123093750001 0.6968751625 0.5468753796875 0.69843758125 0.5468753796875 0.7 0.5484376906249999 0.7031248375 0.5484376906249999 0.706250325 0.5515623093750001 0.706250325 0.5531253796875 0.70781274375 0.554687690625 0.71093758125 0.554687690625 0.71406241875 0.557812309375 0.7156248374999999 0.557812309375 0.718750325 0.560937690625 0.72343758125 0.560937690625 0.725 0.5625 0.72656241875 0.5625 0.7281248375 0.564062309375 0.72968725625 0.564062309375 0.731249675 0.5656253796875 0.7343751625 0.5656253796875 0.73906241875 0.560937690625 0.74218725625 0.560937690625 0.7437503249999999 0.5593753796875001 0.74531274375 0.5593753796875001 0.7484375812499999 0.55625 0.75 0.55625 0.7515624187500001 0.554687690625 0.75781274375 0.554687690625 0.7593751625 0.55625 0.76093758125 0.55625 0.76406241875 0.5593753796875001 0.7656248375 0.5593753796875001 0.76718725625 0.560937690625 0.7718751625 0.560937690625 0.77343758125 0.5625 0.77968725625 0.5625 0.781250325 0.560937690625 0.78593758125 0.560937690625 0.7875 0.5593753796875001 0.78906241875 0.5593753796875001 0.79218725625 0.55625 0.793749675 0.55625 0.79531274375 0.554687690625 0.79843758125 0.554687690625 0.8 0.5531253796875 0.80156241875 0.5531253796875 0.80468725625 0.55 0.806250325 0.55 0.8078127437499999 0.5484376906249999 0.8093751625 0.5484376906249999 0.8156248375 0.5421876906249999 0.8171872562500001 0.5421876906249999 0.8187503250000001 0.5406253796875 0.8187503250000001 0.482812309375 0.8171872562500001 0.48125 0.8171872562500001 0.470312309375 0.80468725625 0.45781230937500006 0.80468725625 0.451562309375 0.8031248375000001 0.45 0.8031248375000001 0.44843769062499994 0.79843758125 0.44375 0.79843758125 0.44218769062499996 0.79531274375 0.439062309375 0.793749675 0.439062309375 0.79218725625 0.4375 0.7906248375 0.4375 0.78906241875 0.435937690625 0.7875 0.435937690625 0.78281274375 0.43125 0.77968725625 0.43125 0.7781248374999999 0.42968769062499995 0.77656241875 0.42968769062499995 0.7718751625 0.425 0.77031274375 0.425 0.7656248375 0.420312309375 0.76406241875 0.420312309375 0.7625 0.41875 0.7468751625000001 0.41875 0.74531274375 0.420312309375 0.7437503249999999 0.420312309375 0.7437503249999999 0.4218753796875 0.74218725625 0.423437690625
17 0.23593758125000003 0.5765623093750001 0.23437516249999998 0.5781253796875 0.23281274375 0.5781253796875 0.23125032499999998 0.5796876906249999 0.22968725625 0.5796876906249999 0.2281248375 0.58125 0.22343758125000002 0.58125 0.2218751625 0.5828123093750001 0.22031274375 0.5828123093750001 0.21718725625 0.585937690625 0.2156248375 0.585937690625 0.21406241874999998 0.5875 0.2093751625 0.5875 0.20312483750000002 0.59375 0.20156241874999997 0.59375 0.19843758125 0.5968753796875 0.19843758125 0.6 0.19687516249999998 0.601562309375 0.19687516249999998 0.60625 0.19531274375000002 0.6078123093750001 0.19531274375000002 0.632812309375 0.193750325 0.6343753796875 0.193750325 0.6906253796875 0.19531274375000002 0.6906253796875 0.19687516249999998 0.692187690625 0.19843758125 0.692187690625 0.20312483750000002 0.6968753796875 0.20468725625 0.6968753796875 0.20624967500000002 0.6984376906249999 0.2093751625 0.6984376906249999 0.2125 0.7015623093750001 0.2125 0.7031253796875 0.21406241874999998 0.7046876906249999 0.21875032499999997 0.7046876906249999 0.22031274375 0.70625 0.2218751625 0.70625 0.22656241875 0.710937690625 0.2281248375 0.710937690625 0.23437516249999998 0.717187690625 0.2375 0.717187690625 0.23906241874999998 0.71875 0.24062483750000002 0.71875 0.24531274375 0.723437690625 0.2468751625 0.723437690625 0.24843758125 0.725 0.25 0.725 0.25156241874999996 0.726562309375 0.2625 0.726562309375 0.26406241874999997 0.725 0.2656248375 0.725 0.26718725625 0.723437690625 0.268749675 0.723437690625 0.27031274375000003 0.7218753796875 0.2718751625 0.7218753796875 0.27656241875 0.717187690625 0.28281274375 0.717187690625 0.2843751625 0.7156253796875001 0.28593758125 0.7156253796875001 0.28593758125 0.714062309375 0.2875 0.7125 0.28906241875 0.7125 0.2906248375 0.710937690625 0.293750325 0.710937690625 0.29531274375 0.7093753796875 0.2968751625 0.7093753796875 0.2968751625 0.7078123093750001 0.29843758125000003 0.70625 0.29843758125000003 0.7031253796875 0.3 0.7015623093750001 0.3 0.695312309375 0.29843758125000003 0.69375 0.29843758125000003 0.6718753796875 0.3 0.6703123093750001 0.3 0.66875 0.3031248375 0.6656253796875 0.3031248375 0.664062309375 0.30468725625 0.6625 0.30468725625 0.6593753796875 0.30937516249999997 0.654687690625 0.31093758125000004 0.654687690625 0.31718725625 0.648437690625 0.31718725625 0.6468753796875 0.318750325 0.6453123093750001 0.318750325 0.5968753796875 0.31562483750000003 0.59375 0.31406241874999996 0.59375 0.30781274375 0.5875 0.30468725625 0.5875 0.30156241875 0.5843753796875 0.3 0.5843753796875 0.29843758125000003 0.5828123093750001 0.2968751625 0.5828123093750001 0.29531274375 0.58125 0.293750325 0.58125 0.28906241875 0.5765623093750001 0.2875 0.5765623093750001 0.28593758125 0.575 0.2843751625 0.575 0.28281274375 0.5734376906249999 0.28125032499999997 0.5734376906249999 0.2781248375 0.570312309375 0.275 0.570312309375 0.27343758125 0.56875 0.2468751625 0.56875 0.24062483750000002 0.575 0.23906241874999998 0.575 0.2375 0.5765623093750001 0.23593758125000003 0.5765623093750001
37 0.381249675 0.564062309375 0.381249675 0.5656253796875 0.37812483750000003 0.56875 0.375 0.56875 0.37031274375 0.5734376906249999 0.368750325 0.5734376906249999 0.36718725625 0.575 0.3656248375 0.575 0.3593751625 0.58125 0.35781274375 0.58125 0.3531248375 0.585937690625 0.35156241875 0.585937690625 0.35 0.5875 0.34843758125 0.5875 0.3468751625 0.589062309375 0.34531274375 0.589062309375 0.3406248375 0.59375 0.33906241875 0.59375 0.33906241875 0.6718753796875 0.3468751625 0.679687690625 0.35 0.679687690625 0.35156241875 0.68125 0.3531248375 0.68125 0.35468725624999997 0.682812309375 0.35468725624999997 0.6843753796875001 0.356250325 0.685937690625 0.356250325 0.692187690625 0.35781274375 0.69375 0.35781274375 0.6968753796875 0.36093758125000003 0.7 0.36093758125000003 0.7015623093750001 0.3625 0.7031253796875 0.3625 0.7046876906249999 0.36718725625 0.7093753796875 0.368750325 0.7093753796875 0.37031274375 0.710937690625 0.37187516249999997 0.710937690625 0.37656241874999996 0.7156253796875001 0.37968725625 0.7156253796875001 0.381249675 0.717187690625 0.3843751625 0.717187690625 0.38593758125 0.71875 0.3875 0.71875 0.38906241874999997 0.720312309375 0.39218725625 0.720312309375 0.39375032499999996 0.7218753796875 0.40312483749999994 0.7218753796875 0.40312483749999994 0.720312309375 0.40781274375 0.7156253796875001 0.40937516250000006 0.7156253796875001 0.4125 0.7125 0.41406241875000005 0.7125 0.41562483749999996 0.710937690625 0.42031274375 0.710937690625 0.4218751625 0.7093753796875 0.42343758125 0.7093753796875 0.42812483749999997 0.7046876906249999 0.4343751625 0.7046876906249999 0.43593758125 0.7031253796875 0.4375 0.7031253796875 0.4406248375 0.7 0.44218725625 0.7 0.443749675 0.6984376906249999 0.44687516250000003 0.6984376906249999 0.4531248375 0.692187690625 0.45781274375000003 0.692187690625 0.46562483749999994 0.6843753796875001 0.46562483749999994 0.61875 0.46406241875000004 0.61875 0.45937516250000004 0.6140623093750001 0.45781274375000003 0.6140623093750001 0.45625032499999996 0.6125 0.45156241875 0.6125 0.44843758125 0.6093753796875 0.44843758125 0.6078123093750001 0.44687516250000003 0.60625 0.44687516250000003 0.6046876906249999 0.443749675 0.601562309375 0.443749675 0.6 0.44218725625 0.598437690625 0.44218725625 0.589062309375 0.42656241875 0.5734376906249999 0.425 0.5734376906249999 0.42343758125 0.5718753796875 0.42343758125 0.570312309375 0.4218751625 0.570312309375 0.42031274375 0.56875 0.418750325 0.56875 0.4125 0.5625 0.41093758124999996 0.5625 0.40937516250000006 0.560937690625 0.3875 0.560937690625 0.38593758125 0.5625 0.3843751625 0.5625 0.38281274375 0.564062309375 0.381249675 0.564062309375
36 0.45937516250000004 0.42656230937500006 0.45781274375000003 0.42812537968750003 0.45625032499999996 0.42812537968750003 0.45468725625 0.42968769062499995 0.4531248375 0.42968769062499995 0.45156241875 0.43125 0.44843758125 0.43125 0.44687516250000003 0.43281230937500004 0.44531274375 0.43281230937500004 0.4406248375 0.4375 0.4375 0.4375 0.43593758125 0.439062309375 0.4343751625 0.439062309375 0.42968725625 0.44375 0.42812483749999997 0.44375 0.42656241875 0.44531230937500005 0.425 0.44531230937500005 0.42031274375 0.45 0.41562483749999996 0.45 0.41093758124999996 0.454687690625 0.41093758124999996 0.5453123093750001 0.41406241875000005 0.5484376906249999 0.41562483749999996 0.5484376906249999 0.418750325 0.5515623093750001 0.418750325 0.5531253796875 0.42031274375 0.5531253796875 0.4218751625 0.554687690625 0.42656241875 0.554687690625 0.42812483749999997 0.55625 0.42968725625 0.55625 0.431250325 0.557812309375 0.431250325 0.5593753796875001 0.43281274375 0.560937690625 0.44687516250000003 0.560937690625 0.4531248375 0.554687690625 0.46562483749999994 0.554687690625 0.47187516250000006 0.560937690625 0.475 0.560937690625 0.47656241875000005 0.5625 0.47968725624999997 0.5625 0.481250325 0.564062309375 0.493750325 0.564062309375 0.4968751625 0.560937690625 0.5 0.560937690625 0.5015624187500001 0.5593753796875001 0.5031248374999999 0.5593753796875001 0.5062496750000001 0.55625 0.50781274375 0.55625 0.5093751625 0.554687690625 0.51406241875 0.554687690625 0.52031274375 0.5484376906249999 0.525 0.5484376906249999 0.52656241875 0.5468753796875 0.5281248374999999 0.5468753796875 0.5281248374999999 0.5453123093750001 0.53281274375 0.5406253796875 0.53281274375 0.48125 0.531250325 0.47968769062499994 0.531250325 0.47656230937500005 0.52968725625 0.475 0.52968725625 0.47343769062499996 0.525 0.46875 0.5218751625 0.46875 0.518750325 0.4656253796875 0.518750325 0.46406230937500004 0.51718725625 0.4625 0.51718725625 0.45781230937500006 0.5125 0.4531253796875 0.5125 0.451562309375 0.51093758125 0.45 0.51093758125 0.44531230937500005 0.5015624187500001 0.435937690625 0.5 0.435937690625 0.4968751625 0.43281230937500004 0.493750325 0.43281230937500004 0.49218725625 0.43125 0.4843751625 0.43125 0.48281274375 0.42968769062499995 0.481250325 0.42968769062499995 0.47968725624999997 0.42812537968750003 0.47812483749999996 0.42812537968750003 0.47656241875000005 0.42656230937500006 0.475 0.42656230937500006 0.47343758124999996 0.425 0.47187516250000006 0.425 0.47031274375 0.423437690625 0.46875032499999997 0.425 0.4625 0.425 0.46093758124999995 0.42656230937500006 0.45937516250000004 0.42656230937500006
0 0.6625 0.282812309375 0.65781274375 0.2875 0.6531248374999999 0.2875 0.65 0.2906253796875 0.65 0.292187690625 0.64531274375 0.2968753796875 0.64531274375 0.301562309375 0.643750325 0.30312537968750003 0.643750325 0.31562537968750004 0.6375 0.3218753796875 0.6375 0.323437690625 0.63593758125 0.325 0.6343751625 0.325 0.63281274375 0.32656230937499997 0.631250325 0.32656230937499997 0.625 0.332812309375 0.625 0.4031253796875 0.6265624187500001 0.404687690625 0.6281248374999999 0.404687690625 0.62968725625 0.40625 0.631250325 0.40625 0.6343751625 0.40937537968750004 0.63593758125 0.40937537968750004 0.6375 0.41093769062499996 0.64218725625 0.41093769062499996 0.64531274375 0.41406230937500005 0.6468751625 0.41406230937500005 0.64843758125 0.4156253796875 0.65468725625 0.4156253796875 0.656250325 0.41718769062499994 0.67031274375 0.41718769062499994 0.6718751625 0.4156253796875 0.67343758125 0.4156253796875 0.67656241875 0.4125 0.6812503249999999 0.4125 0.68281274375 0.41093769062499996 0.6859375812499999 0.41093769062499996 0.6875 0.4125 0.6906248374999999 0.4125 0.69531274375 0.41718769062499994 0.70468725625 0.41718769062499994 0.706250325 0.41875 0.71406241875 0.41875 0.7156248374999999 0.41718769062499994 0.725 0.41718769062499994 0.72656241875 0.4156253796875 0.7281248375 0.4156253796875 0.73281274375 0.41093769062499996 0.7343751625 0.41093769062499996 0.73593758125 0.40937537968750004 0.7375 0.40937537968750004 0.7406248375 0.40625 0.74218725625 0.40625 0.7437503249999999 0.404687690625 0.74531274375 0.404687690625 0.7468751625000001 0.4031253796875 0.7468751625000001 0.31562537968750004 0.7437503249999999 0.3125 0.7437503249999999 0.310937690625 0.74218725625 0.3093753796875 0.74218725625 0.307812309375 0.7406248375 0.30625 0.73906241875 0.30625 0.73281274375 0.3 0.731249675 0.3 0.72968725625 0.29843769062500003 0.7281248375 0.29843769062500003 0.725 0.29531230937499997 0.72343758125 0.29531230937499997 0.7218751625000001 0.29375 0.72031274375 0.29375 0.718750325 0.292187690625 0.71718725625 0.292187690625 0.7156248374999999 0.2906253796875 0.71406241875 0.2906253796875 0.7125 0.289062309375 0.7093751625 0.289062309375 0.70781274375 0.2875 0.7031248375 0.2875 0.7 0.28437537968750004 0.69843758125 0.28437537968750004 0.69531274375 0.28125 0.693750325 0.28125 0.69218725625 0.279687690625 0.67343758125 0.279687690625 0.6718751625 0.28125 0.6656248375 0.28125 0.66406241875 0.282812309375 0.6625 0.282812309375
36 0.2375 0.285937690625 0.23593758125000003 0.2875 0.23437516249999998 0.2875 0.23281274375 0.289062309375 0.22968725625 0.289062309375 0.2281248375 0.2906253796875 0.22656241875 0.2906253796875 0.22343758125000002 0.29375 0.22031274375 0.29375 0.21875032499999997 0.29531230937499997 0.2156248375 0.29531230937499997 0.2125 0.29843769062500003 0.21093758125 0.29843769062500003 0.2093751625 0.3 0.20624967500000002 0.3 0.20468725625 0.301562309375 0.20312483750000002 0.301562309375 0.19531274375000002 0.3093753796875 0.19531274375000002 0.367187690625 0.2 0.3718753796875 0.2 0.375 0.20156241874999997 0.376562309375 0.20156241874999997 0.37812537968750004 0.20624967500000002 0.382812309375 0.20624967500000002 0.39218769062500003 0.20781274375 0.39375 0.20781274375 0.398437690625 0.2093751625 0.4 0.2093751625 0.40156230937500004 0.21093758125 0.4031253796875 0.21093758125 0.40625 0.2125 0.407812309375 0.2125 0.40937537968750004 0.22031274375 0.41718769062499994 0.2218751625 0.41718769062499994 0.2281248375 0.423437690625 0.23281274375 0.423437690625 0.23437516249999998 0.425 0.23593758125000003 0.425 0.24062483750000002 0.42968769062499995 0.243750325 0.42968769062499995 0.24843758125 0.4343753796875 0.25 0.4343753796875 0.25156241874999996 0.435937690625 0.25781274375 0.435937690625 0.2593751625 0.4343753796875 0.26093758125 0.4343753796875 0.26406241874999997 0.43125 0.2656248375 0.43125 0.26718725625 0.42968769062499995 0.268749675 0.42968769062499995 0.27031274375000003 0.42812537968750003 0.2718751625 0.42812537968750003 0.27656241875 0.423437690625 0.27968725625 0.423437690625 0.28125032499999997 0.4218753796875 0.2843751625 0.4218753796875 0.2843751625 0.420312309375 0.28593758125 0.41875 0.2875 0.41875 0.28906241875 0.41718769062499994 0.2906248375 0.41718769062499994 0.29218725624999997 0.4156253796875 0.293750325 0.4156253796875 0.2968751625 0.4125 0.29843758125000003 0.4125 0.3 0.41093769062499996 0.30156241875 0.41093769062499996 0.30468725625 0.407812309375 0.30468725625 0.4 0.306250325 0.398437690625 0.306250325 0.395312309375 0.30937516249999997 0.39218769062500003 0.30937516249999997 0.38906230937499997 0.31093758125000004 0.3875 0.31093758125000004 0.37812537968750004 0.31718725625 0.3718753796875 0.31718725625 0.36875 0.318750325 0.367187690625 0.318750325 0.36562537968750003 0.32031274375 0.364062309375 0.32031274375 0.3218753796875 0.318750325 0.320312309375 0.318750325 0.317187690625 0.31718725625 0.31562537968750004 0.31718725625 0.3093753796875 0.31406241874999996 0.30625 0.3125 0.30625 0.30781274375 0.301562309375 0.306250325 0.301562309375 0.30468725625 0.3 0.30156241875 0.3 0.2968751625 0.29531230937499997 0.29531274375 0.29531230937499997 0.293750325 0.29375 0.2906248375 0.29375 0.28906241875 0.292187690625 0.2875 0.292187690625 0.2843751625 0.289062309375 0.28281274375 0.289062309375 0.28125032499999997 0.2875 0.27968725625 0.2875 0.2781248375 0.285937690625 0.27656241875 0.285937690625 0.27343758125 0.282812309375 0.24531274375 0.282812309375 0.243750325 0.28437537968750004 0.24062483750000002 0.28437537968750004 0.23906241874999998 0.285937690625 0.2375 0.285937690625
17 0.3031248375 0.717187690625 0.30156241875 0.71875 0.29843758125000003 0.71875 0.2968751625 0.720312309375 0.29531274375 0.720312309375 0.2906248375 0.725 0.28906241875 0.725 0.2875 0.726562309375 0.28593758125 0.726562309375 0.28281274375 0.7296876906249999 0.28125032499999997 0.7296876906249999 0.27968725625 0.73125 0.2781248375 0.73125 0.2718751625 0.7375 0.27031274375000003 0.7375 0.26718725625 0.7406253796875 0.26718725625 0.742187690625 0.2656248375 0.74375 0.2656248375 0.8343753796875 0.26718725625 0.8343753796875 0.268749675 0.835937690625 0.2718751625 0.835937690625 0.275 0.8390623093749999 0.275 0.8406253796875 0.27656241875 0.8421876906250001 0.27968725625 0.8421876906250001 0.28125032499999997 0.84375 0.28281274375 0.84375 0.2875 0.8484376906250001 0.2906248375 0.8484376906250001 0.293750325 0.851562309375 0.293750325 0.8531253796874999 0.29531274375 0.854687690625 0.29843758125000003 0.854687690625 0.3 0.85625 0.30156241875 0.85625 0.30468725625 0.8593753796874999 0.306250325 0.8593753796874999 0.30781274375 0.860937690625 0.30937516249999997 0.860937690625 0.3125 0.864062309375 0.3125 0.8656253796875 0.31406241874999996 0.867187690625 0.31718725625 0.867187690625 0.32031274375 0.8703123093749999 0.3218751625 0.8703123093749999 0.32343758125 0.8718753796875 0.325 0.8718753796875 0.32656241874999997 0.8734376906250001 0.33281274375000003 0.8734376906250001 0.33906241875 0.867187690625 0.3406248375 0.867187690625 0.3468751625 0.860937690625 0.35 0.860937690625 0.35156241875 0.8593753796874999 0.3531248375 0.8593753796874999 0.3531248375 0.857812309375 0.35468725624999997 0.85625 0.356250325 0.85625 0.35781274375 0.854687690625 0.3593751625 0.854687690625 0.36093758125000003 0.8531253796874999 0.3625 0.8531253796874999 0.3656248375 0.85 0.36718725625 0.85 0.368750325 0.8484376906250001 0.37187516249999997 0.8484376906250001 0.37343758125000004 0.8468753796874999 0.37343758125000004 0.8453123093749999 0.37656241874999996 0.8421876906250001 0.37968725625 0.8421876906250001 0.381249675 0.8406253796875 0.38281274375 0.8406253796875 0.38593758125 0.8375 0.3875 0.8375 0.38906241874999997 0.835937690625 0.3906248375 0.835937690625 0.39218725625 0.8343753796875 0.39218725625 0.832812309375 0.3968751625 0.8281253796874999 0.3968751625 0.7468753796875001 0.39375032499999996 0.74375 0.39375032499999996 0.742187690625 0.39218725625 0.7406253796875 0.39218725625 0.7390623093750001 0.3843751625 0.73125 0.38281274375 0.73125 0.381249675 0.7296876906249999 0.37968725625 0.7296876906249999 0.37656241874999996 0.726562309375 0.375 0.726562309375 0.37343758125000004 0.725 0.37187516249999997 0.725 0.37031274375 0.723437690625 0.368750325 0.723437690625 0.36406241875 0.71875 0.36093758125000003 0.71875 0.3593751625 0.717187690625 0.35781274375 0.717187690625 0.35468725624999997 0.714062309375 0.35468725624999997 0.7125 0.31093758125000004 0.7125 0.30937516249999997 0.714062309375 0.30781274375 0.714062309375 0.30468725625 0.717187690625 0.3031248375 0.717187690625
6 0.37968725625 0.285937690625 0.37812483750000003 0.2875 0.375 0.2875 0.37343758125000004 0.289062309375 0.37187516249999997 0.289062309375 0.36718725625 0.29375 0.36406241875 0.29375 0.3625 0.29531230937499997 0.36093758125000003 0.29531230937499997 0.35781274375 0.29843769062500003 0.356250325 0.29843769062500003 0.35468725624999997 0.3 0.35156241875 0.3 0.3468751625 0.304687690625 0.34531274375 0.304687690625 0.34218725625 0.307812309375 0.3406248375 0.307812309375 0.33906241875 0.3093753796875 0.33906241875 0.310937690625 0.3375 0.3125 0.3375 0.367187690625 0.33906241875 0.36875 0.33906241875 0.370312309375 0.34375032499999997 0.375 0.34375032499999997 0.376562309375 0.35 0.382812309375 0.35 0.404687690625 0.35156241875 0.40625 0.35156241875 0.40937537968750004 0.3531248375 0.40937537968750004 0.35468725624999997 0.41093769062499996 0.35468725624999997 0.4125 0.356250325 0.41406230937500005 0.356250325 0.4156253796875 0.35781274375 0.41718769062499994 0.36093758125000003 0.41718769062499994 0.3656248375 0.4218753796875 0.36718725625 0.4218753796875 0.368750325 0.423437690625 0.37187516249999997 0.423437690625 0.375 0.42656230937500006 0.375 0.42812537968750003 0.37656241874999996 0.42968769062499995 0.37968725625 0.42968769062499995 0.3843751625 0.4343753796875 0.38593758125 0.4343753796875 0.3875 0.435937690625 0.3906248375 0.435937690625 0.39375032499999996 0.439062309375 0.40937516250000006 0.439062309375 0.4125 0.435937690625 0.41562483749999996 0.435937690625 0.41718725624999997 0.4343753796875 0.41718725624999997 0.43281230937500004 0.42031274375 0.42968769062499995 0.42343758125 0.42968769062499995 0.425 0.42812537968750003 0.42656241875 0.42812537968750003 0.42968725625 0.425 0.431250325 0.425 0.43281274375 0.423437690625 0.4343751625 0.423437690625 0.43593758125 0.4218753796875 0.43593758125 0.420312309375 0.43906241875 0.41718769062499994 0.44531274375 0.41718769062499994 0.45156241875 0.41093769062499996 0.4531248375 0.41093769062499996 0.45468725625 0.40937537968750004 0.45468725625 0.407812309375 0.45781274375000003 0.404687690625 0.45937516250000004 0.404687690625 0.46562483749999994 0.398437690625 0.46562483749999994 0.3375 0.46406241875000004 0.335937690625 0.46406241875000004 0.33437537968750003 0.4625 0.332812309375 0.4625 0.325 0.46093758124999995 0.323437690625 0.46093758124999995 0.310937690625 0.45937516250000004 0.3093753796875 0.45937516250000004 0.307812309375 0.45781274375000003 0.307812309375 0.45625032499999996 0.30625 0.4531248375 0.30625 0.45156241875 0.304687690625 0.45 0.304687690625 0.44687516250000003 0.301562309375 0.443749675 0.301562309375 0.44218725625 0.3 0.4406248375 0.3 0.43906241875 0.29843769062500003 0.43593758125 0.29843769062500003 0.4343751625 0.2968753796875 0.43281274375 0.2968753796875 0.431250325 0.29531230937499997 0.42812483749999997 0.29531230937499997 0.425 0.292187690625 0.42343758125 0.292187690625 0.4218751625 0.2906253796875 0.42031274375 0.2906253796875 0.41718725624999997 0.2875 0.41562483749999996 0.2875 0.41406241875000005 0.285937690625 0.4125 0.285937690625 0.41093758124999996 0.28437537968750004 0.40937516250000006 0.28437537968750004 0.40781274375 0.282812309375 0.3875 0.282812309375 0.38593758125 0.28437537968750004 0.38281274375 0.28437537968750004 0.381249675 0.285937690625 0.37968725625 0.285937690625
37 0.318750325 0.42968769062499995 0.31718725625 0.42812537968750003 0.31406241874999996 0.42812537968750003 0.31093758125000004 0.43125 0.30781274375 0.43125 0.306250325 0.43281230937500004 0.3031248375 0.43281230937500004 0.3 0.435937690625 0.29843758125000003 0.435937690625 0.2968751625 0.4375 0.293750325 0.4375 0.29218725624999997 0.439062309375 0.28906241875 0.439062309375 0.2843751625 0.44375 0.28125032499999997 0.44375 0.27968725625 0.44531230937500005 0.2781248375 0.44531230937500005 0.27343758125 0.45 0.2718751625 0.45 0.268749675 0.4531253796875 0.268749675 0.46093769062499995 0.26718725625 0.4625 0.26718725625 0.51875 0.268749675 0.5203123093750001 0.268749675 0.5281253796875001 0.27031274375000003 0.529687690625 0.2718751625 0.529687690625 0.27343758125 0.53125 0.275 0.53125 0.2781248375 0.5343753796875 0.27968725625 0.5343753796875 0.28125032499999997 0.535937690625 0.28281274375 0.535937690625 0.2875 0.5406253796875 0.2875 0.55625 0.28906241875 0.557812309375 0.28906241875 0.5593753796875001 0.293750325 0.564062309375 0.293750325 0.5656253796875 0.29531274375 0.567187690625 0.2968751625 0.567187690625 0.29843758125000003 0.56875 0.3 0.56875 0.3031248375 0.5718753796875 0.30468725625 0.5718753796875 0.306250325 0.5734376906249999 0.30937516249999997 0.5734376906249999 0.3125 0.5765623093750001 0.3125 0.5781253796875 0.31406241874999996 0.5796876906249999 0.31718725625 0.5796876906249999 0.32031274375 0.5828123093750001 0.3218751625 0.5828123093750001 0.32343758125 0.5843753796875 0.3343751625 0.5843753796875 0.33906241875 0.5796876906249999 0.3406248375 0.5796876906249999 0.34218725625 0.5781253796875 0.34375032499999997 0.5781253796875 0.34375032499999997 0.5765623093750001 0.34531274375 0.575 0.34843758125 0.575 0.35 0.5734376906249999 0.3531248375 0.5734376906249999 0.3593751625 0.567187690625 0.36406241875 0.567187690625 0.37031274375 0.560937690625 0.37343758125000004 0.560937690625 0.375 0.5593753796875001 0.37812483750000003 0.5593753796875001 0.37812483750000003 0.557812309375 0.37968725625 0.55625 0.381249675 0.55625 0.38281274375 0.554687690625 0.3843751625 0.554687690625 0.39218725625 0.5468753796875 0.39218725625 0.5453123093750001 0.39375032499999996 0.54375 0.39375032499999996 0.5421876906249999 0.39531274375000003 0.5406253796875 0.39531274375000003 0.470312309375 0.39375032499999996 0.46875 0.39375032499999996 0.4625 0.39218725625 0.46093769062499995 0.39218725625 0.45781230937500006 0.38593758125 0.451562309375 0.3843751625 0.451562309375 0.38281274375 0.45 0.37656241874999996 0.45 0.375 0.44843769062499994 0.37343758125000004 0.44843769062499994 0.37187516249999997 0.4468753796875 0.37031274375 0.4468753796875 0.368750325 0.44531230937500005 0.36406241875 0.44531230937500005 0.3625 0.44375 0.35468725624999997 0.44375 0.3531248375 0.44218769062499996 0.35156241875 0.44218769062499996 0.34843758125 0.439062309375 0.34843758125 0.4375 0.34218725625 0.43125 0.3406248375 0.43125 0.3375 0.42812537968750003 0.33593758125 0.42812537968750003 0.3343751625 0.42656230937500006 0.32656241874999997 0.42656230937500006 0.325 0.42812537968750003 0.32343758125 0.42812537968750003 0.3218751625 0.42968769062499995 0.318750325 0.42968769062499995
35 0.45156241875 0.13125 0.44531274375 0.1375 0.4406248375 0.1375 0.4343751625 0.14375 0.43281274375 0.14375 0.42812483749999997 0.148437690625 0.42656241875 0.148437690625 0.425 0.15 0.42343758125 0.15 0.4218751625 0.15156230937499998 0.42031274375 0.15156230937499998 0.41562483749999996 0.15625 0.41406241875000005 0.15625 0.4125 0.157812309375 0.4125 0.15937537968749999 0.40937516250000006 0.1625 0.40937516250000006 0.22812537968750002 0.4125 0.23125 0.4125 0.232812309375 0.418750325 0.239062309375 0.418750325 0.251562309375 0.42031274375 0.25312537968750004 0.42031274375 0.254687690625 0.4218751625 0.25625 0.4218751625 0.257812309375 0.42343758125 0.2593753796875 0.42343758125 0.260937690625 0.425 0.2625 0.425 0.2656253796875 0.42656241875 0.26718769062500003 0.42812483749999997 0.26718769062500003 0.43281274375 0.27187537968750003 0.4343751625 0.27187537968750003 0.43593758125 0.273437690625 0.4406248375 0.273437690625 0.44218725625 0.275 0.443749675 0.275 0.44687516250000003 0.2781253796875 0.44843758125 0.2781253796875 0.45 0.279687690625 0.4531248375 0.279687690625 0.45937516250000004 0.285937690625 0.46093758124999995 0.285937690625 0.4625 0.2875 0.46406241875000004 0.2875 0.46875032499999997 0.292187690625 0.48281274375 0.292187690625 0.48906241875 0.285937690625 0.49531274375 0.285937690625 0.5015624187500001 0.279687690625 0.50468725625 0.279687690625 0.5062496750000001 0.2781253796875 0.50781274375 0.2781253796875 0.51093758125 0.275 0.5125 0.275 0.51406241875 0.273437690625 0.5156248375 0.273437690625 0.5218751625 0.26718769062500003 0.52656241875 0.26718769062500003 0.5343751625000001 0.2593753796875 0.5343751625000001 0.19062537968749999 0.53281274375 0.189062309375 0.53281274375 0.1875 0.531250325 0.185937690625 0.531250325 0.1843753796875 0.52968725625 0.18281230937499998 0.52968725625 0.176562309375 0.5281248374999999 0.176562309375 0.52343758125 0.1718753796875 0.52343758125 0.16875 0.5218751625 0.167187690625 0.5218751625 0.164062309375 0.518750325 0.16093769062500002 0.518750325 0.157812309375 0.51718725625 0.15625 0.51718725625 0.15156230937499998 0.5156248375 0.15 0.51406241875 0.15 0.51093758125 0.1468753796875 0.51093758125 0.145312309375 0.5093751625 0.145312309375 0.50781274375 0.14375 0.5062496750000001 0.14375 0.50468725625 0.142187690625 0.5031248374999999 0.142187690625 0.49843758125 0.1375 0.49531274375 0.1375 0.49218725625 0.1343753796875 0.49218725625 0.132812309375 0.49062483749999997 0.13125 0.48906241875 0.13125 0.4843751625 0.126562309375 0.48281274375 0.126562309375 0.481250325 0.125 0.45781274375000003 0.125 0.45625032499999996 0.126562309375 0.45625032499999996 0.12812537968749999 0.4531248375 0.13125 0.45156241875 0.13125
37 0.59531274375 0.42812537968750003 0.593750325 0.42968769062499995 0.5906248374999999 0.42968769062499995 0.58906241875 0.43125 0.58593758125 0.43125 0.5843751625 0.43281230937500004 0.58281274375 0.43281230937500004 0.58281274375 0.4343753796875 0.581250325 0.435937690625 0.57968725625 0.435937690625 0.5781248375 0.4375 0.57656241875 0.4375 0.575 0.439062309375 0.575 0.4468753796875 0.57343758125 0.44843769062499994 0.57343758125 0.4531253796875 0.57031274375 0.45625 0.57031274375 0.45781230937500006 0.5687496750000001 0.45937537968750003 0.5687496750000001 0.46093769062499995 0.5609375812499999 0.46875 0.55781274375 0.46875 0.5531248375 0.47343769062499996 0.5531248375 0.5421876906249999 0.5562503249999999 0.5453123093750001 0.5562503249999999 0.5468753796875 0.55781274375 0.5484376906249999 0.5609375812499999 0.5484376906249999 0.5625 0.55 0.5640624187500001 0.55 0.56718725625 0.5531253796875 0.5687496750000001 0.5531253796875 0.57031274375 0.554687690625 0.57343758125 0.554687690625 0.575 0.55625 0.57656241875 0.55625 0.57968725625 0.5593753796875001 0.581250325 0.5593753796875001 0.58281274375 0.560937690625 0.5843751625 0.560937690625 0.58593758125 0.5625 0.5875 0.5625 0.5906248374999999 0.5656253796875 0.59218725625 0.5656253796875 0.593750325 0.567187690625 0.5968751625000001 0.567187690625 0.6031248375 0.5734376906249999 0.60468725625 0.5734376906249999 0.6093751625 0.5781253796875 0.61093758125 0.5781253796875 0.6125 0.5796876906249999 0.61718725625 0.5796876906249999 0.6187503249999999 0.5781253796875 0.6218751625000001 0.5781253796875 0.6234375812499999 0.5765623093750001 0.6234375812499999 0.575 0.6265624187500001 0.5718753796875 0.6343751625 0.5718753796875 0.6375 0.56875 0.63906241875 0.56875 0.6406248375 0.567187690625 0.6468751625 0.567187690625 0.64843758125 0.5656253796875 0.64843758125 0.564062309375 0.65156241875 0.560937690625 0.656250325 0.560937690625 0.65781274375 0.5593753796875001 0.6593751625000001 0.5593753796875001 0.66406241875 0.554687690625 0.6656248375 0.554687690625 0.675 0.5453123093750001 0.675 0.54375 0.67656241875 0.5421876906249999 0.67656241875 0.47656230937500005 0.675 0.475 0.675 0.47343769062499996 0.67343758125 0.47187537968750004 0.67343758125 0.470312309375 0.6718751625 0.46875 0.67031274375 0.46875 0.66718725625 0.4656253796875 0.66718725625 0.46406230937500004 0.66093758125 0.45781230937500006 0.66093758125 0.4468753796875 0.65156241875 0.4375 0.65 0.4375 0.64843758125 0.435937690625 0.6468751625 0.435937690625 0.643750325 0.43281230937500004 0.6406248375 0.43281230937500004 0.63906241875 0.43125 0.63281274375 0.43125 0.631250325 0.42968769062499995 0.62968725625 0.42968769062499995 0.6281248374999999 0.42812537968750003 0.6265624187500001 0.42812537968750003 0.6234375812499999 0.425 0.6031248375 0.425 0.60156241875 0.42656230937500006 0.59843758125 0.42656230937500006 0.5968751625000001 0.42812537968750003 0.59531274375 0.42812537968750003
35 0.5843751625 0.71875 0.58281274375 0.720312309375 0.581250325 0.720312309375 0.581250325 0.7218753796875 0.5781248375 0.725 0.57656241875 0.725 0.575 0.726562309375 0.57343758125 0.726562309375 0.57031274375 0.7296876906249999 0.5687496750000001 0.7296876906249999 0.56718725625 0.73125 0.5640624187500001 0.73125 0.5625 0.7328123093750001 0.5625 0.7343753796875 0.5609375812499999 0.7359376906249999 0.5593751625000001 0.7359376906249999 0.55156241875 0.74375 0.55156241875 0.8109376906250001 0.55468725625 0.8140623093749999 0.55468725625 0.8156253796874999 0.55781274375 0.81875 0.5593751625000001 0.81875 0.5640624187500001 0.823437690625 0.5656248374999999 0.823437690625 0.5687496750000001 0.826562309375 0.5687496750000001 0.829687690625 0.57031274375 0.83125 0.57031274375 0.835937690625 0.5718751625 0.8375 0.5718751625 0.8406253796875 0.57343758125 0.8421876906250001 0.57343758125 0.84375 0.575 0.8453123093749999 0.575 0.8468753796874999 0.57656241875 0.8484376906250001 0.57656241875 0.85 0.57968725625 0.8531253796874999 0.581250325 0.8531253796874999 0.58281274375 0.854687690625 0.5843751625 0.854687690625 0.5875 0.857812309375 0.5875 0.8593753796874999 0.58906241875 0.8593753796874999 0.5906248374999999 0.860937690625 0.59218725625 0.860937690625 0.5968751625000001 0.8656253796875 0.59843758125 0.8656253796875 0.6 0.867187690625 0.6031248375 0.867187690625 0.60781274375 0.8718753796875 0.61718725625 0.8718753796875 0.62031274375 0.86875 0.6218751625000001 0.86875 0.6234375812499999 0.867187690625 0.6265624187500001 0.867187690625 0.63281274375 0.860937690625 0.63593758125 0.860937690625 0.6406248375 0.85625 0.64218725625 0.85625 0.643750325 0.854687690625 0.64531274375 0.854687690625 0.6468751625 0.8531253796874999 0.64843758125 0.8531253796874999 0.6531248374999999 0.8484376906250001 0.656250325 0.8484376906250001 0.65781274375 0.8468753796874999 0.6593751625000001 0.8468753796874999 0.66406241875 0.8421876906250001 0.66718725625 0.8421876906250001 0.668749675 0.8406253796875 0.67031274375 0.8406253796875 0.675 0.835937690625 0.67656241875 0.835937690625 0.67968725625 0.832812309375 0.67968725625 0.74375 0.6781248375 0.742187690625 0.6781248375 0.7406253796875 0.675 0.7375 0.67343758125 0.7375 0.668749675 0.7328123093750001 0.66718725625 0.7328123093750001 0.6656248375 0.73125 0.66406241875 0.73125 0.65781274375 0.725 0.6531248374999999 0.725 0.64843758125 0.720312309375 0.6468751625 0.720312309375 0.64531274375 0.71875 0.64218725625 0.71875 0.6406248375 0.717187690625 0.63906241875 0.717187690625 0.6375 0.7156253796875001 0.6375 0.714062309375 0.63593758125 0.7125 0.593750325 0.7125 0.5906248374999999 0.7156253796875001 0.58906241875 0.7156253796875001 0.58593758125 0.71875 0.5843751625 0.71875
35 0.30781274375 0.13125 0.306250325 0.132812309375 0.306250325 0.1343753796875 0.30468725625 0.135937690625 0.3031248375 0.135937690625 0.30156241875 0.1375 0.29843758125000003 0.1375 0.2968751625 0.139062309375 0.29531274375 0.139062309375 0.2906248375 0.14375 0.28906241875 0.14375 0.28281274375 0.15 0.28125032499999997 0.15 0.27968725625 0.15156230937499998 0.2781248375 0.15156230937499998 0.27343758125 0.15625 0.2718751625 0.15625 0.2656248375 0.1625 0.2656248375 0.22343769062500002 0.268749675 0.226562309375 0.268749675 0.22812537968750002 0.275 0.23437537968750002 0.275 0.24062537968750003 0.27656241875 0.242187690625 0.27656241875 0.2468753796875 0.2781248375 0.248437690625 0.2781248375 0.25 0.27968725625 0.251562309375 0.27968725625 0.25625 0.28125032499999997 0.257812309375 0.28125032499999997 0.26406230937499997 0.2843751625 0.26718769062500003 0.28906241875 0.26718769062500003 0.29531274375 0.273437690625 0.30156241875 0.273437690625 0.306250325 0.2781253796875 0.30781274375 0.2781253796875 0.30937516249999997 0.279687690625 0.31093758125000004 0.279687690625 0.3125 0.28125 0.31406241874999996 0.28125 0.31718725625 0.28437537968750004 0.318750325 0.28437537968750004 0.32031274375 0.285937690625 0.32343758125 0.285937690625 0.325 0.2875 0.3375 0.2875 0.33906241875 0.285937690625 0.3406248375 0.285937690625 0.3468751625 0.279687690625 0.35 0.279687690625 0.35156241875 0.2781253796875 0.3531248375 0.2781253796875 0.35781274375 0.273437690625 0.3625 0.273437690625 0.36406241875 0.27187537968750003 0.3656248375 0.27187537968750003 0.37031274375 0.26718769062500003 0.37187516249999997 0.26718769062500003 0.37968725625 0.2593753796875 0.37968725625 0.24062537968750003 0.381249675 0.239062309375 0.381249675 0.2375 0.38281274375 0.235937690625 0.3843751625 0.235937690625 0.3843751625 0.23437537968750002 0.38593758125 0.232812309375 0.38593758125 0.23125 0.38906241874999997 0.22812537968750002 0.3906248375 0.22812537968750002 0.3906248375 0.226562309375 0.39218725625 0.225 0.39218725625 0.1656253796875 0.38281274375 0.15625 0.381249675 0.15625 0.37968725625 0.154687690625 0.37812483750000003 0.154687690625 0.37343758125000004 0.15 0.37031274375 0.15 0.36718725625 0.1468753796875 0.36718725625 0.145312309375 0.3656248375 0.14375 0.36406241875 0.14375 0.3625 0.142187690625 0.36093758125000003 0.142187690625 0.3593751625 0.1406253796875 0.3593751625 0.139062309375 0.35781274375 0.139062309375 0.356250325 0.1375 0.3531248375 0.1375 0.35156241875 0.135937690625 0.35 0.135937690625 0.34843758125 0.1343753796875 0.34843758125 0.132812309375 0.3468751625 0.13125 0.34531274375 0.13125 0.33906241875 0.125 0.318750325 0.125 0.31406241874999996 0.12968769062500002 0.3125 0.12968769062500002 0.31093758125000004 0.13125 0.30781274375 0.13125
17 0.57968725625 0.14375 0.5781248375 0.145312309375 0.57656241875 0.145312309375 0.5718751625 0.15 0.57031274375 0.15 0.5687496750000001 0.15156230937499998 0.5687496750000001 0.1531253796875 0.56718725625 0.154687690625 0.56718725625 0.15625 0.5640624187500001 0.15937537968749999 0.5640624187500001 0.1625 0.5625 0.164062309375 0.5625 0.173437690625 0.5562503249999999 0.179687690625 0.5562503249999999 0.18125 0.55468725625 0.18281230937499998 0.55468725625 0.1843753796875 0.5531248375 0.185937690625 0.5531248375 0.254687690625 0.5593751625000001 0.260937690625 0.5640624187500001 0.260937690625 0.5687496750000001 0.2656253796875 0.57031274375 0.2656253796875 0.5718751625 0.26718769062500003 0.575 0.26718769062500003 0.57656241875 0.26875 0.5781248375 0.26875 0.581250325 0.27187537968750003 0.5906248374999999 0.27187537968750003 0.59531274375 0.26718769062500003 0.6093751625 0.26718769062500003 0.6125 0.270312309375 0.6125 0.27187537968750003 0.61406241875 0.27187537968750003 0.6156248375 0.273437690625 0.61718725625 0.273437690625 0.6187503249999999 0.275 0.62031274375 0.275 0.6218751625000001 0.276562309375 0.6375 0.276562309375 0.6406248375 0.273437690625 0.64531274375 0.273437690625 0.65 0.26875 0.65156241875 0.26875 0.6531248374999999 0.26718769062500003 0.65781274375 0.26718769062500003 0.66406241875 0.260937690625 0.66718725625 0.260937690625 0.668749675 0.2593753796875 0.67031274375 0.2593753796875 0.6718751625 0.257812309375 0.6718751625 0.25625 0.67343758125 0.254687690625 0.67343758125 0.248437690625 0.675 0.2468753796875 0.675 0.242187690625 0.67656241875 0.24062537968750003 0.67656241875 0.220312309375 0.675 0.21875 0.675 0.18281230937499998 0.67343758125 0.18125 0.67343758125 0.164062309375 0.6718751625 0.1625 0.67031274375 0.1625 0.6656248375 0.157812309375 0.66406241875 0.157812309375 0.6625 0.15625 0.6593751625000001 0.15625 0.6531248374999999 0.15 0.64843758125 0.15 0.6468751625 0.148437690625 0.64531274375 0.148437690625 0.6406248375 0.14375 0.63906241875 0.14375 0.6375 0.142187690625 0.63593758125 0.142187690625 0.63281274375 0.139062309375 0.631250325 0.139062309375 0.62968725625 0.1375 0.6281248374999999 0.1375 0.625 0.1343753796875 0.59843758125 0.1343753796875 0.59531274375 0.1375 0.5906248374999999 0.1375 0.5843751625 0.14375 0.57968725625 0.14375
35 0.16718725625 0.42656230937500006 0.16406241875 0.42968769062499995 0.1625 0.42968769062499995 0.16093758125 0.43125 0.15781274375 0.43125 0.1531248375 0.435937690625 0.15156241875 0.435937690625 0.15 0.4375 0.1468751625 0.4375 0.14531274375 0.439062309375 0.143750325 0.439062309375 0.14062483750000002 0.44218769062499996 0.13906241875 0.44218769062499996 0.1375 0.44375 0.13437516249999998 0.44375 0.1281248375 0.45 0.12656241875000002 0.45 0.12656241875000002 0.4656253796875 0.1281248375 0.467187690625 0.13281274375000002 0.4625 0.13437516249999998 0.4625 0.13593758125 0.46093769062499995 0.14218725625 0.46093769062499995 0.143750325 0.45937537968750003 0.1468751625 0.45937537968750003 0.14843758125 0.46093769062499995 0.15156241875 0.46093769062499995 0.156250325 0.4656253796875 0.156250325 0.47187537968750004 0.15781274375 0.47343769062499996 0.15781274375 0.475 0.16093758125 0.4781253796875 0.16093758125 0.47968769062499994 0.1625 0.48125 0.1625 0.482812309375 0.168750325 0.48906230937500006 0.168750325 0.49218769062499995 0.16718725625 0.49375 0.16718725625 0.49531230937500004 0.16406241875 0.498437690625 0.1625 0.498437690625 0.16093758125 0.5 0.15781274375 0.5 0.15156241875 0.50625 0.15 0.50625 0.1468751625 0.5093753796875 0.13906241875 0.5093753796875 0.13593758125 0.50625 0.13281274375000002 0.50625 0.1281248375 0.501562309375 0.12656241875000002 0.501562309375 0.12656241875000002 0.5156253796875 0.131250325 0.5203123093750001 0.131250325 0.5218753796875 0.13281274375000002 0.523437690625 0.13281274375000002 0.525 0.13593758125 0.5281253796875001 0.13593758125 0.53125 0.1375 0.532812309375 0.1375 0.5515623093750001 0.14062483750000002 0.554687690625 0.14531274375 0.554687690625 0.15156241875 0.560937690625 0.15781274375 0.560937690625 0.16406241875 0.567187690625 0.168750325 0.567187690625 0.17031274375 0.56875 0.17187516249999998 0.56875 0.17656241875 0.5734376906249999 0.17812483750000002 0.5734376906249999 0.17968725624999998 0.575 0.181250325 0.575 0.18281274375 0.5765623093750001 0.1906248375 0.5765623093750001 0.19218725625 0.575 0.193750325 0.575 0.19531274375000002 0.5734376906249999 0.19687516249999998 0.5734376906249999 0.20156241874999997 0.56875 0.20312483750000002 0.56875 0.20468725625 0.567187690625 0.2093751625 0.567187690625 0.2156248375 0.560937690625 0.21718725625 0.560937690625 0.21875032499999997 0.5593753796875001 0.22031274375 0.5593753796875001 0.22343758125000002 0.55625 0.22343758125000002 0.554687690625 0.225 0.5531253796875 0.225 0.5515623093750001 0.2281248375 0.5484376906249999 0.2281248375 0.5453123093750001 0.22968725625 0.54375 0.22968725625 0.5218753796875 0.23125032499999998 0.5203123093750001 0.23125032499999998 0.51875 0.23281274375 0.5171876906249999 0.23437516249999998 0.5171876906249999 0.23593758125000003 0.5156253796875 0.23593758125000003 0.5140623093750001 0.23906241874999998 0.5109376906249999 0.24062483750000002 0.5109376906249999 0.24218725624999998 0.5093753796875 0.24218725624999998 0.507812309375 0.24531274375 0.504687690625 0.2468751625 0.504687690625 0.2468751625 0.454687690625 0.24218725624999998 0.45 0.24062483750000002 0.45 0.23437516249999998 0.44375 0.23125032499999998 0.44375 0.22656241875 0.439062309375 0.225 0.439062309375 0.22343758125000002 0.4375 0.22031274375 0.4375 0.21875032499999997 0.435937690625 0.21718725625 0.435937690625 0.21406241874999998 0.43281230937500004 0.2125 0.43281230937500004 0.2093751625 0.42968769062499995 0.20781274375 0.42968769062499995 0.20468725625 0.42656230937500006 0.20312483750000002 0.42656230937500006 0.20156241874999997 0.425 0.19687516249999998 0.425 0.19531274375000002 0.423437690625 0.175 0.423437690625 0.17343758125 0.425 0.17031274375 0.425 0.168750325 0.42656230937500006 0.16718725625 0.42656230937500006
27 0.35156241875 0.276562309375 0.35156241875 0.2781253796875 0.35 0.279687690625 0.34843758125 0.279687690625 0.3468751625 0.28125 0.34531274375 0.28125 0.34375032499999997 0.282812309375 0.34375032499999997 0.28437537968750004 0.3406248375 0.2875 0.33906241875 0.2875 0.33281274375000003 0.29375 0.33281274375000003 0.304687690625 0.3343751625 0.30625 0.34218725625 0.30625 0.34375032499999997 0.304687690625 0.34843758125 0.304687690625 0.35 0.30312537968750003 0.35156241875 0.30312537968750003 0.35468725624999997 0.3 0.356250325 0.3 0.35781274375 0.29843769062500003 0.3593751625 0.29843769062500003 0.36093758125000003 0.2968753796875 0.36093758125000003 0.29531230937499997 0.36406241875 0.292187690625 0.36718725625 0.292187690625 0.368750325 0.2906253796875 0.37031274375 0.2906253796875 0.37343758125000004 0.2875 0.375 0.2875 0.37656241874999996 0.285937690625 0.37812483750000003 0.285937690625 0.37968725625 0.28437537968750004 0.37968725625 0.282812309375 0.38281274375 0.279687690625 0.38281274375 0.270312309375 0.3625 0.270312309375 0.35781274375 0.275 0.35468725624999997 0.275 0.3531248375 0.276562309375 0.35156241875 0.276562309375
25 0.6468751625 0.26875 0.6406248375 0.275 0.63906241875 0.275 0.6375 0.276562309375 0.6375 0.2781253796875 0.6343751625 0.28125 0.63281274375 0.28125 0.631250325 0.282812309375 0.631250325 0.29531230937499997 0.6468751625 0.29531230937499997 0.64843758125 0.29375 0.65 0.29375 0.65156241875 0.292187690625 0.6531248374999999 0.292187690625 0.6593751625000001 0.285937690625 0.66406241875 0.285937690625 0.67031274375 0.279687690625 0.6718751625 0.279687690625 0.67343758125 0.2781253796875 0.67343758125 0.276562309375 0.67656241875 0.273437690625 0.6781248375 0.273437690625 0.67968725625 0.27187537968750003 0.67968725625 0.26875 0.6812503249999999 0.26718769062500003 0.6812503249999999 0.2593753796875 0.6625 0.2593753796875 0.6593751625000001 0.2625 0.65781274375 0.2625 0.65156241875 0.26875 0.6468751625 0.26875
26 0.55156241875 0.5625 0.55156241875 0.564062309375 0.5531248375 0.5656253796875 0.55468725625 0.5656253796875 0.5562503249999999 0.567187690625 0.55781274375 0.567187690625 0.5640624187500001 0.5734376906249999 0.5656248374999999 0.5734376906249999 0.5718751625 0.5796876906249999 0.575 0.5796876906249999 0.57656241875 0.58125 0.5781248375 0.58125 0.58281274375 0.585937690625 0.5843751625 0.585937690625 0.5875 0.589062309375 0.5875 0.5906253796875001 0.58906241875 0.592187690625 0.59218725625 0.592187690625 0.5968751625000001 0.5968753796875 0.6093751625 0.5968753796875 0.61093758125 0.595312309375 0.61093758125 0.5828123093750001 0.6093751625 0.58125 0.6093751625 0.5796876906249999 0.60468725625 0.575 0.6031248375 0.575 0.5968751625000001 0.56875 0.59531274375 0.56875 0.58906241875 0.5625 0.5843751625 0.5625 0.5781248375 0.55625 0.57656241875 0.55625 0.57031274375 0.55 0.5656248374999999 0.55 0.5593751625000001 0.54375 0.54843758125 0.54375 0.54843758125 0.5515623093750001 0.55 0.5531253796875 0.55 0.560937690625 0.55156241875 0.5625
26 0.5625 0.7093753796875 0.5593751625000001 0.7125 0.55781274375 0.7125 0.5562503249999999 0.714062309375 0.55468725625 0.714062309375 0.55468725625 0.7156253796875001 0.5531248375 0.717187690625 0.55156241875 0.717187690625 0.5468751625 0.7218753796875 0.5468751625 0.7375 0.54843758125 0.7375 0.55 0.7390623093750001 0.5562503249999999 0.7390623093750001 0.55781274375 0.7375 0.5593751625000001 0.7375 0.5609375812499999 0.7359376906249999 0.5656248374999999 0.7359376906249999 0.56718725625 0.7343753796875 0.56718725625 0.7328123093750001 0.57031274375 0.7296876906249999 0.5718751625 0.7296876906249999 0.57343758125 0.7281253796875 0.575 0.7281253796875 0.5781248375 0.725 0.57968725625 0.725 0.581250325 0.723437690625 0.58281274375 0.723437690625 0.59218725625 0.714062309375 0.59218725625 0.7015623093750001 0.5718751625 0.7015623093750001 0.56718725625 0.70625 0.5640624187500001 0.70625 0.5625 0.7078123093750001 0.5625 0.7093753796875
12 0.71093758125 0.6453123093750001 0.7093751625 0.64375 0.6593751625000001 0.64375 0.6593751625000001 0.7046876906249999 0.7093751625 0.7046876906249999 0.71093758125 0.7031253796875 0.71093758125 0.6453123093750001
11 0.23437516249999998 0.35625 0.23437516249999998 0.4156253796875 0.2843751625 0.4156253796875 0.2843751625 0.35625 0.23437516249999998 0.35625
34 0.7375 0.56875 0.7375 0.6078123093750001 0.7406248375 0.6109376906249999 0.768750325 0.6109376906249999 0.77031274375 0.6093753796875 0.7718751625 0.6093753796875 0.7718751625 0.6078123093750001 0.77343758125 0.60625 0.77343758125 0.6031253796875 0.775 0.601562309375 0.775 0.589062309375 0.77343758125 0.5875 0.77343758125 0.56875 0.76718725625 0.5625 0.76718725625 0.560937690625 0.76406241875 0.557812309375 0.74531274375 0.557812309375 0.74531274375 0.5593753796875001 0.73906241875 0.5656253796875 0.73906241875 0.567187690625 0.7375 0.56875
26 0.43281274375 0.7 0.431250325 0.7015623093750001 0.431250325 0.7031253796875 0.42812483749999997 0.70625 0.42656241875 0.70625 0.425 0.7078123093750001 0.42343758125 0.7078123093750001 0.42343758125 0.7093753796875 0.4218751625 0.710937690625 0.42031274375 0.710937690625 0.418750325 0.7125 0.41562483749999996 0.7125 0.40937516250000006 0.71875 0.40781274375 0.71875 0.40625032499999997 0.720312309375 0.40625032499999997 0.723437690625 0.40468725625 0.725 0.40468725625 0.7359376906249999 0.40625032499999997 0.7375 0.40625032499999997 0.7406253796875 0.41562483749999996 0.7406253796875 0.42031274375 0.7359376906249999 0.4218751625 0.7359376906249999 0.42343758125 0.7343753796875 0.425 0.7343753796875 0.42968725625 0.7296876906249999 0.43281274375 0.7296876906249999 0.43906241875 0.723437690625 0.4406248375 0.723437690625 0.44687516250000003 0.717187690625 0.45156241875 0.717187690625 0.45781274375000003 0.710937690625 0.45937516250000004 0.710937690625 0.46093758124999995 0.7093753796875 0.46093758124999995 0.7078123093750001 0.46406241875000004 0.7046876906249999 0.46562483749999994 0.7046876906249999 0.46718725625 0.7031253796875 0.46718725625 0.692187690625 0.44843758125 0.692187690625 0.44687516250000003 0.69375 0.44531274375 0.69375 0.43906241875 0.7 0.43281274375 0.7
7 0.23437516249999998 0.64375 0.23437516249999998 0.7031253796875 0.2843751625 0.7031253796875 0.2843751625 0.64375 0.23437516249999998 0.64375
25 0.625 0.132812309375 0.625 0.1343753796875 0.6265624187500001 0.135937690625 0.6281248374999999 0.135937690625 0.6343751625 0.142187690625 0.6375 0.142187690625 0.63906241875 0.14375 0.6406248375 0.14375 0.64531274375 0.148437690625 0.6468751625 0.148437690625 0.6531248374999999 0.154687690625 0.65781274375 0.154687690625 0.66406241875 0.16093769062500002 0.6656248375 0.16093769062500002 0.668749675 0.164062309375 0.668749675 0.1656253796875 0.67968725625 0.1656253796875 0.67968725625 0.164062309375 0.68281274375 0.16093769062500002 0.68281274375 0.15156230937499998 0.6812503249999999 0.15 0.6812503249999999 0.148437690625 0.67968725625 0.1468753796875 0.67968725625 0.145312309375 0.6781248375 0.14375 0.67656241875 0.14375 0.67031274375 0.1375 0.6656248375 0.1375 0.6593751625000001 0.13125 0.65781274375 0.13125 0.656250325 0.12968769062500002 0.65468725625 0.12968769062500002 0.6531248374999999 0.12812537968749999 0.6531248374999999 0.126562309375 0.65156241875 0.126562309375 0.65 0.125 0.6468751625 0.125 0.6406248375 0.11875 0.63906241875 0.11875 0.6343751625 0.11406230937499999 0.6156248375 0.11406230937499999 0.6156248375 0.125 0.62031274375 0.12968769062500002 0.6218751625000001 0.12968769062500002 0.625 0.132812309375
26 0.481250325 0.7078123093750001 0.481250325 0.7093753796875 0.48281274375 0.710937690625 0.48593758125 0.710937690625 0.4875 0.7125 0.48906241875 0.7125 0.493750325 0.717187690625 0.4968751625 0.717187690625 0.5 0.720312309375 0.5 0.7218753796875 0.5015624187500001 0.723437690625 0.5031248374999999 0.723437690625 0.50781274375 0.7281253796875 0.5093751625 0.7281253796875 0.51093758125 0.7296876906249999 0.51406241875 0.7296876906249999 0.52031274375 0.7359376906249999 0.52343758125 0.7359376906249999 0.525 0.7375 0.5281248374999999 0.7375 0.52968725625 0.7390623093750001 0.53593758125 0.7390623093750001 0.5375 0.7375 0.5375 0.7218753796875 0.5343751625000001 0.71875 0.53281274375 0.71875 0.52968725625 0.7156253796875001 0.52968725625 0.714062309375 0.5281248374999999 0.7125 0.52656241875 0.7125 0.525 0.710937690625 0.52343758125 0.710937690625 0.52031274375 0.7078123093750001 0.518750325 0.7078123093750001 0.51718725625 0.70625 0.51406241875 0.70625 0.51093758125 0.7031253796875 0.51093758125 0.7015623093750001 0.5093751625 0.7 0.50468725625 0.7 0.5031248374999999 0.6984376906249999 0.5015624187500001 0.6984376906249999 0.5 0.6968753796875 0.5 0.695312309375 0.49843758125 0.695312309375 0.4968751625 0.69375 0.49531274375 0.69375 0.49218725625 0.6906253796875 0.49218725625 0.689062309375 0.475 0.689062309375 0.475 0.7031253796875 0.47656241875000005 0.7046876906249999 0.47812483749999996 0.7046876906249999 0.481250325 0.7078123093750001
28 0.1375 0.5718753796875 0.13906241875 0.5734376906249999 0.14062483750000002 0.5734376906249999 0.143750325 0.5765623093750001 0.143750325 0.5781253796875 0.14531274375 0.5796876906249999 0.14843758125 0.5796876906249999 0.1531248375 0.5843753796875 0.15468725625 0.5843753796875 0.156250325 0.585937690625 0.1593751625 0.585937690625 0.1625 0.589062309375 0.1625 0.5906253796875001 0.16406241875 0.592187690625 0.16718725625 0.592187690625 0.168750325 0.59375 0.17187516249999998 0.59375 0.17343758125 0.595312309375 0.18281274375 0.595312309375 0.1843751625 0.59375 0.1843751625 0.58125 0.17812483750000002 0.575 0.17656241875 0.575 0.17031274375 0.56875 0.16718725625 0.56875 0.1625 0.564062309375 0.16093758125 0.564062309375 0.1593751625 0.5625 0.15781274375 0.5625 0.15468725625 0.5593753796875001 0.15468725625 0.557812309375 0.1531248375 0.55625 0.15156241875 0.55625 0.15 0.554687690625 0.13281274375000002 0.554687690625 0.13281274375000002 0.567187690625 0.13437516249999998 0.567187690625 0.1375 0.570312309375 0.1375 0.5718753796875
28 0.2093751625 0.564062309375 0.20468725625 0.56875 0.20156241874999997 0.56875 0.2 0.570312309375 0.2 0.5718753796875 0.19687516249999998 0.575 0.19531274375000002 0.575 0.193750325 0.5765623093750001 0.193750325 0.5781253796875 0.19218725625 0.5796876906249999 0.19218725625 0.58125 0.1906248375 0.5828123093750001 0.1906248375 0.5906253796875001 0.19218725625 0.592187690625 0.19218725625 0.59375 0.193750325 0.595312309375 0.20312483750000002 0.595312309375 0.20624967500000002 0.592187690625 0.2093751625 0.592187690625 0.21093758125 0.5906253796875001 0.21093758125 0.589062309375 0.21406241874999998 0.585937690625 0.2156248375 0.585937690625 0.21718725625 0.5843753796875 0.21875032499999997 0.5843753796875 0.2218751625 0.58125 0.22343758125000002 0.58125 0.225 0.5796876906249999 0.2281248375 0.5796876906249999 0.22968725625 0.5781253796875 0.22968725625 0.5765623093750001 0.23281274375 0.5734376906249999 0.23437516249999998 0.5734376906249999 0.23593758125000003 0.5718753796875 0.23593758125000003 0.570312309375 0.2375 0.56875 0.2375 0.567187690625 0.23906241874999998 0.5656253796875 0.23906241874999998 0.5625 0.2375 0.560937690625 0.2375 0.557812309375 0.21875032499999997 0.557812309375 0.21406241874999998 0.5625 0.2125 0.5625 0.21093758125 0.564062309375 0.2093751625 0.564062309375
9 0.493750325 0.8484376906250001 0.49531274375 0.8468753796874999 0.4968751625 0.8468753796874999 0.4968751625 0.8453123093749999 0.49843758125 0.84375 0.49843758125 0.789062309375 0.4968751625 0.7875 0.44687516250000003 0.7875 0.44687516250000003 0.8468753796874999 0.44843758125 0.8468753796874999 0.45 0.8484376906250001 0.493750325 0.8484376906250001
25 0.5843751625 0.11875 0.5781248375 0.125 0.57656241875 0.125 0.5718751625 0.12968769062500002 0.57031274375 0.12968769062500002 0.5687496750000001 0.13125 0.5656248374999999 0.13125 0.5640624187500001 0.132812309375 0.5640624187500001 0.154687690625 0.5718751625 0.154687690625 0.57343758125 0.1531253796875 0.575 0.1531253796875 0.5781248375 0.15 0.57968725625 0.15 0.581250325 0.148437690625 0.5843751625 0.148437690625 0.58593758125 0.1468753796875 0.58593758125 0.145312309375 0.58906241875 0.142187690625 0.5906248374999999 0.142187690625 0.59218725625 0.1406253796875 0.593750325 0.1406253796875 0.5968751625000001 0.1375 0.59843758125 0.1375 0.6 0.135937690625 0.60156241875 0.135937690625 0.61093758125 0.126562309375 0.61093758125 0.11406230937499999 0.59218725625 0.11406230937499999 0.58906241875 0.11718769062500001 0.5875 0.11718769062500001 0.58593758125 0.11875 0.5843751625 0.11875
8 0.45468725625 0.55625 0.45625032499999996 0.554687690625 0.4625 0.554687690625 0.46406241875000004 0.55625 0.46562483749999994 0.55625 0.46875032499999997 0.5593753796875001 0.493750325 0.5593753796875001 0.4968751625 0.55625 0.4968751625 0.501562309375 0.44687516250000003 0.501562309375 0.44687516250000003 0.557812309375 0.44843758125 0.557812309375 0.45 0.55625 0.45468725625 0.55625
13 0.60781274375 0.26718769062500003 0.6093751625 0.26875 0.61093758125 0.26875 0.6125 0.270312309375 0.6125 0.27187537968750003 0.61406241875 0.273437690625 0.63593758125 0.273437690625 0.6375 0.27187537968750003 0.63906241875 0.27187537968750003 0.6406248375 0.270312309375 0.6406248375 0.2125 0.63906241875 0.2125 0.6375 0.210937690625 0.58906241875 0.210937690625 0.58906241875 0.27187537968750003 0.5906248374999999 0.27187537968750003 0.59531274375 0.26718769062500003 0.60781274375 0.26718769062500003
27 0.13593758125 0.423437690625 0.13437516249999998 0.425 0.13281274375000002 0.425 0.12656241875000002 0.43125 0.125 0.43125 0.12343758125 0.43281230937500004 0.1218751625 0.43281230937500004 0.12031274375 0.4343753796875 0.12031274375 0.4531253796875 0.12968725625 0.4531253796875 0.13437516249999998 0.44843769062499994 0.1375 0.44843769062499994 0.13906241875 0.4468753796875 0.14062483750000002 0.4468753796875 0.14531274375 0.44218769062499996 0.1468751625 0.44218769062499996 0.14843758125 0.44062537968750004 0.14843758125 0.439062309375 0.15156241875 0.435937690625 0.1531248375 0.435937690625 0.15468725625 0.4343753796875 0.156250325 0.4343753796875 0.1593751625 0.43125 0.16093758125 0.43125 0.1625 0.42968769062499995 0.16406241875 0.42968769062499995 0.17187516249999998 0.4218753796875 0.17187516249999998 0.41406230937500005 0.15 0.41406230937500005 0.14531274375 0.41875 0.14218725625 0.41875 0.1375 0.423437690625 0.13593758125 0.423437690625
34 0.8093751625 0.46093769062499995 0.8125 0.46406230937500004 0.8125 0.4656253796875 0.8421872562500001 0.4656253796875 0.8421872562500001 0.46406230937500004 0.8453127437499999 0.46093769062499995 0.8468751625 0.46093769062499995 0.8468751625 0.42968769062499995 0.8453127437499999 0.42812537968750003 0.8453127437499999 0.42656230937500006 0.8421872562500001 0.423437690625 0.8421872562500001 0.420312309375 0.8406248375 0.41875 0.83906241875 0.41875 0.83593758125 0.4156253796875 0.83593758125 0.41406230937500005 0.8140624187500001 0.41406230937500005 0.8140624187500001 0.4156253796875 0.8078127437499999 0.4218753796875 0.8078127437499999 0.46093769062499995 0.8093751625 0.46093769062499995
25 0.5156248375 0.55 0.5093751625 0.55625 0.50781274375 0.55625 0.5015624187500001 0.5625 0.5 0.5625 0.4968751625 0.5656253796875 0.49531274375 0.5656253796875 0.49218725625 0.56875 0.49062483749999997 0.56875 0.48906241875 0.570312309375 0.48906241875 0.5828123093750001 0.4968751625 0.5828123093750001 0.49843758125 0.58125 0.5031248374999999 0.58125 0.50468725625 0.5796876906249999 0.51093758125 0.5796876906249999 0.5125 0.5781253796875 0.5156248375 0.5781253796875 0.5156248375 0.5765623093750001 0.51718725625 0.575 0.518750325 0.575 0.52031274375 0.5734376906249999 0.5218751625 0.5734376906249999 0.52343758125 0.5718753796875 0.52343758125 0.570312309375 0.52656241875 0.567187690625 0.52968725625 0.567187690625 0.531250325 0.5656253796875 0.53281274375 0.5656253796875 0.5406248375 0.557812309375 0.5406248375 0.55625 0.54218725625 0.554687690625 0.54218725625 0.5453123093750001 0.52343758125 0.5453123093750001 0.52031274375 0.5484376906249999 0.518750325 0.5484376906249999 0.51718725625 0.55 0.5156248375 0.55
2 0.58593758125 0.28125 0.58593758125 0.285937690625 0.5843751625 0.2875 0.5843751625 0.3093753796875 0.58593758125 0.310937690625 0.58593758125 0.3125 0.5875 0.314062309375 0.5875 0.320312309375 0.5906248374999999 0.323437690625 0.6156248375 0.323437690625 0.61718725625 0.325 0.625 0.325 0.6265624187500001 0.323437690625 0.6343751625 0.323437690625 0.63593758125 0.3218753796875 0.63593758125 0.320312309375 0.63906241875 0.317187690625 0.6406248375 0.317187690625 0.64218725625 0.31562537968750004 0.64218725625 0.304687690625 0.643750325 0.30312537968750003 0.64218725625 0.301562309375 0.64218725625 0.2968753796875 0.6406248375 0.29531230937499997 0.63906241875 0.29531230937499997 0.6375 0.29375 0.631250325 0.29375 0.62968725625 0.292187690625 0.6265624187500001 0.292187690625 0.625 0.2906253796875 0.625 0.2875 0.6234375812499999 0.285937690625 0.6234375812499999 0.282812309375 0.61718725625 0.276562309375 0.61718725625 0.275 0.6156248375 0.275 0.61093758125 0.270312309375 0.61093758125 0.26875 0.593750325 0.26875 0.593750325 0.270312309375 0.5875 0.276562309375 0.5875 0.279687690625 0.58593758125 0.28125
14 0.5656248374999999 0.64375 0.51718725625 0.64375 0.51718725625 0.7031253796875 0.56718725625 0.7031253796875 0.56718725625 0.6453123093750001 0.5656248374999999 0.64375
14 0.35468725624999997 0.21406230937499998 0.3531248375 0.2125 0.3031248375 0.2125 0.3031248375 0.273437690625 0.3531248375 0.273437690625 0.35468725624999997 0.27187537968750003 0.35468725624999997 0.21406230937499998
12 0.35468725624999997 0.501562309375 0.3531248375 0.5 0.306250325 0.5 0.306250325 0.560937690625 0.3531248375 0.560937690625 0.35468725624999997 0.5593753796875001 0.35468725624999997 0.501562309375
33 0.17031274375 0.375 0.168750325 0.376562309375 0.168750325 0.37812537968750004 0.16718725625 0.379687690625 0.16718725625 0.4125 0.168750325 0.41406230937500005 0.168750325 0.4156253796875 0.17031274375 0.41718769062499994 0.20312483750000002 0.41718769062499994 0.20468725625 0.4156253796875 0.20468725625 0.41093769062499996 0.20624967500000002 0.40937537968750004 0.20624967500000002 0.40156230937500004 0.20468725625 0.4 0.20468725625 0.376562309375 0.20312483750000002 0.375 0.20156241874999997 0.375 0.19843758125 0.3718753796875 0.19843758125 0.370312309375 0.19687516249999998 0.36875 0.17656241875 0.36875 0.175 0.370312309375 0.175 0.3718753796875 0.17187516249999998 0.375 0.17031274375 0.375
33 0.09843758124999999 0.525 0.09843758124999999 0.526562309375 0.0968751625 0.5281253796875001 0.0968751625 0.55625 0.10156241875000001 0.560937690625 0.106250325 0.560937690625 0.10781274375000001 0.5625 0.1125 0.5625 0.11406241875 0.560937690625 0.11562483750000001 0.560937690625 0.11718725625 0.5625 0.1281248375 0.5625 0.12968725625 0.560937690625 0.13281274375000002 0.560937690625 0.13593758125 0.557812309375 0.13593758125 0.526562309375 0.131250325 0.5218753796875 0.131250325 0.5203123093750001 0.12343758125 0.5125 0.106250325 0.5125 0.106250325 0.5140623093750001 0.1 0.5203123093750001 0.1 0.523437690625 0.09843758124999999 0.525
33 0.6968751625 0.467187690625 0.69843758125 0.4656253796875 0.69843758125 0.46406230937500004 0.70156241875 0.46093769062499995 0.7031248375 0.46093769062499995 0.7031248375 0.425 0.70156241875 0.425 0.69843758125 0.4218753796875 0.69843758125 0.420312309375 0.69531274375 0.41718769062499994 0.6718751625 0.41718769062499994 0.6656248375 0.423437690625 0.6656248375 0.4625 0.67031274375 0.467187690625 0.6968751625 0.467187690625
11 0.6375 0.5593753796875001 0.6406248375 0.55625 0.6406248375 0.5 0.63906241875 0.5 0.6375 0.498437690625 0.58906241875 0.498437690625 0.58906241875 0.560937690625 0.6343751625 0.560937690625 0.63593758125 0.5593753796875001 0.6375 0.5593753796875001
7 0.6781248375 0.41406230937500005 0.67968725625 0.41406230937500005 0.6812503249999999 0.4125 0.6859375812499999 0.4125 0.6890624187500001 0.4156253796875 0.70781274375 0.4156253796875 0.7093751625 0.41406230937500005 0.7093751625 0.4125 0.71093758125 0.41093769062499996 0.71093758125 0.35781230937499997 0.7093751625 0.35625 0.66093758125 0.35625 0.66093758125 0.41406230937500005 0.6625 0.4156253796875 0.67656241875 0.4156253796875 0.6781248375 0.41406230937500005
28 0.28125032499999997 0.4218753796875 0.2781248375 0.425 0.27343758125 0.425 0.2718751625 0.42656230937500006 0.27031274375000003 0.42656230937500006 0.2656248375 0.43125 0.26406241874999997 0.43125 0.2625 0.43281230937500004 0.2625 0.44843769062499994 0.26406241874999997 0.45 0.27343758125 0.45 0.275 0.44843769062499994 0.2781248375 0.44843769062499994 0.27968725625 0.4468753796875 0.28125032499999997 0.4468753796875 0.28593758125 0.44218769062499996 0.28906241875 0.44218769062499996 0.29531274375 0.435937690625 0.2968751625 0.435937690625 0.3031248375 0.42968769062499995 0.306250325 0.42968769062499995 0.30781274375 0.42812537968750003 0.30937516249999997 0.42812537968750003 0.30937516249999997 0.42656230937500006 0.3125 0.423437690625 0.3125 0.4218753796875 0.31406241874999996 0.420312309375 0.31406241874999996 0.41718769062499994 0.31562483750000003 0.4156253796875 0.31562483750000003 0.41406230937500005 0.31406241874999996 0.4125 0.2906248375 0.4125 0.2843751625 0.41875 0.28281274375 0.41875 0.28125032499999997 0.420312309375 0.28125032499999997 0.4218753796875
13 0.42656241875 0.6453123093750001 0.425 0.64375 0.37656241874999996 0.64375 0.37656241874999996 0.7046876906249999 0.4218751625 0.7046876906249999 0.42656241875 0.7 0.42656241875 0.6453123093750001
27 0.20781274375 0.28125 0.20312483750000002 0.28125 0.19687516249999998 0.2875 0.19531274375000002 0.2875 0.1906248375 0.292187690625 0.18906241875000002 0.292187690625 0.18906241875000002 0.307812309375 0.19843758125 0.307812309375 0.2 0.30625 0.20156241874999997 0.30625 0.20312483750000002 0.304687690625 0.2093751625 0.304687690625 0.21093758125 0.30312537968750003 0.21093758125 0.301562309375 0.21406241874999998 0.29843769062500003 0.21718725625 0.29843769062500003 0.2218751625 0.29375 0.22343758125000002 0.29375 0.225 0.292187690625 0.2281248375 0.292187690625 0.22968725625 0.2906253796875 0.22968725625 0.289062309375 0.23281274375 0.285937690625 0.23437516249999998 0.285937690625 0.23593758125000003 0.28437537968750004 0.2375 0.28437537968750004 0.24062483750000002 0.28125 0.24062483750000002 0.279687690625 0.24218725624999998 0.2781253796875 0.24218725624999998 0.26875 0.22031274375 0.26875 0.22031274375 0.270312309375 0.2156248375 0.275 0.21406241874999998 0.275 0.20781274375 0.28125
27 0.2781248375 0.282812309375 0.28125032499999997 0.285937690625 0.2843751625 0.285937690625 0.2875 0.289062309375 0.2875 0.2906253796875 0.28906241875 0.292187690625 0.2906248375 0.292187690625 0.29531274375 0.2968753796875 0.2968751625 0.2968753796875 0.29843758125000003 0.29843769062500003 0.3031248375 0.29843769062500003 0.306250325 0.301562309375 0.306250325 0.30312537968750003 0.30781274375 0.304687690625 0.31093758125000004 0.304687690625 0.3125 0.30625 0.318750325 0.30625 0.32031274375 0.307812309375 0.32343758125 0.304687690625 0.32343758125 0.30312537968750003 0.325 0.301562309375 0.325 0.2968753796875 0.32343758125 0.29531230937499997 0.32343758125 0.289062309375 0.3218751625 0.2875 0.32031274375 0.2875 0.318750325 0.285937690625 0.31718725625 0.285937690625 0.31406241874999996 0.282812309375 0.3125 0.282812309375 0.31093758125000004 0.28125 0.30781274375 0.28125 0.30468725625 0.2781253796875 0.30468725625 0.276562309375 0.3031248375 0.275 0.3 0.275 0.29843758125000003 0.273437690625 0.2968751625 0.273437690625 0.29218725624999997 0.26875 0.27343758125 0.26875 0.27343758125 0.2781253796875 0.27656241875 0.28125 0.27656241875 0.282812309375 0.2781248375 0.282812309375
31 0.52343758125 0.173437690625 0.52656241875 0.176562309375 0.5562503249999999 0.176562309375 0.5609375812499999 0.1718753796875 0.5609375812499999 0.1375 0.5593751625000001 0.135937690625 0.5593751625000001 0.1343753796875 0.5562503249999999 0.13125 0.55468725625 0.13125 0.55 0.126562309375 0.531250325 0.126562309375 0.525 0.132812309375 0.525 0.135937690625 0.52343758125 0.1375 0.52343758125 0.173437690625
28 0.79843758125 0.5515623093750001 0.79531274375 0.554687690625 0.793749675 0.554687690625 0.79218725625 0.55625 0.7906248375 0.55625 0.7843751625000001 0.5625 0.78281274375 0.5625 0.77968725625 0.5656253796875 0.77968725625 0.567187690625 0.7781248374999999 0.56875 0.7781248374999999 0.5875 0.77968725625 0.5875 0.781250325 0.585937690625 0.78906241875 0.585937690625 0.79531274375 0.5796876906249999 0.7968751625 0.5796876906249999 0.8031248375000001 0.5734376906249999 0.8078127437499999 0.5734376906249999 0.8140624187500001 0.567187690625 0.8156248375 0.567187690625 0.8171872562500001 0.5656253796875 0.8171872562500001 0.564062309375 0.82031274375 0.560937690625 0.8218751624999999 0.560937690625 0.82343758125 0.5593753796875001 0.82343758125 0.55625 0.825 0.554687690625 0.825 0.5453123093750001 0.8078127437499999 0.5453123093750001 0.8031248375000001 0.55 0.80156241875 0.55 0.8 0.5515623093750001 0.79843758125 0.5515623093750001
27 0.42656241875 0.2875 0.42812483749999997 0.2875 0.43281274375 0.292187690625 0.4343751625 0.292187690625 0.4375 0.29531230937499997 0.4375 0.2968753796875 0.43906241875 0.29843769062500003 0.44218725625 0.29843769062500003 0.443749675 0.3 0.44531274375 0.3 0.44843758125 0.30312537968750003 0.45 0.30312537968750003 0.45156241875 0.304687690625 0.4531248375 0.304687690625 0.45625032499999996 0.307812309375 0.46718725625 0.307812309375 0.46718725625 0.29375 0.46562483749999994 0.292187690625 0.46562483749999994 0.2906253796875 0.46406241875000004 0.289062309375 0.4625 0.289062309375 0.46093758124999995 0.2875 0.45781274375000003 0.2875 0.45468725625 0.28437537968750004 0.45468725625 0.282812309375 0.4531248375 0.28125 0.45156241875 0.28125 0.44531274375 0.275 0.4406248375 0.275 0.43593758125 0.270312309375 0.41718725624999997 0.270312309375 0.41718725624999997 0.28125 0.4218751625 0.285937690625 0.425 0.285937690625 0.42656241875 0.2875
33 0.24062483750000002 0.232812309375 0.24062483750000002 0.27187537968750003 0.24218725624999998 0.273437690625 0.27343758125 0.273437690625 0.275 0.27187537968750003 0.27656241875 0.27187537968750003 0.2781248375 0.270312309375 0.2781248375 0.2375 0.27343758125 0.232812309375 0.27343758125 0.23125 0.26718725625 0.225 0.24531274375 0.225 0.24531274375 0.226562309375 0.243750325 0.22812537968750002 0.243750325 0.229687690625 0.24062483750000002 0.232812309375
3 0.5875 0.6593753796875 0.58593758125 0.660937690625 0.58593758125 0.695312309375 0.5875 0.6968753796875 0.5875 0.6984376906249999 0.58906241875 0.7 0.58906241875 0.7015623093750001 0.5906248374999999 0.7031253796875 0.59218725625 0.7031253796875 0.59531274375 0.70625 0.6234375812499999 0.70625 0.625 0.7078123093750001 0.6281248374999999 0.7078123093750001 0.62968725625 0.70625 0.631250325 0.70625 0.63281274375 0.7046876906249999 0.6375 0.7046876906249999 0.63906241875 0.7031253796875 0.6406248375 0.7031253796875 0.6406248375 0.7015623093750001 0.64218725625 0.7 0.64218725625 0.682812309375 0.6406248375 0.68125 0.63906241875 0.68125 0.63593758125 0.6781253796875 0.63593758125 0.6765623093750001 0.6343751625 0.675 0.6265624187500001 0.675 0.6234375812499999 0.6718753796875 0.6234375812499999 0.664062309375 0.6218751625000001 0.6625 0.62031274375 0.6625 0.61718725625 0.6593753796875 0.61718725625 0.657812309375 0.6156248375 0.65625 0.61406241875 0.65625 0.61093758125 0.6531253796875001 0.593750325 0.6531253796875001 0.5906248374999999 0.65625 0.58906241875 0.65625 0.5875 0.657812309375 0.5875 0.6593753796875
28 0.82031274375 0.470312309375 0.82031274375 0.5421876906249999 0.8343751625 0.5421876906249999 0.8343751625 0.470312309375 0.82031274375 0.470312309375
25 0.55 0.275 0.55156241875 0.275 0.5562503249999999 0.279687690625 0.55781274375 0.279687690625 0.5640624187500001 0.285937690625 0.5656248374999999 0.285937690625 0.5687496750000001 0.289062309375 0.5687496750000001 0.2906253796875 0.57031274375 0.292187690625 0.581250325 0.292187690625 0.58281274375 0.2906253796875 0.58281274375 0.275 0.57968725625 0.27187537968750003 0.57968725625 0.270312309375 0.5781248375 0.26875 0.57656241875 0.26875 0.575 0.26718769062500003 0.57343758125 0.26718769062500003 0.57031274375 0.26406230937499997 0.5687496750000001 0.26406230937499997 0.56718725625 0.2625 0.5656248374999999 0.2625 0.5609375812499999 0.257812309375 0.54531274375 0.257812309375 0.54531274375 0.27187537968750003 0.5468751625 0.273437690625 0.54843758125 0.273437690625 0.55 0.275
2 0.443749675 0.564062309375 0.443749675 0.601562309375 0.44843758125 0.60625 0.44843758125 0.6078123093750001 0.45156241875 0.6109376906249999 0.49062483749999997 0.6109376906249999 0.49218725625 0.6093753796875 0.493750325 0.6093753796875 0.4968751625 0.60625 0.4968751625 0.6046876906249999 0.49843758125 0.6031253796875 0.49843758125 0.5875 0.49218725625 0.58125 0.4875 0.58125 0.48593758125 0.5796876906249999 0.48281274375 0.5796876906249999 0.481250325 0.5781253796875 0.481250325 0.5765623093750001 0.47968725624999997 0.575 0.47968725624999997 0.56875 0.46875032499999997 0.557812309375 0.46875032499999997 0.55625 0.45156241875 0.55625 0.45156241875 0.557812309375 0.44687516250000003 0.5625 0.44531274375 0.5625 0.443749675 0.564062309375
3 0.51406241875 0.8421876906250001 0.5156248375 0.8421876906250001 0.518750325 0.8453123093749999 0.518750325 0.8468753796874999 0.525 0.8531253796874999 0.5593751625000001 0.8531253796874999 0.5640624187500001 0.8484376906250001 0.5656248374999999 0.8484376906250001 0.56718725625 0.8468753796874999 0.56718725625 0.8453123093749999 0.57031274375 0.8421876906250001 0.5718751625 0.8421876906250001 0.5718751625 0.825 0.57031274375 0.825 0.5656248374999999 0.820312309375 0.5640624187500001 0.820312309375 0.5625 0.81875 0.55781274375 0.81875 0.55 0.8109376906250001 0.55 0.8093753796875 0.54843758125 0.8078123093749999 0.54843758125 0.801562309375 0.543750325 0.7968753796875 0.52343758125 0.7968753796875 0.5218751625 0.7984376906249999 0.52031274375 0.7984376906249999 0.51406241875 0.804687690625 0.51406241875 0.8421876906250001
16 0.53593758125 0.41093769062499996 0.5375 0.4125 0.53906241875 0.4125 0.5406248375 0.41406230937500005 0.56718725625 0.41406230937500005 0.56718725625 0.35625 0.518750325 0.35625 0.518750325 0.4125 0.52031274375 0.4125 0.5218751625 0.41093769062499996 0.53593758125 0.41093769062499996
33 0.3875 0.22812537968750002 0.381249675 0.23437537968750002 0.381249675 0.270312309375 0.3843751625 0.273437690625 0.41562483749999996 0.273437690625 0.41718725624999997 0.27187537968750003 0.41718725624999997 0.26875 0.418750325 0.26718769062500003 0.418750325 0.25312537968750004 0.41718725624999997 0.251562309375 0.41718725624999997 0.232812309375 0.41562483749999996 0.23125 0.41406241875000005 0.23125 0.41093758124999996 0.22812537968750002 0.41093758124999996 0.226562309375 0.40781274375 0.22343769062500002 0.39218725625 0.22343769062500002 0.3906248375 0.225 0.38906241874999997 0.225 0.3875 0.226562309375 0.3875 0.22812537968750002
34 0.3125 0.376562309375 0.31093758125000004 0.37812537968750004 0.31093758125000004 0.379687690625 0.30937516249999997 0.38125 0.30937516249999997 0.41093769062499996 0.3125 0.41406230937500005 0.3125 0.4156253796875 0.31406241874999996 0.41718769062499994 0.34218725625 0.41718769062499994 0.34375032499999997 0.4156253796875 0.34531274375 0.4156253796875 0.3468751625 0.41406230937500005 0.3468751625 0.4125 0.34843758125 0.41093769062499996 0.34843758125 0.379687690625 0.3468751625 0.37812537968750004 0.3468751625 0.376562309375 0.3406248375 0.370312309375 0.3406248375 0.36875 0.33906241875 0.36875 0.3375 0.367187690625 0.318750325 0.367187690625 0.31718725625 0.36875 0.31718725625 0.370312309375 0.3125 0.375 0.3125 0.376562309375
29 0.131250325 0.470312309375 0.131250325 0.47343769062499996 0.12656241875000002 0.4781253796875 0.125 0.47656230937500005 0.125 0.5 0.1281248375 0.5 0.131250325 0.5031253796875 0.131250325 0.504687690625 0.13281274375000002 0.50625 0.13281274375000002 0.507812309375 0.13593758125 0.5109376906249999 0.14218725625 0.5109376906249999 0.143750325 0.5125 0.14531274375 0.5125 0.1468751625 0.5109376906249999 0.15156241875 0.5109376906249999 0.15468725625 0.507812309375 0.15468725625 0.50625 0.16093758125 0.5 0.1625 0.5 0.16406241875 0.498437690625 0.1656248375 0.498437690625 0.168750325 0.49531230937500004 0.168750325 0.49375 0.16718725625 0.49218769062499995 0.16718725625 0.4843753796875 0.16406241875 0.48125 0.1625 0.48125 0.1593751625 0.4781253796875 0.1593751625 0.47656230937500005 0.15781274375 0.47656230937500005 0.156250325 0.475 0.156250325 0.47343769062499996 0.15468725625 0.47187537968750004 0.15468725625 0.46406230937500004 0.15 0.45937537968750003 0.13593758125 0.45937537968750003 0.13593758125 0.46093769062499995 0.13281274375000002 0.46406230937500004 0.13281274375000002 0.46875 0.131250325 0.470312309375
16 0.3531248375 0.7875 0.30468725625 0.7875 0.30468725625 0.8453123093749999 0.35468725624999997 0.8453123093749999 0.35468725624999997 0.789062309375 0.3531248375 0.7875
15 0.7468751625000001 0.5593753796875001 0.7484375812499999 0.5593753796875001 0.7515624187500001 0.55625 0.756250325 0.55625 0.75781274375 0.557812309375 0.7593751625 0.557812309375 0.76093758125 0.5593753796875001 0.7625 0.5593753796875001 0.76406241875 0.560937690625 0.77656241875 0.560937690625 0.7781248374999999 0.5593753796875001 0.77968725625 0.5593753796875001 0.77968725625 0.554687690625 0.781250325 0.5531253796875 0.781250325 0.5031253796875 0.77968725625 0.501562309375 0.77968725625 0.5 0.7781248374999999 0.498437690625 0.731249675 0.498437690625 0.731249675 0.5593753796875001 0.73281274375 0.560937690625 0.74531274375 0.560937690625 0.7468751625000001 0.5593753796875001
25 0.54843758125 0.1843753796875 0.5375 0.1843753796875 0.5375 0.254687690625 0.5468751625 0.254687690625 0.54843758125 0.25312537968750004 0.54843758125 0.1843753796875
10 0.44687516250000003 0.210937690625 0.44687516250000003 0.27187537968750003 0.4968751625 0.27187537968750003 0.4968751625 0.210937690625 0.44687516250000003 0.210937690625
3 0.306250325 0.7015623093750001 0.306250325 0.7046876906249999 0.30781274375 0.70625 0.30781274375 0.7078123093750001 0.30937516249999997 0.7093753796875 0.3468751625 0.7093753796875 0.35156241875 0.7046876906249999 0.3531248375 0.7046876906249999 0.35468725624999997 0.7031253796875 0.35468725624999997 0.7015623093750001 0.356250325 0.7 0.356250325 0.6984376906249999 0.35781274375 0.6968753796875 0.35781274375 0.682812309375 0.356250325 0.68125 0.35468725624999997 0.68125 0.3531248375 0.679687690625 0.35156241875 0.679687690625 0.34843758125 0.6765623093750001 0.3468751625 0.6765623093750001 0.34531274375 0.675 0.34218725625 0.675 0.3406248375 0.6734376906249999 0.33906241875 0.6734376906249999 0.3375 0.6718753796875 0.3375 0.66875 0.33593758125 0.6671876906249999 0.33593758125 0.6625 0.3343751625 0.660937690625 0.3343751625 0.6593753796875 0.33125032499999996 0.65625 0.33125032499999996 0.654687690625 0.32968725625 0.6531253796875001 0.31093758125000004 0.6531253796875001 0.30156241875 0.6625 0.30156241875 0.6984376906249999 0.3031248375 0.6984376906249999 0.306250325 0.7015623093750001
25 0.6187503249999999 0.39687537968750003 0.62031274375 0.395312309375 0.62031274375 0.3281253796875 0.6093751625 0.3281253796875 0.6093751625 0.398437690625 0.6156248375 0.398437690625 0.61718725625 0.39687537968750003 0.6187503249999999 0.39687537968750003
25 0.54843758125 0.475 0.5375 0.475 0.5375 0.5421876906249999 0.5468751625 0.5421876906249999 0.54843758125 0.5406253796875 0.54843758125 0.475
8 0.63906241875 0.7875 0.58906241875 0.7875 0.58906241875 0.8468753796874999 0.63593758125 0.8468753796874999 0.63906241875 0.84375 0.63906241875 0.7875
2 0.51718725625 0.420312309375 0.5156248375 0.4218753796875 0.5156248375 0.454687690625 0.518750325 0.45781230937500006 0.518750325 0.46406230937500004 0.5218751625 0.467187690625 0.5625 0.467187690625 0.5640624187500001 0.4656253796875 0.5656248374999999 0.4656253796875 0.5656248374999999 0.46406230937500004 0.56718725625 0.4625 0.56718725625 0.46093769062499995 0.5687496750000001 0.45937537968750003 0.5687496750000001 0.45781230937500006 0.57031274375 0.45625 0.57031274375 0.44375 0.5687496750000001 0.44218769062499996 0.5687496750000001 0.44062537968750004 0.5656248374999999 0.4375 0.5640624187500001 0.4375 0.55781274375 0.43125 0.5562503249999999 0.43125 0.55468725625 0.42968769062499995 0.55468725625 0.42812537968750003 0.54843758125 0.4218753796875 0.54843758125 0.420312309375 0.54218725625 0.41406230937500005 0.54218725625 0.4125 0.52031274375 0.4125 0.518750325 0.41406230937500005 0.518750325 0.41718769062499994 0.51718725625 0.41875 0.51718725625 0.420312309375
26 0.3343751625 0.65625 0.3343751625 0.5968753796875 0.325 0.5968753796875 0.325 0.654687690625 0.3281248375 0.654687690625 0.32968725625 0.65625 0.3343751625 0.65625
5 0.23125032499999998 0.55625 0.23281274375 0.55625 0.23593758125000003 0.5593753796875001 0.23593758125000003 0.560937690625 0.2375 0.5625 0.2375 0.564062309375 0.23906241874999998 0.5656253796875 0.2781248375 0.5656253796875 0.28281274375 0.560937690625 0.2843751625 0.560937690625 0.28593758125 0.5593753796875001 0.28593758125 0.55 0.2875 0.5484376906249999 0.2875 0.5406253796875 0.2781248375 0.53125 0.27031274375000003 0.53125 0.26718725625 0.5281253796875001 0.26718725625 0.5203123093750001 0.2656248375 0.51875 0.26406241874999997 0.51875 0.26093758125 0.5156253796875 0.26093758125 0.5140623093750001 0.256250325 0.5093753796875 0.2375 0.5093753796875 0.23437516249999998 0.5125 0.23281274375 0.5125 0.23125032499999998 0.5140623093750001 0.23125032499999998 0.55625
15 0.2125 0.55625 0.2125 0.5031253796875 0.21093758125 0.501562309375 0.21093758125 0.5 0.1625 0.5 0.1625 0.5593753796875001 0.21093758125 0.5593753796875001 0.21093758125 0.557812309375 0.2125 0.55625
27 0.19218725625 0.364062309375 0.193750325 0.3625 0.193750325 0.310937690625 0.19218725625 0.3093753796875 0.18281274375 0.3093753796875 0.18281274375 0.367187690625 0.1906248375 0.367187690625 0.19218725625 0.36562537968750003 0.19218725625 0.364062309375
26 0.5468751625 0.742187690625 0.5375 0.742187690625 0.5375 0.7968753796875 0.53906241875 0.7984376906249999 0.5468751625 0.7984376906249999 0.5468751625 0.742187690625
26 0.61718725625 0.65625 0.6187503249999999 0.654687690625 0.62031274375 0.654687690625 0.62031274375 0.6093753796875 0.6187503249999999 0.6078123093750001 0.6187503249999999 0.6031253796875 0.61718725625 0.601562309375 0.61718725625 0.598437690625 0.6093751625 0.598437690625 0.6093751625 0.654687690625 0.61093758125 0.654687690625 0.6125 0.65625 0.61718725625 0.65625
28 0.2625 0.5093753796875 0.2625 0.454687690625 0.25312483750000003 0.454687690625 0.25312483750000003 0.507812309375 0.256250325 0.5109376906249999 0.26093758125 0.5109376906249999 0.2625 0.5093753796875
27 0.6781248375 0.470312309375 0.6781248375 0.5421876906249999 0.6906248374999999 0.5421876906249999 0.6906248374999999 0.470312309375 0.6781248375 0.470312309375
25 0.6843751625000001 0.25625 0.6859375812499999 0.254687690625 0.6906248374999999 0.254687690625 0.69218725625 0.25312537968750004 0.69218725625 0.167187690625 0.6906248374999999 0.1656253796875 0.6781248375 0.1656253796875 0.6781248375 0.254687690625 0.6812503249999999 0.254687690625 0.68281274375 0.25625 0.6843751625000001 0.25625
27 0.12031274375 0.50625 0.12343758125 0.5031253796875 0.12343758125 0.4531253796875 0.11093758125 0.4531253796875 0.11093758125 0.5093753796875 0.11562483750000001 0.5093753796875 0.118749675 0.50625 0.12031274375 0.50625
28 0.19218725625 0.68125 0.193750325 0.679687690625 0.193750325 0.6078123093750001 0.19218725625 0.60625 0.19218725625 0.598437690625 0.18281274375 0.598437690625 0.18281274375 0.685937690625 0.1906248375 0.685937690625 0.19218725625 0.6843753796875001 0.19218725625 0.68125
21 0.081250325 0.289062309375 0.081250325 0.3718753796875 0.13593758125 0.3718753796875 0.13593758125 0.289062309375 0.081250325 0.289062309375
19 0.7218751625000001 0.1406253796875 0.7218751625000001 0.22812537968750002 0.77656241875 0.22812537968750002 0.77656241875 0.1406253796875 0.7218751625000001 0.1406253796875
23 0.27656241875 0.951562309375 0.27968725625 0.948437690625 0.27968725625 0.86875 0.225 0.86875 0.225 0.9531253796874999 0.23281274375 0.9531253796874999 0.23437516249999998 0.951562309375 0.27656241875 0.951562309375
20 0.50781274375 0.00625 0.50781274375 0.08125 0.5656248374999999 0.08125 0.5656248374999999 0.00625 0.50781274375 0.00625
18 0.27968725625 0.00625 0.225 0.00625 0.225 0.0843753796875 0.2781248375 0.0843753796875 0.27968725625 0.082812309375 0.27968725625 0.00625
18 0.9203127437499999 0.43281230937500004 0.86406241875 0.43281230937500004 0.86406241875 0.5156253796875 0.9187496749999999 0.5156253796875 0.9203127437499999 0.5140623093750001 0.9203127437499999 0.43281230937500004
18 0.0843751625 0.58125 0.0843751625 0.6593753796875 0.13593758125 0.6593753796875 0.13593758125 0.58125 0.0843751625 0.58125
22 0.72343758125 0.723437690625 0.72343758125 0.804687690625 0.7781248374999999 0.804687690625 0.7781248374999999 0.723437690625 0.72343758125 0.723437690625
18 0.51093758125 0.8703123093749999 0.51093758125 0.948437690625 0.56718725625 0.948437690625 0.56718725625 0.8703123093749999 0.51093758125 0.8703123093749999