34 0.4546878109375 0.576562221875 0.4546878109375 0.5781251859375 0.453125 0.5796874078124999 0.453125 0.6187503703125 0.45781281093750004 0.623437778125 0.459375 0.623437778125 0.4609378109375 0.625 0.4625 0.625 0.4640628109375 0.626562221875 0.4796878109375 0.626562221875 0.4828121890625 0.623437778125 0.4859378109375 0.623437778125 0.4875 0.6218748140625 0.48906281093750004 0.6218748140625 0.490625 0.6203125921875 0.490625 0.6187503703125 0.4921878109375 0.6171874078124999 0.4921878109375 0.5828125921875 0.490625 0.5812503703125 0.490625 0.5796874078124999 0.4859378109375 0.575 0.484375 0.575 0.48125 0.5718748140625001 0.4625 0.5718748140625001 0.459375 0.575 0.45781281093750004 0.575 0.45625 0.576562221875 0.4546878109375 0.576562221875
32 0.3875 0.7656251859375 0.3875 0.7671874078124999 0.3890621890625 0.7687503703125 0.3890621890625 0.7703125921875 0.41093781093750004 0.7703125921875 0.4140628109375 0.7671874078124999 0.415625 0.7671874078124999 0.4171878109375 0.7656251859375 0.4171878109375 0.764062221875 0.4203121890625 0.760937778125 0.421875 0.760937778125 0.4234378109375 0.7593748140625001 0.4234378109375 0.726562221875 0.4171878109375 0.7203125921875 0.4171878109375 0.7187503703125 0.415625 0.7187503703125 0.4140628109375 0.7171874078125 0.3875 0.7171874078125 0.3875 0.7203125921875 0.384375 0.723437778125 0.384375 0.7625 0.3875 0.7656251859375
35 0.5828128109375 0.735937778125 0.58125 0.7375 0.578125 0.7375 0.5734378109375 0.7421874078124999 0.571875 0.7421874078124999 0.5703128109375 0.7437503703125 0.56875 0.7437503703125 0.5671878109375 0.7453125921875 0.565625 0.7453125921875 0.5609371890625 0.75 0.559375 0.75 0.5546878109375 0.7546874078125 0.5546878109375 0.7562503703125001 0.55 0.760937778125 0.55 0.7656251859375 0.5484378109375 0.7671874078124999 0.5484378109375 0.8468748140625 0.5546878109375 0.8531251859375001 0.55625 0.8531251859375001 0.5578128109375 0.8546874078125001 0.559375 0.8546874078125001 0.5609371890625 0.8562503703125 0.5625 0.8562503703125 0.565625 0.8593748140624999 0.5671878109375 0.8593748140624999 0.56875 0.860937778125 0.5703128109375 0.860937778125 0.571875 0.8625 0.5734378109375 0.8625 0.575 0.864062221875 0.575 0.8656251859375 0.5765621890625 0.8656251859375 0.578125 0.8671874078125 0.58125 0.8671874078125 0.5875 0.873437778125 0.5890628109375 0.873437778125 0.5953128109375 0.8796874078125001 0.596875 0.8796874078125001 0.603125 0.885937778125 0.6171878109375 0.885937778125 0.61875 0.8843748140625 0.6203128109375 0.8843748140625 0.625 0.8796874078125001 0.6265628109375 0.8796874078125001 0.63125 0.875 0.6328128109375 0.875 0.640625 0.8671874078125 0.64375 0.8671874078125 0.6453121890625 0.8656251859375 0.646875 0.8656251859375 0.65 0.8625 0.6515628109375 0.8625 0.653125 0.860937778125 0.6546878109375001 0.860937778125 0.65625 0.8593748140624999 0.6578128109375 0.8593748140624999 0.6625 0.8546874078125001 0.665625 0.8546874078125001 0.6734378109375 0.8468748140625 0.6734378109375 0.8453125921875 0.6765621890625 0.8421874078125 0.6765621890625 0.764062221875 0.675 0.7625 0.675 0.760937778125 0.6734378109375 0.7593748140625001 0.6734378109375 0.7578125921875001 0.665625 0.75 0.659375 0.75 0.653125 0.7437503703125 0.6484378109375 0.7437503703125 0.646875 0.7421874078124999 0.6453121890625 0.7421874078124999 0.640625 0.7375 0.6390628109375001 0.7375 0.6265628109375 0.725 0.596875 0.725 0.5890628109375 0.7328125921875001 0.5875 0.7328125921875001 0.584375 0.735937778125 0.5828128109375 0.735937778125
34 0.5953128109375 0.2937503703125 0.59375 0.2953125921875 0.59375 0.3093748140625 0.5921871890625 0.310937778125 0.5921871890625 0.3312503703125 0.59375 0.3328125921875 0.59375 0.33437481406249997 0.5953128109375 0.33593777812500003 0.596875 0.33593777812500003 0.6 0.339062221875 0.6234378109375001 0.339062221875 0.6265628109375 0.33593777812500003 0.628125 0.33593777812500003 0.6296878109375 0.33437481406249997 0.6296878109375 0.3312503703125 0.6328128109375 0.3281251859375 0.6328128109375 0.3187503703125 0.63125 0.3171874078125 0.63125 0.3156251859375 0.6296878109375 0.314062221875 0.6296878109375 0.2953125921875 0.628125 0.2937503703125 0.6265628109375 0.2937503703125 0.6234378109375001 0.29062518593750003 0.6234378109375001 0.28906222187499997 0.621875 0.2875 0.6203128109375 0.2875 0.61875 0.285937778125 0.603125 0.285937778125 0.6 0.28906222187499997 0.6 0.29062518593750003 0.596875 0.2937503703125 0.5953128109375 0.2937503703125
17 0.59375 0.15 0.590625 0.1531251859375 0.5890628109375 0.1531251859375 0.5859378109375 0.1562503703125 0.584375 0.1562503703125 0.578125 0.1625 0.575 0.1625 0.5703128109375 0.16718740781250002 0.56875 0.16718740781250002 0.5671878109375 0.1687503703125 0.565625 0.1687503703125 0.559375 0.175 0.5578128109375 0.175 0.55 0.18281259218749998 0.55 0.27187481406249997 0.5515628109375 0.27343777812500003 0.553125 0.27343777812500003 0.55625 0.276562221875 0.55625 0.2781251859375 0.5578128109375 0.2796874078125 0.5609371890625 0.2796874078125 0.5625 0.2812503703125 0.5640628109375 0.2812503703125 0.5671878109375 0.2843748140625 0.56875 0.2843748140625 0.5703128109375 0.285937778125 0.571875 0.285937778125 0.578125 0.2921874078125 0.5875 0.2921874078125 0.5890628109375 0.2937503703125 0.590625 0.2937503703125 0.5921871890625 0.2921874078125 0.596875 0.2921874078125 0.5984378109375 0.29062518593750003 0.5984378109375 0.28906222187499997 0.6015628109375 0.285937778125 0.603125 0.285937778125 0.6078128109375001 0.2812503703125 0.615625 0.2812503703125 0.6203128109375 0.285937778125 0.625 0.285937778125 0.6265628109375 0.2875 0.628125 0.2875 0.6328128109375 0.2921874078125 0.634375 0.2921874078125 0.6359378109375 0.29062518593750003 0.6390628109375001 0.29062518593750003 0.6421878109375 0.2875 0.64375 0.2875 0.6453121890625 0.285937778125 0.65 0.285937778125 0.6515628109375 0.2843748140625 0.653125 0.2843748140625 0.6578128109375 0.2796874078125 0.659375 0.2796874078125 0.6609371890625 0.2781251859375 0.6625 0.2781251859375 0.6625 0.276562221875 0.6640628109375 0.275 0.665625 0.275 0.6671878109375 0.27343777812500003 0.66875 0.27343777812500003 0.671875 0.2703125921875 0.671875 0.2687503703125 0.6734378109375 0.2671874078125 0.6734378109375 0.264062221875 0.675 0.2625 0.675 0.260937778125 0.6765621890625 0.25937481406249996 0.6765621890625 0.201562221875 0.675 0.2 0.675 0.1937503703125 0.6734378109375 0.19218740781250002 0.6734378109375 0.185937778125 0.671875 0.1843748140625 0.671875 0.18281259218749998 0.6640628109375 0.175 0.6609371890625 0.175 0.659375 0.173437778125 0.6578128109375 0.173437778125 0.653125 0.1687503703125 0.6515628109375 0.1687503703125 0.6484378109375 0.1656251859375 0.6484378109375 0.164062221875 0.646875 0.1625 0.6421878109375 0.1625 0.640625 0.16093777812500001 0.6390628109375001 0.16093777812500001 0.6375 0.1593748140625 0.6375 0.1578125921875 0.634375 0.1546874078125 0.6328128109375 0.1546874078125 0.628125 0.15 0.6265628109375 0.15 0.625 0.148437778125 0.6234378109375001 0.148437778125 0.61875 0.1437503703125 0.615625 0.1437503703125 0.6140628109375 0.1421874078125 0.6078128109375001 0.1421874078125 0.60625 0.1437503703125 0.6015628109375 0.1437503703125 0.5953128109375 0.15 0.59375 0.15
0 0.675 0.5796874078124999 0.6734378109375 0.5812503703125 0.671875 0.5812503703125 0.6703128109375001 0.5828125921875 0.66875 0.5828125921875 0.66875 0.5843748140625 0.6640628109375 0.589062221875 0.6609371890625 0.589062221875 0.659375 0.5906251859375 0.6578128109375 0.5906251859375 0.6546878109375001 0.5937503703125 0.65 0.5937503703125 0.6484378109375 0.5953125921875 0.646875 0.5953125921875 0.64375 0.598437778125 0.6421878109375 0.598437778125 0.640625 0.6 0.6390628109375001 0.6 0.6375 0.601562221875 0.6359378109375 0.601562221875 0.6296878109375 0.6078125921875001 0.6296878109375 0.6093748140625 0.628125 0.610937778125 0.6265628109375 0.610937778125 0.6203128109375 0.6171874078124999 0.6203128109375 0.6187503703125 0.61875 0.6203125921875 0.61875 0.6656251859375 0.625 0.6718748140625 0.625 0.673437778125 0.6296878109375 0.6781251859374999 0.6296878109375 0.6796874078124999 0.63125 0.6812503703125 0.63125 0.685937778125 0.6328128109375 0.6875 0.6328128109375 0.6906251859375 0.6359378109375 0.6937503703125001 0.6359378109375 0.6953125921875001 0.6375 0.6968748140625001 0.6375 0.7078125921875 0.6453121890625 0.7156251859375 0.646875 0.7156251859375 0.6484378109375 0.7171874078125 0.653125 0.7171874078125 0.6546878109375001 0.7187503703125 0.65625 0.7187503703125 0.659375 0.7218748140625 0.6609371890625 0.7218748140625 0.6625 0.723437778125 0.66875 0.723437778125 0.6703128109375001 0.725 0.671875 0.725 0.675 0.7281251859375 0.675 0.7296874078125 0.678125 0.7328125921875001 0.6796878109375 0.7328125921875001 0.6828128109375 0.735937778125 0.6875 0.735937778125 0.6890628109375 0.7375 0.690625 0.7375 0.6921871890625 0.735937778125 0.696875 0.735937778125 0.7015628109375001 0.7312503703125001 0.703125 0.7312503703125001 0.70625 0.7281251859375 0.7078121890625 0.7281251859375 0.7109378109375 0.725 0.7125 0.725 0.7140628109375 0.723437778125 0.7171878109375001 0.723437778125 0.71875 0.7218748140625 0.721875 0.7218748140625 0.721875 0.7203125921875 0.7234371890625 0.7187503703125 0.725 0.7187503703125 0.7265628109375 0.7171874078125 0.728125 0.7171874078125 0.7296878109375 0.7156251859375 0.73125 0.7156251859375 0.7359378109375 0.710937778125 0.7375 0.710937778125 0.7390621890625 0.7093748140625 0.740625 0.7093748140625 0.740625 0.7078125921875 0.7421878109375 0.7062503703125 0.7421878109375 0.7 0.74375 0.698437778125 0.74375 0.685937778125 0.7421878109375 0.6843748140625 0.7421878109375 0.6187503703125 0.740625 0.6171874078124999 0.740625 0.614062221875 0.7359378109375 0.6093748140625 0.7359378109375 0.6078125921875001 0.734375 0.6062503703125001 0.7328128109375001 0.6062503703125001 0.73125 0.6046874078125 0.7296878109375 0.6046874078125 0.7265628109375 0.601562221875 0.725 0.601562221875 0.7234371890625 0.6 0.721875 0.6 0.7203128109375 0.598437778125 0.71875 0.598437778125 0.715625 0.5953125921875 0.7140628109375 0.5953125921875 0.7125 0.5937503703125 0.709375 0.5937503703125 0.7078121890625 0.5921874078125 0.70625 0.5921874078125 0.7 0.585937778125 0.6984378109375 0.585937778125 0.6953128109375 0.5828125921875 0.69375 0.5828125921875 0.6921871890625 0.5812503703125 0.690625 0.5812503703125 0.6890628109375 0.5796874078124999 0.6875 0.5796874078124999 0.684375 0.576562221875 0.6828128109375 0.576562221875 0.68125 0.5781251859375 0.678125 0.5781251859375 0.6765621890625 0.5796874078124999 0.675 0.5796874078124999
35 0.25 0.2953125921875 0.246875 0.298437778125 0.2453121890625 0.298437778125 0.24375 0.3 0.240625 0.3 0.23593781093750002 0.30468740781250003 0.234375 0.30468740781250003 0.2328128109375 0.3062503703125 0.23125 0.3062503703125 0.2296871890625 0.3078125921875 0.228125 0.3078125921875 0.225 0.310937778125 0.2234378109375 0.310937778125 0.221875 0.3125 0.22031281093750002 0.3125 0.21875 0.314062221875 0.2171878109375 0.314062221875 0.2125 0.3187503703125 0.21093781093750003 0.3187503703125 0.2015628109375 0.3281251859375 0.2015628109375 0.41718740781249997 0.20468781093750002 0.42031259218750006 0.20468781093750002 0.42187481406250005 0.20625 0.423437778125 0.2078128109375 0.423437778125 0.2125 0.4281251859375 0.2140621890625 0.4281251859375 0.215625 0.4296874078125 0.21875 0.4296874078125 0.22031281093750002 0.4312503703125 0.221875 0.4312503703125 0.225 0.4343748140625 0.22656281093750003 0.4343748140625 0.228125 0.435937778125 0.246875 0.435937778125 0.2484378109375 0.4343748140625 0.2484378109375 0.4328125921875 0.2515628109375 0.4296874078125 0.25468781093750004 0.4296874078125 0.25625 0.4281251859375 0.2578128109375 0.4281251859375 0.259375 0.426562221875 0.26093718906249996 0.426562221875 0.2625 0.425 0.2671878109375 0.425 0.27031281093750004 0.4281251859375 0.271875 0.4281251859375 0.2734378109375 0.4296874078125 0.278125 0.4296874078125 0.284375 0.435937778125 0.3 0.435937778125 0.30156281093750004 0.4343748140625 0.303125 0.4343748140625 0.3078128109375 0.4296874078125 0.309375 0.4296874078125 0.3140628109375 0.425 0.315625 0.425 0.31875 0.42187481406250005 0.3203128109375 0.42187481406250005 0.3265621890625 0.4156251859375 0.3265621890625 0.41406222187499997 0.328125 0.4125 0.328125 0.3437503703125 0.3265621890625 0.3437503703125 0.3234378109375 0.3406251859375 0.3234378109375 0.339062221875 0.321875 0.3375 0.3203128109375 0.3375 0.3109378109375 0.3281251859375 0.3109378109375 0.325 0.309375 0.323437778125 0.309375 0.32187481406249996 0.3046878109375 0.3171874078125 0.3046878109375 0.3156251859375 0.303125 0.314062221875 0.30156281093750004 0.314062221875 0.3 0.3125 0.2984378109375 0.3125 0.296875 0.310937778125 0.2953128109375 0.310937778125 0.29218718906249996 0.3078125921875 0.290625 0.3078125921875 0.2890628109375 0.3062503703125 0.284375 0.3062503703125 0.2828128109375 0.30468740781250003 0.28125 0.30468740781250003 0.27031281093750004 0.2937503703125 0.2671878109375 0.2937503703125 0.265625 0.2921874078125 0.2640628109375 0.2921874078125 0.2625 0.2937503703125 0.25625 0.2937503703125 0.25468781093750004 0.2953125921875 0.25 0.2953125921875
17 0.321875 0.14531259218749998 0.31718781093750004 0.15 0.315625 0.15 0.309375 0.1562503703125 0.3078128109375 0.1562503703125 0.303125 0.16093777812500001 0.30156281093750004 0.16093777812500001 0.3 0.1625 0.296875 0.1625 0.290625 0.1687503703125 0.2890628109375 0.1687503703125 0.2875 0.1703125921875 0.28593781093750004 0.1703125921875 0.2796878109375 0.17656222187499998 0.2796878109375 0.17812518593749999 0.27656218906249996 0.1812503703125 0.275 0.1812503703125 0.275 0.276562221875 0.27656218906249996 0.2781251859375 0.278125 0.2781251859375 0.2796878109375 0.2796874078125 0.28125 0.2796874078125 0.2828128109375 0.2812503703125 0.284375 0.2812503703125 0.2890628109375 0.285937778125 0.29375 0.285937778125 0.2953128109375 0.2875 0.296875 0.2875 0.30156281093750004 0.2921874078125 0.315625 0.2921874078125 0.3203128109375 0.2875 0.321875 0.2875 0.3234378109375 0.285937778125 0.34375 0.285937778125 0.3453128109375 0.2875 0.346875 0.2875 0.34843781093750004 0.28906222187499997 0.35 0.28906222187499997 0.3515628109375 0.29062518593750003 0.35625 0.29062518593750003 0.3578121890625 0.2921874078125 0.359375 0.29062518593750003 0.3609378109375 0.29062518593750003 0.36406281093750004 0.2875 0.3671878109375 0.2875 0.36875 0.285937778125 0.371875 0.285937778125 0.3734371890625 0.2843748140625 0.375 0.2843748140625 0.3765628109375 0.2828125921875 0.378125 0.2828125921875 0.38125 0.2796874078125 0.384375 0.2796874078125 0.390625 0.27343777812500003 0.3921878109375 0.27343777812500003 0.3921878109375 0.27187481406249997 0.3984378109375 0.2656251859375 0.3984378109375 0.189062221875 0.3921878109375 0.18281259218749998 0.3921878109375 0.1812503703125 0.3875 0.17656222187499998 0.3859378109375 0.17656222187499998 0.384375 0.175 0.3828128109375 0.175 0.3765628109375 0.1687503703125 0.375 0.1687503703125 0.3703128109375 0.164062221875 0.36875 0.164062221875 0.3671878109375 0.1625 0.36406281093750004 0.1625 0.3609378109375 0.1593748140625 0.3609378109375 0.1578125921875 0.359375 0.1562503703125 0.3578121890625 0.1562503703125 0.353125 0.15156222187499999 0.3515628109375 0.15156222187499999 0.35 0.15 0.346875 0.15 0.340625 0.1437503703125 0.3390628109375 0.1437503703125 0.3375 0.1421874078125 0.3296878109375 0.1421874078125 0.328125 0.1437503703125 0.325 0.1437503703125 0.3234378109375 0.14531259218749998 0.321875 0.14531259218749998
0 0.3 0.45625037031250004 0.2984378109375 0.45781259218750003 0.296875 0.45781259218750003 0.2953128109375 0.4593748140625 0.2953128109375 0.46093777812500003 0.29375 0.4625 0.29375 0.464062221875 0.29218718906249996 0.46562518593749996 0.29218718906249996 0.46718740781249996 0.290625 0.46875037031250005 0.290625 0.47031259218750004 0.2890628109375 0.47187481406250004 0.2890628109375 0.475 0.2875 0.47656222187499997 0.2875 0.4781251859375 0.28125 0.48437481406250005 0.28125 0.485937778125 0.2796878109375 0.4875 0.2796878109375 0.489062221875 0.27656218906249996 0.4921874078125 0.27656218906249996 0.5625 0.278125 0.5625 0.2796878109375 0.564062221875 0.2796878109375 0.5656251859375 0.28125 0.5671874078125 0.2828128109375 0.5671874078125 0.2890628109375 0.573437778125 0.29218718906249996 0.573437778125 0.296875 0.5781251859375 0.2984378109375 0.5781251859375 0.30156281093750004 0.5812503703125 0.303125 0.5812503703125 0.3078128109375 0.585937778125 0.3109378109375 0.585937778125 0.3125 0.5875 0.3140628109375 0.5875 0.31875 0.5921874078125 0.321875 0.5921874078125 0.3265621890625 0.5968748140625 0.3296878109375 0.5968748140625 0.33125 0.598437778125 0.3421871890625 0.598437778125 0.34375 0.5968748140625 0.3453128109375 0.5968748140625 0.346875 0.5953125921875 0.34843781093750004 0.5953125921875 0.35 0.5937503703125 0.3515628109375 0.5937503703125 0.353125 0.5921874078125 0.3546878109375 0.5921874078125 0.35625 0.5906251859375 0.3578121890625 0.5906251859375 0.3609378109375 0.5875 0.3625 0.5875 0.36406281093750004 0.585937778125 0.3671878109375 0.585937778125 0.36875 0.5843748140625 0.3703128109375 0.5843748140625 0.3734371890625 0.5812503703125 0.375 0.5812503703125 0.3765628109375 0.5796874078124999 0.37968781093750004 0.5796874078124999 0.384375 0.575 0.3859378109375 0.575 0.3875 0.573437778125 0.3890621890625 0.573437778125 0.3921878109375 0.5703125921875001 0.3921878109375 0.5687503703125001 0.396875 0.564062221875 0.396875 0.5062503703125001 0.39531281093750004 0.5046874078125 0.39531281093750004 0.5031251859375 0.39375 0.501562221875 0.39375 0.4937503703125 0.3921878109375 0.4921874078125 0.3921878109375 0.47968740781249997 0.390625 0.4781251859375 0.390625 0.47656222187499997 0.3890621890625 0.475 0.3875 0.475 0.3828128109375 0.47031259218750004 0.37968781093750004 0.47031259218750004 0.378125 0.46875037031250005 0.3765628109375 0.46875037031250005 0.371875 0.464062221875 0.36875 0.464062221875 0.3671878109375 0.46562518593749996 0.365625 0.46562518593749996 0.36406281093750004 0.46718740781249996 0.3625 0.46718740781249996 0.3609378109375 0.46562518593749996 0.359375 0.46562518593749996 0.3578121890625 0.46718740781249996 0.346875 0.46718740781249996 0.3453128109375 0.46562518593749996 0.3421871890625 0.46562518593749996 0.340625 0.464062221875 0.340625 0.4593748140625 0.3390628109375 0.45781259218750003 0.3390628109375 0.45468740781249994 0.3375 0.45312518593749995 0.3078128109375 0.45312518593749995 0.30625 0.45468740781249994 0.303125 0.45468740781249994 0.30156281093750004 0.45625037031250004 0.3 0.45625037031250004
35 0.596875 0.4421874078125 0.59375 0.4453125921875 0.5921871890625 0.4453125921875 0.5875 0.45 0.584375 0.45 0.5796878109375 0.45468740781249994 0.578125 0.45468740781249994 0.5765621890625 0.45625037031250004 0.5734378109375 0.45625037031250004 0.571875 0.45781259218750003 0.5703128109375 0.45781259218750003 0.565625 0.4625 0.5640628109375 0.4625 0.5625 0.464062221875 0.5609371890625 0.464062221875 0.55 0.475 0.55 0.47656222187499997 0.5484378109375 0.4781251859375 0.5484378109375 0.560937778125 0.55 0.5625 0.55 0.564062221875 0.553125 0.5671874078125 0.5546878109375 0.5671874078125 0.559375 0.5718748140625001 0.5609371890625 0.5718748140625001 0.5625 0.573437778125 0.565625 0.573437778125 0.5703128109375 0.5781251859375 0.571875 0.5781251859375 0.5734378109375 0.5796874078124999 0.5765621890625 0.5796874078124999 0.58125 0.5843748140625 0.5828128109375 0.5843748140625 0.584375 0.585937778125 0.5859378109375 0.585937778125 0.5875 0.5875 0.5890628109375 0.5875 0.5921871890625 0.5906251859375 0.59375 0.5906251859375 0.5953128109375 0.5921874078125 0.596875 0.5921874078125 0.5984378109375 0.5937503703125 0.6 0.5937503703125 0.6015628109375 0.5953125921875 0.603125 0.5953125921875 0.6046878109375 0.5968748140625 0.6171878109375 0.5968748140625 0.61875 0.5953125921875 0.6203128109375 0.5953125921875 0.621875 0.5937503703125 0.6234378109375001 0.5937503703125 0.625 0.5921874078125 0.628125 0.5921874078125 0.63125 0.589062221875 0.6328128109375 0.589062221875 0.634375 0.5875 0.6359378109375 0.5875 0.6375 0.585937778125 0.6421878109375 0.585937778125 0.6453121890625 0.5828125921875 0.646875 0.5828125921875 0.65 0.5796874078124999 0.653125 0.5796874078124999 0.659375 0.573437778125 0.6609371890625 0.573437778125 0.6625 0.5718748140625001 0.6640628109375 0.5718748140625001 0.671875 0.564062221875 0.671875 0.5625 0.6734378109375 0.560937778125 0.6734378109375 0.5578125921875 0.675 0.5562503703125 0.675 0.4937503703125 0.6734378109375 0.4921874078125 0.6734378109375 0.489062221875 0.671875 0.4875 0.6703128109375001 0.4875 0.6609371890625 0.4781251859375 0.6609371890625 0.47656222187499997 0.6546878109375001 0.47031259218750004 0.6546878109375001 0.46562518593749996 0.646875 0.45781259218750003 0.6453121890625 0.45781259218750003 0.64375 0.45625037031250004 0.6390628109375001 0.45625037031250004 0.6375 0.45468740781249994 0.6359378109375 0.45468740781249994 0.634375 0.45312518593749995 0.6328128109375 0.45312518593749995 0.63125 0.451562221875 0.6296878109375 0.451562221875 0.6265628109375 0.448437778125 0.625 0.448437778125 0.6234378109375001 0.4468748140625 0.621875 0.4468748140625 0.6203128109375 0.4453125921875 0.61875 0.4453125921875 0.615625 0.4421874078125 0.6140628109375 0.4421874078125 0.6125 0.4406251859375 0.60625 0.4406251859375 0.6046878109375 0.439062221875 0.603125 0.439062221875 0.6015628109375 0.4406251859375 0.6 0.4406251859375 0.5984378109375 0.4421874078125 0.596875 0.4421874078125
36 0.4985615671875 0.314062221875 0.49231218906249996 0.32031259218749997 0.49231218906249996 0.32187481406249996 0.490749378125 0.323437778125 0.48918718906249997 0.323437778125 0.48762437812500004 0.325 0.4860621890625 0.325 0.48449937812500005 0.326562221875 0.48449937812500005 0.38437481406249996 0.4860621890625 0.385937778125 0.4860621890625 0.3875 0.48762437812500004 0.389062221875 0.48762437812500004 0.3906251859375 0.48918718906249997 0.3921874078125 0.490749378125 0.3921874078125 0.493874378125 0.3953125921875 0.493874378125 0.40781259218750004 0.49543718906249995 0.40937481406250004 0.49543718906249995 0.41406222187499997 0.49699937812500006 0.4156251859375 0.49699937812500006 0.41718740781249997 0.4985615671875 0.41875037031250006 0.4985615671875 0.42187481406250005 0.500124378125 0.423437778125 0.500124378125 0.4281251859375 0.503249378125 0.4312503703125 0.5048121890624999 0.4312503703125 0.509499378125 0.435937778125 0.5126243781250001 0.435937778125 0.5141865671875 0.4375 0.515749378125 0.4375 0.5204371890624999 0.4421874078125 0.5219993781250001 0.4421874078125 0.5235621890625 0.44375037031250003 0.525124378125 0.44375037031250003 0.5282493781250001 0.4468748140625 0.531374378125 0.4468748140625 0.5329371890625 0.448437778125 0.5376243781250001 0.448437778125 0.5391871890625 0.45 0.546999378125 0.45 0.5485621890625 0.448437778125 0.550124378125 0.448437778125 0.5516871890624999 0.4468748140625 0.5548121890625 0.4468748140625 0.5579371890625 0.44375037031250003 0.5610615671875 0.44375037031250003 0.562624378125 0.4421874078125 0.565749378125 0.4421874078125 0.5704371890625 0.4375 0.571999378125 0.4375 0.5735621890625 0.435937778125 0.578249378125 0.435937778125 0.5829371890624999 0.4312503703125 0.5860621890625 0.4312503703125 0.587624378125 0.4296874078125 0.5907493781250001 0.4296874078125 0.6048121890625 0.4156251859375 0.6048121890625 0.410937778125 0.6063743781250001 0.40937481406250004 0.6063743781250001 0.3453125921875 0.6048121890625 0.3453125921875 0.603249378125 0.3437503703125 0.6016871890625 0.3437503703125 0.5985621890624999 0.3406251859375 0.5985621890624999 0.339062221875 0.596999378125 0.3375 0.5954371890625 0.3375 0.5923115671875 0.33437481406249997 0.5923115671875 0.3328125921875 0.5907493781250001 0.3312503703125 0.5891871890625 0.3312503703125 0.5860621890625 0.3281251859375 0.5860621890625 0.32031259218749997 0.5798121890625 0.314062221875 0.5798121890625 0.3125 0.578249378125 0.3125 0.571999378125 0.3062503703125 0.5704371890625 0.3062503703125 0.5688743781250001 0.30468740781250003 0.5673121890624999 0.30468740781250003 0.562624378125 0.3 0.5610615671875 0.3 0.5594993781250001 0.298437778125 0.5579371890625 0.298437778125 0.5516871890624999 0.2921874078125 0.550124378125 0.2921874078125 0.5485621890625 0.29062518593750003 0.546999378125 0.29062518593750003 0.5454365671875 0.28906222187499997 0.5438743781250001 0.29062518593750003 0.518874378125 0.2968748140625 0.5110621890625 0.30468740781250003 0.509499378125 0.30468740781250003 0.500124378125 0.314062221875 0.4985615671875 0.314062221875
0 0.3734371890625 0.5921874078125 0.371875 0.5921874078125 0.3703128109375 0.5937503703125 0.36875 0.5937503703125 0.3671878109375 0.5953125921875 0.3671878109375 0.5968748140625 0.365625 0.598437778125 0.36406281093750004 0.598437778125 0.3625 0.6 0.3609378109375 0.6 0.35625 0.6046874078125 0.3546878109375 0.6046874078125 0.3515628109375 0.6078125921875001 0.35 0.6078125921875001 0.35 0.6093748140625 0.34375 0.6156251859374999 0.34375 0.639062221875 0.3421871890625 0.6406251859375 0.3421871890625 0.7 0.34375 0.701562221875 0.34375 0.7031251859375 0.3515628109375 0.710937778125 0.3546878109375 0.710937778125 0.35625 0.7125 0.3578121890625 0.7125 0.3609378109375 0.7156251859375 0.3625 0.7156251859375 0.36406281093750004 0.7171874078125 0.375 0.7171874078125 0.3765628109375 0.7187503703125 0.378125 0.7171874078125 0.3875 0.7171874078125 0.3890621890625 0.7156251859375 0.39531281093750004 0.7156251859375 0.396875 0.7171874078125 0.428125 0.7171874078125 0.434375 0.710937778125 0.4359371890625 0.710937778125 0.4375 0.7125 0.45 0.7125 0.4515621890625 0.710937778125 0.4546878109375 0.710937778125 0.465625 0.7 0.465625 0.639062221875 0.4640628109375 0.6375 0.4640628109375 0.635937778125 0.4609378109375 0.6328125921875001 0.4609378109375 0.6312503703125001 0.459375 0.6296874078125 0.45781281093750004 0.6296874078125 0.45625 0.6281251859375 0.45625 0.626562221875 0.4546878109375 0.625 0.453125 0.625 0.4484378109375 0.6203125921875 0.4484378109375 0.610937778125 0.446875 0.6093748140625 0.446875 0.6062503703125001 0.4453128109375 0.6046874078125 0.4453128109375 0.6031251859375 0.4375 0.5953125921875 0.4359371890625 0.5953125921875 0.4328128109375 0.5921874078125 0.43125 0.5921874078125 0.4296878109375 0.5906251859375 0.4296878109375 0.589062221875 0.428125 0.589062221875 0.42656281093750004 0.5875 0.4234378109375 0.5875 0.421875 0.585937778125 0.4203121890625 0.585937778125 0.415625 0.5812503703125 0.37968781093750004 0.5812503703125 0.38125 0.5828125921875 0.375 0.589062221875 0.375 0.5906251859375 0.3734371890625 0.5921874078125
37 0.4609378109375 0.14531259218749998 0.45781281093750004 0.148437778125 0.45625 0.148437778125 0.4546878109375 0.15 0.453125 0.15 0.4515621890625 0.15156222187499999 0.45 0.15156222187499999 0.45 0.1531251859375 0.4484378109375 0.1546874078125 0.446875 0.1546874078125 0.4453128109375 0.1562503703125 0.44218781093750004 0.1562503703125 0.440625 0.1578125921875 0.4390628109375 0.1578125921875 0.434375 0.1625 0.4328128109375 0.1625 0.42656281093750004 0.1687503703125 0.4234378109375 0.1687503703125 0.4171878109375 0.175 0.415625 0.175 0.4140628109375 0.17656222187499998 0.4140628109375 0.17812518593749999 0.4125 0.1796874078125 0.4125 0.18281259218749998 0.41093781093750004 0.1843748140625 0.41093781093750004 0.275 0.4125 0.276562221875 0.4125 0.2781251859375 0.415625 0.2812503703125 0.4171878109375 0.2812503703125 0.41875 0.2828125921875 0.41875 0.2843748140625 0.4203121890625 0.285937778125 0.4234378109375 0.285937778125 0.425 0.2875 0.42656281093750004 0.2875 0.4296878109375 0.29062518593750003 0.43125 0.29062518593750003 0.4328128109375 0.2921874078125 0.434375 0.2921874078125 0.4359371890625 0.2937503703125 0.4375 0.2937503703125 0.4390628109375 0.2953125921875 0.440625 0.2953125921875 0.44218781093750004 0.2968748140625 0.44375 0.2968748140625 0.4453128109375 0.298437778125 0.446875 0.298437778125 0.4515621890625 0.30312518593750004 0.453125 0.30312518593750004 0.4546878109375 0.30468740781250003 0.45625 0.30468740781250003 0.45781281093750004 0.3062503703125 0.459375 0.3062503703125 0.4625 0.3093748140625 0.4640628109375 0.3093748140625 0.465625 0.310937778125 0.478125 0.310937778125 0.4796878109375 0.3093748140625 0.48125 0.3093748140625 0.484375 0.3062503703125 0.4859378109375 0.3062503703125 0.4875 0.30468740781250003 0.48906281093750004 0.30468740781250003 0.49375 0.3 0.4953128109375 0.3 0.496875 0.298437778125 0.5015628109375 0.298437778125 0.503125 0.2968748140625 0.5046878109375 0.2968748140625 0.5078128109375 0.2937503703125 0.5109378109375 0.2937503703125 0.5125 0.2921874078125 0.515625 0.2921874078125 0.521875 0.285937778125 0.5234378109375 0.285937778125 0.5234378109375 0.2843748140625 0.5296871890625 0.2781251859375 0.5296871890625 0.275 0.53125 0.27343777812500003 0.53125 0.27187481406249997 0.534375 0.2687503703125 0.534375 0.2656251859375 0.5359378109375 0.264062221875 0.5359378109375 0.189062221875 0.534375 0.1875 0.534375 0.185937778125 0.5296871890625 0.1812503703125 0.5296871890625 0.1796874078125 0.528125 0.17812518593749999 0.528125 0.17656222187499998 0.5265628109375 0.17656222187499998 0.5234378109375 0.173437778125 0.521875 0.173437778125 0.5171878109375 0.1687503703125 0.515625 0.1687503703125 0.509375 0.1625 0.50625 0.1625 0.5046878109375 0.16093777812500001 0.503125 0.16093777812500001 0.496875 0.1546874078125 0.4953128109375 0.1546874078125 0.490625 0.15 0.4875 0.15 0.4859378109375 0.148437778125 0.4828121890625 0.148437778125 0.48125 0.1468748140625 0.48125 0.14531259218749998 0.4796878109375 0.14531259218749998 0.478125 0.1437503703125 0.475 0.1437503703125 0.47343781093750004 0.1421874078125 0.4703128109375 0.1421874078125 0.46875 0.1437503703125 0.4640628109375 0.1437503703125 0.4625 0.14531259218749998 0.4609378109375 0.14531259218749998
17 0.53125 0.5764325921875 0.53125 0.57799555625 0.5296871890625 0.579557778125 0.528125 0.579557778125 0.5265628109375 0.5811207406250001 0.525 0.5811207406250001 0.5234378109375 0.5826829625000001 0.521875 0.5826829625000001 0.5171878109375 0.5873703703125 0.515625 0.5873703703125 0.5140621890625 0.5889325921874999 0.5125 0.5889325921874999 0.5109378109375 0.5904955562499999 0.509375 0.5904955562499999 0.5078128109375 0.5920577781249999 0.5078128109375 0.593620740625 0.50625 0.5951829625 0.50625 0.5967451859375 0.5046878109375 0.5983081484375 0.5046878109375 0.5998703703125 0.503125 0.6014325921875 0.503125 0.606120740625 0.5015628109375 0.6076829625 0.5046878109375 0.6108081484375 0.5046878109375 0.6123703703125 0.5078128109375 0.61549555625 0.5078128109375 0.617057778125 0.5109378109375 0.6201829625 0.5109378109375 0.6217451859375001 0.5125 0.6233081484375 0.5125 0.631120740625 0.5140621890625 0.6326829625 0.5140621890625 0.6342451859375 0.515625 0.6358081484375 0.515625 0.6373703703125 0.5171878109375 0.6389325921875 0.5171878109375 0.64049555625 0.51875 0.642057778125 0.51875 0.6451829625000001 0.5203128109375 0.6467451859375 0.5203128109375 0.6483081484375 0.5234378109375 0.6514325921874999 0.5234378109375 0.6529955562499999 0.521875 0.6545577781249999 0.521875 0.656120740625 0.5203128109375 0.6576829625 0.5203128109375 0.6592451859375 0.51875 0.6608081484375 0.51875 0.6623703703125 0.5171878109375 0.6639325921875 0.5171878109375 0.66549555625 0.515625 0.667057778125 0.5140621890625 0.667057778125 0.5125 0.668620740625 0.49375 0.668620740625 0.4921878109375 0.667057778125 0.48906281093750004 0.667057778125 0.4875 0.66549555625 0.4859378109375 0.66549555625 0.484375 0.6639325921875 0.4828121890625 0.6639325921875 0.48125 0.66549555625 0.48125 0.7014325921875 0.484375 0.704557778125 0.4859378109375 0.704557778125 0.490625 0.7092451859375 0.4921878109375 0.7092451859375 0.4953128109375 0.7123703703125 0.496875 0.7123703703125 0.5015628109375 0.7170577781249999 0.5046878109375 0.7170577781249999 0.50625 0.718620740625 0.5078128109375 0.718620740625 0.5109378109375 0.7217451859375 0.5125 0.7217451859375 0.5140621890625 0.7233081484375 0.515625 0.7233081484375 0.521875 0.729557778125 0.525 0.729557778125 0.5265628109375 0.731120740625 0.528125 0.731120740625 0.53125 0.7342451859375 0.5328128109375 0.7342451859375 0.534375 0.7358081484375 0.553125 0.7358081484375 0.5546878109375 0.7342451859375 0.55625 0.7342451859375 0.559375 0.731120740625 0.5640628109375 0.731120740625 0.565625 0.729557778125 0.5671878109375 0.729557778125 0.571875 0.7248703703125 0.575 0.7248703703125 0.5765621890625 0.7233081484375 0.5796878109375 0.7233081484375 0.58125 0.7217451859375 0.5828128109375 0.7217451859375 0.5875 0.7170577781249999 0.5875 0.7154955562499999 0.590625 0.7123703703125 0.590625 0.7061207406250001 0.5921871890625 0.704557778125 0.5921871890625 0.6842451859375001 0.59375 0.6826829625 0.59375 0.681120740625 0.5953128109375 0.679557778125 0.596875 0.679557778125 0.596875 0.67799555625 0.5984378109375 0.6764325921875 0.5984378109375 0.6748703703125 0.6015628109375 0.6717451859375 0.603125 0.6717451859375 0.603125 0.6701829625 0.6046878109375 0.668620740625 0.6046878109375 0.6623703703125 0.60625 0.6608081484375 0.60625 0.6264325921875 0.6046878109375 0.6248703703125 0.6046878109375 0.6139325921875 0.603125 0.6123703703125 0.6015628109375 0.6123703703125 0.5984378109375 0.6092451859375 0.5984378109375 0.6076829625 0.596875 0.6076829625 0.59375 0.604557778125 0.5921871890625 0.604557778125 0.5875 0.5998703703125 0.5859378109375 0.5998703703125 0.584375 0.5983081484375 0.5828128109375 0.5983081484375 0.578125 0.593620740625 0.5765621890625 0.593620740625 0.5640628109375 0.5811207406250001 0.5609371890625 0.5811207406250001 0.559375 0.579557778125 0.5578128109375 0.579557778125 0.5421878109375 0.5733081484375 0.540625 0.5748703703125 0.534375 0.5748703703125 0.5328128109375 0.5764325921875 0.53125 0.5764325921875
36 0.328125 0.7281251859375 0.3265621890625 0.7296874078125 0.325 0.7296874078125 0.3234378109375 0.7312503703125001 0.3203128109375 0.7312503703125001 0.31875 0.7328125921875001 0.315625 0.7328125921875001 0.3125 0.735937778125 0.309375 0.735937778125 0.3078128109375 0.7375 0.303125 0.7375 0.296875 0.7437503703125 0.2953128109375 0.7437503703125 0.29375 0.7453125921875 0.29218718906249996 0.7453125921875 0.29218718906249996 0.7468748140625 0.290625 0.748437778125 0.2890628109375 0.748437778125 0.2875 0.75 0.28593781093750004 0.75 0.28125 0.7546874078125 0.28125 0.7562503703125001 0.2796878109375 0.7578125921875001 0.2796878109375 0.7593748140625001 0.27656218906249996 0.7625 0.27656218906249996 0.7656251859375 0.275 0.7671874078124999 0.275 0.8468748140625 0.27656218906249996 0.848437778125 0.27656218906249996 0.85 0.2796878109375 0.8531251859375001 0.28125 0.8531251859375001 0.2828128109375 0.8546874078125001 0.284375 0.8546874078125001 0.290625 0.860937778125 0.2953128109375 0.860937778125 0.30156281093750004 0.8671874078125 0.3046878109375 0.8671874078125 0.30625 0.8687503703124999 0.3078128109375 0.8687503703124999 0.3125 0.873437778125 0.3140628109375 0.873437778125 0.3203128109375 0.8796874078125001 0.321875 0.8796874078125001 0.3265621890625 0.8843748140625 0.33125 0.8843748140625 0.33281281093750004 0.885937778125 0.334375 0.8843748140625 0.3359378109375 0.8843748140625 0.3375 0.8828125921875 0.3390628109375 0.8828125921875 0.3421871890625 0.8796874078125001 0.34375 0.8796874078125001 0.3453128109375 0.8781251859375001 0.346875 0.8781251859375001 0.34843781093750004 0.876562221875 0.34843781093750004 0.875 0.35 0.873437778125 0.3515628109375 0.873437778125 0.3578121890625 0.8671874078125 0.359375 0.8671874078125 0.3625 0.864062221875 0.36406281093750004 0.864062221875 0.365625 0.8625 0.3671878109375 0.8625 0.36875 0.860937778125 0.371875 0.860937778125 0.3765628109375 0.8562503703125 0.378125 0.8562503703125 0.37968781093750004 0.8546874078125001 0.38125 0.8546874078125001 0.390625 0.8453125921875 0.390625 0.8437503703125 0.3921878109375 0.8421874078125 0.3921878109375 0.7781251859375 0.3859378109375 0.7718748140625 0.3859378109375 0.7703125921875 0.384375 0.7687503703125 0.3828128109375 0.7687503703125 0.38125 0.7671874078124999 0.38125 0.7656251859375 0.37968781093750004 0.764062221875 0.37968781093750004 0.7546874078125 0.378125 0.7531251859375 0.378125 0.751562221875 0.3734371890625 0.7468748140625 0.3734371890625 0.7453125921875 0.365625 0.7375 0.36406281093750004 0.7375 0.3625 0.735937778125 0.3609378109375 0.735937778125 0.3578121890625 0.7328125921875001 0.3546878109375 0.7328125921875001 0.353125 0.7312503703125001 0.34843781093750004 0.7312503703125001 0.346875 0.7296874078125 0.3453128109375 0.7296874078125 0.34375 0.7281251859375 0.3421871890625 0.7281251859375 0.340625 0.726562221875 0.3359378109375 0.726562221875 0.334375 0.725 0.33281281093750004 0.726562221875 0.33125 0.726562221875 0.3296878109375 0.7281251859375 0.328125 0.7281251859375
37 0.74375 0.435937778125 0.7421878109375 0.4375 0.7390621890625 0.4375 0.734375 0.4421874078125 0.7328128109375001 0.4421874078125 0.73125 0.44375037031250003 0.728125 0.44375037031250003 0.721875 0.45 0.71875 0.45 0.7171878109375001 0.451562221875 0.715625 0.451562221875 0.7125 0.45468740781249994 0.7125 0.45625037031250004 0.7078121890625 0.46093777812500003 0.7078121890625 0.4625 0.70625 0.464062221875 0.70625 0.46718740781249996 0.7046878109375 0.46875037031250005 0.7046878109375 0.47031259218750004 0.7015628109375001 0.473437778125 0.7015628109375001 0.475 0.7 0.47656222187499997 0.7 0.4781251859375 0.690625 0.4875 0.6890628109375 0.4875 0.6890628109375 0.560937778125 0.6953128109375 0.5671874078125 0.696875 0.5671874078125 0.7 0.5703125921875001 0.7 0.5718748140625001 0.7015628109375001 0.5718748140625001 0.7078121890625 0.5781251859375 0.709375 0.5781251859375 0.7109378109375 0.5796874078124999 0.7125 0.5796874078124999 0.7140628109375 0.5812503703125 0.715625 0.5812503703125 0.7203128109375 0.585937778125 0.7234371890625 0.585937778125 0.7265628109375 0.589062221875 0.728125 0.589062221875 0.7296878109375 0.5906251859375 0.73125 0.5906251859375 0.7328128109375001 0.5921874078125 0.734375 0.5921874078125 0.7375 0.5953125921875 0.7390621890625 0.5953125921875 0.740625 0.5968748140625 0.7421878109375 0.5968748140625 0.74375 0.598437778125 0.759375 0.598437778125 0.7609378109375 0.5968748140625 0.7640628109375001 0.5968748140625 0.76875 0.5921874078125 0.7703121890625 0.5921874078125 0.7765628109375 0.585937778125 0.7796878109375001 0.585937778125 0.7828128109375 0.5828125921875 0.784375 0.5828125921875 0.7875 0.5796874078124999 0.7890628109375 0.5796874078124999 0.790625 0.5781251859375 0.7921878109375 0.5781251859375 0.7921878109375 0.576562221875 0.7953128109375001 0.573437778125 0.796875 0.573437778125 0.8015621890625001 0.5687503703125001 0.803125 0.5687503703125001 0.8109378109375 0.560937778125 0.8109378109375 0.5578125921875 0.8140628109374999 0.5546874078124999 0.8140628109374999 0.5531251859374999 0.815625 0.551562221875 0.815625 0.475 0.8140628109374999 0.473437778125 0.8140628109374999 0.47187481406250004 0.8125 0.47031259218750004 0.8125 0.46875037031250005 0.809375 0.46562518593749996 0.809375 0.464062221875 0.8078128109374999 0.464062221875 0.8046878109375 0.46093777812500003 0.803125 0.46093777812500003 0.8 0.45781259218750003 0.7984378109375 0.45781259218750003 0.796875 0.45625037031250004 0.7953128109375001 0.45625037031250004 0.79375 0.45468740781249994 0.7921878109375 0.45468740781249994 0.7890628109375 0.451562221875 0.7875 0.451562221875 0.7859371890625 0.45 0.7828128109375 0.45 0.78125 0.448437778125 0.7796878109375001 0.448437778125 0.7765628109375 0.4453125921875 0.775 0.4453125921875 0.7734378109375 0.44375037031250003 0.7703121890625 0.44375037031250003 0.76875 0.4421874078125 0.7671878109375 0.4421874078125 0.7640628109375001 0.439062221875 0.7625 0.439062221875 0.7609378109375 0.4375 0.7578128109375 0.4375 0.75625 0.435937778125 0.7546871890625 0.435937778125 0.7515628109375 0.4328125921875 0.75 0.4343748140625 0.746875 0.4343748140625 0.7453128109375 0.435937778125 0.74375 0.435937778125
37 0.1796878109375 0.4375 0.178125 0.439062221875 0.175 0.439062221875 0.1734378109375 0.4406251859375 0.171875 0.4406251859375 0.1703128109375 0.4421874078125 0.16875 0.4421874078125 0.16718718906250002 0.44375037031250003 0.1640628109375 0.44375037031250003 0.159375 0.448437778125 0.1578128109375 0.448437778125 0.15625 0.45 0.153125 0.45 0.1515628109375 0.451562221875 0.15 0.451562221875 0.14531281093749998 0.45625037031250004 0.14375 0.45625037031250004 0.1421871890625 0.45781259218750003 0.140625 0.45781259218750003 0.1328128109375 0.46562518593749996 0.1328128109375 0.46718740781249996 0.13125 0.46875037031250005 0.13125 0.5593748140625 0.1390628109375 0.5671874078125 0.140625 0.5671874078125 0.14375 0.5703125921875001 0.14375 0.5718748140625001 0.14531281093749998 0.573437778125 0.1484378109375 0.573437778125 0.153125 0.5781251859375 0.1546878109375 0.5781251859375 0.15625 0.5796874078124999 0.159375 0.5796874078124999 0.165625 0.585937778125 0.1703128109375 0.585937778125 0.17656281093749998 0.5921874078125 0.178125 0.5921874078125 0.1796878109375 0.5937503703125 0.18281218906250002 0.5937503703125 0.1859378109375 0.5968748140625 0.19218781093749998 0.5968748140625 0.19375 0.5953125921875 0.1953128109375 0.5953125921875 0.19843718906250002 0.5921874078125 0.2 0.5921874078125 0.2015628109375 0.5906251859375 0.203125 0.5906251859375 0.203125 0.589062221875 0.20468781093750002 0.5875 0.20625 0.5875 0.2078128109375 0.585937778125 0.209375 0.585937778125 0.21093781093750003 0.5843748140625 0.2125 0.5843748140625 0.215625 0.5812503703125 0.2171878109375 0.5812503703125 0.21875 0.5796874078124999 0.221875 0.5796874078124999 0.22656281093750003 0.575 0.228125 0.575 0.2296871890625 0.573437778125 0.234375 0.573437778125 0.23593781093750002 0.5718748140625001 0.2375 0.5718748140625001 0.240625 0.5687503703125001 0.24218781093750003 0.5687503703125001 0.24375 0.5671874078125 0.2453121890625 0.5671874078125 0.2515628109375 0.560937778125 0.253125 0.560937778125 0.25468781093750004 0.5593748140625 0.25468781093750004 0.5046874078125 0.25625 0.5031251859375 0.25468781093750004 0.501562221875 0.25468781093750004 0.489062221875 0.253125 0.4875 0.2515628109375 0.4875 0.2484378109375 0.48437481406250005 0.2484378109375 0.48281259218750006 0.24218781093750003 0.47656222187499997 0.24218781093750003 0.473437778125 0.240625 0.47187481406250004 0.240625 0.47031259218750004 0.23593781093750002 0.46562518593749996 0.23593781093750002 0.464062221875 0.234375 0.4625 0.234375 0.46093777812500003 0.228125 0.45468740781249994 0.22656281093750003 0.45468740781249994 0.221875 0.45 0.22031281093750002 0.45 0.2171878109375 0.4468748140625 0.2171878109375 0.4453125921875 0.215625 0.44375037031250003 0.2140621890625 0.44375037031250003 0.2078128109375 0.4375 0.20625 0.4375 0.2015628109375 0.4328125921875 0.1890628109375 0.4328125921875 0.1859378109375 0.435937778125 0.184375 0.435937778125 0.18281218906250002 0.4375 0.1796878109375 0.4375
6 0.25 0.5875 0.2484378109375 0.589062221875 0.24375 0.589062221875 0.240625 0.5921874078125 0.2390628109375 0.5921874078125 0.2375 0.5937503703125 0.23593781093750002 0.5937503703125 0.234375 0.5953125921875 0.2328128109375 0.5953125921875 0.228125 0.6 0.22656281093750003 0.6 0.225 0.601562221875 0.2234378109375 0.601562221875 0.21875 0.6062503703125001 0.2171878109375 0.6062503703125001 0.215625 0.6078125921875001 0.2140621890625 0.6078125921875001 0.209375 0.6125 0.2078128109375 0.6125 0.20625 0.614062221875 0.20625 0.6171874078124999 0.20468781093750002 0.6187503703125 0.20468781093750002 0.6218748140625 0.203125 0.623437778125 0.203125 0.7 0.2140621890625 0.710937778125 0.215625 0.710937778125 0.221875 0.7171874078125 0.2234378109375 0.7171874078125 0.228125 0.7218748140625 0.2296871890625 0.7218748140625 0.23125 0.723437778125 0.234375 0.723437778125 0.2375 0.726562221875 0.2375 0.7281251859375 0.2390628109375 0.7296874078125 0.240625 0.7296874078125 0.24218781093750003 0.7312503703125001 0.24375 0.7312503703125001 0.2453121890625 0.7328125921875001 0.2453121890625 0.7343748140625 0.246875 0.7343748140625 0.2484378109375 0.735937778125 0.253125 0.735937778125 0.25468781093750004 0.7375 0.25625 0.7375 0.2578128109375 0.739062221875 0.259375 0.739062221875 0.26093718906249996 0.7406251859374999 0.2671878109375 0.7406251859374999 0.26875 0.739062221875 0.27031281093750004 0.739062221875 0.271875 0.7375 0.275 0.7375 0.27656218906249996 0.735937778125 0.2796878109375 0.735937778125 0.2828128109375 0.7328125921875001 0.284375 0.7328125921875001 0.2875 0.7296874078125 0.2890628109375 0.7296874078125 0.29375 0.725 0.2953128109375 0.725 0.296875 0.723437778125 0.2984378109375 0.723437778125 0.3 0.7218748140625 0.30156281093750004 0.7218748140625 0.30625 0.7171874078125 0.3078128109375 0.7171874078125 0.3140628109375 0.710937778125 0.315625 0.710937778125 0.321875 0.7046874078124999 0.3234378109375 0.7046874078124999 0.325 0.7031251859375 0.325 0.701562221875 0.328125 0.698437778125 0.328125 0.6312503703125001 0.3265621890625 0.6296874078125 0.3265621890625 0.626562221875 0.325 0.625 0.325 0.6203125921875 0.3234378109375 0.6187503703125 0.3234378109375 0.614062221875 0.321875 0.6125 0.3203128109375 0.6125 0.315625 0.6078125921875001 0.3140628109375 0.6078125921875001 0.3109378109375 0.6046874078125 0.309375 0.6046874078125 0.30625 0.601562221875 0.3046878109375 0.601562221875 0.303125 0.6 0.30156281093750004 0.6 0.3 0.598437778125 0.2984378109375 0.598437778125 0.2953128109375 0.5953125921875 0.29375 0.5953125921875 0.29218718906249996 0.5937503703125 0.290625 0.5937503703125 0.2890628109375 0.5921874078125 0.2875 0.5921874078125 0.284375 0.589062221875 0.2828128109375 0.589062221875 0.28125 0.5875 0.27656218906249996 0.5875 0.275 0.585937778125 0.2734378109375 0.585937778125 0.271875 0.5843748140625 0.2625 0.5843748140625 0.2578128109375 0.589062221875 0.25625 0.589062221875 0.25468781093750004 0.5875 0.25 0.5875
35 0.4609378109375 0.725 0.459375 0.726562221875 0.45781281093750004 0.726562221875 0.4546878109375 0.7296874078125 0.453125 0.7296874078125 0.4515621890625 0.7312503703125001 0.45 0.7312503703125001 0.4484378109375 0.7328125921875001 0.446875 0.7328125921875001 0.44375 0.735937778125 0.44218781093750004 0.735937778125 0.434375 0.7437503703125 0.4328128109375 0.7437503703125 0.43125 0.7453125921875 0.43125 0.7468748140625 0.42656281093750004 0.751562221875 0.42656281093750004 0.7531251859375 0.425 0.7546874078125 0.425 0.7593748140625001 0.421875 0.7625 0.4203121890625 0.7625 0.41875 0.764062221875 0.41875 0.7656251859375 0.4125 0.7718748140625 0.4125 0.8468748140625 0.4140628109375 0.848437778125 0.415625 0.848437778125 0.41875 0.851562221875 0.41875 0.8531251859375001 0.4203121890625 0.8546874078125001 0.421875 0.8546874078125001 0.428125 0.860937778125 0.43125 0.860937778125 0.4328128109375 0.8625 0.434375 0.8625 0.4390628109375 0.8671874078125 0.440625 0.8671874078125 0.44218781093750004 0.8687503703124999 0.44375 0.8687503703124999 0.446875 0.8718748140624999 0.4484378109375 0.8718748140624999 0.45 0.873437778125 0.4515621890625 0.873437778125 0.45625 0.8781251859375001 0.45781281093750004 0.8781251859375001 0.4640628109375 0.8843748140625 0.465625 0.8843748140625 0.4671871890625 0.885937778125 0.471875 0.885937778125 0.47343781093750004 0.8843748140625 0.475 0.8843748140625 0.4765628109375 0.8828125921875 0.4765628109375 0.8796874078125001 0.48125 0.875 0.4828121890625 0.875 0.484375 0.873437778125 0.48906281093750004 0.873437778125 0.490625 0.8718748140624999 0.4921878109375 0.8718748140624999 0.4953128109375 0.8687503703124999 0.496875 0.8687503703124999 0.4984371890625 0.8671874078125 0.5 0.8671874078125 0.5015628109375 0.8656251859375 0.5046878109375 0.8656251859375 0.50625 0.864062221875 0.5078128109375 0.864062221875 0.509375 0.8625 0.5109378109375 0.8625 0.5125 0.860937778125 0.515625 0.860937778125 0.5171878109375 0.8593748140624999 0.51875 0.8593748140624999 0.5203128109375 0.8578125921875 0.521875 0.8578125921875 0.525 0.8546874078125001 0.5265628109375 0.8546874078125001 0.5359378109375 0.8453125921875 0.5359378109375 0.7687503703125 0.534375 0.7671874078124999 0.534375 0.764062221875 0.528125 0.7578125921875001 0.528125 0.7562503703125001 0.521875 0.75 0.5203128109375 0.75 0.51875 0.748437778125 0.5171878109375 0.748437778125 0.5140621890625 0.7453125921875 0.5125 0.7453125921875 0.5109378109375 0.7437503703125 0.50625 0.7437503703125 0.5046878109375 0.7421874078124999 0.503125 0.7421874078124999 0.5015628109375 0.7406251859374999 0.5 0.7406251859374999 0.4984371890625 0.739062221875 0.496875 0.739062221875 0.4953128109375 0.7375 0.49375 0.7375 0.490625 0.7343748140625 0.48906281093750004 0.7343748140625 0.4859378109375 0.7312503703125001 0.484375 0.7312503703125001 0.4765628109375 0.723437778125 0.47343781093750004 0.723437778125 0.471875 0.7218748140625 0.4703128109375 0.7218748140625 0.46875 0.723437778125 0.465625 0.723437778125 0.4640628109375 0.725 0.4609378109375 0.725
15 0.17656281093749998 0.576562221875 0.178125 0.5781251859375 0.2140621890625 0.5781251859375 0.21875 0.573437778125 0.22031281093750002 0.573437778125 0.221875 0.5718748140625001 0.221875 0.5187503703125 0.2171878109375 0.514062221875 0.1703128109375 0.514062221875 0.1703128109375 0.573437778125 0.171875 0.573437778125 0.175 0.576562221875 0.17656281093749998 0.576562221875
31 0.24375 0.47187481406250004 0.25 0.4781251859375 0.25 0.47968740781249997 0.25468781093750004 0.48437481406250005 0.2734378109375 0.48437481406250005 0.2734378109375 0.48281259218750006 0.27656218906249996 0.47968740781249997 0.278125 0.47968740781249997 0.2796878109375 0.4781251859375 0.2796878109375 0.47656222187499997 0.2828128109375 0.473437778125 0.284375 0.473437778125 0.28593781093750004 0.47187481406250004 0.28593781093750004 0.44375037031250003 0.284375 0.4421874078125 0.284375 0.4406251859375 0.2734378109375 0.4296874078125 0.253125 0.4296874078125 0.25 0.4328125921875 0.25 0.4343748140625 0.24375 0.4406251859375 0.24375 0.47187481406250004
36 0.6671878109375 0.298437778125 0.665625 0.3 0.6640628109375 0.3 0.6578128109375 0.3062503703125 0.6546878109375001 0.3062503703125 0.653125 0.3078125921875 0.6515628109375 0.3078125921875 0.646875 0.3125 0.6453121890625 0.3125 0.6421878109375 0.3156251859375 0.6421878109375 0.3171874078125 0.6390628109375001 0.32031259218749997 0.6390628109375001 0.323437778125 0.6375 0.325 0.6375 0.3296874078125 0.6296878109375 0.3375 0.628125 0.3375 0.621875 0.3437503703125 0.61875 0.3437503703125 0.6171878109375 0.3453125921875 0.6171878109375 0.40781259218750004 0.61875 0.40937481406250004 0.61875 0.41406222187499997 0.6265628109375 0.42187481406250005 0.628125 0.42187481406250005 0.63125 0.425 0.6328128109375 0.425 0.6359378109375 0.4281251859375 0.6375 0.4281251859375 0.6390628109375001 0.4296874078125 0.64375 0.4296874078125 0.6453121890625 0.4312503703125 0.646875 0.4312503703125 0.6515628109375 0.435937778125 0.6609371890625 0.435937778125 0.6625 0.4343748140625 0.6640628109375 0.4343748140625 0.6671878109375 0.4312503703125 0.66875 0.4312503703125 0.6703128109375001 0.4296874078125 0.6953128109375 0.4296874078125 0.696875 0.4312503703125 0.7 0.4312503703125 0.7015628109375001 0.4328125921875 0.703125 0.4328125921875 0.7046878109375 0.4312503703125 0.70625 0.4312503703125 0.7078121890625 0.4296874078125 0.7140628109375 0.4296874078125 0.715625 0.4281251859375 0.7171878109375001 0.4281251859375 0.7203128109375 0.425 0.721875 0.425 0.7234371890625 0.423437778125 0.728125 0.423437778125 0.734375 0.41718740781249997 0.7359378109375 0.41718740781249997 0.740625 0.4125 0.740625 0.410937778125 0.7421878109375 0.40937481406250004 0.7421878109375 0.33593777812500003 0.740625 0.33437481406249997 0.740625 0.3312503703125 0.7390621890625 0.3296874078125 0.7390621890625 0.3281251859375 0.7359378109375 0.325 0.734375 0.325 0.728125 0.3187503703125 0.7265628109375 0.3187503703125 0.7203128109375 0.3125 0.715625 0.3125 0.7140628109375 0.310937778125 0.7125 0.310937778125 0.7109378109375 0.3093748140625 0.7109378109375 0.3078125921875 0.709375 0.3062503703125 0.7078121890625 0.3062503703125 0.70625 0.30468740781250003 0.7046878109375 0.30468740781250003 0.7 0.3 0.6984378109375 0.3 0.69375 0.2953125921875 0.6921871890625 0.2953125921875 0.690625 0.2937503703125 0.675 0.2937503703125 0.6734378109375 0.2953125921875 0.671875 0.2953125921875 0.66875 0.298437778125 0.6671878109375 0.298437778125
36 0.396875 0.2921874078125 0.39531281093750004 0.2937503703125 0.39375 0.2937503703125 0.3921878109375 0.2953125921875 0.390625 0.2953125921875 0.3875 0.298437778125 0.3859378109375 0.298437778125 0.384375 0.3 0.37968781093750004 0.3 0.375 0.30468740781250003 0.3734371890625 0.30468740781250003 0.371875 0.3062503703125 0.3703128109375 0.3062503703125 0.36875 0.3078125921875 0.3671878109375 0.3078125921875 0.3625 0.3125 0.3625 0.3171874078125 0.3609378109375 0.3187503703125 0.3609378109375 0.32187481406249996 0.35625 0.326562221875 0.35625 0.3296874078125 0.3546878109375 0.3312503703125 0.3546878109375 0.3328125921875 0.35 0.3375 0.34843781093750004 0.3375 0.34375 0.3421874078125 0.3421871890625 0.3421874078125 0.340625 0.3437503703125 0.340625 0.41406222187499997 0.3421871890625 0.4156251859375 0.3421871890625 0.41718740781249997 0.3453128109375 0.42031259218750006 0.3453128109375 0.42187481406250005 0.346875 0.42187481406250005 0.353125 0.4281251859375 0.3546878109375 0.4281251859375 0.35625 0.4296874078125 0.3578121890625 0.4296874078125 0.359375 0.4312503703125 0.3609378109375 0.4312503703125 0.365625 0.435937778125 0.36875 0.435937778125 0.3703128109375 0.4375 0.371875 0.4375 0.3765628109375 0.4421874078125 0.378125 0.4421874078125 0.3828128109375 0.4468748140625 0.384375 0.4468748140625 0.3859378109375 0.448437778125 0.3890621890625 0.448437778125 0.390625 0.45 0.39375 0.45 0.39531281093750004 0.451562221875 0.3984378109375 0.451562221875 0.4 0.45312518593749995 0.403125 0.45312518593749995 0.4046871890625 0.451562221875 0.40625 0.451562221875 0.4078128109375 0.45 0.409375 0.45 0.41093781093750004 0.448437778125 0.4140628109375 0.448437778125 0.415625 0.4468748140625 0.4171878109375 0.4468748140625 0.4203121890625 0.44375037031250003 0.421875 0.44375037031250003 0.4234378109375 0.4421874078125 0.428125 0.4421874078125 0.434375 0.435937778125 0.4390628109375 0.435937778125 0.4453128109375 0.4296874078125 0.446875 0.4296874078125 0.446875 0.4281251859375 0.4484378109375 0.426562221875 0.4484378109375 0.40781259218750004 0.45 0.40625037031250005 0.45 0.40468740781249996 0.4515621890625 0.40312518593749996 0.4515621890625 0.401562221875 0.453125 0.4 0.453125 0.39843777812500003 0.4546878109375 0.39687481406249997 0.4546878109375 0.389062221875 0.4609378109375 0.38281259218749997 0.4609378109375 0.3562503703125 0.4625 0.3546874078125 0.4625 0.3375 0.4609378109375 0.33593777812500003 0.4609378109375 0.3281251859375 0.459375 0.326562221875 0.459375 0.325 0.45781281093750004 0.325 0.446875 0.314062221875 0.4453128109375 0.314062221875 0.44218781093750004 0.310937778125 0.440625 0.310937778125 0.4359371890625 0.3062503703125 0.434375 0.3062503703125 0.4296878109375 0.301562221875 0.4296878109375 0.3 0.428125 0.298437778125 0.42656281093750004 0.298437778125 0.4234378109375 0.2953125921875 0.4234378109375 0.2937503703125 0.421875 0.2937503703125 0.4171878109375 0.28906222187499997 0.4171878109375 0.2875 0.4125 0.2875 0.41093781093750004 0.28906222187499997 0.4015628109375 0.28906222187499997 0.3984378109375 0.2921874078125 0.396875 0.2921874078125
37 0.453125 0.44375037031250003 0.4515621890625 0.44375037031250003 0.45 0.4453125921875 0.446875 0.4453125921875 0.44375 0.448437778125 0.44218781093750004 0.448437778125 0.440625 0.45 0.4390628109375 0.45 0.4375 0.451562221875 0.4359371890625 0.451562221875 0.4328128109375 0.45468740781249994 0.43125 0.45468740781249994 0.4296878109375 0.45625037031250004 0.428125 0.45625037031250004 0.425 0.4593748140625 0.4234378109375 0.4593748140625 0.409375 0.473437778125 0.409375 0.5468748140625 0.41093781093750004 0.548437778125 0.41093781093750004 0.5531251859374999 0.4125 0.5546874078124999 0.4125 0.5578125921875 0.4203121890625 0.5656251859375 0.421875 0.5656251859375 0.4234378109375 0.5671874078125 0.428125 0.5671874078125 0.43125 0.5703125921875001 0.43125 0.5718748140625001 0.4328128109375 0.5718748140625001 0.434375 0.573437778125 0.446875 0.573437778125 0.4484378109375 0.575 0.4546878109375 0.575 0.45625 0.573437778125 0.4625 0.573437778125 0.4640628109375 0.5718748140625001 0.46875 0.5718748140625001 0.4703128109375 0.5703125921875001 0.471875 0.5703125921875001 0.47343781093750004 0.5718748140625001 0.478125 0.5718748140625001 0.4796878109375 0.573437778125 0.4875 0.573437778125 0.48906281093750004 0.575 0.490625 0.575 0.4953128109375 0.5796874078124999 0.496875 0.5796874078124999 0.4984371890625 0.5812503703125 0.5 0.5812503703125 0.5015628109375 0.5828125921875 0.503125 0.5828125921875 0.5046878109375 0.5812503703125 0.5078128109375 0.5812503703125 0.509375 0.5796874078124999 0.5109378109375 0.5796874078124999 0.5125 0.5781251859375 0.5140621890625 0.5781251859375 0.5171878109375 0.575 0.51875 0.575 0.5203128109375 0.573437778125 0.521875 0.573437778125 0.5359378109375 0.5593748140625 0.5359378109375 0.551562221875 0.5375 0.55 0.5375 0.5171874078124999 0.5359378109375 0.5156251859375 0.5359378109375 0.47656222187499997 0.534375 0.475 0.534375 0.473437778125 0.5296871890625 0.46875037031250005 0.5296871890625 0.46718740781249996 0.525 0.4625 0.5234378109375 0.4625 0.521875 0.46093777812500003 0.5203128109375 0.46093777812500003 0.51875 0.4593748140625 0.51875 0.45781259218750003 0.5171878109375 0.45781259218750003 0.5140621890625 0.45468740781249994 0.5125 0.45468740781249994 0.5078128109375 0.45 0.50625 0.45 0.5046878109375 0.448437778125 0.503125 0.448437778125 0.5015628109375 0.4468748140625 0.5 0.4468748140625 0.4984371890625 0.4453125921875 0.496875 0.4453125921875 0.48906281093750004 0.4375 0.459375 0.4375 0.45781281093750004 0.439062221875 0.45625 0.439062221875 0.45625 0.4406251859375 0.453125 0.44375037031250003
32 0.5953128109375 0.675 0.59375 0.676562221875 0.59375 0.7 0.5921871890625 0.701562221875 0.5921871890625 0.714062221875 0.6015628109375 0.723437778125 0.6234378109375001 0.723437778125 0.625 0.7218748140625 0.6265628109375 0.7218748140625 0.628125 0.7203125921875 0.628125 0.7187503703125 0.6296878109375 0.7171874078125 0.6296878109375 0.714062221875 0.6328128109375 0.710937778125 0.6328128109375 0.6906251859375 0.63125 0.689062221875 0.63125 0.6875 0.6296878109375 0.685937778125 0.6296878109375 0.6812503703125 0.625 0.676562221875 0.625 0.675 0.621875 0.6718748140625 0.621875 0.6703125921875001 0.6203128109375 0.6687503703125001 0.6015628109375 0.6687503703125001 0.6 0.6703125921875001 0.6 0.6718748140625 0.596875 0.675 0.5953128109375 0.675
33 0.31875 0.2921874078125 0.31875 0.2953125921875 0.31718781093750004 0.2968748140625 0.31718781093750004 0.298437778125 0.315625 0.3 0.315625 0.33437481406249997 0.31718781093750004 0.33593777812500003 0.31875 0.33593777812500003 0.3203128109375 0.3375 0.321875 0.3375 0.325 0.3406251859375 0.34375 0.3406251859375 0.353125 0.3312503703125 0.353125 0.298437778125 0.3515628109375 0.2968748140625 0.3515628109375 0.2953125921875 0.34843781093750004 0.2921874078125 0.34843781093750004 0.29062518593750003 0.3453128109375 0.2875 0.3234378109375 0.2875 0.321875 0.28906222187499997 0.3203128109375 0.28906222187499997 0.3203128109375 0.29062518593750003 0.31875 0.2921874078125
25 0.2671878109375 0.5578125921875 0.27031281093750004 0.5546874078124999 0.271875 0.5546874078124999 0.271875 0.48437481406250005 0.2578128109375 0.48437481406250005 0.2578128109375 0.560937778125 0.265625 0.560937778125 0.2671878109375 0.5593748140625 0.2671878109375 0.5578125921875
28 0.65 0.2843748140625 0.646875 0.2875 0.6453121890625 0.2875 0.64375 0.28906222187499997 0.64375 0.29062518593750003 0.640625 0.2937503703125 0.6375 0.2937503703125 0.6359378109375 0.2953125921875 0.6359378109375 0.3171874078125 0.640625 0.3171874078125 0.6421878109375 0.3156251859375 0.6421878109375 0.314062221875 0.6453121890625 0.310937778125 0.646875 0.310937778125 0.6515628109375 0.3062503703125 0.653125 0.3062503703125 0.6546878109375001 0.30468740781250003 0.6578128109375 0.30468740781250003 0.6640628109375 0.298437778125 0.665625 0.298437778125 0.6671878109375 0.2968748140625 0.6671878109375 0.2953125921875 0.6703128109375001 0.2921874078125 0.6734378109375 0.2921874078125 0.675 0.29062518593750003 0.6765621890625 0.29062518593750003 0.678125 0.28906222187499997 0.678125 0.2875 0.6796878109375 0.285937778125 0.6796878109375 0.276562221875 0.6625 0.276562221875 0.6578128109375 0.2812503703125 0.6515628109375 0.2812503703125 0.65 0.2828125921875 0.65 0.2843748140625
25 0.7234371890625 0.425 0.7203128109375 0.425 0.71875 0.426562221875 0.71875 0.4281251859375 0.715625 0.4312503703125 0.7140628109375 0.4312503703125 0.70625 0.439062221875 0.70625 0.4406251859375 0.7046878109375 0.4421874078125 0.7046878109375 0.4625 0.709375 0.4625 0.709375 0.46093777812500003 0.7109378109375 0.4593748140625 0.7109378109375 0.45781259218750003 0.7140628109375 0.45468740781249994 0.7171878109375001 0.45468740781249994 0.71875 0.45312518593749995 0.7203128109375 0.45312518593749995 0.725 0.448437778125 0.728125 0.448437778125 0.7296878109375 0.4468748140625 0.7296878109375 0.4453125921875 0.7328128109375001 0.4421874078125 0.734375 0.4421874078125 0.7359378109375 0.4406251859375 0.7359378109375 0.439062221875 0.7390621890625 0.435937778125 0.740625 0.435937778125 0.7421878109375 0.4343748140625 0.74375 0.4343748140625 0.746875 0.4312503703125 0.746875 0.4296874078125 0.7484378109375001 0.4281251859375 0.7484378109375001 0.42031259218750006 0.7296878109375 0.42031259218750006 0.7296878109375 0.42187481406250005 0.728125 0.423437778125 0.725 0.423437778125 0.7234371890625 0.425
11 0.6625 0.7203125921875 0.6625 0.7218748140625 0.6640628109375 0.7218748140625 0.665625 0.723437778125 0.696875 0.723437778125 0.7015628109375001 0.7187503703125 0.703125 0.7187503703125 0.7046878109375 0.7171874078125 0.7046878109375 0.7156251859375 0.70625 0.714062221875 0.70625 0.7125 0.7078121890625 0.710937778125 0.7078121890625 0.6625 0.70625 0.660937778125 0.70625 0.6593748140625 0.7046878109375 0.6578125921875 0.65625 0.6578125921875 0.65625 0.7156251859375 0.659375 0.7187503703125 0.6609371890625 0.7187503703125 0.6625 0.7203125921875
25 0.2328128109375 0.5687503703125001 0.23125 0.5703125921875001 0.2296871890625 0.5703125921875001 0.22656281093750003 0.573437778125 0.225 0.573437778125 0.2234378109375 0.575 0.221875 0.575 0.215625 0.5812503703125 0.2140621890625 0.5812503703125 0.2078128109375 0.5875 0.20625 0.5875 0.19843718906250002 0.5953125921875 0.19843718906250002 0.610937778125 0.2125 0.610937778125 0.2140621890625 0.6093748140625 0.215625 0.6093748140625 0.22031281093750002 0.6046874078125 0.221875 0.6046874078125 0.2234378109375 0.6031251859375 0.2234378109375 0.601562221875 0.22656281093750003 0.598437778125 0.228125 0.598437778125 0.2328128109375 0.5937503703125 0.234375 0.5937503703125 0.23593781093750002 0.5921874078125 0.2390628109375 0.5921874078125 0.2453121890625 0.585937778125 0.2484378109375 0.585937778125 0.25 0.5843748140625 0.253125 0.5843748140625 0.253125 0.5828125921875 0.25625 0.5796874078124999 0.2578128109375 0.5796874078124999 0.259375 0.5781251859375 0.259375 0.576562221875 0.26093718906249996 0.575 0.26093718906249996 0.564062221875 0.2625 0.5625 0.2390628109375 0.5625 0.2375 0.564062221875 0.2375 0.5656251859375 0.234375 0.5687503703125001 0.2328128109375 0.5687503703125001
28 0.6890628109375 0.2921874078125 0.690625 0.2921874078125 0.69375 0.2953125921875 0.69375 0.2968748140625 0.6953128109375 0.298437778125 0.7 0.298437778125 0.7015628109375001 0.3 0.703125 0.3 0.7078121890625 0.30468740781250003 0.709375 0.30468740781250003 0.7125 0.3078125921875 0.7125 0.3093748140625 0.7140628109375 0.310937778125 0.715625 0.310937778125 0.7171878109375001 0.3125 0.71875 0.3125 0.721875 0.3156251859375 0.7234371890625 0.3156251859375 0.725 0.3171874078125 0.728125 0.3171874078125 0.73125 0.32031259218749997 0.73125 0.32187481406249996 0.7328128109375001 0.323437778125 0.746875 0.323437778125 0.7484378109375001 0.32187481406249996 0.7484378109375001 0.3078125921875 0.746875 0.3062503703125 0.7453128109375 0.3062503703125 0.7390621890625 0.3 0.7359378109375 0.3 0.734375 0.298437778125 0.7328128109375001 0.298437778125 0.728125 0.2937503703125 0.7265628109375 0.2937503703125 0.7203128109375 0.2875 0.7140628109375 0.2875 0.7109378109375 0.2843748140625 0.7109378109375 0.2828125921875 0.709375 0.2812503703125 0.7078121890625 0.2812503703125 0.7046878109375 0.2781251859375 0.6859378109375001 0.2781251859375 0.6859378109375001 0.2828125921875 0.6875 0.2843748140625 0.6875 0.29062518593750003 0.6890628109375 0.2921874078125
28 0.4125 0.5796874078124999 0.415625 0.5796874078124999 0.41875 0.5828125921875 0.41875 0.5843748140625 0.4203121890625 0.585937778125 0.421875 0.585937778125 0.4234378109375 0.5875 0.425 0.5875 0.434375 0.5968748140625 0.4359371890625 0.5968748140625 0.4375 0.598437778125 0.440625 0.598437778125 0.44218781093750004 0.6 0.44375 0.6 0.4453128109375 0.601562221875 0.4484378109375 0.601562221875 0.45 0.6031251859375 0.45 0.5796874078124999 0.4484378109375 0.5781251859375 0.4484378109375 0.576562221875 0.446875 0.575 0.44218781093750004 0.575 0.4375 0.5703125921875001 0.4359371890625 0.5703125921875001 0.434375 0.5687503703125001 0.4328128109375 0.5687503703125001 0.4296878109375 0.5656251859375 0.4296878109375 0.564062221875 0.428125 0.5625 0.4078128109375 0.5625 0.4078128109375 0.576562221875 0.409375 0.5781251859375 0.41093781093750004 0.5781251859375 0.4125 0.5796874078124999
26 0.634375 0.7312503703125001 0.6359378109375 0.7328125921875001 0.6359378109375 0.7343748140625 0.6375 0.7343748140625 0.6390628109375001 0.735937778125 0.640625 0.735937778125 0.64375 0.739062221875 0.64375 0.7406251859374999 0.6453121890625 0.7421874078124999 0.6484378109375 0.7421874078124999 0.653125 0.7468748140625 0.6546878109375001 0.7468748140625 0.65625 0.748437778125 0.6578128109375 0.748437778125 0.6640628109375 0.7546874078125 0.675 0.7546874078125 0.6765621890625 0.7531251859375 0.678125 0.7531251859375 0.678125 0.7328125921875001 0.6765621890625 0.7312503703125001 0.6734378109375 0.7312503703125001 0.671875 0.7296874078125 0.6703128109375001 0.7296874078125 0.665625 0.725 0.6640628109375 0.725 0.6578128109375 0.7187503703125 0.6546878109375001 0.7187503703125 0.653125 0.7171874078125 0.6515628109375 0.7171874078125 0.6484378109375 0.714062221875 0.6296878109375 0.714062221875 0.6296878109375 0.7296874078125 0.63125 0.7296874078125 0.6328128109375 0.7312503703125001 0.634375 0.7312503703125001
12 0.24375 0.4312503703125 0.2453121890625 0.4328125921875 0.2453121890625 0.4343748140625 0.25 0.4343748140625 0.2515628109375 0.4328125921875 0.253125 0.4328125921875 0.25468781093750004 0.4312503703125 0.25625 0.4312503703125 0.2578128109375 0.4296874078125 0.26875 0.4296874078125 0.27031281093750004 0.4312503703125 0.271875 0.4312503703125 0.27656218906249996 0.435937778125 0.284375 0.435937778125 0.28593781093750004 0.4343748140625 0.28593781093750004 0.4328125921875 0.2875 0.4312503703125 0.2875 0.4296874078125 0.290625 0.426562221875 0.290625 0.373437778125 0.2875 0.3703125921875 0.2390628109375 0.3703125921875 0.2390628109375 0.4296874078125 0.240625 0.4296874078125 0.24218781093750003 0.4312503703125 0.24375 0.4312503703125
13 0.33281281093750004 0.8625 0.334375 0.860937778125 0.359375 0.860937778125 0.359375 0.801562221875 0.309375 0.801562221875 0.309375 0.860937778125 0.31718781093750004 0.860937778125 0.31875 0.8625 0.33281281093750004 0.8625
27 0.375 0.2828125921875 0.3734371890625 0.2828125921875 0.3734371890625 0.2843748140625 0.371875 0.285937778125 0.3703128109375 0.285937778125 0.36875 0.2875 0.365625 0.2875 0.359375 0.2937503703125 0.3578121890625 0.2937503703125 0.3578121890625 0.3171874078125 0.3609378109375 0.3171874078125 0.3609378109375 0.3156251859375 0.36406281093750004 0.3125 0.365625 0.3125 0.3671878109375 0.310937778125 0.3703128109375 0.310937778125 0.3765628109375 0.30468740781250003 0.378125 0.30468740781250003 0.37968781093750004 0.30312518593750004 0.37968781093750004 0.301562221875 0.3828128109375 0.298437778125 0.3875 0.298437778125 0.3890621890625 0.2968748140625 0.390625 0.2968748140625 0.3984378109375 0.28906222187499997 0.3984378109375 0.2875 0.4 0.285937778125 0.4 0.276562221875 0.38125 0.276562221875 0.38125 0.2781251859375 0.378125 0.2812503703125 0.3765628109375 0.2812503703125 0.375 0.2828125921875
31 0.6625 0.4781251859375 0.6640628109375 0.47968740781249997 0.665625 0.47968740781249997 0.66875 0.48281259218750006 0.6921871890625 0.48281259218750006 0.6953128109375 0.47968740781249997 0.696875 0.47968740781249997 0.6984378109375 0.4781251859375 0.6984378109375 0.473437778125 0.7 0.47187481406250004 0.7 0.47031259218750004 0.7015628109375001 0.46875037031250005 0.7015628109375001 0.4593748140625 0.7 0.45781259218750003 0.7 0.45468740781249994 0.6984378109375 0.45312518593749995 0.6984378109375 0.439062221875 0.696875 0.4375 0.6953128109375 0.4375 0.6921871890625 0.4343748140625 0.6921871890625 0.4328125921875 0.690625 0.4312503703125 0.6890628109375 0.4312503703125 0.6875 0.4296874078125 0.6703128109375001 0.4296874078125 0.66875 0.4312503703125 0.66875 0.4328125921875 0.6625 0.439062221875 0.6625 0.4781251859375
14 0.4296878109375 0.3703125921875 0.378125 0.3703125921875 0.378125 0.4296874078125 0.428125 0.4296874078125 0.4296878109375 0.4281251859375 0.4296878109375 0.3703125921875
12 0.5953128109375 0.576562221875 0.6328128109375 0.576562221875 0.634375 0.575 0.634375 0.573437778125 0.6359378109375 0.5718748140625001 0.6359378109375 0.514062221875 0.5875 0.514062221875 0.5875 0.5718748140625001 0.590625 0.575 0.59375 0.575 0.5953128109375 0.576562221875
33 0.4546878109375 0.4328125921875 0.45781281093750004 0.435937778125 0.484375 0.435937778125 0.4859378109375 0.4343748140625 0.4875 0.4343748140625 0.490625 0.4312503703125 0.490625 0.4296874078125 0.4921878109375 0.4281251859375 0.4921878109375 0.3953125921875 0.490625 0.3937503703125 0.48906281093750004 0.3937503703125 0.4859378109375 0.3906251859375 0.4859378109375 0.389062221875 0.48125 0.38437481406249996 0.4609378109375 0.38437481406249996 0.45625 0.389062221875 0.45625 0.40937481406250004 0.4546878109375 0.410937778125 0.4546878109375 0.4328125921875
29 0.4859378109375 0.6343748140625001 0.484375 0.635937778125 0.4828121890625 0.635937778125 0.4828121890625 0.6562503703125 0.484375 0.6562503703125 0.4875 0.6593748140625 0.4875 0.660937778125 0.48906281093750004 0.6625 0.48906281093750004 0.664062221875 0.490625 0.6656251859375 0.4921878109375 0.6656251859375 0.49375 0.6671874078125 0.496875 0.6671874078125 0.5 0.6703125921875001 0.5078128109375 0.6703125921875001 0.5125 0.6656251859375 0.5125 0.664062221875 0.5140621890625 0.6625 0.515625 0.6625 0.515625 0.660937778125 0.521875 0.6546874078125 0.521875 0.65 0.51875 0.6468748140625 0.51875 0.6453125921875 0.5125 0.639062221875 0.5125 0.6375 0.5109378109375 0.635937778125 0.5109378109375 0.626562221875 0.509375 0.625 0.509375 0.623437778125 0.5046878109375 0.6187503703125 0.484375 0.6187503703125 0.4828121890625 0.6203125921875 0.4828121890625 0.6218748140625 0.4859378109375 0.625 0.4859378109375 0.6343748140625001
14 0.6359378109375 0.8593748140624999 0.6359378109375 0.8031251859375 0.5875 0.8031251859375 0.5875 0.8593748140624999 0.5890628109375 0.860937778125 0.634375 0.860937778125 0.6359378109375 0.8593748140624999
26 0.41093781093750004 0.8437503703125 0.41093781093750004 0.773437778125 0.3984378109375 0.773437778125 0.3984378109375 0.8468748140625 0.409375 0.8468748140625 0.409375 0.8453125921875 0.41093781093750004 0.8437503703125
16 0.5875 0.27187481406249997 0.5875 0.2843748140625 0.5890628109375 0.285937778125 0.590625 0.285937778125 0.5921871890625 0.2875 0.596875 0.2875 0.5984378109375 0.285937778125 0.603125 0.285937778125 0.6078128109375001 0.2812503703125 0.615625 0.2812503703125 0.6203128109375 0.285937778125 0.621875 0.285937778125 0.6265628109375 0.29062518593750003 0.634375 0.29062518593750003 0.6359378109375 0.28906222187499997 0.6359378109375 0.2421874078125 0.6375 0.2406251859375 0.6375 0.2343748140625 0.6359378109375 0.2328125921875 0.6359378109375 0.22812518593750003 0.634375 0.226562221875 0.5875 0.226562221875 0.5875 0.22812518593750003 0.5859378109375 0.22968740781250002 0.5859378109375 0.2703125921875 0.5875 0.27187481406249997
15 0.73125 0.575 0.7375 0.575 0.7390621890625 0.576562221875 0.765625 0.576562221875 0.7671878109375 0.575 0.771875 0.575 0.775 0.5718748140625001 0.7765628109375 0.5718748140625001 0.7765628109375 0.5171874078124999 0.7734378109375 0.514062221875 0.725 0.514062221875 0.725 0.5718748140625001 0.7265628109375 0.573437778125 0.7296878109375 0.573437778125 0.73125 0.575
8 0.319725125 0.28657259218750003 0.3212879359375 0.28657259218750003 0.322850125 0.2850103703125 0.32910012499999997 0.2850103703125 0.3306629359375 0.2834481484375 0.332225125 0.2834481484375 0.3337879359375 0.2818851859375 0.335350125 0.2818851859375 0.3369129359375 0.2834481484375 0.338475125 0.2834481484375 0.3400379359375 0.2850103703125 0.347850125 0.2850103703125 0.3494129359375 0.28657259218750003 0.3556629359375 0.28657259218750003 0.357225125 0.2850103703125 0.36035012499999997 0.2850103703125 0.3619129359375 0.2834481484375 0.3619129359375 0.22876 0.36035012499999997 0.227197778125 0.36035012499999997 0.22563555625 0.310350125 0.22563555625 0.310350125 0.28657259218750003 0.3119129359375 0.28813555625 0.3181629359375 0.28813555625 0.319725125 0.28657259218750003
7 0.6921871890625 0.4312503703125 0.69375 0.4328125921875 0.6984378109375 0.4328125921875 0.7 0.4312503703125 0.7015628109375001 0.4312503703125 0.703125 0.4296874078125 0.70625 0.4296874078125 0.7078121890625 0.4281251859375 0.709375 0.4281251859375 0.709375 0.375 0.7046878109375 0.3703125921875 0.6578128109375 0.3703125921875 0.6578128109375 0.4296874078125 0.6890628109375 0.4296874078125 0.690625 0.4312503703125 0.6921871890625 0.4312503703125
8 0.453125 0.576562221875 0.4546878109375 0.575 0.45625 0.575 0.45781281093750004 0.573437778125 0.4703128109375 0.573437778125 0.471875 0.5718748140625001 0.47343781093750004 0.573437778125 0.4859378109375 0.573437778125 0.4875 0.575 0.49375 0.575 0.4953128109375 0.573437778125 0.496875 0.573437778125 0.4984371890625 0.5718748140625001 0.4984371890625 0.5156251859375 0.496875 0.514062221875 0.45 0.514062221875 0.4484378109375 0.5156251859375 0.4484378109375 0.573437778125 0.4515621890625 0.576562221875 0.453125 0.576562221875
9 0.45193843281249996 0.2902325921875 0.49412562187500003 0.2902325921875 0.49568843281249997 0.2886703703125 0.497250621875 0.2886703703125 0.5003756218750001 0.2855451859375 0.5003756218750001 0.22929555625 0.49881343281249996 0.22773259218750003 0.45193843281249996 0.22773259218750003 0.45193843281249996 0.22929555625 0.44881343281249997 0.23242 0.44881343281249997 0.2871074078125 0.45193843281249996 0.2902325921875
10 0.45 0.8593748140624999 0.4515621890625 0.860937778125 0.45781281093750004 0.860937778125 0.459375 0.8625 0.465625 0.8625 0.4671871890625 0.864062221875 0.4875 0.864062221875 0.48906281093750004 0.8625 0.49375 0.8625 0.4953128109375 0.860937778125 0.496875 0.860937778125 0.4984371890625 0.8593748140624999 0.4984371890625 0.801562221875 0.45 0.801562221875 0.4484378109375 0.8031251859375 0.4484378109375 0.8562503703125 0.45 0.8578125921875 0.45 0.8593748140624999
27 0.4745024875 0.3251851859375 0.468905471875 0.3266666671875 0.46641791093749996 0.3303703703125 0.46641791093749996 0.38 0.48072139375 0.38148148125 0.48134328281250005 0.3311111109375 0.4745024875 0.3251851859375
13 0.570895521875 0.42888888906249995 0.570895521875 0.379259259375 0.5677860703125 0.3718518515625 0.522388059375 0.3711111109375 0.5180348265625 0.376296296875 0.5186567171875 0.43185185156249994 0.5292288562499999 0.43555555625000003 0.56902985 0.43185185156249994 0.570895521875 0.42888888906249995
11 0.3600746265625 0.5740740734374999 0.36194029843750003 0.5274074078125001 0.3588308453125 0.516296296875 0.35012437812499997 0.5140740734375 0.3140547265625 0.5148148140625 0.30907960156250003 0.52148148125 0.30907960156250003 0.5681481484375001 0.3121890546875 0.5762962968750001 0.35572139375 0.5770370375 0.3600746265625 0.5740740734374999
16 0.5329601984375001 0.723703703125 0.5404228859375 0.7207407406249999 0.5640547265625 0.7207407406249999 0.56902985 0.717777778125 0.570895521875 0.6711111109375001 0.5671641796875 0.659259259375 0.5292288562499999 0.656296296875 0.522388059375 0.66148148125 0.522388059375 0.6718518515625 0.51927860625 0.6748148140625 0.5186567171875 0.717777778125 0.523631840625 0.7207407406249999 0.5304726375000001 0.72 0.5329601984375001 0.723703703125
7 0.39676616875000004 0.7148148140624999 0.4004975125 0.716296296875 0.403606965625 0.7140740734375 0.40796019843750003 0.7140740734375 0.41542288593750004 0.7207407406249999 0.425995025 0.7207407406249999 0.42972636875000003 0.717777778125 0.4315920390625 0.6696296296875001 0.427860696875 0.659259259375 0.3830845765625 0.657777778125 0.37873134375 0.66148148125 0.37873134375 0.7148148140624999 0.380597015625 0.7185185187500001 0.3936567171875 0.72148148125 0.39676616875000004 0.7148148140624999
18 0.7734378109375 0.7375 0.71875 0.7375 0.71875 0.8171874078125001 0.771875 0.8171874078125001 0.7734378109375 0.8156251859375001 0.7734378109375 0.7375
22 0.2328128109375 0.0203125921875 0.2328128109375 0.1031251859375 0.28593781093750004 0.1031251859375 0.28593781093750004 0.0203125921875 0.2328128109375 0.0203125921875
18 0.14375 0.5968748140625 0.09375 0.5968748140625 0.09375 0.673437778125 0.1421871890625 0.673437778125 0.14375 0.6718748140625 0.14375 0.5968748140625
18 0.284375 0.960937778125 0.28593781093750004 0.9593748140624999 0.28593781093750004 0.885937778125 0.2328128109375 0.885937778125 0.2328128109375 0.9625 0.271875 0.9625 0.2734378109375 0.960937778125 0.284375 0.960937778125
21 0.5625 0.9593748140624999 0.5625 0.8843748140625 0.5109378109375 0.8843748140625 0.5109378109375 0.960937778125 0.559375 0.960937778125 0.5609371890625 0.9593748140624999 0.5625 0.9593748140624999
18 0.5625 0.0203125921875 0.509375 0.0203125921875 0.509375 0.1031251859375 0.5609371890625 0.1031251859375 0.5625 0.101562221875 0.5625 0.0203125921875
19 0.8546878109374999 0.45 0.8546878109374999 0.5312503703125 0.9125 0.5312503703125 0.9125 0.45 0.8546878109374999 0.45
20 0.7234371890625 0.2437503703125 0.725 0.24531259218749998 0.7734378109375 0.24531259218749998 0.7734378109375 0.1593748140625 0.715625 0.1593748140625 0.715625 0.24531259218749998 0.71875 0.24531259218749998 0.7203128109375 0.2437503703125 0.7234371890625 0.2437503703125
23 0.14375 0.389062221875 0.14531281093749998 0.3875 0.14531281093749998 0.30312518593750004 0.0921878109375 0.30312518593750004 0.0921878109375 0.3875 0.09375 0.3875 0.0953121890625 0.389062221875 0.14375 0.389062221875