0 0.3078124203125 0.425 0.3062496796875 0.42656212968749996 0.303124840625 0.42656212968749996 0.3 0.42968787031250005 0.298437259375 0.42968787031250005 0.296875159375 0.43125 0.29218757968750003 0.43125 0.290624840625 0.43281212968749994 0.28906274062500004 0.43281212968749994 0.284375159375 0.4375 0.2828124203125 0.4375 0.28125032031249997 0.43906212968749997 0.2796875796875 0.43906212968749997 0.278124840625 0.440625 0.276562740625 0.440625 0.27343725937499996 0.44375 0.271875159375 0.44375 0.2687503203125 0.446875 0.2687503203125 0.44843712968749994 0.2671875796875 0.45 0.2671875796875 0.45156287031250003 0.265624840625 0.453125 0.265624840625 0.5390628703125 0.2687503203125 0.5421871296874999 0.271875159375 0.5421871296874999 0.278124840625 0.5484371296874999 0.284375159375 0.5484371296874999 0.290624840625 0.5546878703125 0.310937259375 0.5546878703125 0.3125 0.553125 0.315624840625 0.553125 0.3187496796875 0.55 0.321875159375 0.55 0.323437259375 0.5484371296874999 0.33281242031249997 0.5484371296874999 0.334375159375 0.55 0.33593725937499996 0.55 0.339062740625 0.553125 0.3421875796875 0.553125 0.34375032031249997 0.5546878703125 0.365624840625 0.5546878703125 0.36718757968750004 0.553125 0.3703124203125 0.553125 0.373437259375 0.55 0.375 0.55 0.376562740625 0.5484371296874999 0.378124840625 0.5484371296874999 0.3796875796875 0.546875 0.3812503203125 0.546875 0.385937259375 0.5421871296874999 0.389062740625 0.5421871296874999 0.3921875796875 0.5390628703125 0.3921875796875 0.446875 0.384375159375 0.43906212968749997 0.38281242031249996 0.43906212968749997 0.3812503203125 0.4375 0.378124840625 0.4375 0.376562740625 0.43593787031250003 0.375 0.43593787031250003 0.371875159375 0.43281212968749994 0.3703124203125 0.43281212968749994 0.3687496796875 0.43125 0.365624840625 0.43125 0.364062740625 0.42968787031250005 0.3625 0.42968787031250005 0.359375159375 0.42656212968749996 0.353124840625 0.42656212968749996 0.35156274062500004 0.425 0.35 0.425 0.348437259375 0.42343712968749997 0.348437259375 0.421875 0.346875159375 0.421875 0.3453124203125 0.42031287031250003 0.3171875796875 0.42031287031250003 0.314062740625 0.42343712968749997 0.3125 0.42343712968749997 0.310937259375 0.425 0.3078124203125 0.425
0 0.226562740625 0.2859371296875 0.225 0.2875 0.221875159375 0.2875 0.2187503203125 0.290625 0.21718757968750002 0.290625 0.215624840625 0.2921878703125 0.21406274062500003 0.2921878703125 0.2125 0.29375 0.20781242031249997 0.29375 0.20625032031249999 0.2953121296875 0.2046875796875 0.2953121296875 0.2 0.3 0.196875159375 0.3 0.1937496796875 0.303125 0.1937496796875 0.359375 0.2 0.365625 0.2 0.3671878703125 0.2046875796875 0.371875 0.2046875796875 0.3734371296875 0.20625032031249999 0.375 0.20625032031249999 0.3859371296875 0.20781242031249997 0.3875 0.20781242031249997 0.3921871296875 0.209375159375 0.39375 0.209375159375 0.3953121296875 0.210937259375 0.396875 0.210937259375 0.4 0.2125 0.40156212968749994 0.2125 0.40781212968749997 0.215624840625 0.41093712968749996 0.21718757968750002 0.41093712968749996 0.221875159375 0.415625 0.22343725937499997 0.415625 0.225 0.41718712968749994 0.228124840625 0.41718712968749994 0.234375159375 0.42343712968749997 0.23906274062500002 0.42343712968749997 0.2437496796875 0.428125 0.24531242031249997 0.428125 0.246875159375 0.42968787031250005 0.251562740625 0.42968787031250005 0.253124840625 0.43125 0.2546875796875 0.42968787031250005 0.2625 0.42968787031250005 0.264062740625 0.428125 0.265624840625 0.428125 0.271875159375 0.421875 0.27343725937499996 0.421875 0.276562740625 0.41875 0.278124840625 0.41875 0.2796875796875 0.41718712968749994 0.284375159375 0.41718712968749994 0.290624840625 0.41093712968749996 0.29218757968750003 0.41093712968749996 0.2937496796875 0.409375 0.2953124203125 0.409375 0.296875159375 0.40781212968749997 0.296875159375 0.40625 0.298437259375 0.40468787031250003 0.298437259375 0.384375 0.3 0.3828128703125 0.3 0.3796871296875 0.303124840625 0.3765621296875 0.303124840625 0.3734371296875 0.30468757968750004 0.371875 0.30468757968750004 0.3671878703125 0.3062496796875 0.365625 0.3062496796875 0.3640621296875 0.3078124203125 0.3625 0.309375159375 0.3625 0.3125 0.359375 0.314062740625 0.359375 0.315624840625 0.3578121296875 0.315624840625 0.35625 0.3187496796875 0.353125 0.3187496796875 0.3046878703125 0.3171875796875 0.303125 0.3171875796875 0.3015621296875 0.315624840625 0.3015621296875 0.3125 0.2984371296875 0.310937259375 0.2984371296875 0.3078124203125 0.2953121296875 0.3062496796875 0.2953121296875 0.30468757968750004 0.29375 0.301562740625 0.29375 0.2953124203125 0.2875 0.29218757968750003 0.2875 0.290624840625 0.2859371296875 0.28906274062500004 0.2859371296875 0.284375159375 0.28125 0.2828124203125 0.28125 0.276562740625 0.275 0.240624840625 0.275 0.234375159375 0.28125 0.2328124203125 0.28125 0.228124840625 0.2859371296875 0.226562740625 0.2859371296875
36 0.676562740625 0.5578121296874999 0.6718751593750001 0.5625 0.6703124203125 0.5625 0.6687503203125 0.5640621296874999 0.6671875796875 0.5640621296874999 0.664062740625 0.5671871296875 0.6625 0.5671871296875 0.660937259375 0.56875 0.6578124203125 0.56875 0.651562740625 0.575 0.6468751593750001 0.575 0.6453124203125 0.5765628703125001 0.6437496796875 0.5765628703125001 0.6437496796875 0.578125 0.639062740625 0.5828121296875 0.639062740625 0.5859378703125 0.6375 0.5875 0.6375 0.596875 0.634375159375 0.6 0.6328124203125001 0.6 0.6312496796875 0.6015628703125 0.6312496796875 0.603125 0.628124840625 0.60625 0.6265627406250001 0.60625 0.625 0.6078121296875 0.625 0.609375 0.6234372593749999 0.6109371296874999 0.6234372593749999 0.6125 0.621875159375 0.6140621296875 0.621875159375 0.615625 0.6203124203125 0.6171878703125 0.6203124203125 0.678125 0.625 0.6828121296874999 0.625 0.684375 0.6265627406250001 0.684375 0.628124840625 0.6859371296875 0.6328124203125001 0.6859371296875 0.639062740625 0.6921871296875 0.648437259375 0.6921871296875 0.65 0.69375 0.653124840625 0.69375 0.6562503203125 0.696875 0.6578124203125 0.696875 0.659375159375 0.6984371296874999 0.6625 0.6984371296874999 0.6656248406249999 0.7015621296875 0.6671875796875 0.7015621296875 0.6687503203125 0.703125 0.6703124203125 0.703125 0.6718751593750001 0.7046871296874999 0.676562740625 0.7046871296874999 0.678124840625 0.70625 0.6796875796874999 0.70625 0.684375159375 0.7109378703125 0.6859372593749999 0.7109378703125 0.6875 0.7125 0.6953124203125001 0.7125 0.696875159375 0.7109378703125 0.698437259375 0.7109378703125 0.7046875796875 0.7046871296874999 0.7078124203125 0.7046871296874999 0.7093751593750001 0.703125 0.710937259375 0.703125 0.714062740625 0.7 0.715624840625 0.7 0.7171875796875 0.6984371296874999 0.723437259375 0.6984371296874999 0.725 0.696875 0.7281248406249999 0.696875 0.7281248406249999 0.6953128703125 0.7296875796875 0.69375 0.7312503203125 0.69375 0.7328124203125 0.6921871296875 0.7343751593750001 0.6921871296875 0.735937259375 0.690625 0.7375 0.690625 0.740624840625 0.6875 0.7421875796874999 0.6875 0.7437496796875 0.6859371296875 0.746875159375 0.6859371296875 0.7484372593749999 0.684375 0.7484372593749999 0.6828121296874999 0.7515627406250001 0.6796878703125 0.753124840625 0.6796878703125 0.7546875796875 0.678125 0.7546875796875 0.5953121296874999 0.746875159375 0.5875 0.7453124203125 0.5875 0.7421875796874999 0.584375 0.7421875796874999 0.5828121296875 0.740624840625 0.5828121296875 0.739062740625 0.58125 0.735937259375 0.58125 0.7343751593750001 0.5796871296874999 0.7328124203125 0.5796871296874999 0.7281248406249999 0.575 0.726562740625 0.575 0.721875159375 0.5703128703125 0.7203124203125 0.5703128703125 0.7187503203125 0.56875 0.715624840625 0.56875 0.714062740625 0.5671871296875 0.7125 0.5671871296875 0.710937259375 0.565625 0.710937259375 0.5640621296874999 0.7093751593750001 0.5640621296874999 0.7062496796875 0.5609378703125001 0.7046875796875 0.5609378703125001 0.7031248406249999 0.559375 0.7031248406249999 0.5578121296874999 0.701562740625 0.5578121296874999 0.698437259375 0.5546878703125 0.6828124203125 0.5546878703125 0.6812496796875 0.55625 0.6796875796874999 0.55625 0.678124840625 0.5578121296874999 0.676562740625 0.5578121296874999
37 0.303124840625 0.13125 0.296875159375 0.1375 0.2953124203125 0.1375 0.2937496796875 0.1390621296875 0.29218757968750003 0.1390621296875 0.29218757968750003 0.140625 0.290624840625 0.1421878703125 0.28906274062500004 0.1421878703125 0.2875 0.14375 0.284375159375 0.14375 0.278124840625 0.15 0.276562740625 0.15 0.27031242031249997 0.15625 0.2671875796875 0.15625 0.265624840625 0.1578121296875 0.264062740625 0.1578121296875 0.264062740625 0.2171871296875 0.2687503203125 0.221875 0.2687503203125 0.2234371296875 0.27031242031249997 0.2234371296875 0.27343725937499996 0.2265628703125 0.27343725937499996 0.228125 0.275 0.2296878703125 0.275 0.234375 0.276562740625 0.2359371296875 0.276562740625 0.2390621296875 0.278124840625 0.240625 0.278124840625 0.24375 0.2796875796875 0.2453128703125 0.2796875796875 0.25 0.28125032031249997 0.2515621296875 0.28125032031249997 0.265625 0.2828124203125 0.2671871296875 0.284375159375 0.2671871296875 0.290624840625 0.2734378703125 0.2953124203125 0.2734378703125 0.296875159375 0.275 0.298437259375 0.275 0.3 0.2765628703125 0.3 0.278125 0.301562740625 0.2796871296875 0.30468757968750004 0.2796871296875 0.3062496796875 0.28125 0.3078124203125 0.28125 0.3125 0.2859371296875 0.315624840625 0.2859371296875 0.32031242031249996 0.290625 0.33593725937499996 0.290625 0.340624840625 0.2859371296875 0.3453124203125 0.2859371296875 0.35156274062500004 0.2796871296875 0.35468757968750003 0.2796871296875 0.3562496796875 0.278125 0.3578124203125 0.278125 0.360937259375 0.275 0.3625 0.275 0.364062740625 0.2734378703125 0.365624840625 0.2734378703125 0.371875159375 0.2671871296875 0.373437259375 0.2671871296875 0.378124840625 0.2625 0.378124840625 0.2609378703125 0.3796875796875 0.259375 0.3796875796875 0.240625 0.3812503203125 0.2390621296875 0.3812503203125 0.2375 0.38281242031249996 0.2359371296875 0.38281242031249996 0.234375 0.384375159375 0.2328121296875 0.384375159375 0.23125 0.385937259375 0.2296878703125 0.385937259375 0.2265628703125 0.389062740625 0.2234371296875 0.390624840625 0.2234371296875 0.3921875796875 0.221875 0.3921875796875 0.1625 0.390624840625 0.1609371296875 0.390624840625 0.159375 0.385937259375 0.1546871296875 0.385937259375 0.153125 0.384375159375 0.1515621296875 0.38281242031249996 0.1515621296875 0.3812503203125 0.15 0.378124840625 0.15 0.371875159375 0.14375 0.3703124203125 0.14375 0.365624840625 0.1390621296875 0.364062740625 0.1390621296875 0.3625 0.1375 0.359375159375 0.1375 0.353124840625 0.13125 0.35156274062500004 0.13125 0.35 0.1296871296875 0.348437259375 0.1296871296875 0.346875159375 0.128125 0.346875159375 0.1265628703125 0.3453124203125 0.1265628703125 0.34375032031249997 0.125 0.340624840625 0.125 0.3375 0.121875 0.3187496796875 0.121875 0.315624840625 0.125 0.314062740625 0.125 0.3078124203125 0.13125 0.303124840625 0.13125
0 0.371875159375 0.28125 0.365624840625 0.2875 0.3625 0.2875 0.3578124203125 0.2921878703125 0.3562496796875 0.2921878703125 0.35468757968750003 0.29375 0.353124840625 0.29375 0.346875159375 0.3 0.34375032031249997 0.3 0.339062740625 0.3046878703125 0.339062740625 0.3734371296875 0.340624840625 0.3734371296875 0.3421875796875 0.375 0.3421875796875 0.3765621296875 0.34375032031249997 0.378125 0.34375032031249997 0.3796871296875 0.348437259375 0.384375 0.35 0.384375 0.35156274062500004 0.3859371296875 0.353124840625 0.3859371296875 0.3562496796875 0.3890628703125 0.3562496796875 0.3921871296875 0.3578124203125 0.39375 0.3578124203125 0.396875 0.359375159375 0.3984378703125 0.359375159375 0.4 0.360937259375 0.40156212968749994 0.360937259375 0.40468787031250003 0.3625 0.40625 0.3625 0.409375 0.364062740625 0.41093712968749996 0.365624840625 0.41093712968749996 0.371875159375 0.41718712968749994 0.375 0.41718712968749994 0.376562740625 0.41875 0.378124840625 0.41875 0.38281242031249996 0.42343712968749997 0.385937259375 0.42343712968749997 0.3875 0.425 0.390624840625 0.425 0.3921875796875 0.42656212968749996 0.3937496796875 0.42656212968749996 0.39531242031249997 0.428125 0.401562740625 0.428125 0.403124840625 0.42656212968749996 0.40468757968749997 0.42656212968749996 0.40781242031250003 0.42343712968749997 0.409375159375 0.42343712968749997 0.410937259375 0.421875 0.4125 0.421875 0.41562484062499994 0.41875 0.4171875796875 0.41875 0.4187496796875 0.41718712968749994 0.42187515937500003 0.41718712968749994 0.423437259375 0.415625 0.425 0.415625 0.42812484062499995 0.4125 0.4296875796875 0.4125 0.4312496796875 0.41093712968749996 0.43437515937500004 0.41093712968749996 0.439062740625 0.40625 0.44062484062499996 0.40625 0.4421875796875 0.40468787031250003 0.4453124203125 0.40468787031250003 0.44687515937500005 0.403125 0.44687515937500005 0.40156212968749994 0.448437259375 0.4 0.448437259375 0.390625 0.45 0.3890628703125 0.45 0.3859371296875 0.451562740625 0.384375 0.451562740625 0.3828128703125 0.45312484062499997 0.38125 0.45312484062499997 0.3796871296875 0.45468757968749995 0.378125 0.45468757968749995 0.3703121296875 0.46093725937499996 0.3640621296875 0.46093725937499996 0.34375 0.4625 0.3421871296875 0.4625 0.321875 0.46093725937499996 0.3203128703125 0.46093725937499996 0.303125 0.4578124203125 0.3 0.45312484062499997 0.3 0.448437259375 0.2953121296875 0.44687515937500005 0.2953121296875 0.4453124203125 0.29375 0.4437503203125 0.29375 0.439062740625 0.2890628703125 0.43437515937500004 0.2890628703125 0.4328124203125 0.2875 0.4296875796875 0.2875 0.426562740625 0.284375 0.423437259375 0.284375 0.42187515937500003 0.2828121296875 0.42031242031250005 0.2828121296875 0.41406274062500004 0.2765628703125 0.3796875796875 0.2765628703125 0.376562740625 0.2796871296875 0.375 0.2796871296875 0.373437259375 0.28125 0.371875159375 0.28125
17 0.4453124203125 0.70625 0.439062740625 0.7125 0.4375 0.7125 0.435937259375 0.7140621296874999 0.43437515937500004 0.7140621296874999 0.4312496796875 0.7171871296875 0.4312496796875 0.71875 0.426562740625 0.7234371296875 0.426562740625 0.725 0.425 0.7265628703125 0.425 0.7359371296874999 0.42187515937500003 0.7390621296875 0.42187515937500003 0.740625 0.4187496796875 0.74375 0.4187496796875 0.7453121296874999 0.4125 0.7515621296874999 0.4125 0.821875 0.41406274062500004 0.8234371296875 0.41562484062499994 0.8234371296875 0.42187515937500003 0.8296871296875 0.423437259375 0.8296871296875 0.425 0.83125 0.426562740625 0.83125 0.4296875796875 0.834375 0.4312496796875 0.834375 0.4328124203125 0.8359378703125 0.43437515937500004 0.8359378703125 0.439062740625 0.840625 0.4421875796875 0.840625 0.4437503203125 0.8421871296875001 0.46093725937499996 0.8421871296875001 0.4625 0.840625 0.465624840625 0.840625 0.46875032031249997 0.8375 0.47031242031250003 0.8375 0.471875159375 0.8359378703125 0.473437259375 0.8375 0.47812484062499994 0.8375 0.4812496796875 0.840625 0.48281242031250005 0.840625 0.48437515937500003 0.8421871296875001 0.4921875796875 0.8421871296875001 0.4937496796875 0.840625 0.498437259375 0.840625 0.5 0.8390621296875 0.5046875796875 0.8390621296875 0.5062503203125 0.8375 0.510937259375 0.8375 0.5125 0.8359378703125 0.5156248406249999 0.8359378703125 0.5203124203125 0.83125 0.5218751593750001 0.83125 0.523437259375 0.8296871296875 0.526562740625 0.8296871296875 0.5328124203125 0.8234371296875 0.534375159375 0.8234371296875 0.535937259375 0.821875 0.535937259375 0.7578128703125 0.528124840625 0.75 0.526562740625 0.75 0.5218751593750001 0.7453121296874999 0.5218751593750001 0.74375 0.5203124203125 0.74375 0.5187496796875 0.7421878703125 0.5187496796875 0.740625 0.5171875796875 0.7390621296875 0.5171875796875 0.73125 0.5156248406249999 0.7296871296874999 0.5156248406249999 0.728125 0.5125 0.725 0.5125 0.7234371296875 0.510937259375 0.721875 0.510937259375 0.7203121296874999 0.503124840625 0.7125 0.5015627406250001 0.7125 0.49687515937500004 0.7078121296875 0.4953124203125 0.7078121296875 0.4937496796875 0.70625 0.49062484062499995 0.70625 0.489062740625 0.7046871296874999 0.4875 0.7046871296874999 0.485937259375 0.703125 0.485937259375 0.7015621296875 0.48437515937500003 0.7015621296875 0.4812496796875 0.6984371296874999 0.4562496796875 0.6984371296874999 0.45468757968749995 0.7 0.45312484062499997 0.7 0.44687515937500005 0.70625 0.4453124203125 0.70625
37 0.740624840625 0.42031287031250003 0.7375 0.42343712968749997 0.735937259375 0.42343712968749997 0.7343751593750001 0.425 0.7312503203125 0.425 0.7296875796875 0.42656212968749996 0.7281248406249999 0.42656212968749996 0.725 0.42968787031250005 0.723437259375 0.42968787031250005 0.721875159375 0.43125 0.7203124203125 0.43125 0.7187503203125 0.43281212968749994 0.7171875796875 0.43281212968749994 0.714062740625 0.43593787031250003 0.7125 0.43593787031250003 0.710937259375 0.4375 0.7078124203125 0.4375 0.701562740625 0.44375 0.7 0.44375 0.698437259375 0.44531287031250005 0.696875159375 0.44531287031250005 0.6937496796875 0.44843712968749994 0.6937496796875 0.45156287031250003 0.6921875796875 0.453125 0.6921875796875 0.5390628703125 0.6937496796875 0.540625 0.6937496796875 0.5421871296874999 0.698437259375 0.546875 0.7 0.546875 0.701562740625 0.5484371296874999 0.7046875796875 0.5484371296874999 0.7062496796875 0.55 0.7078124203125 0.55 0.710937259375 0.553125 0.7125 0.553125 0.714062740625 0.5546878703125 0.715624840625 0.5546878703125 0.7203124203125 0.559375 0.721875159375 0.559375 0.723437259375 0.5609378703125001 0.7281248406249999 0.5609378703125001 0.7312503203125 0.5640621296874999 0.7312503203125 0.565625 0.7328124203125 0.565625 0.7343751593750001 0.5671871296875 0.7375 0.5671871296875 0.739062740625 0.56875 0.740624840625 0.56875 0.7453124203125 0.5734371296874999 0.746875159375 0.5734371296874999 0.7484372593749999 0.575 0.75 0.575 0.753124840625 0.578125 0.7671875796875 0.578125 0.7718751593750001 0.5734371296874999 0.776562740625 0.5734371296874999 0.7828124203125 0.5671871296875 0.784375159375 0.5671871296875 0.789062740625 0.5625 0.7906248406249999 0.5625 0.7921875796875 0.5609378703125001 0.7968751593750001 0.5609378703125001 0.798437259375 0.559375 0.798437259375 0.5578121296874999 0.8015627406249999 0.5546878703125 0.8046875796874999 0.5546878703125 0.8062496796874999 0.553125 0.8078124203125 0.553125 0.8125 0.5484371296874999 0.8156248406250001 0.5484371296874999 0.8171875796875 0.546875 0.8171875796875 0.5453128703125001 0.8203124203125001 0.5421871296874999 0.821875159375 0.5421871296874999 0.8234372593750001 0.540625 0.8234372593750001 0.5390628703125 0.825 0.5375 0.825 0.44843712968749994 0.8234372593750001 0.446875 0.8234372593750001 0.44531287031250005 0.821875159375 0.44531287031250005 0.814062740625 0.4375 0.810937259375 0.4375 0.8093751593749999 0.43593787031250003 0.8078124203125 0.43593787031250003 0.803124840625 0.43125 0.8 0.43125 0.7953124203125 0.42656212968749996 0.7937503203125 0.42656212968749996 0.7921875796875 0.425 0.789062740625 0.425 0.7875 0.42343712968749997 0.785937259375 0.42343712968749997 0.7828124203125 0.42031287031250003 0.7812503203125 0.42031287031250003 0.7796875796875 0.41875 0.775 0.41875 0.773437259375 0.41718712968749994 0.75 0.41718712968749994 0.7484372593749999 0.41875 0.7437496796875 0.41875 0.7421875796874999 0.42031287031250003 0.740624840625 0.42031287031250003
36 0.4578124203125 0.421875 0.45468757968749995 0.425 0.451562740625 0.425 0.45 0.42656212968749996 0.448437259375 0.42656212968749996 0.44687515937500005 0.428125 0.4453124203125 0.428125 0.4421875796875 0.43125 0.4375 0.43125 0.435937259375 0.43281212968749994 0.43437515937500004 0.43281212968749994 0.4312496796875 0.43593787031250003 0.4296875796875 0.43593787031250003 0.42812484062499995 0.4375 0.425 0.4375 0.423437259375 0.43906212968749997 0.42187515937500003 0.43906212968749997 0.41562484062499994 0.44531287031250005 0.41406274062500004 0.44531287031250005 0.41406274062500004 0.446875 0.4125 0.44843712968749994 0.4125 0.5375 0.41406274062500004 0.5390628703125 0.41406274062500004 0.540625 0.41562484062499994 0.540625 0.4171875796875 0.5421871296874999 0.4187496796875 0.5421871296874999 0.42031242031250005 0.54375 0.42187515937500003 0.54375 0.426562740625 0.5484371296874999 0.42812484062499995 0.5484371296874999 0.4296875796875 0.55 0.4312496796875 0.55 0.4328124203125 0.5515621296875 0.43437515937500004 0.5515621296875 0.435937259375 0.553125 0.44687515937500005 0.553125 0.451562740625 0.5484371296874999 0.47031242031250003 0.5484371296874999 0.475 0.553125 0.47656274062500004 0.553125 0.47812484062499994 0.5546878703125 0.4812496796875 0.5546878703125 0.48281242031250005 0.55625 0.485937259375 0.55625 0.4875 0.5578121296874999 0.489062740625 0.5578121296874999 0.49062484062499995 0.559375 0.4921875796875 0.559375 0.4937496796875 0.5578121296874999 0.498437259375 0.5578121296874999 0.5 0.55625 0.503124840625 0.55625 0.5046875796875 0.5546878703125 0.509375159375 0.5546878703125 0.510937259375 0.553125 0.514062740625 0.553125 0.5171875796875 0.55 0.5187496796875 0.55 0.5203124203125 0.5484371296874999 0.5218751593750001 0.5484371296874999 0.523437259375 0.546875 0.525 0.546875 0.528124840625 0.54375 0.5296875796875 0.54375 0.5312503203125 0.5421871296874999 0.5328124203125 0.5421871296874999 0.535937259375 0.5390628703125 0.535937259375 0.5359371296875 0.5375 0.534375 0.5375 0.475 0.535937259375 0.47343712968749996 0.535937259375 0.45 0.534375159375 0.44843712968749994 0.534375159375 0.446875 0.5328124203125 0.44531287031250005 0.5312503203125 0.44531287031250005 0.5296875796875 0.44375 0.528124840625 0.44375 0.5218751593750001 0.4375 0.5187496796875 0.4375 0.5171875796875 0.43593787031250003 0.5156248406249999 0.43593787031250003 0.5125 0.43281212968749994 0.510937259375 0.43281212968749994 0.509375159375 0.43125 0.5078124203125001 0.43125 0.5062503203125 0.42968787031250005 0.5046875796875 0.42968787031250005 0.5015627406250001 0.42656212968749996 0.498437259375 0.42656212968749996 0.49687515937500004 0.425 0.4937496796875 0.425 0.4921875796875 0.42343712968749997 0.49062484062499995 0.42343712968749997 0.4875 0.42031287031250003 0.485937259375 0.42031287031250003 0.48437515937500003 0.41875 0.464062740625 0.41875 0.4625 0.42031287031250003 0.46093725937499996 0.42031287031250003 0.45937515937500006 0.421875 0.4578124203125 0.421875
37 0.6625 0.278125 0.659375159375 0.28125 0.6578124203125 0.28125 0.653124840625 0.2859371296875 0.651562740625 0.2859371296875 0.65 0.2875 0.648437259375 0.2875 0.6437496796875 0.2921878703125 0.6421875796875 0.2921878703125 0.639062740625 0.2953121296875 0.6375 0.2953121296875 0.6328124203125001 0.3 0.6312496796875 0.3 0.6296875796875 0.3015621296875 0.628124840625 0.3015621296875 0.6234372593749999 0.30625 0.6234372593749999 0.3609371296875 0.625 0.3625 0.625 0.3640621296875 0.6312496796875 0.3703121296875 0.6312496796875 0.371875 0.6328124203125001 0.3734371296875 0.6328124203125001 0.375 0.635937259375 0.378125 0.635937259375 0.38125 0.6375 0.3828128703125 0.6375 0.3984378703125 0.6437496796875 0.40468787031250003 0.6453124203125 0.40468787031250003 0.651562740625 0.41093712968749996 0.6578124203125 0.41093712968749996 0.659375159375 0.4125 0.660937259375 0.4125 0.664062740625 0.415625 0.6671875796875 0.415625 0.6687503203125 0.41718712968749994 0.6703124203125 0.41718712968749994 0.6718751593750001 0.41875 0.673437259375 0.41875 0.675 0.42031287031250003 0.675 0.421875 0.676562740625 0.421875 0.678124840625 0.42343712968749997 0.6796875796874999 0.42343712968749997 0.6812496796875 0.425 0.6828124203125 0.425 0.684375159375 0.42656212968749996 0.690624840625 0.42656212968749996 0.6937496796875 0.42343712968749997 0.6953124203125001 0.42343712968749997 0.696875159375 0.421875 0.698437259375 0.421875 0.7 0.42031287031250003 0.7031248406249999 0.42031287031250003 0.7046875796875 0.41875 0.7062496796875 0.41875 0.7078124203125 0.41718712968749994 0.710937259375 0.41718712968749994 0.7125 0.415625 0.714062740625 0.415625 0.7171875796875 0.4125 0.7187503203125 0.4125 0.7203124203125 0.41093712968749996 0.723437259375 0.41093712968749996 0.725 0.409375 0.726562740625 0.409375 0.7312503203125 0.40468787031250003 0.7328124203125 0.40468787031250003 0.735937259375 0.40156212968749994 0.735937259375 0.3921871296875 0.7375 0.390625 0.7375 0.384375 0.740624840625 0.38125 0.740624840625 0.378125 0.7421875796874999 0.3765621296875 0.7421875796874999 0.371875 0.7484372593749999 0.365625 0.7484372593749999 0.3625 0.75 0.3609371296875 0.75 0.3578121296875 0.7515627406250001 0.35625 0.7515627406250001 0.315625 0.75 0.3140621296875 0.75 0.3109371296875 0.7484372593749999 0.309375 0.7484372593749999 0.30625 0.75 0.3046878703125 0.75 0.303125 0.746875159375 0.3 0.7421875796874999 0.3 0.740624840625 0.2984371296875 0.739062740625 0.2984371296875 0.7343751593750001 0.29375 0.7328124203125 0.29375 0.726562740625 0.2875 0.7203124203125 0.2875 0.715624840625 0.2828121296875 0.714062740625 0.2828121296875 0.7125 0.28125 0.7093751593750001 0.28125 0.7031248406249999 0.275 0.696875159375 0.275 0.6953124203125001 0.2734378703125 0.6687503203125 0.2734378703125 0.6671875796875 0.275 0.664062740625 0.275 0.6625 0.2765628703125 0.6625 0.278125
35 0.596875159375 0.42031287031250003 0.5921875796875 0.425 0.590624840625 0.425 0.589062740625 0.42656212968749996 0.5875 0.42656212968749996 0.5843751593750001 0.42968787031250005 0.5828124203125 0.42968787031250005 0.5812496796875 0.43125 0.5781248406249999 0.43125 0.576562740625 0.43281212968749994 0.575 0.43281212968749994 0.575 0.434375 0.573437259375 0.43593787031250003 0.571875159375 0.43593787031250003 0.5703124203125001 0.4375 0.565624840625 0.4375 0.559375159375 0.44375 0.5578124203125 0.44375 0.5546875796874999 0.446875 0.5546875796874999 0.44843712968749994 0.553124840625 0.45 0.553124840625 0.5390628703125 0.5562496796875 0.5421871296874999 0.5578124203125 0.5421871296874999 0.5640627406250001 0.5484371296874999 0.5671875796875 0.5484371296874999 0.5687503203125 0.55 0.5703124203125001 0.55 0.573437259375 0.553125 0.575 0.553125 0.576562740625 0.5546878703125 0.5796875796875 0.5546878703125 0.5812496796875 0.55625 0.585937259375 0.55625 0.5875 0.5578121296874999 0.5937503203125 0.5578121296874999 0.5953124203125 0.55625 0.598437259375 0.55625 0.6 0.5546878703125 0.6031248406249999 0.5546878703125 0.6046875796875 0.553125 0.6062496796875 0.553125 0.6093751593750001 0.55 0.610937259375 0.55 0.6125 0.5484371296874999 0.6187496796875 0.5484371296874999 0.6203124203125 0.55 0.621875159375 0.55 0.625 0.553125 0.628124840625 0.553125 0.6296875796875 0.5546878703125 0.6437496796875 0.5546878703125 0.6453124203125 0.553125 0.6468751593750001 0.553125 0.65 0.55 0.651562740625 0.55 0.653124840625 0.5484371296874999 0.659375159375 0.5484371296874999 0.664062740625 0.54375 0.6656248406249999 0.54375 0.6671875796875 0.5421871296874999 0.6718751593750001 0.5421871296874999 0.673437259375 0.540625 0.673437259375 0.5390628703125 0.676562740625 0.5359371296875 0.678124840625 0.5359371296875 0.6796875796874999 0.534375 0.6796875796874999 0.53125 0.6812496796875 0.5296878703125001 0.6812496796875 0.46093787031250005 0.6796875796874999 0.459375 0.6796875796874999 0.446875 0.676562740625 0.44375 0.6718751593750001 0.44375 0.6656248406249999 0.4375 0.660937259375 0.4375 0.659375159375 0.43593787031250003 0.6578124203125 0.43593787031250003 0.653124840625 0.43125 0.65 0.43125 0.6468751593750001 0.428125 0.6453124203125 0.428125 0.6421875796875 0.425 0.639062740625 0.425 0.6328124203125001 0.41875 0.6296875796875 0.41875 0.628124840625 0.41718712968749994 0.6078124203125 0.41718712968749994 0.6062496796875 0.41875 0.601562740625 0.41875 0.6 0.42031287031250003 0.596875159375 0.42031287031250003
37 0.2328124203125 0.5640621296874999 0.228124840625 0.56875 0.226562740625 0.56875 0.225 0.5703128703125 0.22343725937499997 0.5703128703125 0.22031242031249998 0.5734371296874999 0.2187503203125 0.5734371296874999 0.21718757968750002 0.575 0.215624840625 0.575 0.209375159375 0.58125 0.20781242031249997 0.58125 0.20625032031249999 0.5828121296875 0.2046875796875 0.5828121296875 0.20156274062500001 0.5859378703125 0.2 0.5859378703125 0.198437259375 0.5875 0.196875159375 0.5875 0.1953124203125 0.5890621296874999 0.1937496796875 0.5890621296874999 0.1937496796875 0.5921878703125001 0.1921875796875 0.59375 0.1921875796875 0.68125 0.1937496796875 0.6828121296874999 0.1937496796875 0.684375 0.1953124203125 0.6859371296875 0.196875159375 0.6859371296875 0.198437259375 0.6875 0.2 0.6875 0.203124840625 0.690625 0.2046875796875 0.690625 0.20625032031249999 0.6921871296875 0.209375159375 0.6921871296875 0.2125 0.6953128703125 0.2125 0.696875 0.21406274062500003 0.6984371296874999 0.21718757968750002 0.6984371296874999 0.2187503203125 0.7 0.22031242031249998 0.7 0.22343725937499997 0.703125 0.225 0.703125 0.226562740625 0.7046871296874999 0.228124840625 0.7046871296874999 0.234375159375 0.7109378703125 0.23906274062500002 0.7109378703125 0.24531242031249997 0.7171871296875 0.248437259375 0.7171871296875 0.251562740625 0.7203121296874999 0.259375159375 0.7203121296874999 0.260937259375 0.71875 0.2625 0.71875 0.264062740625 0.7171871296875 0.265624840625 0.7171871296875 0.271875159375 0.7109378703125 0.27343725937499996 0.7109378703125 0.278124840625 0.70625 0.28125032031249997 0.70625 0.2828124203125 0.7046871296874999 0.284375159375 0.7046871296874999 0.285937259375 0.703125 0.28906274062500004 0.703125 0.29218757968750003 0.7 0.2937496796875 0.7 0.2953124203125 0.6984371296874999 0.3 0.6984371296874999 0.301562740625 0.696875 0.303124840625 0.696875 0.3078124203125 0.6921871296875 0.3125 0.6921871296875 0.314062740625 0.690625 0.315624840625 0.690625 0.32031242031249996 0.6859371296875 0.32031242031249996 0.609375 0.3171875796875 0.60625 0.315624840625 0.60625 0.310937259375 0.6015628703125 0.310937259375 0.6 0.3062496796875 0.5953121296874999 0.3062496796875 0.59375 0.30468757968750004 0.5921878703125001 0.30468757968750004 0.5828121296875 0.298437259375 0.5765628703125001 0.298437259375 0.575 0.296875159375 0.5734371296874999 0.2953124203125 0.5734371296874999 0.290624840625 0.56875 0.28906274062500004 0.56875 0.284375159375 0.5640621296874999 0.2828124203125 0.5640621296874999 0.28125032031249997 0.5625 0.278124840625 0.5625 0.27343725937499996 0.5578121296874999 0.271875159375 0.5578121296874999 0.27031242031249997 0.55625 0.24531242031249997 0.55625 0.23906274062500002 0.5625 0.23593725937499999 0.5625 0.234375159375 0.5640621296874999 0.2328124203125 0.5640621296874999
32 0.45468757968749995 0.40781212968749997 0.4578124203125 0.41093712968749996 0.4875 0.41093712968749996 0.489062740625 0.409375 0.49062484062499995 0.409375 0.49062484062499995 0.40781212968749997 0.4921875796875 0.40625 0.4921875796875 0.371875 0.48281242031250005 0.3625 0.45937515937500006 0.3625 0.4578124203125 0.3640621296875 0.4578124203125 0.365625 0.45468757968749995 0.36875 0.45468757968749995 0.40781212968749997
17 0.5937503203125 0.1359371296875 0.5921875796875 0.1375 0.590624840625 0.1375 0.5843751593750001 0.14375 0.5812496796875 0.14375 0.5796875796875 0.1453121296875 0.576562740625 0.1453121296875 0.571875159375 0.15 0.5703124203125001 0.15 0.5687503203125 0.1515621296875 0.5671875796875 0.1515621296875 0.5640627406250001 0.1546871296875 0.5625 0.1546871296875 0.5609372593749999 0.15625 0.559375159375 0.15625 0.5562496796875 0.159375 0.5562496796875 0.1625 0.5546875796874999 0.1640628703125 0.5546875796874999 0.21875 0.5562496796875 0.2203121296875 0.5562496796875 0.2234371296875 0.5578124203125 0.225 0.5578124203125 0.2265628703125 0.5625 0.23125 0.5625 0.240625 0.5640627406250001 0.2421878703125 0.5640627406250001 0.246875 0.565624840625 0.2484371296875 0.565624840625 0.25 0.5671875796875 0.2515621296875 0.5671875796875 0.2546871296875 0.5687503203125 0.25625 0.5687503203125 0.2640621296875 0.571875159375 0.2671871296875 0.573437259375 0.2671871296875 0.575 0.26875 0.576562740625 0.26875 0.5796875796875 0.271875 0.5812496796875 0.271875 0.5828124203125 0.2734378703125 0.5843751593750001 0.2734378703125 0.590624840625 0.2796871296875 0.596875159375 0.2796871296875 0.6 0.2828121296875 0.6 0.284375 0.601562740625 0.284375 0.6031248406249999 0.2859371296875 0.6062496796875 0.2859371296875 0.6078124203125 0.2875 0.6093751593750001 0.2875 0.610937259375 0.2890628703125 0.621875159375 0.2890628703125 0.625 0.2859371296875 0.6265627406250001 0.2859371296875 0.6328124203125001 0.2796871296875 0.6375 0.2796871296875 0.639062740625 0.278125 0.6406248406249999 0.278125 0.6406248406249999 0.2765628703125 0.6421875796875 0.275 0.6437496796875 0.275 0.6453124203125 0.2734378703125 0.6468751593750001 0.2734378703125 0.648437259375 0.271875 0.65 0.271875 0.653124840625 0.26875 0.6546875796875 0.26875 0.6562503203125 0.2671871296875 0.659375159375 0.2671871296875 0.6625 0.2640621296875 0.6625 0.2625 0.6656248406249999 0.259375 0.6656248406249999 0.2546871296875 0.6671875796875 0.253125 0.6671875796875 0.2359371296875 0.6687503203125 0.234375 0.6687503203125 0.2328121296875 0.673437259375 0.228125 0.673437259375 0.2265628703125 0.6796875796874999 0.2203121296875 0.6796875796874999 0.21875 0.6828124203125 0.215625 0.6828124203125 0.1671871296875 0.6812496796875 0.165625 0.6812496796875 0.1640628703125 0.6796875796874999 0.1625 0.6796875796874999 0.1609371296875 0.678124840625 0.159375 0.678124840625 0.1578121296875 0.676562740625 0.1578121296875 0.675 0.15625 0.673437259375 0.15625 0.6687503203125 0.1515621296875 0.6671875796875 0.1515621296875 0.6656248406249999 0.15 0.664062740625 0.15 0.6578124203125 0.14375 0.6562503203125 0.14375 0.6546875796875 0.1421878703125 0.653124840625 0.1421878703125 0.648437259375 0.1375 0.6453124203125 0.1375 0.639062740625 0.13125 0.601562740625 0.13125 0.6 0.1328128703125 0.598437259375 0.1328128703125 0.5953124203125 0.1359371296875 0.5937503203125 0.1359371296875
6 0.1625 0.42343712968749997 0.160937259375 0.425 0.1578124203125 0.425 0.1562503203125 0.42656212968749996 0.1546875796875 0.42656212968749996 0.151562740625 0.42968787031250005 0.15 0.42968787031250005 0.14843725937500002 0.43125 0.146875159375 0.43125 0.140624840625 0.4375 0.1375 0.4375 0.135937259375 0.43906212968749997 0.134375159375 0.43906212968749997 0.1296875796875 0.44375 0.128124840625 0.44375 0.121875159375 0.45 0.1203124203125 0.45 0.11875032031249999 0.45156287031250003 0.11875032031249999 0.5359371296875 0.1203124203125 0.5375 0.1203124203125 0.5390628703125 0.121875159375 0.540625 0.12343725937500001 0.540625 0.125 0.5421871296874999 0.128124840625 0.5421871296874999 0.1312496796875 0.5453128703125001 0.1312496796875 0.546875 0.1328124203125 0.5484371296874999 0.135937259375 0.5484371296874999 0.1375 0.55 0.139062740625 0.55 0.14374967968750002 0.5546878703125 0.146875159375 0.5546878703125 0.15 0.5578121296874999 0.15 0.559375 0.151562740625 0.5609378703125001 0.1546875796875 0.5609378703125001 0.1562503203125 0.5625 0.1578124203125 0.5625 0.160937259375 0.565625 0.1625 0.565625 0.16406274062499998 0.5671871296875 0.165624840625 0.5671871296875 0.171875159375 0.5734371296874999 0.173437259375 0.5734371296874999 0.175 0.575 0.176562740625 0.575 0.1796875796875 0.578125 0.1921875796875 0.578125 0.1921875796875 0.5765628703125001 0.1937496796875 0.575 0.1953124203125 0.575 0.196875159375 0.5734371296874999 0.198437259375 0.5734371296874999 0.2 0.571875 0.20156274062500001 0.571875 0.20625032031249999 0.5671871296875 0.209375159375 0.5671871296875 0.21406274062500003 0.5625 0.215624840625 0.5625 0.21718757968750002 0.5609378703125001 0.22031242031249998 0.5609378703125001 0.226562740625 0.5546878703125 0.22968757968750003 0.5546878703125 0.23124967968750001 0.553125 0.2328124203125 0.553125 0.23593725937499999 0.55 0.2375 0.55 0.23906274062500002 0.5484371296874999 0.240624840625 0.5484371296874999 0.24218757968750002 0.546875 0.24218757968750002 0.5453128703125001 0.24531242031249997 0.5421871296874999 0.246875159375 0.5421871296874999 0.251562740625 0.5375 0.251562740625 0.453125 0.2437496796875 0.44531287031250005 0.24218757968750002 0.44531287031250005 0.240624840625 0.44375 0.2375 0.44375 0.23593725937499999 0.44218712968749996 0.234375159375 0.44218712968749996 0.23124967968750001 0.43906212968749997 0.22968757968750003 0.43906212968749997 0.228124840625 0.4375 0.22343725937499997 0.4375 0.221875159375 0.43593787031250003 0.2187503203125 0.43593787031250003 0.215624840625 0.43281212968749994 0.21406274062500003 0.43281212968749994 0.2125 0.43125 0.210937259375 0.43125 0.20781242031249997 0.428125 0.20625032031249999 0.428125 0.198437259375 0.42031287031250003 0.196875159375 0.42031287031250003 0.1953124203125 0.41875 0.1703124203125 0.41875 0.16874967968750001 0.42031287031250003 0.1671875796875 0.42031287031250003 0.16406274062499998 0.42343712968749997 0.1625 0.42343712968749997
35 0.5187496796875 0.2828121296875 0.5156248406249999 0.2859371296875 0.514062740625 0.2859371296875 0.5125 0.2875 0.510937259375 0.2875 0.509375159375 0.2890628703125 0.5078124203125001 0.2890628703125 0.5046875796875 0.2921878703125 0.503124840625 0.2921878703125 0.5015627406250001 0.29375 0.49687515937500004 0.29375 0.49062484062499995 0.3 0.489062740625 0.3 0.4875 0.3015621296875 0.485937259375 0.3015621296875 0.48437515937500003 0.303125 0.48437515937500003 0.3640621296875 0.485937259375 0.365625 0.485937259375 0.3671878703125 0.4875 0.36875 0.4875 0.371875 0.4921875796875 0.3765621296875 0.4921875796875 0.3796871296875 0.4937496796875 0.38125 0.4937496796875 0.3953121296875 0.4953124203125 0.396875 0.4953124203125 0.3984378703125 0.5015627406250001 0.40468787031250003 0.503124840625 0.40468787031250003 0.5062503203125 0.40781212968749997 0.5062503203125 0.409375 0.5078124203125001 0.41093712968749996 0.5156248406249999 0.41093712968749996 0.5171875796875 0.4125 0.5187496796875 0.4125 0.5218751593750001 0.415625 0.528124840625 0.415625 0.5328124203125 0.42031287031250003 0.5328124203125 0.421875 0.539062740625 0.421875 0.5406248406249999 0.42343712968749997 0.551562740625 0.42343712968749997 0.553124840625 0.421875 0.5546875796874999 0.421875 0.5578124203125 0.41875 0.559375159375 0.41875 0.5609372593749999 0.41718712968749994 0.5640627406250001 0.41718712968749994 0.565624840625 0.415625 0.5671875796875 0.415625 0.5703124203125001 0.4125 0.571875159375 0.4125 0.573437259375 0.41093712968749996 0.5781248406249999 0.41093712968749996 0.5828124203125 0.40625 0.5843751593750001 0.40625 0.585937259375 0.40468787031250003 0.589062740625 0.40468787031250003 0.5921875796875 0.40156212968749994 0.5921875796875 0.390625 0.5937503203125 0.3890628703125 0.5937503203125 0.384375 0.596875159375 0.38125 0.596875159375 0.378125 0.598437259375 0.3765621296875 0.598437259375 0.371875 0.6046875796875 0.365625 0.6046875796875 0.3640621296875 0.6093751593750001 0.359375 0.6093751593750001 0.3078121296875 0.601562740625 0.3 0.6 0.3 0.598437259375 0.2984371296875 0.596875159375 0.2984371296875 0.5937503203125 0.2953121296875 0.5921875796875 0.2953121296875 0.590624840625 0.29375 0.589062740625 0.29375 0.5875 0.2921878703125 0.585937259375 0.2921878703125 0.5828124203125 0.2890628703125 0.5796875796875 0.2890628703125 0.5781248406249999 0.2875 0.576562740625 0.2875 0.571875159375 0.2828121296875 0.5703124203125001 0.2828121296875 0.565624840625 0.278125 0.565624840625 0.2765628703125 0.5640627406250001 0.2765628703125 0.5625 0.275 0.5296875796875 0.275 0.523437259375 0.28125 0.5218751593750001 0.28125 0.5203124203125 0.2828121296875 0.5187496796875 0.2828121296875
4 0.590624840625 0.8796878703125 0.5921875796875 0.88125 0.5921875796875 0.8828128703125 0.5937503203125 0.884375 0.5937503203125 0.890625 0.5953124203125 0.8921871296875 0.639062740625 0.8921871296875 0.6421875796875 0.8890621296875001 0.6421875796875 0.884375 0.6437496796875 0.8828128703125 0.6437496796875 0.88125 0.6453124203125 0.8796878703125 0.6453124203125 0.8671878703125 0.6437496796875 0.865625 0.6437496796875 0.8640628703125 0.6421875796875 0.8640628703125 0.6406248406249999 0.8625 0.639062740625 0.8625 0.6375 0.8609371296875 0.635937259375 0.8609371296875 0.634375159375 0.859375 0.6328124203125001 0.859375 0.6312496796875 0.8578121296875001 0.628124840625 0.8578121296875001 0.6234372593749999 0.853125 0.6234372593749999 0.8453121296875 0.621875159375 0.84375 0.6203124203125 0.84375 0.6171875796874999 0.840625 0.6171875796874999 0.8375 0.596875159375 0.8375 0.590624840625 0.84375 0.589062740625 0.84375 0.589062740625 0.8796878703125 0.590624840625 0.8796878703125
36 0.514062740625 0.56875 0.5062503203125 0.5765628703125001 0.5062503203125 0.58125 0.5046875796875 0.5828121296875 0.5046875796875 0.5890621296874999 0.5015627406250001 0.5921878703125001 0.5015627406250001 0.5953121296874999 0.5 0.596875 0.5 0.5984371296875 0.4921875796875 0.60625 0.49062484062499995 0.60625 0.489062740625 0.6078121296875 0.4875 0.6078121296875 0.48437515937500003 0.6109371296874999 0.48437515937500003 0.6796878703125 0.49062484062499995 0.6859371296875 0.4953124203125 0.6859371296875 0.49687515937500004 0.6875 0.498437259375 0.6875 0.5 0.6890621296874999 0.5 0.690625 0.5015627406250001 0.6921871296875 0.5062503203125 0.6921871296875 0.5078124203125001 0.69375 0.510937259375 0.69375 0.5125 0.6953128703125 0.5171875796875 0.6953128703125 0.5187496796875 0.69375 0.5218751593750001 0.69375 0.523437259375 0.6921871296875 0.5406248406249999 0.6921871296875 0.5468751593750001 0.6984371296874999 0.548437259375 0.6984371296874999 0.55 0.7 0.551562740625 0.7 0.553124840625 0.7015621296875 0.5546875796874999 0.7015621296875 0.5562496796875 0.703125 0.565624840625 0.703125 0.571875159375 0.696875 0.573437259375 0.696875 0.576562740625 0.69375 0.5781248406249999 0.69375 0.5796875796875 0.6921871296875 0.589062740625 0.6921871296875 0.590624840625 0.690625 0.5921875796875 0.690625 0.596875159375 0.6859371296875 0.6031248406249999 0.6859371296875 0.6046875796875 0.684375 0.6046875796875 0.6828121296874999 0.6078124203125 0.6796878703125 0.6093751593750001 0.6796878703125 0.6093751593750001 0.678125 0.610937259375 0.6765621296875 0.610937259375 0.6109371296874999 0.6093751593750001 0.609375 0.6093751593750001 0.6078121296875 0.6078124203125 0.6078121296875 0.6062496796875 0.60625 0.6031248406249999 0.60625 0.596875159375 0.6 0.5953124203125 0.6 0.5921875796875 0.596875 0.5921875796875 0.5890621296874999 0.590624840625 0.5875 0.590624840625 0.5859378703125 0.585937259375 0.58125 0.585937259375 0.5796871296874999 0.5843751593750001 0.578125 0.5843751593750001 0.5765628703125001 0.5828124203125 0.5765628703125001 0.576562740625 0.5703128703125 0.575 0.5703128703125 0.573437259375 0.56875 0.571875159375 0.56875 0.5671875796875 0.5640621296874999 0.565624840625 0.5640621296874999 0.5640627406250001 0.5625 0.5625 0.5625 0.559375159375 0.559375 0.528124840625 0.559375 0.525 0.5625 0.5218751593750001 0.5625 0.5156248406249999 0.56875 0.514062740625 0.56875
35 0.3078124203125 0.70625 0.301562740625 0.7125 0.298437259375 0.7125 0.296875159375 0.7140621296874999 0.2953124203125 0.7140621296874999 0.290624840625 0.71875 0.28906274062500004 0.71875 0.2875 0.7203121296874999 0.285937259375 0.7203121296874999 0.2828124203125 0.7234371296875 0.28125032031249997 0.7234371296875 0.2796875796875 0.725 0.278124840625 0.725 0.276562740625 0.7265628703125 0.275 0.7265628703125 0.275 0.728125 0.271875159375 0.73125 0.27031242031249997 0.73125 0.2687503203125 0.7328121296875 0.2687503203125 0.734375 0.265624840625 0.7375 0.264062740625 0.7375 0.264062740625 0.825 0.2687503203125 0.8296871296875 0.271875159375 0.8296871296875 0.278124840625 0.8359378703125 0.2828124203125 0.8359378703125 0.28906274062500004 0.8421871296875001 0.290624840625 0.8421871296875001 0.296875159375 0.8484378703125 0.301562740625 0.8484378703125 0.3078124203125 0.8546871296875 0.310937259375 0.8546871296875 0.3171875796875 0.8609371296875 0.32031242031249996 0.8609371296875 0.321875159375 0.8625 0.323437259375 0.8625 0.325 0.8640628703125 0.334375159375 0.8640628703125 0.3375 0.8609371296875 0.339062740625 0.8609371296875 0.340624840625 0.859375 0.3421875796875 0.859375 0.3421875796875 0.8578121296875001 0.34375032031249997 0.85625 0.3453124203125 0.85625 0.346875159375 0.8546871296875 0.35 0.8546871296875 0.35156274062500004 0.853125 0.353124840625 0.853125 0.3578124203125 0.8484378703125 0.359375159375 0.8484378703125 0.364062740625 0.84375 0.365624840625 0.84375 0.36718757968750004 0.8421871296875001 0.3703124203125 0.8421871296875001 0.376562740625 0.8359378703125 0.3796875796875 0.8359378703125 0.3812503203125 0.834375 0.38281242031249996 0.834375 0.3875 0.8296871296875 0.390624840625 0.8296871296875 0.3921875796875 0.828125 0.3921875796875 0.753125 0.3796875796875 0.740625 0.3796875796875 0.734375 0.378124840625 0.7328121296875 0.378124840625 0.73125 0.375 0.728125 0.375 0.7265628703125 0.373437259375 0.725 0.373437259375 0.721875 0.3703124203125 0.71875 0.365624840625 0.71875 0.359375159375 0.7125 0.35468757968750003 0.7125 0.353124840625 0.7109378703125 0.35156274062500004 0.7109378703125 0.346875159375 0.70625 0.3453124203125 0.70625 0.339062740625 0.7 0.314062740625 0.7 0.3125 0.7015621296875 0.3125 0.703125 0.309375159375 0.70625 0.3078124203125 0.70625
36 0.3812503203125 0.5640621296874999 0.378124840625 0.5671871296875 0.376562740625 0.5671871296875 0.375 0.56875 0.373437259375 0.56875 0.371875159375 0.5703128703125 0.3703124203125 0.5703128703125 0.3687496796875 0.571875 0.36718757968750004 0.571875 0.365624840625 0.5734371296874999 0.364062740625 0.5734371296874999 0.3625 0.575 0.360937259375 0.575 0.3562496796875 0.5796871296874999 0.3562496796875 0.5828121296875 0.35468757968750003 0.584375 0.35468757968750003 0.5859378703125 0.353124840625 0.5875 0.353124840625 0.5890621296874999 0.35156274062500004 0.590625 0.35156274062500004 0.5921878703125001 0.35 0.59375 0.35 0.596875 0.34375032031249997 0.603125 0.34375032031249997 0.6046871296874999 0.3421875796875 0.60625 0.340624840625 0.60625 0.339062740625 0.6078121296875 0.339062740625 0.6796878703125 0.340624840625 0.6796878703125 0.3453124203125 0.684375 0.346875159375 0.684375 0.348437259375 0.6859371296875 0.353124840625 0.6859371296875 0.359375159375 0.6921871296875 0.365624840625 0.6921871296875 0.3687496796875 0.6953128703125 0.3703124203125 0.6953128703125 0.371875159375 0.696875 0.390624840625 0.696875 0.39531242031249997 0.6921871296875 0.40468757968749997 0.6921871296875 0.40625032031249997 0.69375 0.40781242031250003 0.69375 0.410937259375 0.696875 0.41406274062500004 0.696875 0.41562484062499994 0.6984371296874999 0.426562740625 0.6984371296874999 0.42812484062499995 0.696875 0.4312496796875 0.696875 0.43437515937500004 0.69375 0.435937259375 0.69375 0.4375 0.6921871296875 0.4453124203125 0.6921871296875 0.44687515937500005 0.690625 0.448437259375 0.690625 0.45312484062499997 0.6859371296875 0.4578124203125 0.6859371296875 0.45937515937500006 0.684375 0.46093725937499996 0.684375 0.46093725937499996 0.6828121296874999 0.4625 0.68125 0.4625 0.6796878703125 0.464062740625 0.678125 0.464062740625 0.6140621296875 0.4625 0.6125 0.4625 0.6109371296874999 0.45937515937500006 0.6078121296875 0.4578124203125 0.6078121296875 0.4562496796875 0.60625 0.451562740625 0.60625 0.448437259375 0.603125 0.448437259375 0.5984371296875 0.44687515937500005 0.596875 0.44687515937500005 0.5953121296874999 0.4421875796875 0.590625 0.4421875796875 0.5828121296875 0.4375 0.578125 0.4375 0.5765628703125001 0.42812484062499995 0.5671871296875 0.426562740625 0.5671871296875 0.423437259375 0.5640621296874999 0.42187515937500003 0.5640621296874999 0.42031242031250005 0.5625 0.4187496796875 0.5625 0.4171875796875 0.5609378703125001 0.41562484062499994 0.5609378703125001 0.4125 0.5578121296874999 0.390624840625 0.5578121296874999 0.385937259375 0.5625 0.384375159375 0.5625 0.38281242031249996 0.5640621296874999 0.3812503203125 0.5640621296874999
35 0.4453124203125 0.1375 0.4437503203125 0.1390621296875 0.4421875796875 0.1390621296875 0.439062740625 0.1421878703125 0.4375 0.1421878703125 0.435937259375 0.14375 0.4328124203125 0.14375 0.4312496796875 0.1453121296875 0.4312496796875 0.146875 0.4296875796875 0.1484378703125 0.42812484062499995 0.1484378703125 0.426562740625 0.15 0.42031242031250005 0.15 0.4187496796875 0.1515621296875 0.4187496796875 0.153125 0.41562484062499994 0.15625 0.41406274062500004 0.15625 0.4125 0.1578121296875 0.4125 0.2234371296875 0.41406274062500004 0.225 0.41406274062500004 0.2265628703125 0.4171875796875 0.2296878703125 0.4171875796875 0.23125 0.4187496796875 0.2328121296875 0.4187496796875 0.2390621296875 0.42031242031250005 0.240625 0.42031242031250005 0.24375 0.423437259375 0.246875 0.423437259375 0.25 0.425 0.2515621296875 0.425 0.2578128703125 0.42812484062499995 0.2609378703125 0.4328124203125 0.2609378703125 0.439062740625 0.2671871296875 0.4453124203125 0.2671871296875 0.451562740625 0.2734378703125 0.45468757968749995 0.2734378703125 0.4578124203125 0.2765628703125 0.45937515937500006 0.2765628703125 0.4625 0.2796871296875 0.464062740625 0.2796871296875 0.47031242031250003 0.2859371296875 0.47656274062500004 0.2859371296875 0.48281242031250005 0.2796871296875 0.485937259375 0.2796871296875 0.4875 0.278125 0.489062740625 0.278125 0.4921875796875 0.275 0.4937496796875 0.275 0.4953124203125 0.2734378703125 0.49687515937500004 0.2734378703125 0.498437259375 0.271875 0.498437259375 0.2703121296875 0.5 0.26875 0.5015627406250001 0.26875 0.503124840625 0.2671871296875 0.509375159375 0.2671871296875 0.510937259375 0.265625 0.510937259375 0.2640621296875 0.514062740625 0.2609378703125 0.5156248406249999 0.2609378703125 0.5171875796875 0.259375 0.5171875796875 0.2578128703125 0.5218751593750001 0.253125 0.5218751593750001 0.2515621296875 0.523437259375 0.25 0.523437259375 0.234375 0.5296875796875 0.228125 0.5296875796875 0.225 0.534375159375 0.2203121296875 0.534375159375 0.1640628703125 0.5328124203125 0.1625 0.5328124203125 0.1609371296875 0.5312503203125 0.159375 0.5312503203125 0.1578121296875 0.5296875796875 0.1578121296875 0.528124840625 0.15625 0.526562740625 0.15625 0.523437259375 0.153125 0.523437259375 0.1515621296875 0.5218751593750001 0.1515621296875 0.5203124203125 0.15 0.5156248406249999 0.15 0.514062740625 0.1484378703125 0.5125 0.1484378703125 0.510937259375 0.146875 0.510937259375 0.1453121296875 0.509375159375 0.1453121296875 0.5078124203125001 0.14375 0.5062503203125 0.14375 0.503124840625 0.140625 0.5015627406250001 0.140625 0.5 0.1390621296875 0.498437259375 0.1390621296875 0.49687515937500004 0.1375 0.4953124203125 0.1375 0.4937496796875 0.1359371296875 0.4921875796875 0.1359371296875 0.49062484062499995 0.134375 0.49062484062499995 0.1328128703125 0.489062740625 0.1328128703125 0.4875 0.13125 0.4562496796875 0.13125 0.451562740625 0.1359371296875 0.45 0.1359371296875 0.448437259375 0.1375 0.4453124203125 0.1375
4 0.448437259375 0.596875 0.448437259375 0.5984371296875 0.45 0.6 0.45 0.603125 0.451562740625 0.6046871296874999 0.4921875796875 0.6046871296874999 0.4937496796875 0.603125 0.4953124203125 0.603125 0.498437259375 0.6 0.498437259375 0.596875 0.5 0.5953121296874999 0.5 0.5921878703125001 0.5015627406250001 0.590625 0.5015627406250001 0.5828121296875 0.5 0.58125 0.5 0.5796871296874999 0.498437259375 0.578125 0.498437259375 0.5765628703125001 0.49687515937500004 0.575 0.4937496796875 0.575 0.4921875796875 0.5734371296874999 0.49062484062499995 0.5734371296874999 0.4812496796875 0.5640621296874999 0.4812496796875 0.5625 0.4796875796875 0.5609378703125001 0.4796875796875 0.5578121296874999 0.475 0.553125 0.475 0.5515621296875 0.45 0.5515621296875 0.45 0.553125 0.4453124203125 0.5578121296874999 0.4453124203125 0.59375 0.448437259375 0.596875
4 0.5171875796875 0.7328121296875 0.5187496796875 0.734375 0.5187496796875 0.740625 0.5203124203125 0.7421878703125 0.5203124203125 0.74375 0.523437259375 0.746875 0.525 0.746875 0.526562740625 0.7484371296875 0.559375159375 0.7484371296875 0.565624840625 0.7421878703125 0.5671875796875 0.7421878703125 0.5687503203125 0.740625 0.5703124203125001 0.740625 0.5703124203125001 0.7203121296874999 0.5687503203125 0.71875 0.5609372593749999 0.71875 0.559375159375 0.7171871296875 0.5578124203125 0.7171871296875 0.5562496796875 0.715625 0.5562496796875 0.7140621296874999 0.5546875796874999 0.7125 0.5546875796874999 0.709375 0.553124840625 0.7078121296875 0.553124840625 0.70625 0.551562740625 0.70625 0.55 0.7046871296874999 0.55 0.703125 0.5437496796875 0.696875 0.5437496796875 0.69375 0.526562740625 0.69375 0.5156248406249999 0.7046871296874999 0.5156248406249999 0.7296871296874999 0.5171875796875 0.73125 0.5171875796875 0.7328121296875
25 0.7125 0.415625 0.7093751593750001 0.41875 0.7078124203125 0.41875 0.7031248406249999 0.42343712968749997 0.701562740625 0.42343712968749997 0.7 0.425 0.6953124203125001 0.425 0.6937496796875 0.42656212968749996 0.6937496796875 0.43281212968749994 0.6921875796875 0.434375 0.6921875796875 0.44531287031250005 0.6937496796875 0.446875 0.7031248406249999 0.446875 0.7078124203125 0.44218712968749996 0.7093751593750001 0.44218712968749996 0.710937259375 0.440625 0.7125 0.440625 0.715624840625 0.4375 0.7171875796875 0.4375 0.7187503203125 0.43593787031250003 0.721875159375 0.43593787031250003 0.723437259375 0.434375 0.723437259375 0.43281212968749994 0.726562740625 0.42968787031250005 0.7281248406249999 0.42968787031250005 0.7328124203125 0.425 0.7343751593750001 0.425 0.735937259375 0.42343712968749997 0.739062740625 0.42343712968749997 0.7421875796874999 0.42031287031250003 0.7421875796874999 0.41875 0.7437496796875 0.41718712968749994 0.7437496796875 0.409375 0.7421875796874999 0.40781212968749997 0.7203124203125 0.40781212968749997 0.715624840625 0.4125 0.714062740625 0.4125 0.7125 0.41406287031250005 0.7125 0.415625
17 0.589062740625 0.7046871296874999 0.5875 0.70625 0.5843751593750001 0.70625 0.575 0.715625 0.575 0.71875 0.573437259375 0.7203121296874999 0.573437259375 0.721875 0.575 0.7234371296875 0.575 0.7390621296875 0.5812496796875 0.7453121296874999 0.5812496796875 0.746875 0.585937259375 0.7515621296874999 0.585937259375 0.7546871296875 0.5875 0.75625 0.5875 0.759375 0.589062740625 0.7609371296874999 0.590624840625 0.7609371296874999 0.5937503203125 0.7640621296875 0.5937503203125 0.7671871296874999 0.5953124203125 0.76875 0.5953124203125 0.7765621296874999 0.589062740625 0.7828121296874999 0.5875 0.7828121296874999 0.5875 0.784375 0.5843751593750001 0.7875 0.5828124203125 0.7875 0.5812496796875 0.7890628703125 0.5796875796875 0.7890628703125 0.576562740625 0.7921871296874999 0.573437259375 0.7921871296874999 0.571875159375 0.79375 0.5703124203125001 0.79375 0.5687503203125 0.7921871296874999 0.5671875796875 0.7921871296874999 0.565624840625 0.790625 0.5640627406250001 0.790625 0.5625 0.7890628703125 0.5609372593749999 0.7890628703125 0.559375159375 0.7875 0.5562496796875 0.7875 0.5546875796874999 0.7890628703125 0.5546875796874999 0.821875 0.5562496796875 0.8234371296875 0.5562496796875 0.825 0.559375159375 0.828125 0.5609372593749999 0.828125 0.5625 0.8296871296875 0.565624840625 0.8296871296875 0.571875159375 0.8359378703125 0.5781248406249999 0.8359378703125 0.5828124203125 0.840625 0.590624840625 0.840625 0.5953124203125 0.8359378703125 0.615624840625 0.8359378703125 0.6187496796875 0.8390621296875 0.6187496796875 0.840625 0.6203124203125 0.8421871296875001 0.621875159375 0.8421871296875001 0.625 0.8453121296875 0.625 0.846875 0.6265627406250001 0.8484378703125 0.6296875796875 0.8484378703125 0.6312496796875 0.85 0.639062740625 0.85 0.6406248406249999 0.8484378703125 0.6453124203125 0.8484378703125 0.6468751593750001 0.846875 0.648437259375 0.846875 0.651562740625 0.84375 0.653124840625 0.84375 0.6546875796875 0.8421871296875001 0.6578124203125 0.8421871296875001 0.659375159375 0.840625 0.660937259375 0.840625 0.660937259375 0.8390621296875 0.6625 0.8375 0.664062740625 0.8375 0.6656248406249999 0.8359378703125 0.6671875796875 0.8359378703125 0.6687503203125 0.834375 0.6703124203125 0.834375 0.673437259375 0.83125 0.675 0.83125 0.676562740625 0.8296871296875 0.678124840625 0.8296871296875 0.6859372593749999 0.821875 0.6859372593749999 0.7390621296875 0.6796875796874999 0.7328121296875 0.6796875796874999 0.73125 0.678124840625 0.73125 0.6718751593750001 0.725 0.6703124203125 0.725 0.6687503203125 0.7234371296875 0.6671875796875 0.7234371296875 0.664062740625 0.7203121296874999 0.6625 0.7203121296874999 0.660937259375 0.71875 0.6578124203125 0.71875 0.651562740625 0.7125 0.648437259375 0.7125 0.6468751593750001 0.7109378703125 0.6453124203125 0.7109378703125 0.6406248406249999 0.70625 0.639062740625 0.70625 0.6328124203125001 0.7 0.6312496796875 0.7 0.628124840625 0.696875 0.628124840625 0.6953128703125 0.601562740625 0.6953128703125 0.596875159375 0.7 0.5953124203125 0.7 0.590624840625 0.7046871296874999 0.589062740625 0.7046871296874999
4 0.30468757968750004 0.365625 0.303124840625 0.3671878703125 0.303124840625 0.40468787031250003 0.3062496796875 0.40781212968749997 0.3062496796875 0.409375 0.3078124203125 0.41093712968749996 0.309375159375 0.41093712968749996 0.3125 0.41406287031250005 0.348437259375 0.41406287031250005 0.35 0.4125 0.35156274062500004 0.4125 0.359375159375 0.40468787031250003 0.359375159375 0.3890628703125 0.353124840625 0.3828128703125 0.35 0.3828128703125 0.348437259375 0.38125 0.3453124203125 0.38125 0.3375 0.3734371296875 0.3375 0.371875 0.33593725937499996 0.3703121296875 0.33593725937499996 0.365625 0.334375159375 0.3640621296875 0.334375159375 0.3609371296875 0.309375159375 0.3609371296875 0.3078124203125 0.3625 0.3062496796875 0.3625 0.30468757968750004 0.3640621296875 0.30468757968750004 0.365625
31 0.5953124203125 0.5984371296875 0.596875159375 0.5984371296875 0.6 0.6015628703125 0.6 0.603125 0.6296875796875 0.603125 0.6296875796875 0.6015628703125 0.6328124203125001 0.5984371296875 0.634375159375 0.5984371296875 0.635937259375 0.596875 0.635937259375 0.5640621296874999 0.6265627406250001 0.5546878703125 0.625 0.5546878703125 0.6234372593749999 0.553125 0.6234372593749999 0.5515621296875 0.6062496796875 0.5515621296875 0.6 0.5578121296874999 0.6 0.559375 0.5953124203125 0.5640621296874999 0.5953124203125 0.5984371296875
32 0.384375159375 0.265625 0.385937259375 0.2671871296875 0.389062740625 0.2671871296875 0.390624840625 0.26875 0.409375159375 0.26875 0.410937259375 0.2671871296875 0.41562484062499994 0.2671871296875 0.4171875796875 0.265625 0.4171875796875 0.2640621296875 0.42031242031250005 0.2609378703125 0.42187515937500003 0.2609378703125 0.42187515937500003 0.234375 0.4187496796875 0.23125 0.4187496796875 0.2296878703125 0.4171875796875 0.228125 0.4171875796875 0.2265628703125 0.41562484062499994 0.225 0.41406274062500004 0.225 0.410937259375 0.221875 0.410937259375 0.21875 0.390624840625 0.21875 0.3812503203125 0.228125 0.3812503203125 0.2640621296875 0.38281242031249996 0.265625 0.384375159375 0.265625
34 0.1703124203125 0.36875 0.16874967968750001 0.3703121296875 0.16874967968750001 0.371875 0.165624840625 0.375 0.165624840625 0.40468787031250003 0.16874967968750001 0.40781212968749997 0.16874967968750001 0.409375 0.1703124203125 0.41093712968749996 0.171875159375 0.41093712968749996 0.173437259375 0.4125 0.175 0.4125 0.176562740625 0.41406287031250005 0.1921875796875 0.41406287031250005 0.1937496796875 0.4125 0.198437259375 0.4125 0.2 0.41093712968749996 0.203124840625 0.41093712968749996 0.2046875796875 0.409375 0.2046875796875 0.40625 0.20625032031249999 0.40468787031250003 0.20625032031249999 0.3859371296875 0.2046875796875 0.384375 0.2046875796875 0.3703121296875 0.203124840625 0.36875 0.20156274062500001 0.36875 0.198437259375 0.365625 0.198437259375 0.3640621296875 0.196875159375 0.3625 0.1953124203125 0.3625 0.1937496796875 0.3609371296875 0.176562740625 0.3609371296875 0.175 0.3625 0.175 0.365625 0.171875159375 0.36875 0.1703124203125 0.36875
25 0.503124840625 0.42968787031250005 0.5062503203125 0.42968787031250005 0.5078124203125001 0.43125 0.509375159375 0.43125 0.514062740625 0.43593787031250003 0.5156248406249999 0.43593787031250003 0.5187496796875 0.43906212968749997 0.5187496796875 0.440625 0.5203124203125 0.44218712968749996 0.526562740625 0.44218712968749996 0.528124840625 0.44375 0.5406248406249999 0.44375 0.5406248406249999 0.42968787031250005 0.5375 0.42656212968749996 0.535937259375 0.42656212968749996 0.534375159375 0.425 0.5328124203125 0.425 0.5296875796875 0.421875 0.5296875796875 0.42031287031250003 0.528124840625 0.41875 0.526562740625 0.41875 0.525 0.41718712968749994 0.523437259375 0.41718712968749994 0.5187496796875 0.4125 0.5156248406249999 0.4125 0.510937259375 0.40781212968749997 0.489062740625 0.40781212968749997 0.489062740625 0.41718712968749994 0.4953124203125 0.42343712968749997 0.49687515937500004 0.42343712968749997 0.503124840625 0.42968787031250005
26 0.42031242031250005 0.13125 0.4187496796875 0.1328128703125 0.4187496796875 0.134375 0.41562484062499994 0.1375 0.4125 0.1375 0.403124840625 0.146875 0.403124840625 0.15625 0.40468757968749997 0.1578121296875 0.40468757968749997 0.159375 0.4171875796875 0.159375 0.4171875796875 0.1578121296875 0.4187496796875 0.15625 0.42031242031250005 0.15625 0.42187515937500003 0.1546871296875 0.426562740625 0.1546871296875 0.4328124203125 0.1484378703125 0.43437515937500004 0.1484378703125 0.44062484062499996 0.1421878703125 0.4453124203125 0.1421878703125 0.451562740625 0.1359371296875 0.45312484062499997 0.1359371296875 0.45468757968749995 0.134375 0.45468757968749995 0.1328128703125 0.4578124203125 0.1296871296875 0.4578124203125 0.11875 0.4375 0.11875 0.4312496796875 0.125 0.42812484062499995 0.125 0.42187515937500003 0.13125 0.42031242031250005 0.13125
32 0.598437259375 0.0859378703125 0.596875159375 0.0875 0.596875159375 0.1171878703125 0.6 0.1203121296875 0.6 0.121875 0.6031248406249999 0.125 0.6046875796875 0.125 0.6062496796875 0.1265628703125 0.628124840625 0.1265628703125 0.6296875796875 0.125 0.6312496796875 0.125 0.6328124203125001 0.12343712968750001 0.634375159375 0.12343712968750001 0.635937259375 0.121875 0.635937259375 0.0890621296875 0.634375159375 0.0875 0.634375159375 0.0859378703125 0.6296875796875 0.08125 0.628124840625 0.08125 0.621875159375 0.075 0.621875159375 0.0734371296875 0.610937259375 0.0734371296875 0.6093751593750001 0.075 0.6078124203125 0.075 0.598437259375 0.084375 0.598437259375 0.0859378703125
7 0.6421875796875 0.2078121296875 0.590624840625 0.2078121296875 0.590624840625 0.2671871296875 0.6406248406249999 0.2671871296875 0.6421875796875 0.265625 0.6421875796875 0.2078121296875
26 0.4328124203125 0.2859371296875 0.43437515937500004 0.2859371296875 0.4375 0.2890628703125 0.4375 0.290625 0.439062740625 0.2921878703125 0.4421875796875 0.2921878703125 0.4437503203125 0.29375 0.4453124203125 0.29375 0.448437259375 0.296875 0.45 0.296875 0.451562740625 0.2984371296875 0.45312484062499997 0.2984371296875 0.4562496796875 0.3015621296875 0.4562496796875 0.303125 0.46718757968749997 0.303125 0.46875032031249997 0.3015621296875 0.46875032031249997 0.2984371296875 0.47031242031250003 0.296875 0.47031242031250003 0.2890628703125 0.46875032031249997 0.2875 0.46875032031249997 0.2859371296875 0.46718757968749997 0.284375 0.46718757968749997 0.2828121296875 0.465624840625 0.28125 0.464062740625 0.28125 0.4578124203125 0.275 0.45468757968749995 0.275 0.45312484062499997 0.2734378703125 0.451562740625 0.2734378703125 0.44687515937500005 0.26875 0.4453124203125 0.26875 0.439062740625 0.2625 0.4171875796875 0.2625 0.4171875796875 0.275 0.42187515937500003 0.2796871296875 0.426562740625 0.2796871296875 0.4328124203125 0.2859371296875
11 0.35468757968750003 0.253125 0.3562496796875 0.2515621296875 0.3562496796875 0.228125 0.35468757968750003 0.2265628703125 0.35468757968750003 0.2078121296875 0.353124840625 0.20625 0.30468757968750004 0.20625 0.30468757968750004 0.2671871296875 0.353124840625 0.2671871296875 0.35468757968750003 0.265625 0.35468757968750003 0.253125
34 0.45312484062499997 0.85 0.45312484062499997 0.8859371296875 0.45937515937500006 0.8921871296875 0.48437515937500003 0.8921871296875 0.485937259375 0.890625 0.4875 0.890625 0.49062484062499995 0.8875 0.49062484062499995 0.8859371296875 0.4921875796875 0.884375 0.4921875796875 0.8484378703125 0.49062484062499995 0.846875 0.49062484062499995 0.8453121296875 0.489062740625 0.8453121296875 0.48437515937500003 0.840625 0.48437515937500003 0.8375 0.46093725937499996 0.8375 0.4625 0.8390621296875 0.4562496796875 0.8453121296875 0.4562496796875 0.846875 0.45312484062499997 0.85
32 0.526562740625 0.225 0.525 0.2265628703125 0.525 0.2640621296875 0.528124840625 0.2671871296875 0.5328124203125 0.2671871296875 0.534375159375 0.26875 0.553124840625 0.26875 0.5546875796874999 0.2671871296875 0.559375159375 0.2671871296875 0.5609372593749999 0.265625 0.5609372593749999 0.2640621296875 0.5640627406250001 0.2609378703125 0.5640627406250001 0.2359371296875 0.5625 0.234375 0.5625 0.23125 0.5609372593749999 0.2296878703125 0.5609372593749999 0.2265628703125 0.559375159375 0.225 0.5578124203125 0.225 0.5546875796874999 0.221875 0.5546875796874999 0.2203121296875 0.553124840625 0.21875 0.5328124203125 0.21875 0.5312503203125 0.2203121296875 0.5312503203125 0.221875 0.528124840625 0.225 0.526562740625 0.225
26 0.4937496796875 0.1359371296875 0.4953124203125 0.1359371296875 0.5015627406250001 0.1421878703125 0.503124840625 0.1421878703125 0.509375159375 0.1484378703125 0.5156248406249999 0.1484378703125 0.5187496796875 0.1515621296875 0.5187496796875 0.153125 0.5203124203125 0.1546871296875 0.5218751593750001 0.1546871296875 0.523437259375 0.15625 0.525 0.15625 0.528124840625 0.159375 0.539062740625 0.159375 0.5406248406249999 0.1578121296875 0.5406248406249999 0.14375 0.534375159375 0.1375 0.5328124203125 0.1375 0.5296875796875 0.134375 0.5296875796875 0.1328128703125 0.528124840625 0.13125 0.526562740625 0.13125 0.525 0.1296871296875 0.523437259375 0.1296871296875 0.5187496796875 0.125 0.5156248406249999 0.125 0.5078124203125001 0.1171878703125 0.489062740625 0.1171878703125 0.489062740625 0.1328128703125 0.49062484062499995 0.134375 0.4921875796875 0.134375 0.4937496796875 0.1359371296875
28 0.3375 0.7 0.339062740625 0.7 0.34375032031249997 0.7046871296874999 0.346875159375 0.7046871296874999 0.35 0.7078121296875 0.35 0.709375 0.35156274062500004 0.7109378703125 0.353124840625 0.7109378703125 0.35468757968750003 0.7125 0.3562496796875 0.7125 0.359375159375 0.715625 0.360937259375 0.715625 0.3625 0.7171871296875 0.365624840625 0.7171871296875 0.3687496796875 0.7203121296874999 0.3687496796875 0.721875 0.3796875796875 0.721875 0.3796875796875 0.703125 0.376562740625 0.7 0.371875159375 0.7 0.365624840625 0.69375 0.364062740625 0.69375 0.3578124203125 0.6875 0.35468757968750003 0.6875 0.35 0.6828121296874999 0.33281242031249997 0.6828121296874999 0.33281242031249997 0.696875 0.334375159375 0.6984371296874999 0.33593725937499996 0.6984371296874999 0.3375 0.7
26 0.42031242031250005 0.41875 0.41562484062499994 0.41875 0.409375159375 0.425 0.40781242031250003 0.425 0.40625032031249997 0.42656212968749996 0.40625032031249997 0.43281212968749994 0.40468757968749997 0.434375 0.40468757968749997 0.440625 0.40625032031249997 0.44218712968749996 0.40625032031249997 0.44531287031250005 0.4171875796875 0.44531287031250005 0.42031242031250005 0.44218712968749996 0.425 0.44218712968749996 0.426562740625 0.440625 0.42812484062499995 0.440625 0.4328124203125 0.43593787031250003 0.43437515937500004 0.43593787031250003 0.44062484062499996 0.42968787031250005 0.4421875796875 0.42968787031250005 0.4437503203125 0.428125 0.4453124203125 0.428125 0.45 0.42343712968749997 0.451562740625 0.42343712968749997 0.45468757968749995 0.42031287031250003 0.45468757968749995 0.41875 0.4578124203125 0.415625 0.4578124203125 0.40781212968749997 0.4312496796875 0.40781212968749997 0.4312496796875 0.409375 0.42812484062499995 0.4125 0.426562740625 0.4125 0.42031242031250005 0.41875
25 0.659375159375 0.54375 0.653124840625 0.55 0.651562740625 0.55 0.65 0.5515621296875 0.648437259375 0.5515621296875 0.6453124203125 0.5546878703125 0.6437496796875 0.5546878703125 0.6421875796875 0.55625 0.639062740625 0.55625 0.6375 0.5578121296874999 0.6375 0.5796871296874999 0.6468751593750001 0.5796871296874999 0.651562740625 0.575 0.653124840625 0.575 0.6546875796875 0.5734371296874999 0.659375159375 0.5734371296874999 0.660937259375 0.571875 0.660937259375 0.5703128703125 0.664062740625 0.5671871296875 0.6656248406249999 0.5671871296875 0.6718751593750001 0.5609378703125001 0.676562740625 0.5609378703125001 0.6828124203125 0.5546878703125 0.684375159375 0.5546878703125 0.6859372593749999 0.553125 0.6859372593749999 0.540625 0.6671875796875 0.540625 0.6656248406249999 0.5421871296874999 0.664062740625 0.5421871296874999 0.6625 0.54375 0.659375159375 0.54375
14 0.2328124203125 0.3515628703125 0.2328124203125 0.41093712968749996 0.2828124203125 0.41093712968749996 0.2828124203125 0.3515628703125 0.2328124203125 0.3515628703125
25 0.7078124203125 0.2796871296875 0.7093751593750001 0.2796871296875 0.714062740625 0.284375 0.715624840625 0.284375 0.7171875796875 0.2859371296875 0.721875159375 0.2859371296875 0.725 0.2890628703125 0.725 0.290625 0.726562740625 0.2921878703125 0.7281248406249999 0.2921878703125 0.7343751593750001 0.2984371296875 0.739062740625 0.2984371296875 0.7453124203125 0.3046878703125 0.7546875796875 0.3046878703125 0.759375159375 0.3 0.759375159375 0.29375 0.7578124203125001 0.2921878703125 0.7578124203125001 0.290625 0.7546875796875 0.2875 0.7546875796875 0.2859371296875 0.7515627406250001 0.2828121296875 0.75 0.2828121296875 0.7484372593749999 0.28125 0.7453124203125 0.28125 0.7421875796874999 0.278125 0.7421875796874999 0.2765628703125 0.740624840625 0.275 0.735937259375 0.275 0.7343751593750001 0.2734378703125 0.7328124203125 0.2734378703125 0.7281248406249999 0.26875 0.726562740625 0.26875 0.721875159375 0.2640621296875 0.7031248406249999 0.2640621296875 0.7031248406249999 0.2734378703125 0.7062496796875 0.2765628703125 0.7062496796875 0.278125 0.7078124203125 0.2796871296875
8 0.465624840625 0.5484371296874999 0.46718757968749997 0.55 0.46875032031249997 0.55 0.47031242031250003 0.5515621296875 0.498437259375 0.5515621296875 0.498437259375 0.49531212968749994 0.49687515937500004 0.49375 0.448437259375 0.49375 0.448437259375 0.55 0.45312484062499997 0.55 0.45468757968749995 0.5484371296874999 0.465624840625 0.5484371296874999
27 0.28125032031249997 0.415625 0.278124840625 0.41875 0.276562740625 0.41875 0.271875159375 0.42343712968749997 0.27031242031249997 0.42343712968749997 0.2687503203125 0.425 0.265624840625 0.425 0.2625 0.428125 0.2625 0.446875 0.271875159375 0.446875 0.276562740625 0.44218712968749996 0.2796875796875 0.44218712968749996 0.2828124203125 0.43906212968749997 0.284375159375 0.43906212968749997 0.2875 0.43593787031250003 0.290624840625 0.43593787031250003 0.29218757968750003 0.434375 0.29218757968750003 0.43281212968749994 0.2953124203125 0.42968787031250005 0.296875159375 0.42968787031250005 0.298437259375 0.428125 0.3 0.428125 0.3 0.42656212968749996 0.301562740625 0.425 0.303124840625 0.425 0.309375159375 0.41875 0.309375159375 0.409375 0.2875 0.409375 0.284375159375 0.4125 0.2828124203125 0.4125 0.28125032031249997 0.41406287031250005 0.28125032031249997 0.415625
31 0.598437259375 0.371875 0.596875159375 0.3734371296875 0.596875159375 0.40468787031250003 0.6 0.40781212968749997 0.6 0.409375 0.601562740625 0.41093712968749996 0.6296875796875 0.41093712968749996 0.635937259375 0.40468787031250003 0.635937259375 0.3765621296875 0.634375159375 0.375 0.634375159375 0.3734371296875 0.6296875796875 0.36875 0.6296875796875 0.3671878703125 0.6234372593749999 0.3609371296875 0.6062496796875 0.3609371296875 0.601562740625 0.365625 0.601562740625 0.3671878703125 0.598437259375 0.3703121296875 0.598437259375 0.371875
14 0.6125 0.553125 0.614062740625 0.5515621296875 0.615624840625 0.5515621296875 0.6171875796874999 0.553125 0.6187496796875 0.553125 0.6203124203125 0.5546878703125 0.6406248406249999 0.5546878703125 0.6421875796875 0.553125 0.6421875796875 0.49531212968749994 0.6406248406249999 0.49375 0.590624840625 0.49375 0.590624840625 0.5546878703125 0.6078124203125 0.5546878703125 0.6093751593750001 0.553125 0.6125 0.553125
28 0.40781242031250003 0.8421871296875001 0.409375159375 0.8421871296875001 0.4125 0.8453121296875 0.4125 0.846875 0.41406274062500004 0.8484378703125 0.4171875796875 0.8484378703125 0.42031242031250005 0.8515628703125 0.42187515937500003 0.8515628703125 0.425 0.8546871296875 0.42812484062499995 0.8546871296875 0.4312496796875 0.8578121296875001 0.4312496796875 0.859375 0.4328124203125 0.8609371296875 0.435937259375 0.8609371296875 0.44062484062499996 0.865625 0.4421875796875 0.865625 0.4437503203125 0.8671878703125 0.448437259375 0.8671878703125 0.45 0.865625 0.451562740625 0.865625 0.451562740625 0.85 0.448437259375 0.846875 0.448437259375 0.8453121296875 0.44687515937500005 0.84375 0.4453124203125 0.84375 0.44062484062499996 0.8390621296875 0.439062740625 0.8390621296875 0.4375 0.8375 0.43437515937500004 0.8375 0.42812484062499995 0.83125 0.425 0.83125 0.42031242031250005 0.8265621296875001 0.4187496796875 0.8265621296875001 0.4171875796875 0.825 0.403124840625 0.825 0.403124840625 0.8359378703125 0.40468757968749997 0.8375 0.40468757968749997 0.8390621296875 0.40781242031250003 0.8421871296875001
13 0.353124840625 0.7796871296875 0.30468757968750004 0.7796871296875 0.30468757968750004 0.8390621296875 0.35468757968750003 0.8390621296875 0.35468757968750003 0.78125 0.353124840625 0.7796871296875
13 0.571875159375 0.3515628703125 0.5203124203125 0.3515628703125 0.5203124203125 0.41093712968749996 0.5703124203125001 0.41093712968749996 0.571875159375 0.409375 0.571875159375 0.3515628703125
26 0.49687515937500004 0.2703121296875 0.4921875796875 0.275 0.489062740625 0.275 0.4875 0.2765628703125 0.4875 0.278125 0.48437515937500003 0.28125 0.48281242031250005 0.28125 0.4812496796875 0.2828121296875 0.4796875796875 0.2828121296875 0.4796875796875 0.284375 0.47812484062499994 0.2859371296875 0.47656274062500004 0.2859371296875 0.47656274062500004 0.3015621296875 0.47812484062499994 0.3015621296875 0.4796875796875 0.303125 0.49062484062499995 0.303125 0.49062484062499995 0.3015621296875 0.4921875796875 0.3 0.4937496796875 0.3 0.4953124203125 0.2984371296875 0.49687515937500004 0.2984371296875 0.503124840625 0.2921878703125 0.5062503203125 0.2921878703125 0.5078124203125001 0.290625 0.509375159375 0.290625 0.509375159375 0.2890628703125 0.510937259375 0.2875 0.5125 0.2875 0.514062740625 0.2859371296875 0.5156248406249999 0.2859371296875 0.5171875796875 0.284375 0.5171875796875 0.2828121296875 0.5203124203125 0.2796871296875 0.5218751593750001 0.2796871296875 0.525 0.2765628703125 0.525 0.275 0.526562740625 0.2734378703125 0.528124840625 0.2734378703125 0.528124840625 0.2640621296875 0.5062503203125 0.2640621296875 0.5015627406250001 0.26875 0.5 0.26875 0.498437259375 0.2703121296875 0.49687515937500004 0.2703121296875
28 0.20781242031249997 0.2734378703125 0.20625032031249999 0.275 0.203124840625 0.275 0.196875159375 0.28125 0.1953124203125 0.28125 0.189062740625 0.2875 0.1875 0.2875 0.185937259375 0.2890628703125 0.185937259375 0.303125 0.1875 0.303125 0.189062740625 0.3046878703125 0.20156274062500001 0.3046878703125 0.20781242031249997 0.2984371296875 0.209375159375 0.2984371296875 0.215624840625 0.2921878703125 0.221875159375 0.2921878703125 0.22343725937499997 0.290625 0.22343725937499997 0.2890628703125 0.226562740625 0.2859371296875 0.228124840625 0.2859371296875 0.234375159375 0.2796871296875 0.23906274062500002 0.2796871296875 0.24218757968750002 0.2765628703125 0.24218757968750002 0.2734378703125 0.2437496796875 0.271875 0.2437496796875 0.2625 0.221875159375 0.2625 0.215624840625 0.26875 0.21406274062500003 0.26875 0.209375159375 0.2734378703125 0.20781242031249997 0.2734378703125
25 0.6437496796875 0.42656212968749996 0.6437496796875 0.428125 0.6453124203125 0.42968787031250005 0.65 0.42968787031250005 0.651562740625 0.43125 0.653124840625 0.43125 0.6578124203125 0.43593787031250003 0.659375159375 0.43593787031250003 0.6625 0.43906212968749997 0.6625 0.440625 0.664062740625 0.44218712968749996 0.6687503203125 0.44218712968749996 0.6703124203125 0.44375 0.6718751593750001 0.44375 0.673437259375 0.44531287031250005 0.6859372593749999 0.44531287031250005 0.6859372593749999 0.43125 0.684375159375 0.43125 0.678124840625 0.425 0.676562740625 0.425 0.6703124203125 0.41875 0.6671875796875 0.41875 0.6656248406249999 0.41718712968749994 0.664062740625 0.41718712968749994 0.659375159375 0.4125 0.6578124203125 0.4125 0.6546875796875 0.409375 0.6546875796875 0.40781212968749997 0.653124840625 0.40781212968749997 0.651562740625 0.40625 0.6312496796875 0.40625 0.6312496796875 0.415625 0.639062740625 0.42343712968749997 0.6406248406249999 0.42343712968749997 0.6437496796875 0.42656212968749996
27 0.49062484062499995 0.7046871296874999 0.4937496796875 0.7078121296875 0.4937496796875 0.709375 0.4953124203125 0.7109378703125 0.49687515937500004 0.7109378703125 0.503124840625 0.7171871296875 0.5156248406249999 0.7171871296875 0.5156248406249999 0.7 0.514062740625 0.7 0.5078124203125001 0.69375 0.503124840625 0.69375 0.49687515937500004 0.6875 0.4953124203125 0.6875 0.49062484062499995 0.6828121296874999 0.47656274062500004 0.6828121296874999 0.47656274062500004 0.6984371296874999 0.47812484062499994 0.6984371296874999 0.48437515937500003 0.7046871296874999 0.49062484062499995 0.7046871296874999
8 0.714062740625 0.6390621296875 0.7125 0.6375 0.660937259375 0.6375 0.660937259375 0.6953128703125 0.710937259375 0.6953128703125 0.714062740625 0.6921871296875 0.714062740625 0.6390621296875
11 0.5406248406249999 0.6921871296875 0.5437496796875 0.6953128703125 0.5437496796875 0.696875 0.5453124203125 0.6984371296874999 0.565624840625 0.6984371296874999 0.571875159375 0.6921871296875 0.571875159375 0.6375 0.5203124203125 0.6375 0.5203124203125 0.69375 0.523437259375 0.69375 0.525 0.6921871296875 0.5406248406249999 0.6921871296875
27 0.55 0.840625 0.551562740625 0.8421871296875001 0.553124840625 0.8421871296875001 0.5562496796875 0.8453121296875 0.5562496796875 0.846875 0.5578124203125 0.8484378703125 0.559375159375 0.8484378703125 0.5609372593749999 0.85 0.5625 0.85 0.565624840625 0.853125 0.5671875796875 0.853125 0.5687503203125 0.8546871296875 0.571875159375 0.8546871296875 0.575 0.8578121296875001 0.575 0.859375 0.576562740625 0.8609371296875 0.5781248406249999 0.8609371296875 0.5796875796875 0.8625 0.5812496796875 0.8625 0.5828124203125 0.8640628703125 0.5843751593750001 0.8640628703125 0.5843751593750001 0.8625 0.585937259375 0.8609371296875 0.585937259375 0.8453121296875 0.5843751593750001 0.84375 0.5828124203125 0.84375 0.5796875796875 0.840625 0.5796875796875 0.8390621296875 0.5781248406249999 0.8375 0.576562740625 0.8375 0.5703124203125001 0.83125 0.565624840625 0.83125 0.559375159375 0.825 0.5468751593750001 0.825 0.548437259375 0.8265621296875001 0.548437259375 0.8359378703125 0.55 0.8375 0.55 0.840625
27 0.514062740625 0.8359378703125 0.5125 0.8359378703125 0.510937259375 0.8375 0.5078124203125001 0.8375 0.5062503203125 0.8390621296875 0.5062503203125 0.840625 0.503124840625 0.84375 0.5015627406250001 0.84375 0.5 0.8453121296875 0.498437259375 0.8453121296875 0.498437259375 0.846875 0.49687515937500004 0.8484378703125 0.4953124203125 0.8484378703125 0.4953124203125 0.86875 0.498437259375 0.86875 0.5 0.8671878703125 0.503124840625 0.8671878703125 0.5046875796875 0.865625 0.5046875796875 0.8640628703125 0.5078124203125001 0.8609371296875 0.510937259375 0.8609371296875 0.5125 0.859375 0.514062740625 0.859375 0.5171875796875 0.85625 0.5187496796875 0.85625 0.5203124203125 0.8546871296875 0.5218751593750001 0.8546871296875 0.523437259375 0.853125 0.523437259375 0.8515628703125 0.526562740625 0.8484378703125 0.5296875796875 0.8484378703125 0.5312503203125 0.846875 0.5328124203125 0.846875 0.5375 0.8421871296875001 0.539062740625 0.8421871296875001 0.5421875796875 0.8390621296875 0.5421875796875 0.8265621296875001 0.525 0.8265621296875001 0.525 0.828125 0.5218751593750001 0.83125 0.5187496796875 0.83125 0.514062740625 0.8359378703125
31 0.7421875796874999 0.371875 0.739062740625 0.375 0.739062740625 0.409375 0.740624840625 0.41093712968749996 0.7453124203125 0.41093712968749996 0.746875159375 0.4125 0.75 0.4125 0.7515627406250001 0.41406287031250005 0.7578124203125001 0.41406287031250005 0.759375159375 0.4125 0.7703124203125 0.4125 0.7718751593750001 0.41093712968749996 0.776562740625 0.41093712968749996 0.778124840625 0.409375 0.778124840625 0.40781212968749997 0.7796875796875 0.40625 0.7796875796875 0.3765621296875 0.778124840625 0.375 0.778124840625 0.3734371296875 0.773437259375 0.36875 0.7718751593750001 0.36875 0.7687496796875 0.365625 0.7687496796875 0.3640621296875 0.7671875796875 0.3625 0.7671875796875 0.3609371296875 0.75 0.3609371296875 0.7484372593749999 0.3625 0.7484372593749999 0.3640621296875 0.7421875796874999 0.3703121296875 0.7421875796874999 0.371875
12 0.376562740625 0.3515628703125 0.376562740625 0.41093712968749996 0.426562740625 0.41093712968749996 0.426562740625 0.3515628703125 0.376562740625 0.3515628703125
9 0.784375159375 0.49375 0.7343751593750001 0.49375 0.7343751593750001 0.553125 0.785937259375 0.553125 0.785937259375 0.49531212968749994 0.784375159375 0.49375
26 0.5687503203125 0.128125 0.565624840625 0.13125 0.5609372593749999 0.13125 0.559375159375 0.1328128703125 0.5578124203125 0.1328128703125 0.5578124203125 0.134375 0.5562496796875 0.1359371296875 0.5546875796874999 0.1359371296875 0.553124840625 0.1375 0.551562740625 0.1375 0.55 0.1390621296875 0.55 0.15 0.548437259375 0.1515621296875 0.55 0.153125 0.55 0.159375 0.551562740625 0.1609371296875 0.5578124203125 0.1609371296875 0.559375159375 0.159375 0.5609372593749999 0.159375 0.5609372593749999 0.1578121296875 0.5625 0.15625 0.5640627406250001 0.15625 0.565624840625 0.1546871296875 0.5703124203125001 0.1546871296875 0.576562740625 0.1484378703125 0.5781248406249999 0.1484378703125 0.5843751593750001 0.1421878703125 0.589062740625 0.1421878703125 0.5953124203125 0.1359371296875 0.596875159375 0.1359371296875 0.598437259375 0.134375 0.598437259375 0.1328128703125 0.6 0.13125 0.6 0.1296871296875 0.601562740625 0.128125 0.601562740625 0.1265628703125 0.6 0.125 0.6 0.12343712968750001 0.598437259375 0.121875 0.598437259375 0.1203121296875 0.6 0.11875 0.5796875796875 0.11875 0.573437259375 0.125 0.5703124203125001 0.125 0.5687503203125 0.1265628703125 0.5687503203125 0.128125
16 0.323437259375 0.553125 0.326562740625 0.55 0.328124840625 0.55 0.3312496796875 0.553125 0.33281242031249997 0.553125 0.334375159375 0.5546878703125 0.353124840625 0.5546878703125 0.35468757968750003 0.553125 0.35468757968750003 0.49531212968749994 0.353124840625 0.49375 0.3062496796875 0.49375 0.3062496796875 0.5546878703125 0.3187496796875 0.5546878703125 0.32031242031249996 0.553125 0.323437259375 0.553125
26 0.40625032031249997 0.215625 0.40781242031250003 0.2140628703125 0.40781242031250003 0.1609371296875 0.39531242031249997 0.1609371296875 0.39531242031249997 0.2171871296875 0.403124840625 0.2171871296875 0.40468757968749997 0.215625 0.40625032031249997 0.215625
15 0.46875032031249997 0.8375 0.47656274062500004 0.8375 0.4796875796875 0.840625 0.49687515937500004 0.840625 0.498437259375 0.8390621296875 0.498437259375 0.7828121296874999 0.49687515937500004 0.78125 0.448437259375 0.78125 0.448437259375 0.8375 0.451562740625 0.840625 0.465624840625 0.840625 0.46875032031249997 0.8375
15 0.448437259375 0.2078121296875 0.448437259375 0.265625 0.498437259375 0.265625 0.498437259375 0.2078121296875 0.448437259375 0.2078121296875
25 0.5609372593749999 0.41875 0.559375159375 0.42031287031250003 0.5578124203125 0.42031287031250003 0.553124840625 0.425 0.551562740625 0.425 0.55 0.42656212968749996 0.55 0.44531287031250005 0.5578124203125 0.44531287031250005 0.559375159375 0.44375 0.5609372593749999 0.44375 0.5625 0.44218712968749996 0.565624840625 0.44218712968749996 0.5671875796875 0.440625 0.5687503203125 0.440625 0.5687503203125 0.43906212968749997 0.5703124203125001 0.4375 0.571875159375 0.4375 0.573437259375 0.43593787031250003 0.576562740625 0.43593787031250003 0.5828124203125 0.42968787031250005 0.5843751593750001 0.42968787031250005 0.590624840625 0.42343712968749997 0.5921875796875 0.42343712968749997 0.5937503203125 0.421875 0.5953124203125 0.421875 0.596875159375 0.42031287031250003 0.596875159375 0.41875 0.598437259375 0.41718712968749994 0.598437259375 0.40781212968749997 0.576562740625 0.40781212968749997 0.571875159375 0.4125 0.5703124203125001 0.4125 0.5640627406250001 0.41875 0.5609372593749999 0.41875
32 0.4562496796875 0.084375 0.45312484062499997 0.0875 0.45312484062499997 0.1171878703125 0.4562496796875 0.1203121296875 0.4562496796875 0.121875 0.4578124203125 0.12343712968750001 0.45937515937500006 0.12343712968750001 0.46093725937499996 0.125 0.4625 0.125 0.464062740625 0.1265628703125 0.47812484062499994 0.1265628703125 0.4796875796875 0.125 0.48437515937500003 0.125 0.485937259375 0.12343712968750001 0.4875 0.12343712968750001 0.49062484062499995 0.1203121296875 0.49062484062499995 0.11875 0.4921875796875 0.1171878703125 0.4921875796875 0.084375 0.489062740625 0.08125 0.485937259375 0.08125 0.4796875796875 0.075 0.47812484062499994 0.075 0.47656274062500004 0.0734371296875 0.46718757968749997 0.0734371296875 0.465624840625 0.075 0.464062740625 0.075 0.4562496796875 0.0828121296875 0.4562496796875 0.084375
27 0.551562740625 0.821875 0.551562740625 0.7828121296874999 0.55 0.78125 0.55 0.7671871296874999 0.551562740625 0.765625 0.551562740625 0.75625 0.55 0.7546871296875 0.539062740625 0.7546871296875 0.539062740625 0.8234371296875 0.548437259375 0.8234371296875 0.55 0.821875 0.551562740625 0.821875
31 0.6703124203125 0.225 0.6687503203125 0.2265628703125 0.6687503203125 0.2296878703125 0.6671875796875 0.23125 0.6671875796875 0.2625 0.6687503203125 0.2640621296875 0.6687503203125 0.265625 0.6703124203125 0.2671871296875 0.675 0.2671871296875 0.676562740625 0.26875 0.7 0.26875 0.701562740625 0.2671871296875 0.7031248406249999 0.2671871296875 0.7046875796875 0.265625 0.7046875796875 0.2640621296875 0.7078124203125 0.2609378703125 0.7078124203125 0.2421878703125 0.7062496796875 0.240625 0.7062496796875 0.234375 0.7046875796875 0.2328121296875 0.7046875796875 0.2265628703125 0.7031248406249999 0.225 0.701562740625 0.225 0.698437259375 0.221875 0.698437259375 0.2203121296875 0.696875159375 0.21875 0.676562740625 0.21875 0.675 0.2203121296875 0.675 0.221875 0.6718751593750001 0.225 0.6703124203125 0.225
26 0.548437259375 0.1609371296875 0.539062740625 0.1609371296875 0.539062740625 0.2171871296875 0.5468751593750001 0.2171871296875 0.548437259375 0.215625 0.548437259375 0.1609371296875
7 0.3937496796875 0.69375 0.39531242031249997 0.69375 0.396875159375 0.6921871296875 0.401562740625 0.6921871296875 0.403124840625 0.69375 0.40468757968749997 0.69375 0.40781242031250003 0.696875 0.423437259375 0.696875 0.4296875796875 0.690625 0.4296875796875 0.6390621296875 0.42812484062499995 0.6375 0.376562740625 0.6375 0.376562740625 0.6953128703125 0.378124840625 0.696875 0.390624840625 0.696875 0.3937496796875 0.69375
10 0.2328124203125 0.6375 0.2328124203125 0.696875 0.284375159375 0.696875 0.284375159375 0.6375 0.2328124203125 0.6375
34 0.23906274062500002 0.23125 0.2375 0.2328121296875 0.2375 0.265625 0.23906274062500002 0.265625 0.240624840625 0.2671871296875 0.2437496796875 0.2671871296875 0.24531242031249997 0.26875 0.248437259375 0.26875 0.25 0.2703121296875 0.265624840625 0.2703121296875 0.2671875796875 0.26875 0.27031242031249997 0.26875 0.271875159375 0.2671871296875 0.275 0.2671871296875 0.278124840625 0.2640621296875 0.278124840625 0.2625 0.2796875796875 0.2609378703125 0.2796875796875 0.2328121296875 0.278124840625 0.23125 0.276562740625 0.23125 0.275 0.2296878703125 0.275 0.228125 0.271875159375 0.225 0.27031242031249997 0.225 0.2671875796875 0.221875 0.2671875796875 0.2203121296875 0.265624840625 0.21875 0.248437259375 0.21875 0.24218757968750002 0.225 0.24218757968750002 0.2265628703125 0.23906274062500002 0.2296878703125 0.23906274062500002 0.23125
25 0.7656248406249999 0.30625 0.753124840625 0.30625 0.753124840625 0.359375 0.7671875796875 0.359375 0.7671875796875 0.3078121296875 0.7656248406249999 0.30625
34 0.310937259375 0.6 0.314062740625 0.603125 0.34375032031249997 0.603125 0.348437259375 0.5984371296875 0.348437259375 0.5609378703125001 0.346875159375 0.559375 0.346875159375 0.5578121296874999 0.3421875796875 0.553125 0.314062740625 0.553125 0.3125 0.5546878703125 0.3125 0.559375 0.310937259375 0.5609378703125001 0.310937259375 0.6
28 0.1796875796875 0.3046878703125 0.1796875796875 0.359375 0.1921875796875 0.359375 0.1921875796875 0.3046878703125 0.1796875796875 0.3046878703125
26 0.39531242031249997 0.44843712968749994 0.39531242031249997 0.5359371296875 0.40781242031250003 0.5359371296875 0.40781242031250003 0.44843712968749994 0.39531242031249997 0.44843712968749994
28 0.33593725937499996 0.6078121296875 0.323437259375 0.6078121296875 0.323437259375 0.6796878703125 0.334375159375 0.6796878703125 0.33593725937499996 0.678125 0.33593725937499996 0.6078121296875
34 0.38281242031249996 0.7015621296875 0.38281242031249996 0.7421878703125 0.3875 0.746875 0.41562484062499994 0.746875 0.42187515937500003 0.740625 0.42187515937500003 0.7078121296875 0.4171875796875 0.703125 0.4171875796875 0.7015621296875 0.41562484062499994 0.7 0.41406274062500004 0.7 0.410937259375 0.696875 0.410937259375 0.6953128703125 0.389062740625 0.6953128703125 0.389062740625 0.696875 0.385937259375 0.7 0.384375159375 0.7 0.38281242031249996 0.7015621296875
26 0.46718757968749997 0.3046878703125 0.46718757968749997 0.359375 0.47812484062499994 0.359375 0.47812484062499994 0.3046878703125 0.46718757968749997 0.3046878703125
28 0.40781242031250003 0.821875 0.40781242031250003 0.7515621296874999 0.39531242031249997 0.7515621296874999 0.39531242031249997 0.8234371296875 0.40468757968749997 0.8234371296875 0.40625032031249997 0.821875 0.40781242031250003 0.821875
29 0.5625 0.746875 0.5609372593749999 0.7484371296875 0.5609372593749999 0.75 0.559375159375 0.7515621296874999 0.559375159375 0.753125 0.5562496796875 0.75625 0.5562496796875 0.7578128703125 0.551562740625 0.7625 0.551562740625 0.778125 0.553124840625 0.778125 0.5546875796874999 0.7796871296875 0.5562496796875 0.7796871296875 0.5578124203125 0.78125 0.559375159375 0.78125 0.5609372593749999 0.7828121296874999 0.5609372593749999 0.784375 0.5625 0.7859378703125001 0.5625 0.7890628703125 0.5640627406250001 0.790625 0.565624840625 0.790625 0.5671875796875 0.7921871296874999 0.5781248406249999 0.7921871296874999 0.5812496796875 0.7890628703125 0.5812496796875 0.7875 0.5828124203125 0.7859378703125001 0.5843751593750001 0.7859378703125001 0.5843751593750001 0.784375 0.589062740625 0.7796871296875 0.590624840625 0.7796871296875 0.5921875796875 0.778125 0.5937503203125 0.778125 0.596875159375 0.775 0.596875159375 0.76875 0.5953124203125 0.76875 0.5937503203125 0.7671871296874999 0.5937503203125 0.765625 0.585937259375 0.7578128703125 0.585937259375 0.7515621296874999 0.5843751593750001 0.75 0.5843751593750001 0.746875 0.5781248406249999 0.740625 0.5781248406249999 0.7390621296875 0.559375159375 0.7390621296875 0.5609372593749999 0.740625 0.5609372593749999 0.7421878703125 0.5625 0.74375 0.5625 0.746875
27 0.46875032031249997 0.6140621296875 0.46875032031249997 0.6796878703125 0.47812484062499994 0.6796878703125 0.47812484062499994 0.6140621296875 0.46875032031249997 0.6140621296875
27 0.328124840625 0.3609371296875 0.3312496796875 0.3640621296875 0.3312496796875 0.365625 0.33281242031249997 0.3671878703125 0.334375159375 0.3671878703125 0.33593725937499996 0.365625 0.33593725937499996 0.3046878703125 0.323437259375 0.3046878703125 0.323437259375 0.359375 0.325 0.359375 0.326562740625 0.3609371296875 0.328124840625 0.3609371296875
16 0.714062740625 0.409375 0.714062740625 0.35 0.6625 0.35 0.6625 0.41093712968749996 0.710937259375 0.41093712968749996 0.7125 0.409375 0.714062740625 0.409375
18 0.8687496796874999 0.42656212968749996 0.8687496796874999 0.5109371296874999 0.925 0.5109371296874999 0.925 0.42656212968749996 0.8687496796874999 0.42656212968749996
18 0.134375159375 0.3625 0.135937259375 0.3609371296875 0.135937259375 0.2859371296875 0.08124967968749999 0.2859371296875 0.08124967968749999 0.3640621296875 0.10624967968750001 0.3640621296875 0.1078124203125 0.3625 0.134375159375 0.3625
18 0.225 0.003125 0.225 0.078125 0.276562740625 0.078125 0.276562740625 0.003125 0.225 0.003125
19 0.084375159375 0.5734371296874999 0.084375159375 0.653125 0.1296875796875 0.653125 0.1296875796875 0.5734371296874999 0.084375159375 0.5734371296874999
18 0.28125032031249997 0.8609371296875 0.221875159375 0.8609371296875 0.221875159375 0.940625 0.2796875796875 0.940625 0.28125032031249997 0.9390621296875 0.28125032031249997 0.8609371296875
21 0.565624840625 0.0015621296874999998 0.510937259375 0.0015621296874999998 0.510937259375 0.075 0.5640627406250001 0.075 0.565624840625 0.0734371296875 0.565624840625 0.0015621296874999998
20 0.7687496796875 0.225 0.7703124203125 0.2234371296875 0.7812503203125 0.2234371296875 0.7828124203125 0.221875 0.7828124203125 0.1375 0.725 0.1375 0.725 0.2265628703125 0.746875159375 0.2265628703125 0.7484372593749999 0.225 0.7687496796875 0.225
22 0.7796875796875 0.7484371296875 0.7812503203125 0.746875 0.7812503203125 0.734375 0.7796875796875 0.7328121296875 0.7796875796875 0.71875 0.7812503203125 0.7171871296875 0.7812503203125 0.7125 0.7281248406249999 0.7125 0.7281248406249999 0.7984371296874999 0.778124840625 0.7984371296874999 0.7796875796875 0.796875 0.7796875796875 0.7484371296875
23 0.563213828125 0.8573150890625 0.5144174140625 0.8573150890625 0.5144174140625 0.9312795859375 0.563213828125 0.9312795859375 0.563213828125 0.8573150890625