37 0.428125 0.15156221875 0.4234375 0.156249625 0.421875 0.156249625 0.415625 0.1625 0.4140625 0.1625 0.40625 0.17031259375000002 0.40625 0.2375 0.4078125 0.23906221875 0.4078125 0.2406251875 0.4125 0.24531259374999997 0.4125 0.25156221875 0.4140625 0.2531251875 0.4140625 0.26093778125 0.415625 0.2625 0.415625 0.26406221875 0.4171875 0.2656251875 0.4171875 0.268749625 0.41875 0.27031259375 0.41875 0.27812518750000004 0.4265625 0.28593778125 0.4296875 0.28593778125 0.43125 0.2875 0.4328125 0.2875 0.4359375 0.2906251875 0.4375 0.2906251875 0.4390625 0.29218740625 0.440625 0.29218740625 0.4453125 0.2968748125 0.446875 0.2968748125 0.4484375 0.29843778125 0.453125 0.29843778125 0.4546875 0.3 0.45625 0.3 0.4578125 0.30156221875 0.465625 0.30156221875 0.46875 0.29843778125 0.471875 0.29843778125 0.478125 0.29218740625 0.4828125 0.29218740625 0.4890625 0.28593778125 0.4921875 0.28593778125 0.496875 0.281249625 0.4984375 0.281249625 0.5 0.27968740625 0.503125 0.27968740625 0.5078125 0.275 0.509375 0.275 0.515625 0.268749625 0.515625 0.26718740625000004 0.5171875 0.2656251875 0.5171875 0.24687481249999998 0.5234375 0.2406251875 0.5234375 0.23906221875 0.5296875 0.23281259375 0.5296875 0.18281259375 0.528125 0.181249625 0.528125 0.1781251875 0.5265625 0.17656221875 0.5265625 0.175 0.525 0.17343778125 0.525 0.17031259375000002 0.521875 0.16718740625 0.5203125 0.16718740625 0.515625 0.1625 0.5109375 0.1625 0.509375 0.16093778125 0.5078125 0.16093778125 0.503125 0.156249625 0.5015625 0.156249625 0.5 0.15468740625 0.4984375 0.15468740625 0.496875 0.15312518749999998 0.496875 0.15156221875 0.49375 0.15156221875 0.4921875 0.15 0.4890625 0.15 0.484375 0.14531259375 0.4828125 0.14531259375 0.48125 0.143749625 0.4796875 0.143749625 0.478125 0.14218740624999998 0.440625 0.14218740624999998 0.4328125 0.15 0.43125 0.15 0.4296875 0.15156221875 0.428125 0.15156221875
17 0.30625 0.7281251875 0.3046875 0.72968740625 0.303125 0.72968740625 0.3015625 0.731249625 0.3 0.731249625 0.2984375 0.7328125937500001 0.296875 0.7328125937500001 0.2921875 0.7375 0.2890625 0.7375 0.284375 0.74218740625 0.2828125 0.74218740625 0.28125 0.743749625 0.278125 0.743749625 0.271875 0.75 0.2703125 0.75 0.2625 0.75781259375 0.2625 0.8468748125 0.2640625 0.84843778125 0.265625 0.84843778125 0.26875 0.85156221875 0.26875 0.8531251875000001 0.2703125 0.8546874062500001 0.275 0.8546874062500001 0.2765625 0.856249625 0.278125 0.856249625 0.2796875 0.85781259375 0.2796875 0.8593748124999999 0.28125 0.8593748124999999 0.2828125 0.86093778125 0.284375 0.86093778125 0.2890625 0.8656251875000001 0.2984375 0.8656251875000001 0.3 0.86406221875 0.3078125 0.86406221875 0.309375 0.8625 0.3109375 0.8625 0.3125 0.86093778125 0.334375 0.86093778125 0.3359375 0.8625 0.3375 0.8625 0.340625 0.8656251875000001 0.346875 0.8656251875000001 0.3484375 0.86406221875 0.35 0.86406221875 0.3515625 0.8625 0.3546875 0.8625 0.35625 0.86093778125 0.3609375 0.86093778125 0.3625 0.8593748124999999 0.365625 0.8593748124999999 0.365625 0.85781259375 0.3671875 0.856249625 0.36875 0.856249625 0.3703125 0.8546874062500001 0.371875 0.8546874062500001 0.3734375 0.8531251875000001 0.3734375 0.85156221875 0.3765625 0.84843778125 0.3796875 0.84843778125 0.38125 0.8468748125 0.3828125 0.8468748125 0.384375 0.8453125937499999 0.384375 0.8437503749999999 0.3859375 0.8421874062500001 0.3859375 0.78281259375 0.384375 0.781250375 0.384375 0.77968740625 0.378125 0.77343778125 0.3765625 0.77343778125 0.375 0.7718748125 0.375 0.77031259375 0.3734375 0.768749625 0.3734375 0.7671874062499999 0.36875 0.7625 0.36875 0.76093778125 0.3671875 0.7593748125 0.3671875 0.75156221875 0.365625 0.75 0.365625 0.74843778125 0.3625 0.74531259375 0.3625 0.743749625 0.3609375 0.74218740625 0.3609375 0.73906221875 0.35625 0.7343748125 0.35625 0.7328125937500001 0.35 0.72656221875 0.3484375 0.72656221875 0.346875 0.725 0.3453125 0.725 0.340625 0.72031259375 0.3140625 0.72031259375 0.309375 0.725 0.3078125 0.725 0.30625 0.72656221875 0.30625 0.7281251875
0 0.234375 0.581249625 0.228125 0.5875 0.225 0.5875 0.2234375 0.58906221875 0.221875 0.58906221875 0.2171875 0.593749625 0.2140625 0.593749625 0.2125 0.59531259375 0.2125 0.5968748125000001 0.20625 0.6031251875 0.20625 0.61406221875 0.2 0.62031259375 0.2 0.6218748125 0.196875 0.625 0.1953125 0.625 0.1921875 0.6281251875 0.1921875 0.7031251875 0.19375 0.7046874062499999 0.196875 0.7046874062499999 0.2 0.70781259375 0.2 0.7093748125 0.2015625 0.71093778125 0.2046875 0.71093778125 0.209375 0.7156251874999999 0.2109375 0.7156251874999999 0.2125 0.71718740625 0.215625 0.71718740625 0.21875 0.72031259375 0.21875 0.7218748125000001 0.2203125 0.7218748125000001 0.221875 0.72343778125 0.2234375 0.72343778125 0.225 0.725 0.2265625 0.725 0.23125 0.72968740625 0.234375 0.72968740625 0.240625 0.73593778125 0.24375 0.73593778125 0.2453125 0.7375 0.2515625 0.7375 0.253125 0.73593778125 0.25625 0.73593778125 0.2640625 0.7281251875 0.265625 0.7281251875 0.2671875 0.72656221875 0.26875 0.72656221875 0.2703125 0.725 0.271875 0.725 0.2734375 0.72343778125 0.275 0.72343778125 0.2765625 0.7218748125000001 0.278125 0.7218748125000001 0.2828125 0.71718740625 0.2875 0.71718740625 0.2890625 0.7156251874999999 0.290625 0.7156251874999999 0.2953125 0.71093778125 0.3015625 0.71093778125 0.3078125 0.7046874062499999 0.309375 0.7046874062499999 0.315625 0.69843778125 0.315625 0.6375 0.3140625 0.63593778125 0.3140625 0.6343748125 0.3125 0.63281259375 0.3125 0.6312496249999999 0.3109375 0.62968740625 0.3109375 0.62656221875 0.309375 0.625 0.3078125 0.625 0.3046875 0.6218748125 0.3046875 0.62031259375 0.303125 0.618749625 0.303125 0.61718740625 0.3 0.61406221875 0.3 0.61093778125 0.2984375 0.6093748125 0.2984375 0.60156221875 0.296875 0.6 0.296875 0.59843778125 0.2921875 0.593749625 0.290625 0.593749625 0.284375 0.5875 0.2828125 0.5875 0.28125 0.58593778125 0.2796875 0.58593778125 0.2765625 0.58281259375 0.275 0.58281259375 0.2734375 0.581249625 0.271875 0.581249625 0.26875 0.5781251875 0.2421875 0.5781251875 0.240625 0.5796874062499999 0.2390625 0.5796874062499999 0.2375 0.581249625 0.234375 0.581249625
17 0.6640625 0.57656221875 0.659375 0.581249625 0.6578125 0.581249625 0.65625 0.58281259375 0.6546875 0.58281259375 0.6515625 0.58593778125 0.65 0.58593778125 0.6484375 0.5875 0.646875 0.5875 0.6453125 0.58906221875 0.64375 0.58906221875 0.6390625 0.593749625 0.6375 0.593749625 0.6328125 0.59843778125 0.6328125 0.6 0.63125 0.60156221875 0.63125 0.61093778125 0.6296875 0.6125 0.6296875 0.6156251875 0.628125 0.61718740625 0.6265625 0.61718740625 0.6265625 0.618749625 0.6203125 0.625 0.6171875 0.625 0.615625 0.62656221875 0.6140625 0.62656221875 0.6140625 0.7046874062499999 0.6171875 0.7046874062499999 0.61875 0.706249625 0.6203125 0.706249625 0.6234375 0.7093748125 0.625 0.7093748125 0.6265625 0.71093778125 0.628125 0.71093778125 0.634375 0.71718740625 0.640625 0.71718740625 0.646875 0.72343778125 0.6484375 0.72343778125 0.65 0.725 0.6515625 0.725 0.6546875 0.7281251875 0.65625 0.7281251875 0.6578125 0.72968740625 0.6609375 0.72968740625 0.6625 0.731249625 0.6640625 0.731249625 0.66875 0.73593778125 0.6703125 0.73593778125 0.671875 0.7375 0.6734375 0.7375 0.6765625 0.7406251875 0.684375 0.7406251875 0.6890625 0.73593778125 0.690625 0.73593778125 0.6953125 0.731249625 0.696875 0.731249625 0.6984375 0.72968740625 0.7015625 0.72968740625 0.7078125 0.72343778125 0.7109375 0.72343778125 0.7140625 0.72031259375 0.715625 0.72031259375 0.71875 0.71718740625 0.721875 0.71718740625 0.7234375 0.7156251874999999 0.7234375 0.71406221875 0.7265625 0.71093778125 0.73125 0.71093778125 0.7328125 0.7093748125 0.734375 0.7093748125 0.734375 0.70781259375 0.7359375 0.706249625 0.7375 0.706249625 0.7390625 0.7046874062499999 0.740625 0.7046874062499999 0.7421875 0.7031251875 0.7421875 0.6968748125 0.74375 0.69531259375 0.74375 0.6156251875 0.7421875 0.61406221875 0.7421875 0.6093748125 0.7328125 0.6 0.7296875 0.6 0.728125 0.59843778125 0.7265625 0.59843778125 0.721875 0.593749625 0.71875 0.593749625 0.715625 0.5906251874999999 0.7140625 0.5906251874999999 0.7125 0.58906221875 0.7109375 0.58906221875 0.709375 0.5875 0.7078125 0.5875 0.703125 0.58281259375 0.7015625 0.58281259375 0.7 0.581249625 0.6984375 0.581249625 0.696875 0.5796874062499999 0.6953125 0.5796874062499999 0.69375 0.5781251875 0.69375 0.57656221875 0.690625 0.57343778125 0.6703125 0.57343778125 0.66875 0.575 0.6671875 0.575 0.665625 0.57656221875 0.6640625 0.57656221875
6 0.5828125 0.143749625 0.5765625 0.15 0.575 0.15 0.5734375 0.15156221875 0.571875 0.15156221875 0.5671875 0.156249625 0.565625 0.156249625 0.5640625 0.15781259375 0.5625 0.15781259375 0.5625 0.15937481250000002 0.559375 0.1625 0.5578125 0.1625 0.5484375 0.1718748125 0.5484375 0.17343778125 0.5453125 0.17656221875 0.5453125 0.23124962500000001 0.546875 0.23281259375 0.546875 0.23437481249999997 0.55 0.2375 0.55 0.2406251875 0.5546875 0.24531259374999997 0.5546875 0.24687481249999998 0.55625 0.24843778125 0.55625 0.25624962500000004 0.5578125 0.25781259375 0.5578125 0.2625 0.559375 0.26406221875 0.559375 0.2656251875 0.5609375 0.26718740625000004 0.5609375 0.27031259375 0.5703125 0.27968740625 0.571875 0.27968740625 0.578125 0.28593778125 0.5828125 0.28593778125 0.5890625 0.29218740625 0.5921875 0.29218740625 0.596875 0.2968748125 0.5984375 0.2968748125 0.6 0.29843778125 0.6015625 0.29843778125 0.603125 0.3 0.6046875 0.3 0.6078125 0.3031251875 0.6109375 0.3031251875 0.6125 0.30156221875 0.6140625 0.30156221875 0.615625 0.3 0.6171875 0.3 0.61875 0.29843778125 0.6203125 0.29843778125 0.621875 0.2968748125 0.6234375 0.2968748125 0.6265625 0.293749625 0.628125 0.293749625 0.6296875 0.29218740625 0.6328125 0.29218740625 0.6390625 0.28593778125 0.6421875 0.28593778125 0.64375 0.28437481249999996 0.6453125 0.28437481249999996 0.6484375 0.281249625 0.65 0.281249625 0.6515625 0.27968740625 0.653125 0.27968740625 0.6578125 0.275 0.659375 0.275 0.6609375 0.27343778125 0.6640625 0.27343778125 0.671875 0.2656251875 0.671875 0.181249625 0.6703125 0.17968740625 0.6703125 0.1781251875 0.6671875 0.175 0.6671875 0.17343778125 0.665625 0.1718748125 0.665625 0.17031259375000002 0.6640625 0.168749625 0.6625 0.168749625 0.659375 0.1656251875 0.659375 0.16406221875 0.6578125 0.16406221875 0.65625 0.1625 0.653125 0.1625 0.646875 0.156249625 0.6453125 0.156249625 0.640625 0.15156221875 0.6390625 0.15156221875 0.6375 0.15 0.634375 0.15 0.628125 0.143749625 0.6265625 0.143749625 0.6171875 0.1343748125 0.5953125 0.1343748125 0.5921875 0.1375 0.590625 0.1375 0.584375 0.143749625 0.5828125 0.143749625
37 0.728125 0.43906221875 0.7265625 0.43906221875 0.721875 0.443749625 0.7203125 0.443749625 0.71875 0.44531259375000004 0.7171875 0.44531259375000004 0.715625 0.44687481250000005 0.7140625 0.44687481250000005 0.7109375 0.45 0.709375 0.45 0.7078125 0.45156221875 0.70625 0.45156221875 0.703125 0.45468740625 0.7015625 0.45468740625 0.7 0.456249625 0.696875 0.456249625 0.690625 0.4625 0.6890625 0.4625 0.6859375 0.4656251875 0.6859375 0.56093778125 0.6890625 0.56093778125 0.6953125 0.56718740625 0.696875 0.56718740625 0.7015625 0.5718748125 0.703125 0.5718748125 0.7046875 0.57343778125 0.709375 0.57343778125 0.7125 0.57656221875 0.7125 0.5781251875 0.7140625 0.5796874062499999 0.71875 0.5796874062499999 0.7203125 0.581249625 0.721875 0.581249625 0.7234375 0.58281259375 0.7234375 0.5843748125 0.725 0.5843748125 0.7265625 0.58593778125 0.728125 0.58593778125 0.7296875 0.5875 0.73125 0.5875 0.7328125 0.58906221875 0.7328125 0.5906251874999999 0.7359375 0.5906251874999999 0.7375 0.59218740625 0.740625 0.59218740625 0.74375 0.59531259375 0.75625 0.59531259375 0.759375 0.59218740625 0.7640625 0.59218740625 0.7703125 0.58593778125 0.771875 0.58593778125 0.7765625 0.581249625 0.778125 0.581249625 0.7796875 0.5796874062499999 0.7828125 0.5796874062499999 0.7890625 0.57343778125 0.790625 0.57343778125 0.7953125 0.5687496249999999 0.796875 0.5687496249999999 0.7984375 0.56718740625 0.8015625 0.56718740625 0.803125 0.5656251875 0.8046875 0.5656251875 0.8046875 0.56406221875 0.8078125 0.56093778125 0.809375 0.56093778125 0.8109375 0.5593748125 0.8109375 0.55781259375 0.8140625 0.55468740625 0.8140625 0.46406221875 0.8078125 0.45781259375000005 0.80625 0.45781259375000005 0.8046875 0.456249625 0.8015625 0.456249625 0.7953125 0.45 0.7921875 0.45 0.790625 0.44843778125 0.7890625 0.44843778125 0.784375 0.443749625 0.78125 0.443749625 0.7796875 0.44218740624999997 0.778125 0.44218740624999997 0.775 0.43906221875 0.7734375 0.43906221875 0.771875 0.4375 0.76875 0.4375 0.765625 0.43437481250000004 0.7640625 0.43437481250000004 0.7609375 0.43124962499999997 0.7578125 0.43124962499999997 0.75625 0.42968740624999996 0.7546875 0.42968740624999996 0.753125 0.42812518749999995 0.7390625 0.42812518749999995 0.734375 0.43281259375000003 0.7328125 0.43281259375000003 0.7328125 0.43437481250000004 0.728125 0.43906221875
17 0.5109375 0.2968748125 0.509375 0.29843778125 0.5078125 0.29843778125 0.50625 0.3 0.5046875 0.3 0.503125 0.30156221875 0.5015625 0.30156221875 0.496875 0.306249625 0.4921875 0.306249625 0.490625 0.30781259375 0.4890625 0.30781259375 0.484375 0.3125 0.4828125 0.3125 0.475 0.32031259375 0.475 0.3781251875 0.4765625 0.37968740625 0.478125 0.37968740625 0.48125 0.38281259375 0.48125 0.38593778125 0.4828125 0.3875 0.4828125 0.38906221875 0.4859375 0.39218740625000004 0.4859375 0.393749625 0.4875 0.39531259375 0.4875 0.41406221875 0.496875 0.42343778125 0.503125 0.42343778125 0.5078125 0.42812518749999995 0.5109375 0.42812518749999995 0.5125 0.42968740624999996 0.515625 0.42968740624999996 0.5171875 0.43124962499999997 0.51875 0.43124962499999997 0.521875 0.43437481250000004 0.5234375 0.43437481250000004 0.5296875 0.44062518749999996 0.53125 0.44062518749999996 0.534375 0.443749625 0.540625 0.443749625 0.5421875 0.44218740624999997 0.546875 0.44218740624999997 0.5484375 0.44062518749999996 0.5515625 0.44062518749999996 0.55625 0.43593778125 0.559375 0.43593778125 0.5609375 0.43437481250000004 0.5609375 0.43281259375000003 0.5625 0.43124962499999997 0.5640625 0.43124962499999997 0.565625 0.42968740624999996 0.5703125 0.42968740624999996 0.578125 0.42187481250000003 0.578125 0.41874962499999996 0.5796875 0.41718740624999995 0.5796875 0.3843748125 0.5890625 0.375 0.590625 0.375 0.596875 0.368749625 0.596875 0.32031259375 0.59375 0.31718740625 0.59375 0.3156251875 0.590625 0.3125 0.5875 0.3125 0.5859375 0.31093778125 0.584375 0.31093778125 0.58125 0.30781259375 0.5796875 0.30781259375 0.578125 0.306249625 0.575 0.306249625 0.5734375 0.30468740625 0.571875 0.30468740625 0.56875 0.30156221875 0.5671875 0.30156221875 0.565625 0.3 0.5625 0.3 0.5578125 0.29531259374999996 0.55625 0.29531259374999996 0.55 0.28906221875 0.521875 0.28906221875 0.515625 0.29531259374999996 0.5140625 0.29531259374999996 0.5125 0.2968748125 0.5109375 0.2968748125
0 0.6578125 0.28906221875 0.653125 0.293749625 0.65 0.293749625 0.646875 0.2968748125 0.6453125 0.2968748125 0.6421875 0.3 0.640625 0.3 0.634375 0.306249625 0.6328125 0.306249625 0.63125 0.30781259375 0.63125 0.3093748125 0.628125 0.3125 0.625 0.3125 0.61875 0.31874962500000004 0.61875 0.39218740625000004 0.6203125 0.393749625 0.6203125 0.39531259375 0.621875 0.3968748125 0.6234375 0.3968748125 0.625 0.39843778125 0.628125 0.39843778125 0.6375 0.40781259375 0.6375 0.42187481250000003 0.6390625 0.42343778125 0.6390625 0.425 0.64375 0.42968740624999996 0.64375 0.43124962499999997 0.646875 0.43437481250000004 0.6484375 0.43437481250000004 0.65 0.43593778125 0.653125 0.43593778125 0.65625 0.43906221875 0.65625 0.44062518749999996 0.6578125 0.44062518749999996 0.659375 0.44218740624999997 0.6625 0.44218740624999997 0.6640625 0.443749625 0.665625 0.443749625 0.6703125 0.44843778125 0.6859375 0.44843778125 0.6875 0.44687481250000005 0.6890625 0.44687481250000005 0.69375 0.44218740624999997 0.6953125 0.44218740624999997 0.7 0.4375 0.7015625 0.4375 0.703125 0.43593778125 0.70625 0.43593778125 0.7078125 0.43437481250000004 0.709375 0.43437481250000004 0.7140625 0.42968740624999996 0.715625 0.42968740624999996 0.7171875 0.42812518749999995 0.71875 0.42812518749999995 0.71875 0.42656221875 0.7203125 0.425 0.7234375 0.425 0.725 0.42343778125 0.728125 0.42343778125 0.740625 0.41093778125 0.740625 0.32031259375 0.7359375 0.3156251875 0.7359375 0.31406221875 0.734375 0.3125 0.7328125 0.3125 0.7265625 0.306249625 0.725 0.306249625 0.7203125 0.30156221875 0.71875 0.30156221875 0.7171875 0.3 0.715625 0.3 0.7140625 0.29843778125 0.7125 0.29843778125 0.7109375 0.2968748125 0.7109375 0.29531259374999996 0.709375 0.29531259374999996 0.7078125 0.293749625 0.70625 0.293749625 0.7046875 0.29218740625 0.703125 0.29218740625 0.7 0.28906221875 0.6984375 0.28906221875 0.696875 0.2875 0.6953125 0.2875 0.6890625 0.281249625 0.6875 0.281249625 0.6859375 0.27968740625 0.6703125 0.27968740625 0.66875 0.281249625 0.6671875 0.281249625 0.659375 0.28906221875 0.6578125 0.28906221875
36 0.5859375 0.725 0.584375 0.72656221875 0.5828125 0.72656221875 0.578125 0.731249625 0.5765625 0.731249625 0.5703125 0.7375 0.56875 0.7375 0.5640625 0.74218740625 0.5640625 0.743749625 0.5625 0.74531259375 0.5625 0.7531251875 0.5578125 0.75781259375 0.5578125 0.7593748125 0.55625 0.76093778125 0.55625 0.76406221875 0.5515625 0.768749625 0.55 0.768749625 0.5484375 0.77031259375 0.546875 0.77031259375 0.546875 0.7718748125 0.5453125 0.77343778125 0.5453125 0.781250375 0.54375 0.78281259375 0.54375 0.8437503749999999 0.5453125 0.8453125937499999 0.5453125 0.8468748125 0.546875 0.8468748125 0.5484375 0.84843778125 0.55 0.84843778125 0.5515625 0.85 0.553125 0.85 0.5578125 0.8546874062500001 0.559375 0.8546874062500001 0.5625 0.85781259375 0.5625 0.8593748124999999 0.5640625 0.86093778125 0.5671875 0.86093778125 0.5703125 0.86406221875 0.571875 0.86406221875 0.575 0.86718740625 0.578125 0.86718740625 0.58125 0.8703125937499999 0.58125 0.8718748125 0.5828125 0.87343778125 0.5859375 0.87343778125 0.590625 0.8781251875 0.5921875 0.8781251875 0.59375 0.8796874062500001 0.5953125 0.8796874062500001 0.596875 0.881249625 0.5984375 0.881249625 0.6015625 0.8843748124999999 0.603125 0.8843748124999999 0.6046875 0.88593778125 0.609375 0.88593778125 0.6109375 0.8843748124999999 0.6125 0.8843748124999999 0.6140625 0.88281259375 0.615625 0.88281259375 0.61875 0.8796874062500001 0.6203125 0.8796874062500001 0.625 0.875 0.6265625 0.875 0.628125 0.87343778125 0.6296875 0.87343778125 0.634375 0.8687496250000001 0.6359375 0.8687496250000001 0.6375 0.86718740625 0.640625 0.86718740625 0.646875 0.86093778125 0.65 0.86093778125 0.6515625 0.8593748124999999 0.653125 0.8593748124999999 0.6578125 0.8546874062500001 0.659375 0.8546874062500001 0.6609375 0.8531251875000001 0.6625 0.8531251875000001 0.6671875 0.84843778125 0.66875 0.84843778125 0.671875 0.8453125937499999 0.671875 0.8437503749999999 0.6734375 0.8421874062500001 0.6734375 0.7625 0.671875 0.76093778125 0.671875 0.7593748125 0.6640625 0.75156221875 0.6625 0.75156221875 0.6609375 0.75 0.659375 0.75 0.653125 0.743749625 0.6515625 0.743749625 0.646875 0.73906221875 0.6453125 0.73906221875 0.64375 0.7375 0.640625 0.7375 0.6359375 0.7328125937500001 0.634375 0.7328125937500001 0.6265625 0.725 0.625 0.725 0.6234375 0.72343778125 0.621875 0.72343778125 0.615625 0.71718740625 0.596875 0.71718740625 0.5953125 0.718749625 0.59375 0.718749625 0.5875 0.725 0.5859375 0.725
37 0.3703125 0.29531259374999996 0.365625 0.3 0.3625 0.3 0.3609375 0.30156221875 0.359375 0.30156221875 0.3546875 0.306249625 0.3515625 0.306249625 0.35 0.30781259375 0.3484375 0.30781259375 0.3453125 0.31093778125 0.34375 0.31093778125 0.3421875 0.3125 0.340625 0.3125 0.3390625 0.31406221875 0.3375 0.31406221875 0.3375 0.3156251875 0.334375 0.31874962500000004 0.3328125 0.31874962500000004 0.3328125 0.41718740624999995 0.334375 0.41718740624999995 0.340625 0.42343778125 0.3453125 0.42343778125 0.3515625 0.42968740624999996 0.3578125 0.42968740624999996 0.3640625 0.43593778125 0.3671875 0.43593778125 0.36875 0.4375 0.3703125 0.4375 0.3734375 0.44062518749999996 0.375 0.44062518749999996 0.3765625 0.44218740624999997 0.378125 0.44218740624999997 0.3828125 0.44687481250000005 0.384375 0.44687481250000005 0.3859375 0.44843778125 0.390625 0.44843778125 0.3921875 0.45 0.3984375 0.45 0.4 0.44843778125 0.403125 0.44843778125 0.4078125 0.443749625 0.409375 0.443749625 0.4109375 0.44218740624999997 0.4140625 0.44218740624999997 0.4171875 0.43906221875 0.41875 0.43906221875 0.4203125 0.4375 0.421875 0.4375 0.4234375 0.43593778125 0.428125 0.43593778125 0.4328125 0.43124962499999997 0.434375 0.43124962499999997 0.4359375 0.42968740624999996 0.4390625 0.42968740624999996 0.4421875 0.42656221875 0.4421875 0.41406221875 0.44375 0.4125 0.44375 0.40625037500000005 0.4453125 0.40468740625 0.4453125 0.4031251875 0.446875 0.40156221875 0.446875 0.3968748125 0.4484375 0.39531259375 0.4484375 0.38906221875 0.45 0.3875 0.45 0.38593778125 0.453125 0.38281259375 0.453125 0.38124962500000004 0.4546875 0.37968740625 0.4546875 0.37656221875 0.45625 0.375 0.45625 0.37343778125 0.4578125 0.3718748125 0.4578125 0.331249625 0.45625 0.32968740625000004 0.45625 0.325 0.4546875 0.32343778125 0.4546875 0.31874962500000004 0.4484375 0.3125 0.446875 0.3125 0.4421875 0.30781259375 0.440625 0.30781259375 0.4390625 0.306249625 0.4328125 0.306249625 0.43125 0.30468740625 0.4265625 0.30468740625 0.425 0.3031251875 0.4234375 0.3031251875 0.4125 0.29218740625 0.4125 0.2906251875 0.4109375 0.28906221875 0.38125 0.28906221875 0.3765625 0.293749625 0.3734375 0.293749625 0.371875 0.29531259374999996 0.3703125 0.29531259374999996
35 0.3015625 0.15 0.3 0.15156221875 0.2953125 0.15156221875 0.2953125 0.15312518749999998 0.2921875 0.156249625 0.2890625 0.156249625 0.2875 0.15781259375 0.284375 0.15781259375 0.28125 0.16093778125 0.2796875 0.16093778125 0.278125 0.1625 0.2734375 0.1625 0.271875 0.16406221875 0.2703125 0.16406221875 0.26875 0.1656251875 0.26875 0.16718740625 0.2640625 0.1718748125 0.2640625 0.17343778125 0.2625 0.175 0.2625 0.181249625 0.2640625 0.18281259375 0.2640625 0.1906251875 0.2671875 0.1906251875 0.2765625 0.181249625 0.278125 0.181249625 0.2796875 0.17968740625 0.2859375 0.17968740625 0.2875 0.181249625 0.2890625 0.181249625 0.2921875 0.1843748125 0.2921875 0.18593778125 0.29375 0.1875 0.29375 0.19218740625 0.2953125 0.19374962499999998 0.2953125 0.1968748125 0.2984375 0.2 0.2984375 0.20156221875 0.3 0.20312518750000003 0.3 0.20624962500000002 0.3015625 0.20781259375 0.3015625 0.21093778125 0.303125 0.2125 0.303125 0.2156251875 0.2953125 0.22343778125 0.29375 0.22343778125 0.290625 0.22656221875 0.2890625 0.22656221875 0.284375 0.23124962500000001 0.275 0.23124962500000001 0.2734375 0.22968740625 0.271875 0.22968740625 0.2671875 0.225 0.2671875 0.22343778125 0.265625 0.2218748125 0.265625 0.22031259374999998 0.2640625 0.22031259374999998 0.2625 0.2218748125 0.2625 0.23281259375 0.26875 0.23906221875 0.26875 0.2406251875 0.2703125 0.24218740625000001 0.2703125 0.24374962500000003 0.2734375 0.24687481249999998 0.2734375 0.25 0.275 0.25156221875 0.275 0.27031259375 0.28125 0.27656221875 0.28125 0.27812518750000004 0.2828125 0.27968740625 0.2890625 0.27968740625 0.2953125 0.28593778125 0.3015625 0.28593778125 0.3078125 0.29218740625 0.309375 0.29218740625 0.3140625 0.2968748125 0.315625 0.2968748125 0.3171875 0.29843778125 0.325 0.29843778125 0.3265625 0.3 0.328125 0.29843778125 0.33125 0.29843778125 0.3359375 0.293749625 0.3375 0.293749625 0.3390625 0.29218740625 0.340625 0.29218740625 0.3421875 0.2906251875 0.3453125 0.2906251875 0.35 0.28593778125 0.353125 0.28593778125 0.3546875 0.28437481249999996 0.3546875 0.28281259375 0.3578125 0.27968740625 0.3640625 0.27968740625 0.3734375 0.27031259375 0.3734375 0.2531251875 0.375 0.25156221875 0.375 0.25 0.378125 0.24687481249999998 0.378125 0.24531259374999997 0.3796875 0.24374962500000003 0.3796875 0.2406251875 0.3859375 0.23437481249999997 0.3859375 0.1718748125 0.3828125 0.168749625 0.38125 0.168749625 0.3796875 0.16718740625 0.378125 0.16718740625 0.375 0.16406221875 0.3734375 0.16406221875 0.371875 0.1625 0.3703125 0.1625 0.36875 0.16093778125 0.3671875 0.16093778125 0.3640625 0.15781259375 0.3609375 0.15781259375 0.359375 0.156249625 0.35625 0.156249625 0.3515625 0.15156221875 0.346875 0.15156221875 0.3453125 0.15 0.34375 0.15 0.3390625 0.14531259375 0.3375 0.14531259375 0.3359375 0.143749625 0.3171875 0.143749625 0.3140625 0.1468748125 0.3078125 0.1468748125 0.3046875 0.15 0.3015625 0.15
0 0.4453125 0.725 0.440625 0.72968740625 0.4390625 0.72968740625 0.4375 0.731249625 0.434375 0.731249625 0.4265625 0.73906221875 0.425 0.73906221875 0.4234375 0.7406251875 0.4234375 0.74218740625 0.425 0.743749625 0.425 0.7593748125 0.4234375 0.76093778125 0.4234375 0.7625 0.415625 0.77031259375 0.4140625 0.77031259375 0.4078125 0.77656221875 0.4078125 0.84843778125 0.409375 0.85 0.4109375 0.85 0.415625 0.8546874062500001 0.41875 0.8546874062500001 0.4203125 0.856249625 0.421875 0.856249625 0.425 0.8593748124999999 0.4265625 0.8593748124999999 0.428125 0.86093778125 0.4328125 0.86093778125 0.434375 0.8625 0.4484375 0.8625 0.45 0.86093778125 0.4609375 0.86093778125 0.4625 0.8593748124999999 0.4671875 0.8593748124999999 0.46875 0.86093778125 0.4796875 0.86093778125 0.48125 0.8625 0.4890625 0.8625 0.490625 0.86093778125 0.5 0.86093778125 0.5015625 0.8593748124999999 0.503125 0.8593748124999999 0.5078125 0.8546874062500001 0.5125 0.8546874062500001 0.5140625 0.8531251875000001 0.515625 0.8531251875000001 0.5203125 0.84843778125 0.521875 0.84843778125 0.528125 0.8421874062500001 0.528125 0.78281259375 0.5265625 0.781250375 0.5265625 0.77968740625 0.525 0.7781251874999999 0.525 0.77656221875 0.5234375 0.775 0.5234375 0.7718748125 0.521875 0.77031259375 0.5203125 0.77031259375 0.515625 0.7656251875 0.515625 0.76406221875 0.5125 0.76093778125 0.5125 0.7593748125 0.5109375 0.75781259375 0.5109375 0.74531259375 0.50625 0.7406251875 0.50625 0.73906221875 0.503125 0.73593778125 0.5015625 0.73593778125 0.496875 0.731249625 0.4953125 0.731249625 0.490625 0.72656221875 0.4890625 0.72656221875 0.4875 0.725 0.484375 0.725 0.48125 0.7218748125000001 0.4515625 0.7218748125000001 0.45 0.72343778125 0.4484375 0.72343778125 0.446875 0.725 0.4453125 0.725
37 0.2421875 0.2906251875 0.240625 0.29218740625 0.2375 0.29218740625 0.2359375 0.293749625 0.23125 0.293749625 0.2296875 0.29531259374999996 0.2265625 0.29531259374999996 0.2234375 0.29843778125 0.221875 0.29843778125 0.2203125 0.3 0.215625 0.3 0.2109375 0.30468740625 0.209375 0.30468740625 0.20625 0.30781259375 0.2046875 0.30781259375 0.2015625 0.31093778125 0.2 0.31093778125 0.1984375 0.3125 0.196875 0.3125 0.190625 0.31874962500000004 0.190625 0.4093748125 0.1921875 0.4093748125 0.19375 0.41093778125 0.196875 0.41093778125 0.203125 0.41718740624999995 0.2078125 0.41718740624999995 0.209375 0.41874962499999996 0.2109375 0.41874962499999996 0.2125 0.42031259375 0.2125 0.42187481250000003 0.2140625 0.42343778125 0.2203125 0.42343778125 0.221875 0.425 0.2234375 0.425 0.228125 0.42968740624999996 0.240625 0.42968740624999996 0.2453125 0.425 0.246875 0.425 0.2484375 0.42343778125 0.259375 0.42343778125 0.2609375 0.425 0.2625 0.425 0.265625 0.42812518749999995 0.26875 0.42812518749999995 0.2703125 0.42968740624999996 0.2734375 0.42968740624999996 0.275 0.43124962499999997 0.284375 0.43124962499999997 0.2859375 0.42968740624999996 0.290625 0.42968740624999996 0.2921875 0.42812518749999995 0.29375 0.42812518749999995 0.296875 0.425 0.2984375 0.425 0.3 0.42343778125 0.3046875 0.42343778125 0.30625 0.42187481250000003 0.3078125 0.42187481250000003 0.3109375 0.41874962499999996 0.3125 0.41874962499999996 0.3140625 0.41718740624999995 0.315625 0.41718740624999995 0.3171875 0.4156251875 0.3171875 0.41406221875 0.31875 0.4125 0.31875 0.3593748125 0.3171875 0.35781259374999996 0.3171875 0.3218748125 0.315625 0.32031259375 0.315625 0.31874962500000004 0.3140625 0.31874962500000004 0.3109375 0.3156251875 0.3109375 0.31406221875 0.309375 0.3125 0.30625 0.3125 0.3015625 0.30781259375 0.2984375 0.30781259375 0.296875 0.306249625 0.2953125 0.306249625 0.290625 0.30156221875 0.2859375 0.30156221875 0.284375 0.3 0.28125 0.3 0.278125 0.2968748125 0.2765625 0.2968748125 0.2734375 0.293749625 0.271875 0.293749625 0.2671875 0.28906221875 0.265625 0.28906221875 0.2640625 0.2875 0.2515625 0.2875 0.25 0.28906221875 0.246875 0.28906221875 0.2453125 0.2906251875 0.2421875 0.2906251875
36 0.50625 0.5875 0.5046875 0.58906221875 0.503125 0.58906221875 0.4984375 0.593749625 0.496875 0.593749625 0.49375 0.5968748125000001 0.49375 0.59843778125 0.4921875 0.6 0.4921875 0.60156221875 0.490625 0.6031251875 0.490625 0.60468740625 0.4890625 0.606249625 0.4890625 0.6078125937500001 0.4875 0.6093748125 0.4875 0.6156251875 0.4796875 0.62343778125 0.4796875 0.625 0.478125 0.62656221875 0.4765625 0.62656221875 0.4765625 0.6281251875 0.475 0.62968740625 0.475 0.63281259375 0.4734375 0.6343748125 0.4734375 0.7 0.475 0.70156221875 0.475 0.7031251875 0.478125 0.706249625 0.4796875 0.706249625 0.48125 0.70781259375 0.48125 0.7093748125 0.4828125 0.7093748125 0.484375 0.71093778125 0.490625 0.71093778125 0.4953125 0.7156251874999999 0.496875 0.7156251874999999 0.4984375 0.71718740625 0.5046875 0.71718740625 0.50625 0.718749625 0.509375 0.718749625 0.5109375 0.72031259375 0.515625 0.72031259375 0.5171875 0.718749625 0.51875 0.718749625 0.5203125 0.71718740625 0.5265625 0.71718740625 0.528125 0.7156251874999999 0.5296875 0.7156251874999999 0.5296875 0.71406221875 0.53125 0.7125 0.5328125 0.7125 0.534375 0.71093778125 0.5390625 0.71093778125 0.5453125 0.71718740625 0.5546875 0.71718740625 0.55625 0.718749625 0.5625 0.718749625 0.5640625 0.71718740625 0.5703125 0.71718740625 0.571875 0.7156251874999999 0.575 0.7156251874999999 0.5765625 0.71406221875 0.578125 0.71406221875 0.5796875 0.7125 0.58125 0.7125 0.5828125 0.71093778125 0.584375 0.71093778125 0.5859375 0.7093748125 0.5875 0.7093748125 0.590625 0.706249625 0.5921875 0.706249625 0.59375 0.7046874062499999 0.5953125 0.7046874062499999 0.5984375 0.70156221875 0.5984375 0.7 0.6 0.69843778125 0.6 0.6968748125 0.6015625 0.69531259375 0.6015625 0.65 0.6 0.64843778125 0.6 0.6375 0.5984375 0.63593778125 0.5984375 0.6281251875 0.5953125 0.625 0.59375 0.625 0.5859375 0.61718740625 0.5859375 0.6093748125 0.584375 0.6078125937500001 0.584375 0.606249625 0.58125 0.6031251875 0.58125 0.60156221875 0.5796875 0.6 0.5796875 0.5968748125000001 0.5765625 0.593749625 0.575 0.593749625 0.5734375 0.59218740625 0.571875 0.59218740625 0.56875 0.58906221875 0.5671875 0.58906221875 0.565625 0.5875 0.5640625 0.5875 0.5625 0.58593778125 0.5609375 0.58593778125 0.5578125 0.58281259375 0.55625 0.58281259375 0.5546875 0.581249625 0.5515625 0.581249625 0.5484375 0.5781251875 0.5203125 0.5781251875 0.5171875 0.581249625 0.515625 0.581249625 0.509375 0.5875 0.50625 0.5875
36 0.440625 0.43906221875 0.4375 0.44218740624999997 0.4359375 0.44218740624999997 0.434375 0.443749625 0.4328125 0.443749625 0.428125 0.44843778125 0.4265625 0.44843778125 0.425 0.45 0.4234375 0.45 0.421875 0.45156221875 0.4203125 0.45156221875 0.4203125 0.45312518749999997 0.41875 0.45468740625 0.4171875 0.45468740625 0.415625 0.456249625 0.4140625 0.456249625 0.4078125 0.4625 0.40625 0.4625 0.4046875 0.46406221875 0.403125 0.46406221875 0.403125 0.55468740625 0.4046875 0.55468740625 0.409375 0.5593748125 0.4109375 0.5593748125 0.4125 0.56093778125 0.415625 0.56093778125 0.421875 0.56718740625 0.4265625 0.56718740625 0.428125 0.5687496249999999 0.4296875 0.5687496249999999 0.43125 0.57031259375 0.43125 0.5718748125 0.4328125 0.5718748125 0.434375 0.57343778125 0.453125 0.57343778125 0.4546875 0.5718748125 0.4546875 0.57031259375 0.45625 0.5687496249999999 0.4578125 0.5687496249999999 0.459375 0.56718740625 0.471875 0.56718740625 0.4734375 0.5687496249999999 0.475 0.5687496249999999 0.478125 0.5718748125 0.4796875 0.5718748125 0.48125 0.57343778125 0.5 0.57343778125 0.5015625 0.5718748125 0.503125 0.5718748125 0.5078125 0.56718740625 0.5125 0.56718740625 0.5140625 0.5656251875 0.515625 0.5656251875 0.5203125 0.56093778125 0.521875 0.56093778125 0.5234375 0.5593748125 0.5234375 0.55781259375 0.528125 0.5531251875 0.528125 0.46718740625 0.5265625 0.4656251875 0.5265625 0.46406221875 0.5234375 0.46093778125 0.5234375 0.4593748125 0.5203125 0.456249625 0.515625 0.456249625 0.509375 0.45 0.503125 0.45 0.5015625 0.44843778125 0.5 0.44843778125 0.4984375 0.44687481250000005 0.4984375 0.44531259375000004 0.496875 0.44531259375000004 0.4953125 0.443749625 0.4921875 0.443749625 0.490625 0.44218740624999997 0.4890625 0.44218740624999997 0.484375 0.4375 0.48125 0.4375 0.4796875 0.43593778125 0.4484375 0.43593778125 0.446875 0.4375 0.44375 0.4375 0.4421875 0.43906221875 0.440625 0.43906221875
24 0.5640625 0.42812518749999995 0.5609375 0.43124962499999997 0.559375 0.43124962499999997 0.553125 0.4375 0.5515625 0.4375 0.5453125 0.443749625 0.54375 0.443749625 0.5421875 0.44531259375000004 0.5421875 0.44843778125 0.540625 0.45 0.540625 0.46093778125 0.55625 0.46093778125 0.5578125 0.4593748125 0.559375 0.4593748125 0.559375 0.45781259375000005 0.5609375 0.456249625 0.5625 0.456249625 0.5640625 0.45468740625 0.565625 0.45468740625 0.5671875 0.45312518749999997 0.5671875 0.45156221875 0.5703125 0.44843778125 0.571875 0.44843778125 0.5734375 0.44687481250000005 0.575 0.44687481250000005 0.578125 0.443749625 0.5796875 0.443749625 0.58125 0.44218740624999997 0.5828125 0.44218740624999997 0.5859375 0.43906221875 0.5859375 0.42343778125 0.56875 0.42343778125 0.5671875 0.425 0.5671875 0.42656221875 0.565625 0.42812518749999995 0.5640625 0.42812518749999995
36 0.590625 0.44062518749999996 0.5890625 0.44218740624999997 0.5875 0.44218740624999997 0.5859375 0.443749625 0.58125 0.443749625 0.5796875 0.44531259375000004 0.578125 0.44531259375000004 0.575 0.44843778125 0.5734375 0.44843778125 0.571875 0.45 0.5703125 0.45 0.56875 0.45156221875 0.5671875 0.45156221875 0.5640625 0.45468740625 0.5625 0.45468740625 0.5609375 0.456249625 0.559375 0.456249625 0.5578125 0.45781259375000005 0.55625 0.45781259375000005 0.5484375 0.4656251875 0.5484375 0.47031259375 0.546875 0.4718748125 0.546875 0.47968740624999995 0.5453125 0.48124962499999996 0.5453125 0.54843778125 0.5484375 0.55156221875 0.5484375 0.5531251875 0.5546875 0.5593748125 0.55625 0.5593748125 0.5578125 0.56093778125 0.559375 0.56093778125 0.5640625 0.5656251875 0.565625 0.5656251875 0.5671875 0.56718740625 0.571875 0.56718740625 0.578125 0.57343778125 0.59375 0.57343778125 0.5953125 0.5718748125 0.596875 0.5718748125 0.6 0.5687496249999999 0.6015625 0.5687496249999999 0.603125 0.56718740625 0.6109375 0.56718740625 0.6125 0.5687496249999999 0.6140625 0.5687496249999999 0.6171875 0.5718748125 0.6203125 0.5718748125 0.621875 0.57343778125 0.628125 0.57343778125 0.6296875 0.5718748125 0.634375 0.5718748125 0.6390625 0.56718740625 0.646875 0.56718740625 0.6515625 0.5625 0.6546875 0.5625 0.65625 0.56093778125 0.659375 0.56093778125 0.6609375 0.5593748125 0.6609375 0.55781259375 0.6640625 0.55468740625 0.665625 0.55468740625 0.6671875 0.5531251875 0.66875 0.5531251875 0.66875 0.55156221875 0.671875 0.54843778125 0.671875 0.47031259375 0.66875 0.46718740625 0.66875 0.4656251875 0.665625 0.4625 0.6640625 0.4625 0.6578125 0.456249625 0.653125 0.456249625 0.65 0.45312518749999997 0.6484375 0.45312518749999997 0.646875 0.45156221875 0.6453125 0.45156221875 0.64375 0.45 0.640625 0.45 0.6390625 0.44843778125 0.6375 0.44843778125 0.634375 0.44531259375000004 0.63125 0.44531259375000004 0.6296875 0.443749625 0.628125 0.443749625 0.6265625 0.44218740624999997 0.625 0.44218740624999997 0.621875 0.43906221875 0.6171875 0.43906221875 0.615625 0.4375 0.603125 0.4375 0.6015625 0.43906221875 0.596875 0.43906221875 0.5953125 0.44062518749999996 0.590625 0.44062518749999996
35 0.3703125 0.58593778125 0.36875 0.5875 0.365625 0.5875 0.3609375 0.59218740625 0.359375 0.59218740625 0.3578125 0.593749625 0.35625 0.593749625 0.3546875 0.59531259375 0.353125 0.59531259375 0.3515625 0.5968748125000001 0.3515625 0.59843778125 0.35 0.6 0.35 0.60468740625 0.3484375 0.606249625 0.3484375 0.6078125937500001 0.346875 0.6093748125 0.346875 0.61093778125 0.34375 0.61406221875 0.34375 0.61718740625 0.3421875 0.618749625 0.3421875 0.62031259375 0.3375 0.625 0.3375 0.7031251875 0.3390625 0.7046874062499999 0.340625 0.7046874062499999 0.34375 0.70781259375 0.34375 0.7093748125 0.3453125 0.71093778125 0.346875 0.71093778125 0.3484375 0.7125 0.35 0.7125 0.353125 0.7156251874999999 0.3546875 0.7156251874999999 0.35625 0.71718740625 0.36875 0.71718740625 0.3703125 0.7156251874999999 0.371875 0.7156251874999999 0.375 0.7125 0.3765625 0.7125 0.378125 0.71093778125 0.3890625 0.71093778125 0.3953125 0.71718740625 0.396875 0.71718740625 0.3984375 0.718749625 0.4 0.718749625 0.4046875 0.72343778125 0.41875 0.72343778125 0.4203125 0.7218748125000001 0.421875 0.7218748125000001 0.421875 0.72031259375 0.4234375 0.718749625 0.425 0.718749625 0.4265625 0.71718740625 0.428125 0.71718740625 0.4296875 0.7156251874999999 0.4328125 0.7156251874999999 0.4359375 0.7125 0.4375 0.7125 0.4390625 0.71093778125 0.440625 0.71093778125 0.4453125 0.706249625 0.446875 0.706249625 0.4484375 0.7046874062499999 0.45 0.7046874062499999 0.4515625 0.7031251875 0.453125 0.7031251875 0.4546875 0.70156221875 0.4546875 0.7 0.45625 0.69843778125 0.4578125 0.69843778125 0.459375 0.6968748125 0.459375 0.6312496249999999 0.45625 0.6281251875 0.45625 0.62656221875 0.4546875 0.625 0.453125 0.625 0.4484375 0.62031259375 0.4484375 0.618749625 0.446875 0.61718740625 0.446875 0.6156251875 0.44375 0.6125 0.44375 0.61093778125 0.4421875 0.6093748125 0.4421875 0.60156221875 0.434375 0.593749625 0.4328125 0.593749625 0.43125 0.59218740625 0.4296875 0.59218740625 0.4265625 0.58906221875 0.425 0.58906221875 0.4234375 0.5875 0.4203125 0.5875 0.415625 0.58281259375 0.4140625 0.58281259375 0.4125 0.581249625 0.409375 0.581249625 0.40625 0.5781251875 0.38125 0.5781251875 0.378125 0.581249625 0.3765625 0.581249625 0.371875 0.58593778125 0.3703125 0.58593778125
35 0.30625 0.43437481250000004 0.3046875 0.43593778125 0.303125 0.43593778125 0.3015625 0.4375 0.3 0.4375 0.2984375 0.43906221875 0.296875 0.43906221875 0.2921875 0.443749625 0.290625 0.443749625 0.2890625 0.44531259375000004 0.2875 0.44531259375000004 0.28125 0.45156221875 0.28125 0.45312518749999997 0.2765625 0.45781259375000005 0.2765625 0.4593748125 0.275 0.46093778125 0.275 0.47031259375 0.2734375 0.4718748125 0.2734375 0.47343778125 0.271875 0.475 0.2703125 0.475 0.26875 0.47656221875 0.26875 0.4781251875 0.265625 0.48124962499999996 0.2640625 0.48124962499999996 0.2640625 0.56093778125 0.265625 0.56093778125 0.2671875 0.5625 0.26875 0.5625 0.271875 0.5656251875 0.2734375 0.5656251875 0.275 0.56718740625 0.278125 0.56718740625 0.284375 0.57343778125 0.290625 0.57343778125 0.2921875 0.575 0.303125 0.575 0.3046875 0.57343778125 0.309375 0.57343778125 0.3125 0.57031259375 0.3140625 0.57031259375 0.315625 0.5687496249999999 0.3171875 0.5687496249999999 0.31875 0.56718740625 0.328125 0.56718740625 0.3328125 0.5718748125 0.3359375 0.5718748125 0.3375 0.57343778125 0.3421875 0.57343778125 0.34375 0.575 0.35 0.575 0.3515625 0.57343778125 0.3578125 0.57343778125 0.3640625 0.56718740625 0.3703125 0.56718740625 0.3765625 0.56093778125 0.3796875 0.56093778125 0.3859375 0.55468740625 0.3859375 0.54843778125 0.3875 0.5468748125 0.3875 0.5375 0.3890625 0.53593778125 0.3890625 0.475 0.3875 0.47343778125 0.3875 0.46875037500000005 0.3859375 0.46718740625 0.3859375 0.4656251875 0.3828125 0.4625 0.38125 0.4625 0.378125 0.4593748125 0.3765625 0.4593748125 0.3734375 0.456249625 0.3703125 0.456249625 0.365625 0.45156221875 0.3640625 0.45156221875 0.3625 0.45 0.359375 0.45 0.3546875 0.44531259375000004 0.353125 0.44531259375000004 0.3453125 0.4375 0.34375 0.4375 0.3421875 0.43593778125 0.3421875 0.43437481250000004 0.3390625 0.43124962499999997 0.3375 0.43124962499999997 0.334375 0.42812518749999995 0.3125 0.42812518749999995 0.309375 0.43124962499999997 0.3078125 0.43124962499999997 0.30625 0.43281259375000003 0.30625 0.43437481250000004
35 0.159375 0.43906221875 0.15625 0.44218740624999997 0.1546875 0.44218740624999997 0.153125 0.443749625 0.1515625 0.443749625 0.15 0.44531259375000004 0.1484375 0.44531259375000004 0.1453125 0.44843778125 0.14375 0.44843778125 0.140625 0.45156221875 0.1390625 0.45156221875 0.1390625 0.45312518749999997 0.1375 0.45468740625 0.1375 0.4593748125 0.1359375 0.46093778125 0.1359375 0.4625 0.1328125 0.4656251875 0.1328125 0.46875037500000005 0.13125 0.47031259375 0.13125 0.4718748125 0.128125 0.475 0.1265625 0.475 0.1203125 0.48124962499999996 0.11875 0.48124962499999996 0.11875 0.55781259375 0.121875 0.56093778125 0.128125 0.56093778125 0.13125 0.56406221875 0.13125 0.5656251875 0.1328125 0.56718740625 0.134375 0.56718740625 0.140625 0.57343778125 0.146875 0.57343778125 0.15 0.57656221875 0.15 0.5781251875 0.165625 0.5781251875 0.1703125 0.57343778125 0.171875 0.57343778125 0.1734375 0.5718748125 0.175 0.5718748125 0.178125 0.5687496249999999 0.18125 0.5687496249999999 0.1828125 0.56718740625 0.184375 0.56718740625 0.1859375 0.5687496249999999 0.1890625 0.5687496249999999 0.1921875 0.5718748125 0.1953125 0.5718748125 0.196875 0.57343778125 0.2109375 0.57343778125 0.2125 0.5718748125 0.2140625 0.5718748125 0.2171875 0.5687496249999999 0.21875 0.5687496249999999 0.2203125 0.56718740625 0.225 0.56718740625 0.2265625 0.5656251875 0.228125 0.5656251875 0.2328125 0.56093778125 0.234375 0.56093778125 0.2359375 0.5593748125 0.2375 0.5593748125 0.24375 0.5531251875 0.24375 0.48593778125 0.2421875 0.48437481250000003 0.2421875 0.47968740624999995 0.2359375 0.47343778125 0.2359375 0.4718748125 0.234375 0.47031259375 0.234375 0.46875037500000005 0.23125 0.4656251875 0.23125 0.46406221875 0.2296875 0.4625 0.2296875 0.456249625 0.228125 0.45468740625 0.228125 0.45312518749999997 0.2265625 0.45156221875 0.225 0.45156221875 0.2234375 0.45 0.2203125 0.45 0.2140625 0.443749625 0.209375 0.443749625 0.203125 0.4375 0.2015625 0.4375 0.196875 0.43281259375000003 0.1953125 0.43281259375000003 0.19375 0.43124962499999997 0.171875 0.43124962499999997 0.165625 0.4375 0.1625 0.4375 0.1609375 0.43906221875 0.159375 0.43906221875
7 0.4921875 0.22031259374999998 0.440625 0.22031259374999998 0.440625 0.27968740625 0.490625 0.27968740625 0.4921875 0.27812518750000004 0.4921875 0.22031259374999998
11 0.2421875 0.42656221875 0.2453125 0.42343778125 0.259375 0.42343778125 0.2640625 0.42812518749999995 0.2765625 0.42812518749999995 0.278125 0.42656221875 0.278125 0.425 0.2796875 0.42343778125 0.2796875 0.3656251875 0.2296875 0.3656251875 0.2296875 0.42656221875 0.23125 0.42812518749999995 0.2421875 0.42812518749999995 0.2421875 0.42656221875
14 0.1796875 0.57031259375 0.18125 0.5687496249999999 0.184375 0.5687496249999999 0.1875 0.5718748125 0.20625 0.5718748125 0.209375 0.5687496249999999 0.209375 0.51093778125 0.159375 0.51093778125 0.159375 0.5718748125 0.175 0.5718748125 0.1765625 0.57031259375 0.1796875 0.57031259375
27 0.2828125 0.29843778125 0.284375 0.29843778125 0.2875 0.30156221875 0.2875 0.3031251875 0.2890625 0.30468740625 0.2921875 0.30468740625 0.296875 0.3093748125 0.2984375 0.3093748125 0.3 0.31093778125 0.303125 0.31093778125 0.3078125 0.3156251875 0.31875 0.3156251875 0.3203125 0.31406221875 0.3203125 0.30156221875 0.31875 0.3 0.31875 0.29843778125 0.3140625 0.293749625 0.309375 0.293749625 0.303125 0.2875 0.3015625 0.2875 0.296875 0.28281259375 0.2953125 0.28281259375 0.29375 0.281249625 0.2921875 0.281249625 0.2875 0.27656221875 0.2703125 0.27656221875 0.2703125 0.2906251875 0.271875 0.29218740625 0.2765625 0.29218740625 0.2828125 0.29843778125
24 0.2953125 0.70781259375 0.2953125 0.7093748125 0.29375 0.71093778125 0.2921875 0.71093778125 0.290625 0.7125 0.2890625 0.7125 0.2828125 0.718749625 0.28125 0.718749625 0.2796875 0.72031259375 0.278125 0.72031259375 0.2734375 0.725 0.2703125 0.725 0.26875 0.72656221875 0.26875 0.7281251875 0.2671875 0.72968740625 0.265625 0.72968740625 0.2625 0.7328125937500001 0.2609375 0.7328125937500001 0.2609375 0.7343748125 0.259375 0.73593778125 0.2578125 0.73593778125 0.2578125 0.7531251875 0.259375 0.75468740625 0.271875 0.75468740625 0.2734375 0.7531251875 0.2734375 0.75156221875 0.2765625 0.74843778125 0.278125 0.74843778125 0.2828125 0.743749625 0.284375 0.743749625 0.2859375 0.74218740625 0.290625 0.74218740625 0.2921875 0.7406251875 0.2921875 0.73906221875 0.2953125 0.73593778125 0.296875 0.73593778125 0.303125 0.72968740625 0.30625 0.72968740625 0.3078125 0.7281251875 0.309375 0.7281251875 0.309375 0.72656221875 0.3109375 0.725 0.3125 0.725 0.321875 0.7156251874999999 0.321875 0.7046874062499999 0.303125 0.7046874062499999 0.3015625 0.706249625 0.2984375 0.706249625 0.296875 0.70781259375 0.2953125 0.70781259375
25 0.4390625 0.70781259375 0.434375 0.7125 0.4328125 0.7125 0.4265625 0.718749625 0.425 0.718749625 0.4203125 0.72343778125 0.41875 0.72343778125 0.4171875 0.725 0.415625 0.725 0.4125 0.7281251875 0.4125 0.73906221875 0.4140625 0.7406251875 0.4296875 0.7406251875 0.434375 0.73593778125 0.4390625 0.73593778125 0.4453125 0.72968740625 0.446875 0.72968740625 0.4484375 0.7281251875 0.4484375 0.72656221875 0.4515625 0.72343778125 0.453125 0.72343778125 0.459375 0.71718740625 0.4609375 0.71718740625 0.4640625 0.71406221875 0.4640625 0.7046874062499999 0.4625 0.7031251875 0.446875 0.7031251875 0.4453125 0.7046874062499999 0.44375 0.7046874062499999 0.440625 0.70781259375 0.4390625 0.70781259375
28 0.2203125 0.56718740625 0.21875 0.5687496249999999 0.215625 0.5687496249999999 0.209375 0.575 0.2078125 0.575 0.20625 0.57656221875 0.20625 0.59843778125 0.2140625 0.59843778125 0.2203125 0.59218740625 0.221875 0.59218740625 0.2234375 0.5906251874999999 0.225 0.5906251874999999 0.228125 0.5875 0.2296875 0.5875 0.23125 0.58593778125 0.2328125 0.58593778125 0.2390625 0.5796874062499999 0.240625 0.5796874062499999 0.253125 0.56718740625 0.253125 0.55781259375 0.2328125 0.55781259375 0.228125 0.5625 0.2265625 0.5625 0.221875 0.56718740625 0.2203125 0.56718740625
24 0.365625 0.56406221875 0.3609375 0.5687496249999999 0.3578125 0.5687496249999999 0.35625 0.57031259375 0.35625 0.5718748125 0.353125 0.575 0.3515625 0.575 0.346875 0.5796874062499999 0.346875 0.6 0.35 0.6 0.3515625 0.59843778125 0.35625 0.59843778125 0.3578125 0.5968748125000001 0.359375 0.5968748125000001 0.3640625 0.59218740625 0.365625 0.59218740625 0.371875 0.58593778125 0.3734375 0.58593778125 0.378125 0.581249625 0.3796875 0.581249625 0.38125 0.5796874062499999 0.3828125 0.5796874062499999 0.3921875 0.57031259375 0.3921875 0.56093778125 0.3734375 0.56093778125 0.371875 0.5625 0.36875 0.5625 0.3671875 0.56406221875 0.365625 0.56406221875
25 0.4890625 0.2875 0.484375 0.2875 0.478125 0.293749625 0.4765625 0.293749625 0.46875 0.30156221875 0.46875 0.31718740625 0.4828125 0.31718740625 0.4890625 0.31093778125 0.490625 0.31093778125 0.4953125 0.306249625 0.496875 0.306249625 0.4984375 0.30468740625 0.5015625 0.30468740625 0.5078125 0.29843778125 0.509375 0.29843778125 0.515625 0.29218740625 0.5171875 0.29218740625 0.51875 0.2906251875 0.51875 0.28906221875 0.5203125 0.2875 0.521875 0.2875 0.521875 0.27656221875 0.5 0.27656221875 0.5 0.27812518750000004 0.496875 0.281249625 0.4953125 0.281249625 0.4890625 0.2875
8 0.7046875 0.65781259375 0.703125 0.656249625 0.653125 0.656249625 0.653125 0.71718740625 0.703125 0.71718740625 0.7046875 0.7156251874999999 0.7046875 0.65781259375
27 0.35 0.15156221875 0.35 0.15312518749999998 0.3515625 0.15468740625 0.3578125 0.15468740625 0.3640625 0.16093778125 0.365625 0.16093778125 0.36875 0.16406221875 0.36875 0.1656251875 0.3703125 0.16718740625 0.3765625 0.16718740625 0.378125 0.168749625 0.3796875 0.168749625 0.38125 0.17031259375000002 0.390625 0.17031259375000002 0.3921875 0.168749625 0.3921875 0.15781259375 0.384375 0.15 0.3828125 0.15 0.3796875 0.1468748125 0.3796875 0.14531259375 0.378125 0.143749625 0.375 0.143749625 0.3703125 0.13906221875 0.36875 0.13906221875 0.3671875 0.1375 0.365625 0.1375 0.3609375 0.13281259375 0.3609375 0.13124962499999998 0.340625 0.13124962499999998 0.340625 0.143749625 0.3453125 0.14843778125 0.346875 0.14843778125 0.35 0.15156221875
11 0.5390625 0.7125 0.5421875 0.7156251874999999 0.54375 0.7156251874999999 0.5453125 0.71718740625 0.559375 0.71718740625 0.5609375 0.7156251874999999 0.5609375 0.71406221875 0.5625 0.7125 0.5625 0.71093778125 0.5640625 0.7093748125 0.5640625 0.6656251875 0.5625 0.66406221875 0.5625 0.6593748125000001 0.559375 0.656249625 0.5125 0.656249625 0.5125 0.71718740625 0.528125 0.71718740625 0.5328125 0.7125 0.5390625 0.7125
9 0.7734375 0.55468740625 0.775 0.5531251875 0.775 0.52343778125 0.7734375 0.5218748125 0.7734375 0.5125 0.771875 0.51093778125 0.7234375 0.51093778125 0.7234375 0.5687496249999999 0.725 0.57031259375 0.7734375 0.57031259375 0.7734375 0.55468740625
13 0.5625 0.368749625 0.5609375 0.36718740625 0.5609375 0.36406221875 0.5109375 0.36406221875 0.5109375 0.425 0.5609375 0.425 0.5625 0.42343778125 0.5625 0.368749625
33 0.3125 0.09062518750000001 0.309375 0.093749625 0.3078125 0.093749625 0.30625 0.09531259375 0.30625 0.13281259375 0.309375 0.13593778125 0.315625 0.13593778125 0.3171875 0.1375 0.3359375 0.1375 0.3375 0.13593778125 0.340625 0.13593778125 0.3421875 0.1343748125 0.3421875 0.13124962499999998 0.34375 0.12968740625 0.34375 0.1281251875 0.3453125 0.12656221875 0.34375 0.125 0.34375 0.11718740624999999 0.3421875 0.11562518749999999 0.3421875 0.09531259375 0.340625 0.093749625 0.3390625 0.093749625 0.3359375 0.09062518750000001 0.3359375 0.08906221875 0.334375 0.0875 0.3328125 0.0875 0.33125 0.08593778125 0.31875 0.08593778125 0.3171875 0.0875 0.3140625 0.0875 0.3125 0.08906221875 0.3125 0.09062518750000001
8 0.459375 0.57031259375 0.4609375 0.5687496249999999 0.4625 0.5687496249999999 0.4640625 0.56718740625 0.465625 0.56718740625 0.4671875 0.5687496249999999 0.4703125 0.5687496249999999 0.4734375 0.5718748125 0.4890625 0.5718748125 0.490625 0.57031259375 0.490625 0.5687496249999999 0.4921875 0.56718740625 0.4921875 0.51093778125 0.4421875 0.51093778125 0.4421875 0.5718748125 0.45625 0.5718748125 0.4578125 0.57031259375 0.459375 0.57031259375
27 0.3515625 0.28281259375 0.346875 0.2875 0.3453125 0.2875 0.34375 0.28906221875 0.34375 0.2906251875 0.340625 0.293749625 0.3375 0.293749625 0.3359375 0.29531259374999996 0.334375 0.29531259374999996 0.3296875 0.3 0.3296875 0.3156251875 0.340625 0.3156251875 0.3453125 0.31093778125 0.35 0.31093778125 0.3515625 0.3093748125 0.353125 0.3093748125 0.353125 0.30781259375 0.3546875 0.306249625 0.35625 0.306249625 0.3578125 0.30468740625 0.359375 0.30468740625 0.3609375 0.3031251875 0.3609375 0.30156221875 0.3640625 0.29843778125 0.3671875 0.29843778125 0.36875 0.2968748125 0.3703125 0.2968748125 0.375 0.29218740625 0.3765625 0.29218740625 0.378125 0.2906251875 0.378125 0.27812518750000004 0.359375 0.27812518750000004 0.3578125 0.27968740625 0.35625 0.27968740625 0.353125 0.28281259375 0.3515625 0.28281259375
28 0.153125 0.42031259375 0.1515625 0.42031259375 0.146875 0.425 0.1453125 0.425 0.1390625 0.43124962499999997 0.1375 0.43124962499999997 0.1359375 0.43281259375000003 0.134375 0.43281259375000003 0.134375 0.45312518749999997 0.1359375 0.45312518749999997 0.1375 0.45468740625 0.140625 0.45468740625 0.146875 0.44843778125 0.1515625 0.44843778125 0.1578125 0.44218740624999997 0.159375 0.44218740624999997 0.165625 0.43593778125 0.16875 0.43593778125 0.175 0.42968740624999996 0.1765625 0.42968740624999996 0.1796875 0.42656221875 0.1796875 0.42343778125 0.18125 0.42187481250000003 0.18125 0.41874962499999996 0.1828125 0.41718740624999995 0.1828125 0.4125 0.1625 0.4125 0.1625 0.41406221875 0.1578125 0.41874962499999996 0.1546875 0.41874962499999996 0.153125 0.42031259375
33 0.5921875 0.6218748125 0.59375 0.62343778125 0.621875 0.62343778125 0.6234375 0.6218748125 0.6234375 0.62031259375 0.6265625 0.61718740625 0.628125 0.61718740625 0.628125 0.58281259375 0.6234375 0.5781251875 0.6234375 0.57656221875 0.621875 0.575 0.6203125 0.575 0.6171875 0.5718748125 0.596875 0.5718748125 0.5890625 0.5796874062499999 0.5890625 0.62031259375 0.590625 0.6218748125 0.5921875 0.6218748125
25 0.490625 0.44218740624999997 0.4921875 0.44218740624999997 0.49375 0.443749625 0.4953125 0.443749625 0.4984375 0.44687481250000005 0.5 0.44687481250000005 0.5015625 0.44843778125 0.503125 0.44843778125 0.50625 0.45156221875 0.50625 0.45312518749999997 0.5078125 0.45468740625 0.5109375 0.45468740625 0.5140625 0.45781259375000005 0.515625 0.45781259375000005 0.51875 0.46093778125 0.534375 0.46093778125 0.534375 0.44531259375000004 0.5328125 0.443749625 0.53125 0.443749625 0.528125 0.44062518749999996 0.528125 0.43906221875 0.525 0.43906221875 0.5234375 0.4375 0.5203125 0.4375 0.5171875 0.43437481250000004 0.5171875 0.43281259375000003 0.515625 0.43124962499999997 0.5140625 0.43124962499999997 0.5078125 0.425 0.50625 0.425 0.5046875 0.42343778125 0.503125 0.42343778125 0.5 0.42031259375 0.48125 0.42031259375 0.48125 0.43437481250000004 0.4828125 0.43593778125 0.484375 0.43593778125 0.490625 0.44218740624999997
7 0.3796875 0.7125 0.38125 0.7125 0.3828125 0.71093778125 0.3859375 0.71093778125 0.3875 0.7125 0.3890625 0.7125 0.3921875 0.7156251874999999 0.39375 0.7156251874999999 0.3953125 0.71718740625 0.396875 0.71718740625 0.3984375 0.718749625 0.4109375 0.718749625 0.4125 0.71718740625 0.4203125 0.71718740625 0.421875 0.7156251874999999 0.421875 0.656249625 0.371875 0.656249625 0.371875 0.71718740625 0.3734375 0.7156251874999999 0.3765625 0.7156251874999999 0.3796875 0.7125
25 0.35625 0.86093778125 0.3546875 0.8625 0.353125 0.8625 0.346875 0.8687496250000001 0.346875 0.88906221875 0.3546875 0.88906221875 0.3578125 0.88593778125 0.359375 0.88593778125 0.3640625 0.881249625 0.365625 0.881249625 0.3671875 0.8796874062500001 0.3703125 0.8796874062500001 0.3765625 0.87343778125 0.378125 0.87343778125 0.3796875 0.8718748125 0.3796875 0.8703125937499999 0.3828125 0.86718740625 0.384375 0.86718740625 0.3921875 0.8593748124999999 0.3921875 0.85 0.371875 0.85 0.365625 0.856249625 0.3625 0.856249625 0.3578125 0.86093778125 0.35625 0.86093778125
33 0.2375 0.23906221875 0.2375 0.281249625 0.240625 0.28437481249999996 0.2671875 0.28437481249999996 0.2734375 0.27812518750000004 0.2734375 0.24531259374999997 0.271875 0.24374962500000003 0.2703125 0.24374962500000003 0.2671875 0.2406251875 0.2671875 0.23906221875 0.2625 0.23437481249999997 0.2625 0.23281259375 0.24375 0.23281259375 0.24375 0.23437481249999997 0.240625 0.2375 0.2390625 0.2375 0.2375 0.23906221875
28 0.49375 0.8625 0.4890625 0.86718740625 0.4890625 0.88906221875 0.49375 0.88906221875 0.4953125 0.8875 0.496875 0.8875 0.4984375 0.88593778125 0.5015625 0.88593778125 0.5078125 0.8796874062500001 0.509375 0.8796874062500001 0.515625 0.87343778125 0.5171875 0.87343778125 0.51875 0.8718748125 0.5203125 0.8718748125 0.525 0.86718740625 0.5265625 0.86718740625 0.5296875 0.86406221875 0.5296875 0.8625 0.534375 0.85781259375 0.534375 0.85 0.509375 0.85 0.503125 0.856249625 0.5015625 0.856249625 0.4953125 0.8625 0.49375 0.8625
27 0.6453125 0.56718740625 0.64375 0.56718740625 0.6421875 0.5687496249999999 0.6390625 0.5687496249999999 0.6375 0.57031259375 0.6375 0.5718748125 0.634375 0.575 0.6328125 0.575 0.6296875 0.5781251875 0.6296875 0.59843778125 0.6359375 0.59843778125 0.6375 0.5968748125000001 0.6390625 0.5968748125000001 0.64375 0.59218740625 0.646875 0.59218740625 0.6484375 0.5906251874999999 0.6484375 0.58906221875 0.6515625 0.58593778125 0.653125 0.58593778125 0.659375 0.5796874062499999 0.6640625 0.5796874062499999 0.6703125 0.57343778125 0.671875 0.57343778125 0.6734375 0.5718748125 0.6734375 0.57031259375 0.675 0.5687496249999999 0.675 0.55781259375 0.65625 0.55781259375 0.65625 0.5593748125 0.653125 0.5625 0.65 0.5625 0.6453125 0.56718740625
31 0.45 0.09531259375 0.4484375 0.09687481249999999 0.4484375 0.09843778125 0.446875 0.1 0.4453125 0.1 0.4453125 0.12968740625 0.4515625 0.13593778125 0.453125 0.13593778125 0.4546875 0.1375 0.478125 0.1375 0.4796875 0.13593778125 0.48125 0.13593778125 0.4828125 0.1343748125 0.484375 0.1343748125 0.484375 0.13124962499999998 0.4859375 0.12968740625 0.4859375 0.09531259375 0.484375 0.093749625 0.4828125 0.093749625 0.478125 0.08906221875 0.478125 0.0875 0.4765625 0.0875 0.4734375 0.0843748125 0.4609375 0.0843748125 0.459375 0.08593778125 0.4578125 0.08593778125 0.45 0.093749625 0.45 0.09531259375
16 0.3125 0.5718748125 0.315625 0.5718748125 0.31875 0.5687496249999999 0.3265625 0.5687496249999999 0.3296875 0.5718748125 0.33125 0.5718748125 0.3328125 0.57343778125 0.346875 0.57343778125 0.3484375 0.5718748125 0.3484375 0.57031259375 0.3515625 0.56718740625 0.3515625 0.51406221875 0.35 0.5125 0.35 0.51093778125 0.3 0.51093778125 0.3 0.57031259375 0.303125 0.57343778125 0.3109375 0.57343778125 0.3125 0.5718748125
25 0.484375 0.14531259375 0.4875 0.14843778125 0.490625 0.14843778125 0.49375 0.15156221875 0.49375 0.15312518749999998 0.4953125 0.15468740625 0.496875 0.15468740625 0.5015625 0.15937481250000002 0.503125 0.15937481250000002 0.5046875 0.16093778125 0.509375 0.16093778125 0.5125 0.16406221875 0.5125 0.1656251875 0.5140625 0.16718740625 0.515625 0.16718740625 0.5203125 0.1718748125 0.5328125 0.1718748125 0.5328125 0.156249625 0.5296875 0.15312518749999998 0.5296875 0.15156221875 0.528125 0.15 0.5265625 0.15 0.5234375 0.1468748125 0.5234375 0.14531259375 0.521875 0.143749625 0.5171875 0.143749625 0.515625 0.14218740624999998 0.5140625 0.14218740624999998 0.5125 0.1406251875 0.5125 0.13906221875 0.5109375 0.13906221875 0.509375 0.1375 0.5078125 0.1375 0.5046875 0.1343748125 0.5046875 0.13281259375 0.503125 0.13124962499999998 0.5015625 0.13124962499999998 0.5 0.12968740625 0.4828125 0.12968740625 0.48125 0.13124962499999998 0.48125 0.143749625 0.4828125 0.14531259375 0.484375 0.14531259375
30 0.30625 0.62031259375 0.309375 0.62343778125 0.340625 0.62343778125 0.3421875 0.6218748125 0.3421875 0.618749625 0.34375 0.61718740625 0.34375 0.61406221875 0.3453125 0.6125 0.3453125 0.59843778125 0.34375 0.5968748125000001 0.34375 0.58906221875 0.3421875 0.5875 0.3421875 0.5781251875 0.340625 0.57656221875 0.340625 0.575 0.3390625 0.575 0.3359375 0.5718748125 0.3359375 0.57031259375 0.3375 0.5687496249999999 0.309375 0.5687496249999999 0.3109375 0.57031259375 0.3109375 0.5718748125 0.30625 0.57656221875 0.30625 0.62031259375
31 0.309375 0.86718740625 0.3078125 0.86718740625 0.3078125 0.8687496250000001 0.30625 0.8703125937499999 0.30625 0.9093748125 0.3078125 0.91093778125 0.309375 0.91093778125 0.3109375 0.9125 0.3375 0.9125 0.3390625 0.91093778125 0.340625 0.91093778125 0.3421875 0.9093748125 0.3421875 0.9078125937499999 0.34375 0.9062503749999999 0.34375 0.9046874062500001 0.3453125 0.9031251875 0.3453125 0.8796874062500001 0.34375 0.8781251875 0.34375 0.87343778125 0.3421875 0.8718748125 0.3421875 0.8703125937499999 0.3375 0.8656251875000001 0.3375 0.86406221875 0.334375 0.86093778125 0.3125 0.86093778125 0.3125 0.8625 0.3109375 0.86406221875 0.3109375 0.8656251875000001 0.309375 0.86718740625
28 0.1875 0.425 0.1875 0.42812518749999995 0.1890625 0.42968740624999996 0.190625 0.42968740624999996 0.1953125 0.43437481250000004 0.196875 0.43437481250000004 0.1984375 0.43593778125 0.203125 0.43593778125 0.20625 0.43906221875 0.20625 0.44062518749999996 0.2078125 0.44218740624999997 0.209375 0.44218740624999997 0.2125 0.44531259375000004 0.2125 0.44687481250000005 0.2140625 0.44843778125 0.21875 0.44843778125 0.2203125 0.45 0.221875 0.45 0.2265625 0.45468740625 0.228125 0.45468740625 0.2296875 0.45312518749999997 0.23125 0.45312518749999997 0.23125 0.45156221875 0.2328125 0.45 0.2328125 0.4375 0.23125 0.43593778125 0.23125 0.43437481250000004 0.228125 0.43124962499999997 0.2265625 0.43124962499999997 0.2234375 0.42812518749999995 0.2234375 0.42656221875 0.221875 0.425 0.21875 0.425 0.2171875 0.42343778125 0.215625 0.42343778125 0.2125 0.42031259375 0.2109375 0.42031259375 0.209375 0.41874962499999996 0.2078125 0.41874962499999996 0.2046875 0.4156251875 0.2046875 0.41406221875 0.203125 0.4125 0.184375 0.4125 0.184375 0.42031259375 0.1859375 0.42187481250000003 0.1859375 0.42343778125 0.1875 0.425
27 0.4015625 0.17343778125 0.390625 0.17343778125 0.390625 0.22968740625 0.3984375 0.22968740625 0.4015625 0.22656221875 0.4015625 0.17343778125
15 0.3515625 0.27812518750000004 0.3515625 0.22343778125 0.35 0.2218748125 0.35 0.22031259374999998 0.3 0.22031259374999998 0.3 0.27968740625 0.3484375 0.27968740625 0.35 0.27812518750000004 0.3515625 0.27812518750000004
12 0.596875 0.8625 0.5984375 0.86406221875 0.6265625 0.86406221875 0.628125 0.8625 0.6296875 0.8625 0.63125 0.86093778125 0.6328125 0.86093778125 0.634375 0.8593748124999999 0.634375 0.80156221875 0.5828125 0.80156221875 0.5828125 0.86093778125 0.5859375 0.86093778125 0.5875 0.8625 0.596875 0.8625
2 0.36875 0.72031259375 0.36875 0.72968740625 0.3671875 0.731249625 0.3671875 0.75468740625 0.36875 0.7562496249999999 0.36875 0.76093778125 0.3703125 0.7625 0.3703125 0.76406221875 0.3734375 0.7671874062499999 0.3734375 0.768749625 0.375 0.77031259375 0.375 0.7718748125 0.4125 0.7718748125 0.4234375 0.76093778125 0.4234375 0.743749625 0.421875 0.74218740625 0.421875 0.7406251875 0.4203125 0.73906221875 0.41875 0.73906221875 0.4171875 0.7375 0.409375 0.7375 0.4046875 0.7328125937500001 0.4046875 0.72656221875 0.403125 0.725 0.4015625 0.725 0.3984375 0.7218748125000001 0.3984375 0.72031259375 0.3921875 0.71406221875 0.3921875 0.7125 0.375 0.7125 0.375 0.7156251874999999 0.371875 0.718749625 0.3703125 0.718749625 0.36875 0.72031259375
12 0.41875 0.42656221875 0.421875 0.42343778125 0.421875 0.3656251875 0.371875 0.3656251875 0.371875 0.425 0.3734375 0.425 0.375 0.42656221875 0.41875 0.42656221875
27 0.28125 0.1406251875 0.278125 0.143749625 0.2765625 0.143749625 0.275 0.14531259375 0.2734375 0.14531259375 0.2703125 0.14843778125 0.26875 0.14843778125 0.2671875 0.15 0.2640625 0.15 0.2625 0.15156221875 0.2625 0.15312518749999998 0.259375 0.156249625 0.259375 0.1718748125 0.2703125 0.1718748125 0.275 0.16718740625 0.278125 0.16718740625 0.2796875 0.1656251875 0.2796875 0.16406221875 0.2828125 0.16093778125 0.284375 0.16093778125 0.2859375 0.15937481250000002 0.2875 0.15937481250000002 0.290625 0.156249625 0.2921875 0.156249625 0.29375 0.15468740625 0.296875 0.15468740625 0.2984375 0.15312518749999998 0.2984375 0.15156221875 0.3015625 0.14843778125 0.303125 0.14843778125 0.309375 0.14218740624999998 0.309375 0.13281259375 0.2890625 0.13281259375 0.284375 0.1375 0.2828125 0.1375 0.28125 0.13906221875 0.28125 0.1406251875
14 0.603125 0.5687496249999999 0.6046875 0.56718740625 0.6078125 0.56718740625 0.609375 0.5687496249999999 0.6109375 0.5687496249999999 0.6140625 0.5718748125 0.6296875 0.5718748125 0.634375 0.56718740625 0.634375 0.51093778125 0.5828125 0.51093778125 0.5828125 0.5718748125 0.5984375 0.5718748125 0.6015625 0.5687496249999999 0.603125 0.5687496249999999
13 0.3359375 0.8625 0.34375 0.8625 0.3453125 0.86093778125 0.3484375 0.86093778125 0.35 0.8593748124999999 0.35 0.8031251875000001 0.3484375 0.80156221875 0.3 0.80156221875 0.3 0.8593748124999999 0.3015625 0.86093778125 0.334375 0.86093778125 0.3359375 0.8625
24 0.4015625 0.57343778125 0.403125 0.57343778125 0.40625 0.57656221875 0.40625 0.5781251875 0.4078125 0.5796874062499999 0.409375 0.5796874062499999 0.415625 0.58593778125 0.4203125 0.58593778125 0.4265625 0.59218740625 0.428125 0.59218740625 0.43125 0.59531259375 0.43125 0.5968748125000001 0.4328125 0.59843778125 0.44375 0.59843778125 0.44375 0.581249625 0.4421875 0.5796874062499999 0.4421875 0.57656221875 0.440625 0.575 0.4375 0.575 0.4359375 0.57343778125 0.434375 0.57343778125 0.4296875 0.5687496249999999 0.4265625 0.5687496249999999 0.4234375 0.5656251875 0.4234375 0.56406221875 0.421875 0.5625 0.41875 0.5625 0.4140625 0.55781259375 0.4 0.55781259375 0.3984375 0.5593748125 0.4 0.56093778125 0.4 0.5718748125 0.4015625 0.57343778125
15 0.465625 0.8593748124999999 0.4671875 0.86093778125 0.490625 0.86093778125 0.4921875 0.8593748124999999 0.4921875 0.80156221875 0.490625 0.8 0.4421875 0.8 0.4421875 0.86093778125 0.4625 0.86093778125 0.4640625 0.8593748124999999 0.465625 0.8593748124999999
34 0.165625 0.581249625 0.165625 0.618749625 0.16875 0.6218748125 0.1984375 0.6218748125 0.1984375 0.62031259375 0.2015625 0.61718740625 0.203125 0.61718740625 0.203125 0.581249625 0.19375 0.5718748125 0.19375 0.57031259375 0.1734375 0.57031259375 0.1734375 0.5718748125 0.16875 0.57656221875 0.16875 0.5781251875 0.165625 0.581249625
25 0.5453125 0.57343778125 0.5515625 0.5796874062499999 0.553125 0.5796874062499999 0.55625 0.58281259375 0.55625 0.5843748125 0.5578125 0.58593778125 0.5609375 0.58593778125 0.5625 0.5875 0.5640625 0.5875 0.56875 0.59218740625 0.5703125 0.59218740625 0.571875 0.593749625 0.5734375 0.593749625 0.575 0.59531259375 0.575 0.5968748125000001 0.5765625 0.59843778125 0.584375 0.59843778125 0.584375 0.57656221875 0.5828125 0.57656221875 0.58125 0.575 0.5796875 0.575 0.575 0.57031259375 0.5734375 0.57031259375 0.571875 0.5687496249999999 0.5703125 0.5687496249999999 0.5671875 0.5656251875 0.5671875 0.56406221875 0.565625 0.5625 0.5640625 0.5625 0.5625 0.56093778125 0.5609375 0.56093778125 0.5578125 0.55781259375 0.540625 0.55781259375 0.540625 0.5718748125 0.5421875 0.5718748125 0.54375 0.57343778125 0.5453125 0.57343778125
24 0.5578125 0.293749625 0.559375 0.293749625 0.5640625 0.29843778125 0.565625 0.29843778125 0.56875 0.30156221875 0.56875 0.3031251875 0.5703125 0.30468740625 0.5734375 0.30468740625 0.575 0.306249625 0.5765625 0.306249625 0.58125 0.31093778125 0.584375 0.31093778125 0.5875 0.31406221875 0.5875 0.3156251875 0.5890625 0.31718740625 0.603125 0.31718740625 0.603125 0.3 0.6015625 0.3 0.5984375 0.2968748125 0.5984375 0.29531259374999996 0.596875 0.293749625 0.5921875 0.293749625 0.590625 0.29218740625 0.5890625 0.29218740625 0.584375 0.2875 0.5828125 0.2875 0.5796875 0.28437481249999996 0.5796875 0.28281259375 0.578125 0.281249625 0.5765625 0.281249625 0.575 0.27968740625 0.5734375 0.27968740625 0.571875 0.27812518750000004 0.571875 0.27656221875 0.5703125 0.27656221875 0.56875 0.275 0.5515625 0.275 0.5515625 0.2906251875 0.553125 0.29218740625 0.55625 0.29218740625 0.5578125 0.293749625
24 0.33125 0.6968748125 0.33125 0.6937496249999999 0.3328125 0.69218740625 0.3328125 0.62656221875 0.31875 0.62656221875 0.31875 0.69843778125 0.3203125 0.7 0.328125 0.7 0.33125 0.6968748125
31 0.4484375 0.3875 0.446875 0.38906221875 0.446875 0.42343778125 0.4515625 0.42812518749999995 0.4796875 0.42812518749999995 0.4796875 0.42656221875 0.4828125 0.42343778125 0.484375 0.42343778125 0.4859375 0.42187481250000003 0.4859375 0.38906221875 0.484375 0.3875 0.4828125 0.3875 0.4796875 0.3843748125 0.4796875 0.38281259375 0.478125 0.38124962500000004 0.4765625 0.38124962500000004 0.4734375 0.3781251875 0.4734375 0.37656221875 0.45625 0.37656221875 0.45 0.38281259375 0.45 0.3843748125 0.4484375 0.38593778125 0.4484375 0.3875
33 0.378125 0.27968740625 0.38125 0.28281259375 0.409375 0.28281259375 0.4140625 0.27812518750000004 0.4140625 0.24687481249999998 0.4125 0.24531259374999997 0.4125 0.24374962500000003 0.4109375 0.24218740625000001 0.4109375 0.23906221875 0.409375 0.2375 0.4078125 0.2375 0.4046875 0.23437481249999997 0.4046875 0.23281259375 0.3875 0.23281259375 0.38125 0.23906221875 0.38125 0.2406251875 0.378125 0.24374962500000003 0.378125 0.27968740625
34 0.4484375 0.87343778125 0.446875 0.875 0.446875 0.9078125937499999 0.4484375 0.9093748125 0.45 0.9093748125 0.4515625 0.91093778125 0.453125 0.91093778125 0.4546875 0.9125 0.45625 0.9125 0.4578125 0.91406221875 0.4796875 0.91406221875 0.4828125 0.91093778125 0.484375 0.91093778125 0.4859375 0.9093748125 0.4859375 0.8703125937499999 0.484375 0.8687496250000001 0.4828125 0.8687496250000001 0.48125 0.86718740625 0.48125 0.8656251875000001 0.4796875 0.86406221875 0.4796875 0.86093778125 0.453125 0.86093778125 0.45 0.86406221875 0.45 0.8703125937499999 0.4484375 0.8718748125 0.4484375 0.87343778125
25 0.4625 0.31874962500000004 0.4625 0.37343778125 0.471875 0.37343778125 0.471875 0.31874962500000004 0.4625 0.31874962500000004
1 0.5796875 0.41874962499999996 0.58125 0.42031259375 0.58125 0.42187481250000003 0.5875 0.42812518749999995 0.5875 0.42968740624999996 0.5890625 0.42968740624999996 0.590625 0.43124962499999997 0.625 0.43124962499999997 0.6265625 0.42968740624999996 0.628125 0.42968740624999996 0.6359375 0.42187481250000003 0.6359375 0.40156221875 0.634375 0.4 0.621875 0.4 0.6171875 0.39531259375 0.6171875 0.38906221875 0.615625 0.3875 0.615625 0.38593778125 0.6125 0.38281259375 0.6125 0.38124962500000004 0.6109375 0.37968740625 0.6109375 0.375 0.5890625 0.375 0.58125 0.38281259375 0.58125 0.3843748125 0.5796875 0.38593778125 0.5796875 0.41874962499999996
34 0.2390625 0.43124962499999997 0.2375 0.43281259375000003 0.2375 0.43593778125 0.2359375 0.4375 0.2359375 0.47343778125 0.2390625 0.47343778125 0.240625 0.475 0.2421875 0.475 0.24375 0.47656221875 0.2671875 0.47656221875 0.2703125 0.47343778125 0.271875 0.47343778125 0.2734375 0.4718748125 0.2734375 0.43593778125 0.271875 0.43437481250000004 0.271875 0.43281259375000003 0.265625 0.42656221875 0.265625 0.425 0.2453125 0.425 0.24375 0.42656221875 0.24375 0.42812518749999995 0.240625 0.43124962499999997 0.2390625 0.43124962499999997
30 0.5203125 0.2375 0.51875 0.23906221875 0.51875 0.24374962500000003 0.5171875 0.24531259374999997 0.5171875 0.27656221875 0.5203125 0.27968740625 0.521875 0.27968740625 0.525 0.28281259375 0.525 0.28437481249999996 0.5484375 0.28437481249999996 0.5515625 0.281249625 0.553125 0.281249625 0.553125 0.27968740625 0.5546875 0.27812518750000004 0.5546875 0.27656221875 0.55625 0.275 0.55625 0.26093778125 0.5546875 0.2593748125 0.5546875 0.24374962500000003 0.553125 0.24218740625000001 0.553125 0.23906221875 0.5515625 0.23906221875 0.55 0.2375 0.55 0.23593778125 0.546875 0.23281259375 0.546875 0.23124962500000001 0.5265625 0.23124962500000001 0.525 0.23281259375 0.525 0.23437481249999997 0.521875 0.2375 0.5203125 0.2375
16 0.7 0.42656221875 0.703125 0.42343778125 0.703125 0.3656251875 0.653125 0.3656251875 0.653125 0.425 0.6546875 0.425 0.65625 0.42656221875 0.7 0.42656221875
30 0.4484375 0.5796874062499999 0.4484375 0.58281259375 0.446875 0.5843748125 0.446875 0.61718740625 0.45 0.62031259375 0.45 0.6218748125 0.4515625 0.62343778125 0.478125 0.62343778125 0.4859375 0.6156251875 0.4859375 0.58281259375 0.4796875 0.57656221875 0.4796875 0.575 0.4765625 0.5718748125 0.4765625 0.57031259375 0.453125 0.57031259375 0.453125 0.5718748125 0.45 0.575 0.45 0.5781251875 0.4484375 0.5796874062499999
29 0.26875 0.1906251875 0.2671875 0.19218740625 0.2671875 0.19531259375 0.265625 0.1968748125 0.2609375 0.1968748125 0.2609375 0.22343778125 0.2625 0.22343778125 0.2640625 0.2218748125 0.2671875 0.225 0.2671875 0.22812518750000002 0.26875 0.22968740625 0.2703125 0.22968740625 0.275 0.23437481249999997 0.2859375 0.23437481249999997 0.2921875 0.22812518750000002 0.2921875 0.22656221875 0.2953125 0.22343778125 0.296875 0.22343778125 0.303125 0.21718740625000002 0.3046875 0.21718740625000002 0.30625 0.2156251875 0.30625 0.2125 0.3046875 0.21093778125 0.3046875 0.20781259375 0.2984375 0.20156221875 0.2984375 0.2 0.29375 0.19531259375 0.29375 0.19218740625 0.2921875 0.1906251875 0.2921875 0.18281259375 0.290625 0.181249625 0.2890625 0.181249625 0.2859375 0.1781251875 0.271875 0.1781251875 0.2703125 0.17968740625 0.2703125 0.181249625 0.26875 0.18281259375 0.26875 0.1906251875
10 0.2796875 0.7046874062499999 0.28125 0.7031251875 0.28125 0.668749625 0.2796875 0.66718740625 0.2796875 0.65781259375 0.278125 0.656249625 0.2296875 0.656249625 0.2296875 0.71718740625 0.278125 0.71718740625 0.2796875 0.7156251874999999 0.2796875 0.7046874062499999
34 0.1 0.43124962499999997 0.0953125 0.43593778125 0.0953125 0.4375 0.09375 0.43906221875 0.09375 0.4718748125 0.0953125 0.47343778125 0.0984375 0.47343778125 0.1 0.475 0.1265625 0.475 0.13125 0.47031259375 0.13125 0.46875037500000005 0.1328125 0.46718740625 0.1328125 0.45468740625 0.13125 0.45312518749999997 0.13125 0.4375 0.1296875 0.43593778125 0.1296875 0.43281259375000003 0.128125 0.43124962499999997 0.1265625 0.43124962499999997 0.1234375 0.42812518749999995 0.1234375 0.42656221875 0.1203125 0.42343778125 0.1078125 0.42343778125 0.1046875 0.42656221875 0.103125 0.42656221875 0.1 0.42968740624999996 0.1 0.43124962499999997
34 0.5203125 0.7218748125000001 0.51875 0.72343778125 0.51875 0.72656221875 0.5171875 0.7281251875 0.5171875 0.7625 0.51875 0.76406221875 0.51875 0.7656251875 0.5203125 0.7671874062499999 0.5515625 0.7671874062499999 0.5546875 0.76406221875 0.5546875 0.7625 0.55625 0.76093778125 0.55625 0.7328125937500001 0.5546875 0.731249625 0.5546875 0.72656221875 0.553125 0.725 0.553125 0.72343778125 0.5484375 0.718749625 0.5484375 0.71718740625 0.546875 0.7156251874999999 0.5265625 0.7156251874999999 0.5234375 0.718749625 0.521875 0.718749625 0.5203125 0.72031259375 0.5203125 0.7218748125000001
28 0.2484375 0.48437481250000003 0.2484375 0.55468740625 0.259375 0.55468740625 0.259375 0.48437481250000003 0.2484375 0.48437481250000003
25 0.5421875 0.17343778125 0.5296875 0.17343778125 0.5296875 0.23124962500000001 0.5390625 0.23124962500000001 0.5421875 0.22812518750000002 0.5421875 0.17343778125
25 0.39375 0.8453125937499999 0.396875 0.8453125937499999 0.4015625 0.8406251875 0.4015625 0.775 0.3890625 0.775 0.3890625 0.8421874062500001 0.390625 0.8437503749999999 0.3921875 0.8437503749999999 0.39375 0.8453125937499999
25 0.53125 0.4656251875 0.53125 0.5531251875 0.5421875 0.5531251875 0.5421875 0.4656251875 0.53125 0.4656251875
24 0.6140625 0.375 0.6140625 0.32031259375 0.6125 0.31874962500000004 0.603125 0.31874962500000004 0.603125 0.37343778125 0.6078125 0.3781251875 0.6109375 0.3781251875 0.6140625 0.375
27 0.258838384375 0.20839580156249998 0.2626262625 0.19790105 0.2626262625 0.17991004531250002 0.25568181874999996 0.17316341875000002 0.2481060609375 0.17841079531249998 0.2481060609375 0.2308845578125 0.25568181874999996 0.22863568281250002 0.26199495 0.2308845578125 0.258838384375 0.20839580156249998
28 0.5460858578125001 0.8418290859375 0.5454545453125 0.7773613187499999 0.54419191875 0.77286356875 0.5391414140624999 0.7706146921875 0.5290404046875 0.77286356875 0.5290404046875 0.8425787109374999 0.5321969703125 0.8470764624999999 0.540404040625 0.8478260875 0.5460858578125001 0.8418290859375
21 0.2762973484375 0.0082158921875 0.22060921718749998 0.0082158921875 0.22060921718749998 0.0908395796875 0.2762973484375 0.0908395796875 0.2762973484375 0.0082158921875
18 0.13486742499999999 0.2999587703125 0.0726704546875 0.2999587703125 0.0726704546875 0.3848088453125 0.13486742499999999 0.3848088453125 0.13486742499999999 0.2999587703125
18 0.560533459375 0.00718890625 0.5017771468750001 0.00718890625 0.5017771468750001 0.09712893593750001 0.560533459375 0.09712893593750001 0.560533459375 0.00718890625
18 0.914845328125 0.4417203890625 0.8564804296874999 0.4417203890625 0.8564804296874999 0.5268703140625 0.914845328125 0.5268703140625 0.914845328125 0.4417203890625
18 0.1348895203125 0.5906746625 0.079592803125 0.5906746625 0.079592803125 0.667151425 0.1348895203125 0.667151425 0.1348895203125 0.5906746625
23 0.2801452015625 0.878519490625 0.2197411609375 0.878519490625 0.2197411609375 0.9706259375 0.2801452015625 0.9706259375 0.2801452015625 0.878519490625
22 0.5601262625000001 0.8813868062499999 0.5078282828125 0.8813868062499999 0.5078282828125 0.966244378125 0.5601262625000001 0.966244378125 0.5601262625000001 0.8813868062499999
19 0.769848484375 0.73243628125 0.7180555562500001 0.73243628125 0.7180555562500001 0.8171739125 0.769848484375 0.8171739125 0.769848484375 0.73243628125
20 0.77161931875 0.1551161921875 0.7171938124999999 0.1551161921875 0.7171938124999999 0.23390929531250002 0.77161931875 0.23390929531250002 0.77161931875 0.1551161921875