37 0.6742408609375 0.290067646875 0.6724027421875001 0.29190588281249996 0.67056396875 0.29190588281249996 0.67056396875 0.29374411718750004 0.6668877281250001 0.2974205875 0.661372715625 0.2974205875 0.6595345953125 0.2992588234375 0.6576964750000001 0.2992588234375 0.652182115625 0.3047735296875 0.648505221875 0.3047735296875 0.648505221875 0.3672735296875 0.6503433421875 0.3691117640625 0.652182115625 0.3691117640625 0.6558583546875 0.3727882359375 0.6558583546875 0.3746264703125 0.6632114875 0.3819794125 0.6632114875 0.409552940625 0.6724027421875001 0.41874411718750004 0.6742408609375 0.41874411718750004 0.67607898125 0.42058235312500003 0.6815933421875 0.42058235312500003 0.683432115625 0.4224205875 0.685270234375 0.4224205875 0.6871083546875 0.4242588234375 0.6889464750000001 0.4242588234375 0.692622715625 0.42793529374999995 0.6944614875 0.42793529374999995 0.70181396875 0.4352882359375 0.716520234375 0.4352882359375 0.7183583546875 0.43345 0.7201964750000001 0.43345 0.7201964750000001 0.4242588234375 0.7220345953125 0.4224205875 0.7293877281250001 0.4224205875 0.7312258484374999 0.42058235312500003 0.7404171015625 0.42058235312500003 0.742255221875 0.41874411718750004 0.745932115625 0.41874411718750004 0.7496083546875 0.41506764687500003 0.7514464750000001 0.41506764687500003 0.7532845953125 0.41322941249999995 0.7587996078125 0.41322941249999995 0.7606377281250001 0.41139117656249996 0.7624758484374999 0.41139117656249996 0.7679908609375 0.4058764703125 0.773505221875 0.4058764703125 0.7753433421875 0.4040382359375 0.777182115625 0.4040382359375 0.777182115625 0.4003617640625 0.779020234375 0.3985235296875 0.779020234375 0.30845 0.76982898125 0.2992588234375 0.7679908609375 0.2992588234375 0.7661527421875001 0.2974205875 0.7606377281250001 0.2974205875 0.7569614875 0.29374411718750004 0.7569614875 0.29190588281249996 0.755122715625 0.29190588281249996 0.7532845953125 0.290067646875 0.7496083546875 0.290067646875 0.747770234375 0.2882294125 0.745932115625 0.2882294125 0.7404171015625 0.28271470625 0.73857898125 0.28271470625 0.7312258484374999 0.2753617640625 0.70181396875 0.2753617640625 0.6944614875 0.28271470625 0.6871083546875 0.28271470625 0.679755221875 0.290067646875 0.6742408609375 0.290067646875
28 0.2297793734375 0.5533088234375 0.2242650125 0.5588235296875 0.222426240625 0.5588235296875 0.22058812031250002 0.5606617640625 0.22058812031250002 0.5625 0.21691187968749998 0.5661764703125 0.2077206265625 0.5661764703125 0.20588250624999999 0.56801470625 0.20588250624999999 0.5698529406249999 0.2040443859375 0.5716911765625 0.2040443859375 0.5863970593750001 0.20588250624999999 0.5863970593750001 0.2077206265625 0.58823529375 0.20955874687499998 0.58823529375 0.2113968671875 0.5863970593750001 0.21691187968749998 0.5863970593750001 0.2242650125 0.5790441171875 0.23161749375000001 0.5790441171875 0.2334556140625 0.5772058828125 0.2334556140625 0.575367646875 0.23713250624999999 0.5716911765625 0.246323759375 0.5716911765625 0.24816187968749998 0.5698529406249999 0.24816187968749998 0.56801470625 0.2518381203125 0.5643382359375 0.253676240625 0.5643382359375 0.25551501249999997 0.5625 0.25551501249999997 0.5551470593750001 0.2573531328125 0.5533088234375 0.25551501249999997 0.5514705875 0.25551501249999997 0.549632353125 0.253676240625 0.549632353125 0.2518381203125 0.5477941171875 0.2426468671875 0.5477941171875 0.2389706265625 0.5514705875 0.2334556140625 0.5514705875 0.23161749375000001 0.5533088234375 0.2297793734375 0.5533088234375
4 0.6102943859375001 0.5919117640625 0.61213250625 0.59375 0.61213250625 0.5955882359375 0.6194849875 0.6029411765625 0.621323759375 0.6029411765625 0.6231618796875 0.6047794125 0.652573759375 0.6047794125 0.65625 0.6011029406249999 0.6580881203125 0.6011029406249999 0.659926240625 0.59926470625 0.6617643609375 0.59926470625 0.665441253125 0.5955882359375 0.665441253125 0.59375 0.6672793734375 0.5919117640625 0.6672793734375 0.5790441171875 0.665441253125 0.5772058828125 0.665441253125 0.575367646875 0.6636031328125 0.575367646875 0.6617643609375 0.5735294125 0.652573759375 0.5735294125 0.6507349875 0.5716911765625 0.6488968671875 0.5716911765625 0.647058746875 0.5698529406249999 0.647058746875 0.56801470625 0.6452206265625 0.5661764703125 0.6452206265625 0.5606617640625 0.63786749375 0.5533088234375 0.63786749375 0.549632353125 0.6360293734375 0.5477941171875 0.6231618796875 0.5477941171875 0.6194849875 0.5514705875 0.6176468671875 0.5514705875 0.6102943859375001 0.5588235296875 0.6102943859375001 0.5919117640625
17 0.316213446875 0.13970588281250002 0.3106990859375 0.1452205875 0.308860965625 0.1452205875 0.30702219375 0.1470588234375 0.303345953125 0.1470588234375 0.2959928203125 0.15441176406249998 0.290478459375 0.15441176406249998 0.2831253265625 0.16176470625 0.28128720625 0.16176470625 0.2794490859375 0.163602940625 0.2794490859375 0.2518382359375 0.2831253265625 0.25551470625 0.2886403390625 0.25551470625 0.2959928203125 0.262867646875 0.29783094062500004 0.262867646875 0.3015078328125 0.2665441171875 0.3015078328125 0.268382353125 0.303345953125 0.2702205875 0.31253720625 0.2702205875 0.316213446875 0.273897059375 0.316213446875 0.27573529375 0.3180515671875 0.27757352968750004 0.321728459375 0.27757352968750004 0.3272428203125 0.2830882359375 0.32908094062500004 0.2830882359375 0.33091971249999996 0.28492647031249996 0.334595953125 0.28492647031249996 0.3419490859375 0.2922794125 0.3493015671875 0.2922794125 0.3511403390625 0.2904411765625 0.352978459375 0.2904411765625 0.3566547 0.28676470625 0.3584928203125 0.28676470625 0.36033094062500004 0.28492647031249996 0.3640078328125 0.28492647031249996 0.37136031406250003 0.27757352968750004 0.3768753265625 0.27757352968750004 0.384228459375 0.2702205875 0.3879047 0.2702205875 0.3897428203125 0.268382353125 0.39158094062500004 0.268382353125 0.39341971249999996 0.2665441171875 0.39341971249999996 0.2647058828125 0.3952578328125 0.262867646875 0.3952578328125 0.242647059375 0.397095953125 0.2408088234375 0.397095953125 0.23713235312499997 0.40077219375000006 0.23345588281250002 0.40077219375000006 0.23161764687500003 0.40996344687499997 0.22242647031249999 0.40996344687499997 0.163602940625 0.40077219375000006 0.15441176406249998 0.3952578328125 0.15441176406249998 0.39341971249999996 0.1525735296875 0.39158094062500004 0.1525735296875 0.3860665796875 0.1470588234375 0.3823903390625 0.1470588234375 0.3805515671875 0.1452205875 0.378713446875 0.1452205875 0.37503720625 0.14154411718749998 0.3731990859375 0.14154411718749998 0.37136031406250003 0.13970588281250002 0.36952219375 0.13970588281250002 0.36216971249999996 0.132352940625 0.3254047 0.132352940625 0.3235665796875 0.1341911765625 0.3235665796875 0.1360294125 0.3198903390625 0.13970588281250002 0.316213446875 0.13970588281250002
4 0.5386031328125 0.794117646875 0.5367643609375 0.7959558828125 0.5367643609375 0.8327205875000001 0.54411749375 0.8400735296875 0.54411749375 0.8419117640625 0.5863968671875 0.8419117640625 0.5863968671875 0.8400735296875 0.590073759375 0.8363970593750001 0.5919118796875 0.8363970593750001 0.59375 0.8345588234375001 0.59375 0.8161764703125 0.5882349875 0.8106617640625 0.5863968671875 0.8106617640625 0.584558746875 0.8088235296875 0.57536749375 0.8088235296875 0.571691253125 0.8051470593750001 0.571691253125 0.7959558828125 0.5698531328125 0.794117646875 0.5698531328125 0.7922794125 0.566176240625 0.7886029406249999 0.566176240625 0.78676470625 0.5459556140624999 0.78676470625 0.54411749375 0.7886029406249999 0.54411749375 0.7904411765625 0.540441253125 0.794117646875 0.5386031328125 0.794117646875
6 0.29963250625 0.7261029406249999 0.29411749375 0.7261029406249999 0.2922793734375 0.7279411765625 0.2886031328125 0.7279411765625 0.2794118796875 0.737132353125 0.2794118796875 0.8198529406249999 0.28125 0.8216911765624999 0.2830881203125 0.8216911765624999 0.28676501249999997 0.825367646875 0.28676501249999997 0.8272058828125 0.2886031328125 0.8290441171875 0.2922793734375 0.8290441171875 0.29411749375 0.830882353125 0.29595561406250004 0.830882353125 0.29963250625 0.8345588234375001 0.3014706265625 0.8345588234375001 0.303308746875 0.8363970593750001 0.3051468671875 0.8363970593750001 0.308823759375 0.8400735296875 0.308823759375 0.8419117640625 0.3106618796875 0.84375 0.31801501249999997 0.84375 0.32536749375 0.8511029406249999 0.32720561406250004 0.8511029406249999 0.334558746875 0.8584558828125 0.35661749375 0.8584558828125 0.3639706265625 0.8511029406249999 0.36948498750000003 0.8511029406249999 0.3768381203125 0.84375 0.378676240625 0.84375 0.384191253125 0.83823529375 0.3860293734375 0.83823529375 0.38786749375 0.8363970593750001 0.39154438593749996 0.8363970593750001 0.3988968671875 0.8290441171875 0.40073498750000003 0.8290441171875 0.40992624062500005 0.8198529406249999 0.40992624062500005 0.8161764703125 0.4117643609375 0.8143382359375 0.4117643609375 0.794117646875 0.4136031328125 0.7922794125 0.4136031328125 0.7334558828125 0.4080881203125 0.7279411765625 0.40625 0.7279411765625 0.4044118796875 0.7261029406249999 0.40257375937499995 0.7261029406249999 0.3988968671875 0.7224264703125 0.3952206265625 0.7224264703125 0.39338250625 0.7205882359375 0.39154438593749996 0.7205882359375 0.38970561406250004 0.71875 0.38786749375 0.71875 0.384191253125 0.7150735296875 0.38051501249999997 0.7150735296875 0.378676240625 0.71323529375 0.3731618796875 0.71323529375 0.371323759375 0.7113970593750001 0.3639706265625 0.7113970593750001 0.36213250625 0.7095588234375 0.35845561406250004 0.7095588234375 0.35661749375 0.7077205875 0.35661749375 0.7022058828125 0.3547793734375 0.7022058828125 0.352941253125 0.700367646875 0.347426240625 0.700367646875 0.3455881203125 0.7022058828125 0.30698498750000003 0.72426470625 0.3014706265625 0.72426470625 0.29963250625 0.7261029406249999
36 0.46507375937499995 0.705882353125 0.45772062656249995 0.71323529375 0.45588250625000004 0.71323529375 0.45036749374999996 0.71875 0.44852937343750005 0.71875 0.4448531328125 0.7224264703125 0.4430143609375 0.7224264703125 0.4375 0.7279411765625 0.4356618796875 0.7279411765625 0.43382375937499995 0.7297794125 0.43382375937499995 0.731617646875 0.428308746875 0.737132353125 0.428308746875 0.7463235296875 0.43198498750000003 0.7463235296875 0.43382375937499995 0.7481617640625 0.4375 0.7481617640625 0.4402428203125 0.7400889703125 0.447553525 0.7310786765625 0.4572734984375 0.7361463234375 0.4634751953125 0.7472463234375 0.46424934687499997 0.7523014703124999 0.467972584375 0.7558794125 0.47922062656250003 0.774467646875 0.46488838125000004 0.7801007359375001 0.459558746875 0.7830882359375 0.46147258437499994 0.7873095593749999 0.45672127968750004 0.79006470625 0.45185509062499996 0.7923264703124999 0.4448531328125 0.7886029406249999 0.4430143609375 0.78676470625 0.43382375937499995 0.78676470625 0.43198498750000003 0.7886029406249999 0.4301468671875 0.7886029406249999 0.42647062656249995 0.7922794125 0.42647062656249995 0.81801470625 0.4356618796875 0.8272058828125 0.4375 0.8272058828125 0.4393381203125 0.8290441171875 0.4448531328125 0.8290441171875 0.44852937343750005 0.8327205875000001 0.44852937343750005 0.8345588234375001 0.45036749374999996 0.8363970593750001 0.4540443859375 0.8363970593750001 0.45772062656249995 0.8400735296875 0.459558746875 0.8400735296875 0.46323498750000003 0.84375 0.46507375937499995 0.84375 0.47242624062500005 0.8511029406249999 0.4742643609375 0.8511029406249999 0.48161749374999996 0.8584558828125 0.5 0.8584558828125 0.5018381203125 0.856617646875 0.503676240625 0.856617646875 0.5055143609375 0.8547794124999999 0.5055143609375 0.8529411765624999 0.5073531328125 0.8511029406249999 0.509191253125 0.8511029406249999 0.5110293734375 0.84926470625 0.51286749375 0.84926470625 0.51286749375 0.8474264703125 0.5165443859375001 0.84375 0.51838250625 0.84375 0.5202206265625 0.8419117640625 0.522058746875 0.8419117640625 0.5238968671875 0.8400735296875 0.5257349875 0.8400735296875 0.527573759375 0.83823529375 0.5294118796875 0.83823529375 0.53125 0.8363970593750001 0.5330881203125 0.8363970593750001 0.534926240625 0.8345588234375001 0.534926240625 0.8290441171875 0.5330881203125 0.8272058828125 0.5330881203125 0.8235294124999999 0.53125 0.8216911765624999 0.53125 0.8161764703125 0.5330881203125 0.8143382359375 0.5330881203125 0.8088235296875 0.534926240625 0.80698529375 0.534926240625 0.8014705875000001 0.5386031328125 0.7977941171875 0.5386031328125 0.7959558828125 0.5514706265625 0.7830882359375 0.5514706265625 0.78125 0.5569849875 0.77573529375 0.5569849875 0.731617646875 0.5551468671875 0.7297794125 0.553308746875 0.7297794125 0.5514706265625 0.7279411765625 0.54963250625 0.7279411765625 0.5459556140624999 0.72426470625 0.54411749375 0.72426470625 0.5422793734375 0.7224264703125 0.540441253125 0.7224264703125 0.5386031328125 0.7205882359375 0.5367643609375 0.7205882359375 0.5330881203125 0.7169117640625 0.5330881203125 0.7150735296875 0.5294118796875 0.7150735296875 0.527573759375 0.71323529375 0.5238968671875 0.71323529375 0.5165443859375001 0.705882353125 0.5147056140624999 0.705882353125 0.5110293734375 0.7022058828125 0.47977937343750005 0.7022058828125 0.477941253125 0.7040441171875 0.4705881203125 0.7040441171875 0.46875 0.705882353125 0.46507375937499995 0.705882353125
17 0.61213250625 0.13970588281250002 0.60661749375 0.1452205875 0.6047793734375 0.1452205875 0.602941253125 0.1470588234375 0.6011031328125 0.1470588234375 0.5992643609375 0.148897059375 0.597426240625 0.148897059375 0.5919118796875 0.15441176406249998 0.590073759375 0.15441176406249998 0.5882349875 0.15625 0.5827206265625 0.15625 0.5827206265625 0.15808823593750002 0.58088250625 0.1599264703125 0.5790443859375001 0.1599264703125 0.5735293734375 0.1654411765625 0.5735293734375 0.22426470625 0.57536749375 0.226102940625 0.5772056140624999 0.226102940625 0.58088250625 0.22977941249999997 0.58088250625 0.23161764687500003 0.5863968671875 0.23713235312499997 0.5863968671875 0.25 0.5882349875 0.2518382359375 0.5882349875 0.2610294125 0.590073759375 0.262867646875 0.5919118796875 0.262867646875 0.5955881203125 0.2665441171875 0.5955881203125 0.268382353125 0.597426240625 0.2702205875 0.6047793734375 0.2702205875 0.61213250625 0.27757352968750004 0.6139706265625 0.27757352968750004 0.621323759375 0.28492647031249996 0.628676240625 0.28492647031249996 0.6305143609375 0.28676470625 0.6397056140624999 0.28676470625 0.6415443859375001 0.28492647031249996 0.64338250625 0.28492647031249996 0.6452206265625 0.2830882359375 0.647058746875 0.2830882359375 0.6507349875 0.2794117640625 0.652573759375 0.2794117640625 0.6544118796875 0.27757352968750004 0.6580881203125 0.27757352968750004 0.659926240625 0.27573529375 0.659926240625 0.273897059375 0.6636031328125 0.2702205875 0.66911749375 0.2702205875 0.6709556140624999 0.268382353125 0.6727943859375001 0.268382353125 0.678308746875 0.262867646875 0.6801468671875 0.262867646875 0.6819849875 0.2610294125 0.6819849875 0.2591911765625 0.6856618796875 0.25551470625 0.6875 0.25551470625 0.6875 0.25367647031249996 0.6893381203125 0.2518382359375 0.6893381203125 0.23161764687500003 0.7040443859375001 0.2169117640625 0.7040443859375001 0.163602940625 0.7022056140624999 0.16176470625 0.70036749375 0.16176470625 0.6930143609375 0.15441176406249998 0.6875 0.15441176406249998 0.6801468671875 0.1470588234375 0.6764706265625 0.1470588234375 0.6709556140624999 0.14154411718749998 0.66911749375 0.14154411718749998 0.6672793734375 0.13970588281250002 0.665441253125 0.13970588281250002 0.659926240625 0.1341911765625 0.6231618796875 0.1341911765625 0.6194849875 0.137867646875 0.6176468671875 0.137867646875 0.615808746875 0.13970588281250002 0.61213250625 0.13970588281250002
36 0.4613968671875 0.13970588281250002 0.459558746875 0.14154411718749998 0.45772062656249995 0.14154411718749998 0.4522056140625 0.1470588234375 0.45036749374999996 0.1470588234375 0.4430143609375 0.15441176406249998 0.43382375937499995 0.15441176406249998 0.43198498750000003 0.15625 0.428308746875 0.15625 0.428308746875 0.18198529375 0.4301468671875 0.1838235296875 0.4301468671875 0.18566176406249998 0.43198498750000003 0.1875 0.43198498750000003 0.20404411718749998 0.4301468671875 0.20588235312499997 0.4301468671875 0.20772058750000003 0.428308746875 0.2095588234375 0.428308746875 0.2169117640625 0.43382375937499995 0.22242647031249999 0.43382375937499995 0.22426470625 0.44117624062500005 0.23161764687500003 0.44117624062500005 0.2518382359375 0.44852937343750005 0.2591911765625 0.44852937343750005 0.2610294125 0.45036749374999996 0.262867646875 0.4522056140625 0.262867646875 0.459558746875 0.2702205875 0.46507375937499995 0.2702205875 0.47242624062500005 0.27757352968750004 0.4742643609375 0.27757352968750004 0.48161749374999996 0.28492647031249996 0.490808746875 0.28492647031249996 0.4926468671875 0.28676470625 0.49632375937499995 0.28676470625 0.4981618796875 0.28492647031249996 0.503676240625 0.28492647031249996 0.5055143609375 0.2830882359375 0.5073531328125 0.2830882359375 0.5110293734375 0.2794117640625 0.51286749375 0.2794117640625 0.5147056140624999 0.27757352968750004 0.51838250625 0.27757352968750004 0.5202206265625 0.27573529375 0.522058746875 0.27573529375 0.5257349875 0.2720588234375 0.527573759375 0.2720588234375 0.5294118796875 0.2702205875 0.5330881203125 0.2702205875 0.5367643609375 0.2665441171875 0.5367643609375 0.2647058828125 0.540441253125 0.2610294125 0.540441253125 0.2591911765625 0.5422793734375 0.257352940625 0.5422793734375 0.242647059375 0.54411749375 0.2408088234375 0.54411749375 0.23713235312499997 0.5477943859375001 0.23345588281250002 0.5477943859375001 0.23161764687500003 0.54963250625 0.22977941249999997 0.54963250625 0.2279411765625 0.553308746875 0.22426470625 0.553308746875 0.22242647031249999 0.5569849875 0.21875 0.5569849875 0.1599264703125 0.5551468671875 0.15808823593750002 0.5551468671875 0.15625 0.553308746875 0.15625 0.5514706265625 0.15441176406249998 0.54411749375 0.15441176406249998 0.5386031328125 0.148897059375 0.5367643609375 0.148897059375 0.534926240625 0.1470588234375 0.53125 0.1470588234375 0.5257349875 0.14154411718749998 0.5238968671875 0.14154411718749998 0.522058746875 0.13970588281250002 0.5165443859375001 0.13970588281250002 0.51286749375 0.1360294125 0.51286749375 0.1341911765625 0.5110293734375 0.132352940625 0.47242624062500005 0.132352940625 0.4705881203125 0.1341911765625 0.4705881203125 0.1360294125 0.4669118796875 0.13970588281250002 0.4613968671875 0.13970588281250002
17 0.615808746875 0.700367646875 0.61213250625 0.7040441171875 0.6102943859375001 0.7040441171875 0.6084556140624999 0.705882353125 0.6047793734375 0.705882353125 0.597426240625 0.71323529375 0.5919118796875 0.71323529375 0.584558746875 0.7205882359375 0.5827206265625 0.7205882359375 0.5772056140624999 0.7261029406249999 0.57536749375 0.7261029406249999 0.5735293734375 0.7279411765625 0.5735293734375 0.799632353125 0.57536749375 0.8014705875000001 0.57536749375 0.8033088234375001 0.5772056140624999 0.8051470593750001 0.5790443859375001 0.8051470593750001 0.58088250625 0.80698529375 0.5827206265625 0.80698529375 0.5882349875 0.8125 0.590073759375 0.8125 0.5919118796875 0.8143382359375 0.59375 0.8143382359375 0.597426240625 0.81801470625 0.597426240625 0.8216911765624999 0.5992643609375 0.8235294124999999 0.5992643609375 0.825367646875 0.597426240625 0.8272058828125 0.597426240625 0.830882353125 0.5955881203125 0.8327205875000001 0.5955881203125 0.83823529375 0.59375 0.8400735296875 0.597426240625 0.84375 0.5992643609375 0.84375 0.6011031328125 0.8455882359375 0.6047793734375 0.8455882359375 0.6084556140624999 0.84926470625 0.6102943859375001 0.84926470625 0.61213250625 0.8511029406249999 0.615808746875 0.8511029406249999 0.621323759375 0.856617646875 0.6231618796875 0.856617646875 0.625 0.8584558828125 0.6305143609375 0.8584558828125 0.6323531328125 0.8602941171875 0.6397056140624999 0.8602941171875 0.6415443859375001 0.8584558828125 0.6507349875 0.8584558828125 0.652573759375 0.856617646875 0.652573759375 0.8547794124999999 0.65625 0.8511029406249999 0.659926240625 0.8511029406249999 0.6617643609375 0.84926470625 0.6636031328125 0.84926470625 0.66911749375 0.84375 0.6727943859375001 0.84375 0.6801468671875 0.8363970593750001 0.683823759375 0.8363970593750001 0.6893381203125 0.830882353125 0.691176240625 0.830882353125 0.6930143609375 0.8290441171875 0.696691253125 0.8290441171875 0.6985293734375 0.8272058828125 0.70036749375 0.8272058828125 0.7022056140624999 0.825367646875 0.7022056140624999 0.8235294124999999 0.70588250625 0.8198529406249999 0.70588250625 0.799632353125 0.7040443859375001 0.7977941171875 0.7040443859375001 0.7775735296875 0.70588250625 0.77573529375 0.70588250625 0.7573529406249999 0.7077206265625 0.75551470625 0.7077206265625 0.737132353125 0.7040443859375001 0.7334558828125 0.7040443859375001 0.7297794125 0.7022056140624999 0.7279411765625 0.70036749375 0.7279411765625 0.6930143609375 0.7205882359375 0.6875 0.7205882359375 0.6801468671875 0.71323529375 0.678308746875 0.71323529375 0.6764706265625 0.7113970593750001 0.67463250625 0.7113970593750001 0.6727943859375001 0.7095588234375 0.6727943859375001 0.7077205875 0.6709556140624999 0.7077205875 0.66911749375 0.705882353125 0.6672793734375 0.705882353125 0.665441253125 0.7040441171875 0.6636031328125 0.7040441171875 0.6580881203125 0.6985294125 0.65625 0.6985294125 0.6544118796875 0.6966911765625 0.652573759375 0.6966911765625 0.647058746875 0.6911764703125 0.628676240625 0.6911764703125 0.621323759375 0.6985294125 0.6194849875 0.6985294125 0.6176468671875 0.700367646875 0.615808746875 0.700367646875
35 0.3952206265625 0.2794117640625 0.38970561406250004 0.28492647031249996 0.38786749375 0.28492647031249996 0.3860293734375 0.28676470625 0.3823531328125 0.28676470625 0.38051501249999997 0.288602940625 0.378676240625 0.288602940625 0.375 0.2922794125 0.3731618796875 0.2922794125 0.36948498750000003 0.2959558828125 0.3676468671875 0.2959558828125 0.3676468671875 0.2977941171875 0.365808746875 0.299632353125 0.3639706265625 0.299632353125 0.3547793734375 0.30882352968750004 0.3547793734375 0.4044117640625 0.35661749375 0.40257352968750004 0.36213250625 0.40257352968750004 0.3639706265625 0.4044117640625 0.3676468671875 0.4044117640625 0.371323759375 0.4080882359375 0.3731618796875 0.4080882359375 0.375 0.40992647031249996 0.3823531328125 0.40992647031249996 0.384191253125 0.41176470624999995 0.38786749375 0.41176470624999995 0.38970561406250004 0.41360294062499997 0.40073498750000003 0.41360294062499997 0.40257375937499995 0.41176470624999995 0.4044118796875 0.41176470624999995 0.40625 0.40992647031249996 0.4227943859375 0.40992647031249996 0.42463250625000004 0.4080882359375 0.43198498750000003 0.4080882359375 0.43382375937499995 0.40992647031249996 0.4356618796875 0.40992647031249996 0.4375 0.41176470624999995 0.4393381203125 0.41176470624999995 0.44117624062500005 0.41360294062499997 0.44852937343750005 0.41360294062499997 0.45036749374999996 0.41176470624999995 0.4540443859375 0.41176470624999995 0.45588250625000004 0.40992647031249996 0.46323498750000003 0.40992647031249996 0.46507375937499995 0.4080882359375 0.4669118796875 0.4080882359375 0.4705881203125 0.4044117640625 0.47242624062500005 0.4044117640625 0.4742643609375 0.40257352968750004 0.48161749374999996 0.40257352968750004 0.4834556140625 0.40073529375000005 0.4834556140625 0.3952205875 0.4852943859375 0.393382353125 0.4852943859375 0.3455882359375 0.4834556140625 0.34375 0.4834556140625 0.30698529375 0.48161749374999996 0.305147059375 0.48161749374999996 0.3033088234375 0.47977937343750005 0.3033088234375 0.477941253125 0.3014705875 0.4742643609375 0.3014705875 0.46875 0.2959558828125 0.4669118796875 0.2959558828125 0.46507375937499995 0.294117646875 0.46323498750000003 0.294117646875 0.4613968671875 0.2922794125 0.459558746875 0.2922794125 0.45588250625000004 0.288602940625 0.4540443859375 0.288602940625 0.4522056140625 0.28676470625 0.45036749374999996 0.28676470625 0.4448531328125 0.28125 0.44117624062500005 0.28125 0.4393381203125 0.2794117640625 0.4356618796875 0.2794117640625 0.43198498750000003 0.27573529375 0.43198498750000003 0.273897059375 0.4301468671875 0.2720588234375 0.4080881203125 0.2720588234375 0.40625 0.273897059375 0.4044118796875 0.273897059375 0.3988968671875 0.2794117640625 0.3952206265625 0.2794117640625
37 0.615808746875 0.4209558828125 0.61213250625 0.4209558828125 0.6084556140624999 0.424632353125 0.60661749375 0.424632353125 0.6047793734375 0.4264705875 0.602941253125 0.4264705875 0.6011031328125 0.4283088234375 0.5992643609375 0.4283088234375 0.5955881203125 0.43198529375000005 0.59375 0.43198529375000005 0.5919118796875 0.43382352968750004 0.590073759375 0.43382352968750004 0.5882349875 0.4356617640625 0.5863968671875 0.4356617640625 0.5827206265625 0.4393382359375 0.58088250625 0.4393382359375 0.5790443859375001 0.44117647031249996 0.5772056140624999 0.44117647031249996 0.5735293734375 0.44485294062499997 0.5735293734375 0.4466911765625 0.571691253125 0.4485294125 0.571691253125 0.450367646875 0.5698531328125 0.4522058828125 0.5698531328125 0.4669117640625 0.571691253125 0.46875 0.571691253125 0.47610294062499997 0.5698531328125 0.4779411765625 0.5698531328125 0.5606617640625 0.590073759375 0.5606617640625 0.5882349875 0.5588235296875 0.584558746875 0.5588235296875 0.57536749375 0.549632353125 0.5735293734375 0.549632353125 0.571691253125 0.5477941171875 0.571691253125 0.544117646875 0.5735293734375 0.5422794125 0.58088250625 0.5422794125 0.5827206265625 0.544117646875 0.5863968671875 0.544117646875 0.590073759375 0.5477941171875 0.5919118796875 0.5477941171875 0.59375 0.549632353125 0.6102943859375001 0.549632353125 0.6102943859375001 0.5477941171875 0.6139706265625 0.544117646875 0.615808746875 0.5459558828125 0.6176468671875 0.5459558828125 0.6194849875 0.5477941171875 0.6268381203125 0.5477941171875 0.628676240625 0.549632353125 0.6305143609375 0.5477941171875 0.6360293734375 0.5477941171875 0.63786749375 0.549632353125 0.6452206265625 0.549632353125 0.647058746875 0.5477941171875 0.6507349875 0.5477941171875 0.652573759375 0.549632353125 0.6544118796875 0.549632353125 0.65625 0.5514705875 0.6636031328125 0.5514705875 0.665441253125 0.549632353125 0.6709556140624999 0.549632353125 0.678308746875 0.5422794125 0.6856618796875 0.5422794125 0.6875 0.5404411765625 0.6930143609375 0.5404411765625 0.696691253125 0.53676470625 0.6985293734375 0.53676470625 0.70036749375 0.5349264703125 0.7022056140624999 0.5349264703125 0.7040443859375001 0.5330882359375 0.7040443859375001 0.450367646875 0.7022056140624999 0.4485294125 0.7022056140624999 0.4466911765625 0.696691253125 0.44117647031249996 0.6948531328125 0.44117647031249996 0.6875 0.43382352968750004 0.683823759375 0.43382352968750004 0.6819849875 0.43198529375000005 0.6801468671875 0.43198529375000005 0.6764706265625 0.4283088234375 0.67463250625 0.4283088234375 0.6727943859375001 0.4264705875 0.6672793734375 0.4264705875 0.665441253125 0.424632353125 0.6617643609375 0.424632353125 0.6580881203125 0.4209558828125 0.6544118796875 0.4209558828125 0.652573759375 0.419117646875 0.6305143609375 0.419117646875 0.628676240625 0.4172794125 0.6268381203125 0.4172794125 0.625 0.419117646875 0.6176468671875 0.419117646875 0.615808746875 0.4209558828125
0 0.7702206265625 0.4172794125 0.76838250625 0.419117646875 0.7610293734375 0.419117646875 0.753676240625 0.4264705875 0.7518381203125 0.4264705875 0.75 0.4283088234375 0.7481618796875 0.4283088234375 0.7444849875 0.43198529375000005 0.7426468671875 0.43198529375000005 0.740808746875 0.43382352968750004 0.7389706265625 0.43382352968750004 0.73713250625 0.4356617640625 0.7352943859375001 0.4356617640625 0.7352943859375001 0.4375 0.7334556140624999 0.4393382359375 0.73161749375 0.4393382359375 0.7297793734375 0.44117647031249996 0.727941253125 0.44117647031249996 0.7261031328125 0.44301470624999995 0.7242643609375 0.44301470624999995 0.7205881203125 0.4466911765625 0.7205881203125 0.4485294125 0.7169118796875 0.4522058828125 0.7169118796875 0.5349264703125 0.7205881203125 0.5386029406249999 0.722426240625 0.5386029406249999 0.7242643609375 0.5404411765625 0.7261031328125 0.5404411765625 0.727941253125 0.5422794125 0.7334556140624999 0.5422794125 0.7352943859375001 0.544117646875 0.7389706265625 0.544117646875 0.7426468671875 0.5477941171875 0.746323759375 0.5477941171875 0.7481618796875 0.549632353125 0.75 0.549632353125 0.7518381203125 0.5514705875 0.753676240625 0.5514705875 0.7555143609375 0.5533088234375 0.7555143609375 0.5551470593750001 0.7573531328125 0.5551470593750001 0.759191253125 0.55698529375 0.7610293734375 0.55698529375 0.76838250625 0.5643382359375 0.7757349875 0.5643382359375 0.7830881203125 0.5716911765625 0.784926240625 0.5698529406249999 0.790441253125 0.5698529406249999 0.7922793734375 0.56801470625 0.79411749375 0.56801470625 0.7977943859375001 0.5643382359375 0.8033087468750001 0.5643382359375 0.8051468671875 0.5625 0.8106618796875 0.5625 0.816176240625 0.55698529375 0.8180143609374999 0.55698529375 0.8198531328125 0.5551470593750001 0.8216912531249999 0.5551470593750001 0.82536749375 0.5514705875 0.8272056140625 0.5514705875 0.8290443859375 0.549632353125 0.8327206265625 0.549632353125 0.8345587468750001 0.5477941171875 0.8363968671875 0.5477941171875 0.8363968671875 0.5459558828125 0.840073759375 0.5422794125 0.84375 0.5422794125 0.8492643609374999 0.53676470625 0.8492643609374999 0.450367646875 0.8455881203125 0.4466911765625 0.8455881203125 0.44485294062499997 0.8419118796875 0.44117647031249996 0.840073759375 0.44117647031249996 0.8345587468750001 0.4356617640625 0.8327206265625 0.4356617640625 0.83088250625 0.43382352968750004 0.8272056140625 0.43382352968750004 0.82536749375 0.43198529375000005 0.8235293734375 0.43198529375000005 0.8216912531249999 0.43014705937500003 0.8216912531249999 0.4283088234375 0.8198531328125 0.4283088234375 0.8180143609374999 0.4264705875 0.816176240625 0.4264705875 0.8143381203125 0.424632353125 0.8125 0.424632353125 0.808823759375 0.4209558828125 0.8069849874999999 0.4209558828125 0.8051468671875 0.419117646875 0.8014706265625 0.419117646875 0.79963250625 0.4172794125 0.7977943859375001 0.4172794125 0.79411749375 0.41360294062499997 0.7922793734375 0.41360294062499997 0.790441253125 0.41176470624999995 0.78125 0.41176470624999995 0.7794118796875 0.41360294062499997 0.7757349875 0.41360294062499997 0.772058746875 0.4172794125 0.7702206265625 0.4172794125
0 0.1801468671875 0.419117646875 0.17279438593750002 0.4264705875 0.165441253125 0.4264705875 0.1580881203125 0.43382352968750004 0.15625 0.43382352968750004 0.1507349875 0.4393382359375 0.1488968671875 0.4393382359375 0.147058746875 0.44117647031249996 0.1452206265625 0.44117647031249996 0.14338250624999999 0.44301470624999995 0.14154438593750002 0.44301470624999995 0.13970561406249998 0.44485294062499997 0.13970561406249998 0.4466911765625 0.13786749375000001 0.4485294125 0.1360293734375 0.4485294125 0.134191253125 0.450367646875 0.134191253125 0.5386029406249999 0.1360293734375 0.5404411765625 0.13786749375000001 0.5404411765625 0.13970561406249998 0.5422794125 0.14338250624999999 0.5422794125 0.147058746875 0.5459558828125 0.147058746875 0.5477941171875 0.1488968671875 0.549632353125 0.15625 0.549632353125 0.1636031328125 0.55698529375 0.1672793734375 0.55698529375 0.16911749375000001 0.5588235296875 0.17095561406249998 0.5588235296875 0.17463250624999999 0.5625 0.1764706265625 0.5625 0.178308746875 0.5643382359375 0.183823759375 0.5643382359375 0.1856618796875 0.5661764703125 0.2022056140625 0.5661764703125 0.20588250624999999 0.5625 0.2077206265625 0.5625 0.2113968671875 0.5588235296875 0.21691187968749998 0.5588235296875 0.21875 0.55698529375 0.222426240625 0.55698529375 0.2242650125 0.5551470593750001 0.2261031328125 0.5551470593750001 0.23161749375000001 0.549632353125 0.23713250624999999 0.549632353125 0.2389706265625 0.5477941171875 0.24080874687499998 0.5477941171875 0.24816187968749998 0.5404411765625 0.24816187968749998 0.5294117640625 0.25 0.5275735296875 0.25 0.5238970593750001 0.253676240625 0.5202205875 0.253676240625 0.518382353125 0.25551501249999997 0.5165441171875 0.25551501249999997 0.512867646875 0.2573531328125 0.5110294125 0.2573531328125 0.5091911765625 0.259191253125 0.5073529406249999 0.2610293734375 0.5073529406249999 0.26470561406250004 0.5036764703125 0.26470561406250004 0.4669117640625 0.26286749375 0.46507352968750004 0.26286749375 0.455882353125 0.26470561406250004 0.4540441171875 0.26470561406250004 0.450367646875 0.26286749375 0.4485294125 0.26286749375 0.4466911765625 0.2610293734375 0.44485294062499997 0.2610293734375 0.44301470624999995 0.259191253125 0.44301470624999995 0.2573531328125 0.44117647031249996 0.253676240625 0.44117647031249996 0.2518381203125 0.4393382359375 0.25 0.4393382359375 0.24816187968749998 0.4375 0.24816187968749998 0.4356617640625 0.246323759375 0.4356617640625 0.2444849875 0.43382352968750004 0.24080874687499998 0.43382352968750004 0.2389706265625 0.43198529375000005 0.23713250624999999 0.43198529375000005 0.2334556140625 0.4283088234375 0.23161749375000001 0.4283088234375 0.2297793734375 0.4264705875 0.2261031328125 0.4264705875 0.2242650125 0.424632353125 0.222426240625 0.424632353125 0.21875 0.4209558828125 0.21691187968749998 0.4209558828125 0.215073759375 0.419117646875 0.2113968671875 0.419117646875 0.20588250624999999 0.41360294062499997 0.2040443859375 0.41360294062499997 0.2022056140625 0.41176470624999995 0.1930150125 0.41176470624999995 0.1893381203125 0.4154411765625 0.1875 0.4154411765625 0.183823759375 0.419117646875 0.1801468671875 0.419117646875
26 0.597426240625 0.125 0.5955881203125 0.12683823593750002 0.5955881203125 0.1286764703125 0.59375 0.13051470625 0.5919118796875 0.13051470625 0.590073759375 0.132352940625 0.584558746875 0.132352940625 0.5827206265625 0.1341911765625 0.58088250625 0.1341911765625 0.58088250625 0.1360294125 0.5772056140624999 0.13970588281250002 0.57536749375 0.13970588281250002 0.5735293734375 0.14154411718749998 0.5735293734375 0.143382353125 0.5698531328125 0.1470588234375 0.5698531328125 0.1599264703125 0.571691253125 0.1599264703125 0.5735293734375 0.16176470625 0.5790443859375001 0.16176470625 0.58088250625 0.1599264703125 0.584558746875 0.1599264703125 0.5863968671875 0.15808823593750002 0.5863968671875 0.15625 0.590073759375 0.1525735296875 0.5992643609375 0.1525735296875 0.6011031328125 0.15073529375 0.6011031328125 0.148897059375 0.6047793734375 0.1452205875 0.60661749375 0.1452205875 0.6084556140624999 0.143382353125 0.6102943859375001 0.143382353125 0.6139706265625 0.13970588281250002 0.615808746875 0.13970588281250002 0.6176468671875 0.137867646875 0.621323759375 0.137867646875 0.6231618796875 0.1360294125 0.6231618796875 0.12683823593750002 0.621323759375 0.125 0.6194849875 0.125 0.615808746875 0.1213235296875 0.60661749375 0.1213235296875 0.6047793734375 0.12316176406249998 0.602941253125 0.12316176406249998 0.6011031328125 0.125 0.597426240625 0.125
36 0.7022056140624999 0.5551470593750001 0.70036749375 0.55698529375 0.6985293734375 0.55698529375 0.696691253125 0.5588235296875 0.6930143609375 0.5588235296875 0.691176240625 0.5606617640625 0.6893381203125 0.5606617640625 0.6856618796875 0.5643382359375 0.683823759375 0.5643382359375 0.6819849875 0.5661764703125 0.678308746875 0.5661764703125 0.6727943859375001 0.5716911765625 0.6709556140624999 0.5716911765625 0.6709556140624999 0.5735294125 0.66911749375 0.575367646875 0.66911749375 0.5919117640625 0.6672793734375 0.59375 0.6672793734375 0.5955882359375 0.659926240625 0.6029411765625 0.6580881203125 0.6029411765625 0.65625 0.6047794125 0.6544118796875 0.6047794125 0.6544118796875 0.606617646875 0.652573759375 0.6084558828125 0.6507349875 0.6084558828125 0.6488968671875 0.6102941171875 0.647058746875 0.6102941171875 0.6452206265625 0.612132353125 0.6452206265625 0.6764705875 0.6507349875 0.68198529375 0.6544118796875 0.68198529375 0.65625 0.6838235296875 0.6580881203125 0.6838235296875 0.6636031328125 0.6893382359375 0.665441253125 0.6893382359375 0.6672793734375 0.6911764703125 0.66911749375 0.6911764703125 0.6727943859375001 0.6948529406249999 0.67463250625 0.6948529406249999 0.6764706265625 0.6966911765625 0.6819849875 0.6966911765625 0.683823759375 0.6985294125 0.6856618796875 0.6985294125 0.691176240625 0.7040441171875 0.6930143609375 0.7040441171875 0.6948531328125 0.705882353125 0.696691253125 0.705882353125 0.7022056140624999 0.7113970593750001 0.7040443859375001 0.7113970593750001 0.70588250625 0.7095588234375 0.7113968671875 0.7095588234375 0.7132349875 0.7077205875 0.715073759375 0.7077205875 0.7205881203125 0.7022058828125 0.7205881203125 0.700367646875 0.71875 0.6985294125 0.71875 0.6966911765625 0.7169118796875 0.6948529406249999 0.722426240625 0.6893382359375 0.7426468671875 0.6893382359375 0.7444849875 0.6875 0.7481618796875 0.6875 0.75 0.6856617640625 0.753676240625 0.6856617640625 0.7555143609375 0.6875 0.76286749375 0.6875 0.7647056140624999 0.6856617640625 0.7665443859375001 0.6856617640625 0.76838250625 0.6838235296875 0.7702206265625 0.6838235296875 0.772058746875 0.68198529375 0.7738968671875 0.68198529375 0.777573759375 0.6783088234375 0.777573759375 0.612132353125 0.7757349875 0.6102941171875 0.7757349875 0.5919117640625 0.772058746875 0.58823529375 0.76838250625 0.58823529375 0.76286749375 0.5827205875 0.7610293734375 0.5827205875 0.759191253125 0.580882353125 0.7573531328125 0.580882353125 0.7555143609375 0.5790441171875 0.753676240625 0.5790441171875 0.7518381203125 0.5772058828125 0.75 0.5772058828125 0.7481618796875 0.575367646875 0.7444849875 0.575367646875 0.71875 0.5588235296875 0.71875 0.55698529375 0.7169118796875 0.5551470593750001 0.7169118796875 0.5533088234375 0.7113968671875 0.5533088234375 0.709558746875 0.5514705875 0.7077206265625 0.5533088234375 0.70588250625 0.5533088234375 0.7040443859375001 0.5551470593750001 0.7022056140624999 0.5551470593750001
34 0.1856618796875 0.6544117640625 0.183823759375 0.65625 0.1819849875 0.65625 0.1819849875 0.6580882359375 0.1801468671875 0.6599264703125 0.1801468671875 0.6893382359375 0.183823759375 0.69301470625 0.183823759375 0.6948529406249999 0.1856618796875 0.6966911765625 0.21691187968749998 0.6966911765625 0.21875 0.6948529406249999 0.21875 0.69301470625 0.222426240625 0.6893382359375 0.222426240625 0.6727941171875 0.22058812031250002 0.6709558828125 0.22058812031250002 0.6654411765625 0.21875 0.6636029406249999 0.21875 0.65625 0.21691187968749998 0.6544117640625 0.215073759375 0.6544117640625 0.2113968671875 0.65073529375 0.2113968671875 0.6488970593750001 0.2077206265625 0.6452205875 0.1930150125 0.6452205875 0.191176240625 0.6470588234375 0.191176240625 0.65073529375 0.1875 0.6544117640625 0.1856618796875 0.6544117640625
0 0.28676501249999997 0.44485294062499997 0.28676501249999997 0.4540441171875 0.284926240625 0.455882353125 0.284926240625 0.4705882359375 0.2830881203125 0.47242647031249996 0.2830881203125 0.4981617640625 0.284926240625 0.5 0.284926240625 0.5036764703125 0.28676501249999997 0.50551470625 0.28676501249999997 0.5091911765625 0.29411749375 0.5165441171875 0.29411749375 0.53125 0.29595561406250004 0.5330882359375 0.29595561406250004 0.5349264703125 0.29779438593749996 0.53676470625 0.29779438593749996 0.5386029406249999 0.29963250625 0.5404411765625 0.29963250625 0.5459558828125 0.3014706265625 0.5477941171875 0.3014706265625 0.5514705875 0.3051468671875 0.5551470593750001 0.30698498750000003 0.5551470593750001 0.308823759375 0.55698529375 0.3125 0.55698529375 0.31801501249999997 0.5625 0.3198531328125 0.5625 0.321691253125 0.5643382359375 0.32720561406250004 0.5643382359375 0.334558746875 0.5716911765625 0.3419118796875 0.5716911765625 0.34375 0.5735294125 0.34926501249999997 0.5735294125 0.3511031328125 0.5716911765625 0.35661749375 0.5716911765625 0.3639706265625 0.5643382359375 0.3676468671875 0.5643382359375 0.36948498750000003 0.5625 0.371323759375 0.5625 0.3768381203125 0.55698529375 0.38051501249999997 0.55698529375 0.3823531328125 0.5551470593750001 0.384191253125 0.5551470593750001 0.38786749375 0.5514705875 0.38970561406250004 0.5514705875 0.39154438593749996 0.549632353125 0.3952206265625 0.549632353125 0.40073498750000003 0.544117646875 0.40257375937499995 0.544117646875 0.40992624062500005 0.53676470625 0.40992624062500005 0.47426470624999995 0.4080881203125 0.47242647031249996 0.4080881203125 0.46875 0.40073498750000003 0.46139705937500003 0.3988968671875 0.46139705937500003 0.3952206265625 0.4577205875 0.3952206265625 0.44301470624999995 0.39338250625 0.44117647031249996 0.39338250625 0.4375 0.39154438593749996 0.4356617640625 0.38970561406250004 0.4356617640625 0.38786749375 0.43382352968750004 0.346351175 0.407357353125 0.29411749375 0.44485294062499997 0.2922793734375 0.44301470624999995 0.2886031328125 0.44301470624999995 0.28676501249999997 0.44485294062499997
37 0.3660744125 0.5845110296875 0.36423629218750003 0.5863492640625 0.362398171875 0.5863492640625 0.3587212796875 0.5900257359375 0.3550450390625 0.5900257359375 0.35320691875 0.5918639703124999 0.35320691875 0.6837757359375 0.35688315937500004 0.6837757359375 0.3605594 0.6874522062499999 0.3605594 0.689290440625 0.362398171875 0.689290440625 0.36423629218750003 0.6911286765625 0.369750653125 0.6911286765625 0.3771037859375 0.6984816171875 0.37894190625 0.6984816171875 0.3807800265625 0.700319853125 0.3826187984375 0.700319853125 0.3862950390625 0.7039963234375 0.38813315937500004 0.7039963234375 0.3899712796875 0.7058345593750001 0.393648171875 0.7058345593750001 0.401000653125 0.7131875 0.40835378593750005 0.7131875 0.4138687984375 0.7187022062499999 0.41570691875000004 0.7187022062499999 0.41754503906249996 0.720540440625 0.4212212796875 0.720540440625 0.4230594 0.7187022062499999 0.42489817187499995 0.7187022062499999 0.4304125328125 0.7131875 0.437765665625 0.7131875 0.4432800265625 0.70767279375 0.4451187984375 0.70767279375 0.44695691875000004 0.7058345593750001 0.450633159375 0.7058345593750001 0.45614817187499995 0.700319853125 0.4579862921875 0.700319853125 0.4598244125 0.6984816171875 0.4616625328125 0.6984816171875 0.4653387734375 0.6948051468750001 0.4653387734375 0.6856139703124999 0.463500653125 0.6837757359375 0.463500653125 0.6653933828125 0.4653387734375 0.6635551468750001 0.4653387734375 0.6617169125 0.4671775453125 0.6598786765625 0.4671775453125 0.6562022062499999 0.469015665625 0.6543639703124999 0.469015665625 0.6525257359375 0.4745300265625 0.6470110296875 0.47820691875000004 0.6470110296875 0.48004503906249996 0.64517279375 0.481883159375 0.64517279375 0.4837212796875 0.6433345593750001 0.4837212796875 0.6396580875 0.4855594 0.637819853125 0.4855594 0.6175992640625 0.4837212796875 0.6157610296875 0.4855594 0.61392279375 0.4855594 0.5973786765625 0.4837212796875 0.595540440625 0.4837212796875 0.5918639703124999 0.481883159375 0.5900257359375 0.45401109687499996 0.5723683828125 0.42031135781250006 0.552132353125 0.3771037859375 0.5808345593750001 0.375265665625 0.58267279375 0.3734275453125 0.58267279375 0.37158877343749996 0.5845110296875 0.3660744125 0.5845110296875
34 0.6231618796875 0.367647059375 0.6194849875 0.367647059375 0.6176468671875 0.36948529375 0.6176468671875 0.40992647031249996 0.6231618796875 0.40992647031249996 0.625 0.41176470624999995 0.6544118796875 0.41176470624999995 0.65625 0.40992647031249996 0.6580881203125 0.40992647031249996 0.659926240625 0.4080882359375 0.659926240625 0.3768382359375 0.6580881203125 0.375 0.65625 0.375 0.652573759375 0.37132352968750004 0.652573759375 0.36948529375 0.6507349875 0.367647059375 0.6488968671875 0.367647059375 0.6452206265625 0.3639705875 0.6452206265625 0.3602941171875 0.628676240625 0.3602941171875 0.628676240625 0.3639705875 0.6268381203125 0.3658088234375 0.625 0.3658088234375 0.6231618796875 0.367647059375
35 0.44142493437499997 0.4522058828125 0.435910575 0.4577205875 0.4340724546875 0.4577205875 0.4340724546875 0.4669117640625 0.43223433437500003 0.46875 0.43223433437500003 0.4779411765625 0.4340724546875 0.4797794125 0.4340724546875 0.487132353125 0.43223433437500003 0.4889705875 0.43223433437500003 0.5202205875 0.43039556093750003 0.5220588234375 0.43039556093750003 0.5349264703125 0.43223433437500003 0.53676470625 0.43223433437500003 0.5386029406249999 0.4340724546875 0.5404411765625 0.4340724546875 0.5422794125 0.435910575 0.5422794125 0.4432637078125 0.549632353125 0.44693994843749996 0.549632353125 0.4487780671875 0.5514705875 0.4506161875 0.5514705875 0.45429308125 0.5551470593750001 0.4561312015625 0.5551470593750001 0.457969321875 0.55698529375 0.459807440625 0.55698529375 0.467160575 0.5643382359375 0.47267493437499997 0.5643382359375 0.4800280671875 0.5716911765625 0.4818661875 0.5716911765625 0.4837049609375 0.5735294125 0.48554308125 0.5735294125 0.489219321875 0.5772058828125 0.491057440625 0.575367646875 0.49289556093750003 0.575367646875 0.49473433437500003 0.5735294125 0.498410575 0.5735294125 0.5002486937499999 0.5716911765625 0.503924934375 0.5716911765625 0.5112780671875 0.5643382359375 0.51679308125 0.5643382359375 0.5241455609375001 0.55698529375 0.525984334375 0.55698529375 0.5278224546875 0.5551470593750001 0.5296605750000001 0.5551470593750001 0.5314986937499999 0.5533088234375 0.5333368140625 0.5533088234375 0.535174934375 0.5514705875 0.5370137078125 0.5514705875 0.538851828125 0.549632353125 0.5425280671875 0.549632353125 0.54804308125 0.544117646875 0.5498812015625 0.544117646875 0.5517193218750001 0.5422794125 0.553557440625 0.5422794125 0.557234334375 0.5386029406249999 0.557234334375 0.5349264703125 0.5590724546875 0.5330882359375 0.5590724546875 0.47242647031249996 0.557234334375 0.4705882359375 0.557234334375 0.4522058828125 0.553557440625 0.4485294125 0.54804308125 0.4485294125 0.5462049609374999 0.4466911765625 0.49347323750000005 0.40682132343750005 0.445101828125 0.43382352968750004 0.4432637078125 0.4356617640625 0.4432637078125 0.4375 0.44142493437499997 0.4393382359375 0.44142493437499997 0.4522058828125
31 0.4301468671875 0.2702205875 0.4393381203125 0.2610294125 0.4393381203125 0.23161764687500003 0.42647062656249995 0.21875 0.40992624062500005 0.21875 0.3988968671875 0.22977941249999997 0.3988968671875 0.262867646875 0.40625 0.2702205875 0.4301468671875 0.2702205875
25 0.42647062656249995 0.2095588234375 0.42647062656249995 0.1966911765625 0.428308746875 0.194852940625 0.428308746875 0.19301470625 0.42647062656249995 0.1911764703125 0.42647062656249995 0.17279411718749998 0.42463250625000004 0.17095588281250002 0.42463250625000004 0.163602940625 0.4136031328125 0.163602940625 0.4136031328125 0.21507352968750001 0.42463250625000004 0.21507352968750001 0.42463250625000004 0.211397059375 0.42647062656249995 0.2095588234375
35 0.21343015625 0.5901338234375 0.21343015625 0.6507955875 0.21526827656249997 0.6526338234375 0.217106396875 0.6526338234375 0.22078328906250003 0.65631029375 0.22078328906250003 0.669177940625 0.222621409375 0.6710161765625 0.222621409375 0.6783691171874999 0.2244595296875 0.6802073531249999 0.2244595296875 0.6820455875 0.22629765000000002 0.6838838234375 0.22629765000000002 0.6912367640625 0.22813577031249999 0.693075 0.22813577031249999 0.6949132359375 0.23181266250000002 0.69858970625 0.23365078281249999 0.69858970625 0.23548890312499998 0.700427940625 0.23548890312499998 0.7022661765625 0.2373270234375 0.7022661765625 0.23916514375000003 0.7041044125 0.24651827656249997 0.7041044125 0.2501945171875 0.7077808828125 0.2501945171875 0.7096191171874999 0.2520332890625 0.7114573531249999 0.25754765 0.7114573531249999 0.2593857703125 0.7132955875 0.26122454375 0.7132955875 0.266738903125 0.71881029375 0.27593015625 0.71881029375 0.27776827656249997 0.716972059375 0.279606396875 0.716972059375 0.2832832890625 0.7132955875 0.28512140937499997 0.7132955875 0.2869595296875 0.7114573531249999 0.2906357703125 0.7114573531249999 0.297988903125 0.7041044125 0.30350391718749997 0.7041044125 0.310856396875 0.6967514703125001 0.31637140937499997 0.6967514703125001 0.3182095296875 0.6949132359375 0.32004765 0.6949132359375 0.3255626625 0.6893985296875 0.32740078281249996 0.6893985296875 0.33475391718749997 0.6820455875 0.3365920359375 0.6820455875 0.342106396875 0.6765308828125 0.342106396875 0.5974867640625 0.33843015625 0.59381029375 0.33843015625 0.591972059375 0.3365920359375 0.5901338234375 0.33475391718749997 0.5901338234375 0.33291514375000003 0.5882955875 0.3310770234375 0.5901338234375 0.28613707499999996 0.5595338234375 0.26443276718750003 0.5593727937499999 0.217106396875 0.5882955875 0.21526827656249997 0.5882955875 0.21343015625 0.5901338234375
36 0.553308746875 0.5588235296875 0.54963250625 0.5625 0.5477943859375001 0.5625 0.5459556140624999 0.5643382359375 0.54411749375 0.5643382359375 0.5422793734375 0.5661764703125 0.5386031328125 0.5661764703125 0.5367643609375 0.56801470625 0.534926240625 0.56801470625 0.5330881203125 0.5698529406249999 0.53125 0.5698529406249999 0.527573759375 0.5735294125 0.5238968671875 0.5735294125 0.51838250625 0.5790441171875 0.5165443859375001 0.5790441171875 0.5147056140624999 0.580882353125 0.5110293734375 0.580882353125 0.503676240625 0.58823529375 0.5018381203125 0.58823529375 0.4981618796875 0.5919117640625 0.4981618796875 0.59375 0.49632375937499995 0.5955882359375 0.49632375937499995 0.6470588234375 0.5 0.65073529375 0.5 0.65625 0.5110293734375 0.6672794125 0.51838250625 0.6672794125 0.522058746875 0.6709558828125 0.522058746875 0.6727941171875 0.5238968671875 0.674632353125 0.5238968671875 0.6764705875 0.527573759375 0.6801470593750001 0.5257349875 0.68198529375 0.5257349875 0.6875 0.527573759375 0.6893382359375 0.527573759375 0.6911764703125 0.5294118796875 0.69301470625 0.5294118796875 0.6948529406249999 0.53125 0.6948529406249999 0.5330881203125 0.6966911765625 0.540441253125 0.6966911765625 0.5422793734375 0.6985294125 0.54411749375 0.6985294125 0.5477943859375001 0.7022058828125 0.54963250625 0.7022058828125 0.5514706265625 0.7040441171875 0.5551468671875 0.7040441171875 0.5606618796875 0.7095588234375 0.5698531328125 0.7095588234375 0.57536749375 0.7040441171875 0.5772056140624999 0.7040441171875 0.5790443859375001 0.7022058828125 0.5790443859375001 0.6948529406249999 0.5827206265625 0.6911764703125 0.59375 0.6911764703125 0.5955881203125 0.6893382359375 0.61213250625 0.6893382359375 0.6139706265625 0.6875 0.615808746875 0.6875 0.615808746875 0.6856617640625 0.6176468671875 0.6838235296875 0.6194849875 0.6838235296875 0.621323759375 0.68198529375 0.625 0.68198529375 0.6268381203125 0.6801470593750001 0.628676240625 0.6801470593750001 0.628676240625 0.6783088234375 0.6305143609375 0.6764705875 0.6305143609375 0.6139705875 0.625 0.6084558828125 0.6231618796875 0.6084558828125 0.6102943859375001 0.5955882359375 0.6102943859375001 0.59375 0.6084556140624999 0.5919117640625 0.6084556140624999 0.5827205875 0.60661749375 0.580882353125 0.60661749375 0.5790441171875 0.602941253125 0.575367646875 0.602941253125 0.5735294125 0.6011031328125 0.5716911765625 0.6011031328125 0.5698529406249999 0.5992643609375 0.56801470625 0.59375 0.56801470625 0.5919118796875 0.5661764703125 0.584558746875 0.5661764703125 0.5827206265625 0.5643382359375 0.58088250625 0.5643382359375 0.5772056140624999 0.5606617640625 0.5772056140624999 0.5588235296875 0.57536749375 0.5588235296875 0.5735293734375 0.55698529375 0.5735293734375 0.5551470593750001 0.571691253125 0.5533088234375 0.5698531328125 0.5533088234375 0.5680143609375 0.5514705875 0.5643381203125 0.5514705875 0.5625 0.5533088234375 0.5606618796875 0.5533088234375 0.5551468671875 0.5588235296875 0.553308746875 0.5588235296875
7 0.665441253125 0.8345588234375001 0.6672793734375 0.8345588234375001 0.6672793734375 0.7775735296875 0.6084556140624999 0.7775735296875 0.6084556140624999 0.8345588234375001 0.6102943859375001 0.8363970593750001 0.6636031328125 0.8363970593750001 0.665441253125 0.8345588234375001
12 0.665441253125 0.2095588234375 0.61213250625 0.2095588234375 0.61213250625 0.268382353125 0.6636031328125 0.268382353125 0.665441253125 0.2665441171875 0.665441253125 0.2095588234375
26 0.522058746875 0.71323529375 0.5238968671875 0.71323529375 0.527573759375 0.7169117640625 0.5294118796875 0.7169117640625 0.53125 0.71875 0.5330881203125 0.71875 0.5367643609375 0.7224264703125 0.5367643609375 0.72426470625 0.5386031328125 0.7261029406249999 0.5477943859375001 0.7261029406249999 0.5514706265625 0.7297794125 0.5606618796875 0.7297794125 0.5625 0.7279411765625 0.5625 0.7150735296875 0.5569849875 0.7095588234375 0.5569849875 0.7077205875 0.5551468671875 0.705882353125 0.5459556140624999 0.705882353125 0.5422793734375 0.7022058828125 0.5422793734375 0.700367646875 0.540441253125 0.6985294125 0.5386031328125 0.6985294125 0.5367643609375 0.6966911765625 0.534926240625 0.6966911765625 0.5330881203125 0.6948529406249999 0.5294118796875 0.6948529406249999 0.527573759375 0.6966911765625 0.522058746875 0.6966911765625 0.5202206265625 0.6948529406249999 0.5202206265625 0.69301470625 0.5147056140624999 0.69301470625 0.5147056140624999 0.7077205875 0.51838250625 0.7113970593750001 0.5202206265625 0.7113970593750001 0.522058746875 0.71323529375
28 0.6636031328125 0.2720588234375 0.65625 0.2794117640625 0.6488968671875 0.2794117640625 0.647058746875 0.28125 0.647058746875 0.2830882359375 0.64338250625 0.28676470625 0.6415443859375001 0.28676470625 0.6397056140624999 0.288602940625 0.6397056140624999 0.3014705875 0.6415443859375001 0.3033088234375 0.6415443859375001 0.305147059375 0.652573759375 0.305147059375 0.652573759375 0.3033088234375 0.65625 0.299632353125 0.6580881203125 0.299632353125 0.665441253125 0.2922794125 0.6727943859375001 0.2922794125 0.67463250625 0.2904411765625 0.67463250625 0.288602940625 0.678308746875 0.28492647031249996 0.6856618796875 0.28492647031249996 0.6930143609375 0.27757352968750004 0.6948531328125 0.27757352968750004 0.696691253125 0.27573529375 0.696691253125 0.2665441171875 0.6985293734375 0.2647058828125 0.6985293734375 0.262867646875 0.6819849875 0.262867646875 0.6801468671875 0.2647058828125 0.6727943859375001 0.2647058828125 0.665441253125 0.2720588234375 0.6636031328125 0.2720588234375
25 0.45036749374999996 0.12683823593750002 0.4448531328125 0.132352940625 0.4430143609375 0.132352940625 0.4356618796875 0.13970588281250002 0.428308746875 0.13970588281250002 0.42647062656249995 0.14154411718749998 0.42647062656249995 0.143382353125 0.4227943859375 0.1470588234375 0.4227943859375 0.1599264703125 0.42647062656249995 0.1599264703125 0.428308746875 0.16176470625 0.4301468671875 0.16176470625 0.43198498750000003 0.1599264703125 0.4375 0.1599264703125 0.4393381203125 0.15808823593750002 0.4393381203125 0.15625 0.4430143609375 0.1525735296875 0.4522056140625 0.1525735296875 0.4540443859375 0.15073529375 0.4540443859375 0.148897059375 0.45772062656249995 0.1452205875 0.4613968671875 0.1452205875 0.46323498750000003 0.143382353125 0.46507375937499995 0.143382353125 0.46875 0.13970588281250002 0.4705881203125 0.13970588281250002 0.47242624062500005 0.137867646875 0.4742643609375 0.137867646875 0.4761031328125 0.1360294125 0.4761031328125 0.12683823593750002 0.4742643609375 0.125 0.47242624062500005 0.125 0.46875 0.1213235296875 0.46323498750000003 0.1213235296875 0.459558746875 0.125 0.4540443859375 0.125 0.4522056140625 0.12683823593750002 0.45036749374999996 0.12683823593750002
27 0.683823759375 0.544117646875 0.6819849875 0.5459558828125 0.6801468671875 0.5459558828125 0.6764706265625 0.549632353125 0.67463250625 0.549632353125 0.6727943859375001 0.5514705875 0.6709556140624999 0.5514705875 0.66911749375 0.5533088234375 0.66911749375 0.5551470593750001 0.665441253125 0.5588235296875 0.6636031328125 0.5588235296875 0.6617643609375 0.5606617640625 0.659926240625 0.5606617640625 0.659926240625 0.5625 0.6580881203125 0.5643382359375 0.6580881203125 0.5735294125 0.6672793734375 0.5735294125 0.66911749375 0.5716911765625 0.6801468671875 0.5716911765625 0.6819849875 0.5698529406249999 0.6819849875 0.56801470625 0.6856618796875 0.5643382359375 0.6875 0.5643382359375 0.6930143609375 0.5588235296875 0.6948531328125 0.5588235296875 0.696691253125 0.55698529375 0.7022056140624999 0.55698529375 0.7040443859375001 0.5551470593750001 0.7040443859375001 0.5533088234375 0.7077206265625 0.549632353125 0.709558746875 0.549632353125 0.709558746875 0.53676470625 0.6930143609375 0.53676470625 0.691176240625 0.5386029406249999 0.691176240625 0.5404411765625 0.6875 0.544117646875 0.683823759375 0.544117646875
7 0.446691253125 0.351102940625 0.39338250625 0.351102940625 0.39338250625 0.40992647031249996 0.4448531328125 0.40992647031249996 0.446691253125 0.4080882359375 0.446691253125 0.351102940625
25 0.42463250625000004 0.5294117640625 0.42647062656249995 0.5275735296875 0.42647062656249995 0.47426470624999995 0.42463250625000004 0.47242647031249996 0.42463250625000004 0.4705882359375 0.4209556140625 0.4669117640625 0.4227943859375 0.46507352968750004 0.4136031328125 0.46507352968750004 0.4136031328125 0.5349264703125 0.4227943859375 0.5349264703125 0.42463250625000004 0.5330882359375 0.42463250625000004 0.5294117640625
28 0.6452206265625 0.356617646875 0.6452206265625 0.30882352968750004 0.6415443859375001 0.305147059375 0.6323531328125 0.305147059375 0.6305143609375 0.30698529375 0.6305143609375 0.3584558828125 0.64338250625 0.3584558828125 0.6452206265625 0.356617646875
25 0.51838250625 0.137867646875 0.5202206265625 0.13970588281250002 0.5202206265625 0.14154411718749998 0.5238968671875 0.1452205875 0.5257349875 0.1452205875 0.5330881203125 0.1525735296875 0.540441253125 0.1525735296875 0.54411749375 0.15625 0.54411749375 0.15808823593750002 0.5459556140624999 0.1599264703125 0.54963250625 0.1599264703125 0.5514706265625 0.16176470625 0.5569849875 0.16176470625 0.558823759375 0.1599264703125 0.5625 0.1599264703125 0.5625 0.1470588234375 0.5606618796875 0.1470588234375 0.5569849875 0.143382353125 0.5569849875 0.14154411718749998 0.5551468671875 0.13970588281250002 0.5459556140624999 0.13970588281250002 0.5422793734375 0.1360294125 0.5422793734375 0.1341911765625 0.540441253125 0.132352940625 0.5386031328125 0.132352940625 0.53125 0.125 0.522058746875 0.125 0.5147056140624999 0.132352940625 0.5147056140624999 0.1360294125 0.5165443859375001 0.137867646875 0.51838250625 0.137867646875
31 0.33088250625 0.0845588234375 0.32536749375 0.0900735296875 0.32536749375 0.12316176406249998 0.32720561406250004 0.12316176406249998 0.33088250625 0.12683823593750002 0.33088250625 0.1286764703125 0.35845561406250004 0.1286764703125 0.35845561406250004 0.12683823593750002 0.36213250625 0.12316176406249998 0.3639706265625 0.12316176406249998 0.365808746875 0.1213235296875 0.365808746875 0.117647059375 0.3676468671875 0.11580882343750001 0.3676468671875 0.1084558828125 0.365808746875 0.106617646875 0.365808746875 0.0900735296875 0.35661749375 0.080882353125 0.3547793734375 0.080882353125 0.3511031328125 0.0772058828125 0.3511031328125 0.075367646875 0.340073759375 0.075367646875 0.334558746875 0.080882353125 0.3327206265625 0.080882353125 0.33088250625 0.0827205875 0.33088250625 0.0845588234375
12 0.446691253125 0.6341911765625 0.3952206265625 0.6341911765625 0.39338250625 0.6360294125 0.39338250625 0.6948529406249999 0.446691253125 0.6948529406249999 0.446691253125 0.6341911765625
35 0.2610293734375 0.273897059375 0.259191253125 0.27573529375 0.259191253125 0.27757352968750004 0.2573531328125 0.2794117640625 0.25551501249999997 0.2794117640625 0.2518381203125 0.2830882359375 0.25 0.2830882359375 0.24816187968749998 0.28492647031249996 0.246323759375 0.28492647031249996 0.2444849875 0.28676470625 0.2426468671875 0.28676470625 0.24080874687499998 0.288602940625 0.23713250624999999 0.288602940625 0.2334556140625 0.2922794125 0.23161749375000001 0.2922794125 0.2297793734375 0.294117646875 0.22794125312500002 0.294117646875 0.2261031328125 0.2959558828125 0.2242650125 0.2959558828125 0.22058812031250002 0.299632353125 0.21875 0.299632353125 0.21691187968749998 0.3014705875 0.215073759375 0.3014705875 0.2132349875 0.3033088234375 0.2132349875 0.305147059375 0.20955874687499998 0.30882352968750004 0.2077206265625 0.30882352968750004 0.2077206265625 0.3970588234375 0.20955874687499998 0.3970588234375 0.2113968671875 0.398897059375 0.2113968671875 0.40073529375000005 0.2132349875 0.40073529375000005 0.215073759375 0.40257352968750004 0.21691187968749998 0.40257352968750004 0.21875 0.4044117640625 0.22058812031250002 0.4044117640625 0.2242650125 0.4080882359375 0.2261031328125 0.4080882359375 0.22794125312500002 0.40992647031249996 0.23161749375000001 0.40992647031249996 0.23713250624999999 0.4154411765625 0.2389706265625 0.4154411765625 0.24080874687499998 0.4172794125 0.246323759375 0.4172794125 0.253676240625 0.424632353125 0.2573531328125 0.424632353125 0.259191253125 0.4264705875 0.2610293734375 0.4264705875 0.26654438593749996 0.43198529375000005 0.277573759375 0.43198529375000005 0.2794118796875 0.43014705937500003 0.28125 0.43014705937500003 0.28676501249999997 0.424632353125 0.2886031328125 0.424632353125 0.290441253125 0.4227941171875 0.2922793734375 0.4227941171875 0.29595561406250004 0.419117646875 0.29963250625 0.419117646875 0.3014706265625 0.4172794125 0.3051468671875 0.4172794125 0.30698498750000003 0.4154411765625 0.308823759375 0.4154411765625 0.3106618796875 0.41360294062499997 0.3125 0.41360294062499997 0.316176240625 0.40992647031249996 0.3198531328125 0.40992647031249996 0.32536749375 0.4044117640625 0.32720561406250004 0.4044117640625 0.32904438593749996 0.40257352968750004 0.334558746875 0.40257352968750004 0.3363968671875 0.40073529375000005 0.3363968671875 0.398897059375 0.3419118796875 0.393382353125 0.3419118796875 0.3290441171875 0.340073759375 0.3272058828125 0.340073759375 0.319852940625 0.33823498750000003 0.31801470625 0.33823498750000003 0.3125 0.3363968671875 0.3106617640625 0.3363968671875 0.30882352968750004 0.334558746875 0.30698529375 0.3327206265625 0.30698529375 0.32904438593749996 0.3033088234375 0.32720561406250004 0.3033088234375 0.32536749375 0.3014705875 0.3198531328125 0.3014705875 0.31801501249999997 0.299632353125 0.316176240625 0.299632353125 0.3143381203125 0.2977941171875 0.3125 0.2977941171875 0.3106618796875 0.2959558828125 0.3051468671875 0.2959558828125 0.29779438593749996 0.288602940625 0.2922793734375 0.288602940625 0.290441253125 0.28676470625 0.2886031328125 0.28676470625 0.28676501249999997 0.28492647031249996 0.28676501249999997 0.2830882359375 0.284926240625 0.28125 0.284926240625 0.2794117640625 0.2830881203125 0.27757352968750004 0.2830881203125 0.27573529375 0.28125 0.273897059375 0.2794118796875 0.273897059375 0.27573498750000003 0.2702205875 0.26838250625 0.2702205875 0.26654438593749996 0.2720588234375 0.26470561406250004 0.2720588234375 0.26286749375 0.273897059375 0.2610293734375 0.273897059375
15 0.5202206265625 0.7794117640625 0.51838250625 0.7775735296875 0.46507375937499995 0.7775735296875 0.46507375937499995 0.8363970593750001 0.51838250625 0.8363970593750001 0.5202206265625 0.8345588234375001 0.5202206265625 0.7794117640625
25 0.3676468671875 0.1360294125 0.36948498750000003 0.137867646875 0.371323759375 0.137867646875 0.375 0.14154411718749998 0.375 0.143382353125 0.3768381203125 0.1452205875 0.378676240625 0.1452205875 0.38051501249999997 0.1470588234375 0.3823531328125 0.1470588234375 0.3860293734375 0.15073529375 0.38786749375 0.15073529375 0.38970561406250004 0.1525735296875 0.39338250625 0.1525735296875 0.397058746875 0.15625 0.397058746875 0.15808823593750002 0.3988968671875 0.1599264703125 0.415441253125 0.1599264703125 0.41727937343750005 0.15808823593750002 0.41911749374999996 0.15808823593750002 0.41911749374999996 0.15441176406249998 0.41727937343750005 0.1525735296875 0.41727937343750005 0.148897059375 0.415441253125 0.1470588234375 0.4136031328125 0.1470588234375 0.40992624062500005 0.143382353125 0.40992624062500005 0.14154411718749998 0.4080881203125 0.13970588281250002 0.40257375937499995 0.13970588281250002 0.40073498750000003 0.137867646875 0.3988968671875 0.137867646875 0.39338250625 0.132352940625 0.39154438593749996 0.132352940625 0.38786749375 0.1286764703125 0.38786749375 0.12683823593750002 0.3860293734375 0.125 0.3768381203125 0.125 0.3731618796875 0.1213235296875 0.36029438593749996 0.1213235296875 0.36029438593749996 0.132352940625 0.36213250625 0.132352940625 0.365808746875 0.1360294125 0.3676468671875 0.1360294125
25 0.4522056140625 0.28492647031249996 0.45588250625000004 0.288602940625 0.45588250625000004 0.2904411765625 0.45772062656249995 0.2922794125 0.4613968671875 0.2922794125 0.4669118796875 0.2977941171875 0.46875 0.2977941171875 0.4705881203125 0.299632353125 0.4742643609375 0.299632353125 0.477941253125 0.3033088234375 0.477941253125 0.305147059375 0.48897062656249995 0.305147059375 0.48897062656249995 0.28676470625 0.4852943859375 0.28676470625 0.4834556140625 0.28492647031249996 0.48161749374999996 0.28492647031249996 0.4761031328125 0.2794117640625 0.47242624062500005 0.2794117640625 0.46875 0.27573529375 0.46875 0.273897059375 0.4669118796875 0.2720588234375 0.459558746875 0.2720588234375 0.4522056140625 0.2647058828125 0.4356618796875 0.2647058828125 0.4356618796875 0.27757352968750004 0.4375 0.27757352968750004 0.4448531328125 0.28492647031249996 0.4522056140625 0.28492647031249996
13 0.5919118796875 0.69301470625 0.59375 0.6911764703125 0.59375 0.6341911765625 0.540441253125 0.6341911765625 0.540441253125 0.69301470625 0.5422793734375 0.6948529406249999 0.5919118796875 0.6948529406249999 0.5919118796875 0.69301470625
34 0.6985293734375 0.22426470625 0.6948531328125 0.2279411765625 0.6930143609375 0.2279411765625 0.691176240625 0.22977941249999997 0.691176240625 0.23161764687500003 0.6893381203125 0.23345588281250002 0.6893381203125 0.2647058828125 0.6930143609375 0.268382353125 0.6948531328125 0.268382353125 0.696691253125 0.2702205875 0.7242643609375 0.2702205875 0.7261031328125 0.268382353125 0.7261031328125 0.2665441171875 0.7297793734375 0.262867646875 0.73161749375 0.262867646875 0.73161749375 0.23529411718749998 0.7261031328125 0.22977941249999997 0.7261031328125 0.2279411765625 0.7205881203125 0.22242647031249999 0.7205881203125 0.2205882359375 0.71875 0.21875 0.70588250625 0.21875 0.7040443859375001 0.2205882359375 0.70036749375 0.2205882359375 0.6985293734375 0.22242647031249999 0.6985293734375 0.22426470625
16 0.73713250625 0.6911764703125 0.7389706265625 0.6911764703125 0.7389706265625 0.6341911765625 0.6856618796875 0.6341911765625 0.6856618796875 0.6948529406249999 0.7352943859375001 0.6948529406249999 0.7352943859375001 0.69301470625 0.73713250625 0.6911764703125
16 0.365808746875 0.549632353125 0.371323759375 0.549632353125 0.3731618796875 0.5477941171875 0.3731618796875 0.49448529375000005 0.371323759375 0.49264705937500003 0.3198531328125 0.49264705937500003 0.3198531328125 0.549632353125 0.321691253125 0.5514705875 0.3639706265625 0.5514705875 0.365808746875 0.549632353125
3 0.46323498750000003 0.6875 0.47242624062500005 0.6966911765625 0.4761031328125 0.6966911765625 0.477941253125 0.6985294125 0.48897062656249995 0.6985294125 0.490808746875 0.6966911765625 0.5110293734375 0.6966911765625 0.51838250625 0.6893382359375 0.5202206265625 0.6893382359375 0.522058746875 0.6875 0.522058746875 0.6764705875 0.5202206265625 0.674632353125 0.5202206265625 0.6709558828125 0.51838250625 0.669117646875 0.5110293734375 0.669117646875 0.509191253125 0.6672794125 0.5073531328125 0.6672794125 0.5 0.6599264703125 0.5 0.6580882359375 0.4981618796875 0.65625 0.4981618796875 0.65073529375 0.4926468671875 0.6452205875 0.4761031328125 0.6452205875 0.4742643609375 0.6470588234375 0.47242624062500005 0.6470588234375 0.46323498750000003 0.65625 0.46323498750000003 0.6875
31 0.477941253125 0.0827205875 0.477941253125 0.0845588234375 0.4742643609375 0.08823529375 0.47242624062500005 0.08823529375 0.4705881203125 0.0900735296875 0.4705881203125 0.12316176406249998 0.4742643609375 0.12316176406249998 0.477941253125 0.12683823593750002 0.477941253125 0.1286764703125 0.5055143609375 0.1286764703125 0.5055143609375 0.12683823593750002 0.509191253125 0.12316176406249998 0.5110293734375 0.12316176406249998 0.51286749375 0.1213235296875 0.51286749375 0.0900735296875 0.5110293734375 0.08823529375 0.509191253125 0.08823529375 0.5055143609375 0.0845588234375 0.5055143609375 0.0827205875 0.503676240625 0.080882353125 0.5018381203125 0.080882353125 0.4981618796875 0.0772058828125 0.4981618796875 0.075367646875 0.4852943859375 0.075367646875 0.4852943859375 0.0772058828125 0.48161749374999996 0.080882353125 0.47977937343750005 0.080882353125 0.477941253125 0.0827205875
34 0.2573531328125 0.5091911765625 0.2573531328125 0.5110294125 0.2518381203125 0.5165441171875 0.2518381203125 0.5477941171875 0.253676240625 0.5477941171875 0.2573531328125 0.5514705875 0.2573531328125 0.5533088234375 0.259191253125 0.5551470593750001 0.28676501249999997 0.5551470593750001 0.28676501249999997 0.5533088234375 0.2886031328125 0.5514705875 0.290441253125 0.5514705875 0.290441253125 0.549632353125 0.2922793734375 0.5477941171875 0.2922793734375 0.5147058828125 0.290441253125 0.512867646875 0.290441253125 0.5110294125 0.2886031328125 0.5091911765625 0.28676501249999997 0.5091911765625 0.284926240625 0.5073529406249999 0.2830881203125 0.5073529406249999 0.28125 0.50551470625 0.2794118796875 0.50551470625 0.277573759375 0.5036764703125 0.277573759375 0.5018382359375 0.26838250625 0.5018382359375 0.26838250625 0.5036764703125 0.26470561406250004 0.5073529406249999 0.259191253125 0.5073529406249999 0.2573531328125 0.5091911765625
32 0.5811625328125001 0.273972059375 0.58088250625 0.2665441171875 0.5827206265625 0.2647058828125 0.584558746875 0.2647058828125 0.584558746875 0.262867646875 0.5863968671875 0.2610294125 0.5863968671875 0.23713235312499997 0.584558746875 0.23529411718749998 0.584558746875 0.23345588281250002 0.5827206265625 0.23161764687500003 0.5827206265625 0.22977941249999997 0.58088250625 0.22977941249999997 0.5772056140624999 0.226102940625 0.57536749375 0.226102940625 0.571691253125 0.22242647031249999 0.571691253125 0.2205882359375 0.5616436031250001 0.21806029374999997 0.5450959531249999 0.2345875 0.5419281984375 0.26521985312499996 0.5472219328125 0.2652 0.5499490859375 0.2741367640625 0.5811625328125001 0.273972059375
32 0.6176468671875 0.0900735296875 0.6176468671875 0.12316176406249998 0.621323759375 0.12316176406249998 0.625 0.12683823593750002 0.625 0.1286764703125 0.6268381203125 0.13051470625 0.6507349875 0.13051470625 0.652573759375 0.1286764703125 0.652573759375 0.12683823593750002 0.65625 0.12316176406249998 0.6580881203125 0.12316176406249998 0.659926240625 0.1213235296875 0.659926240625 0.0900735296875 0.6580881203125 0.08823529375 0.65625 0.08823529375 0.652573759375 0.0845588234375 0.652573759375 0.0827205875 0.6507349875 0.080882353125 0.6488968671875 0.080882353125 0.6452206265625 0.0772058828125 0.6452206265625 0.075367646875 0.6323531328125 0.075367646875 0.6323531328125 0.0772058828125 0.628676240625 0.080882353125 0.6268381203125 0.080882353125 0.6176468671875 0.0900735296875
31 0.3988968671875 0.419117646875 0.397058746875 0.4209558828125 0.397058746875 0.4522058828125 0.40073498750000003 0.455882353125 0.40257375937499995 0.455882353125 0.4044118796875 0.4577205875 0.4044118796875 0.4595588234375 0.43198498750000003 0.4595588234375 0.43198498750000003 0.4577205875 0.4356618796875 0.4540441171875 0.4375 0.4540441171875 0.4393381203125 0.4522058828125 0.4393381203125 0.4209558828125 0.4375 0.419117646875 0.4356618796875 0.419117646875 0.43198498750000003 0.4154411765625 0.43198498750000003 0.41176470624999995 0.428308746875 0.4080882359375 0.40992624062500005 0.4080882359375 0.4044118796875 0.41360294062499997 0.4044118796875 0.4154411765625 0.40073498750000003 0.419117646875 0.3988968671875 0.419117646875
28 0.20588250624999999 0.6415441171875 0.20955874687499998 0.637867646875 0.20955874687499998 0.58823529375 0.196691253125 0.58823529375 0.1948531328125 0.5900735296875 0.1948531328125 0.643382353125 0.20588250624999999 0.643382353125 0.20588250624999999 0.6415441171875
8 0.73713250625 0.4080882359375 0.7389706265625 0.4080882359375 0.7389706265625 0.351102940625 0.6875 0.351102940625 0.683823759375 0.3547794125 0.683823759375 0.40992647031249996 0.7352943859375001 0.40992647031249996 0.73713250625 0.4080882359375
27 0.571691253125 0.7904411765625 0.571691253125 0.737132353125 0.5680143609375 0.7334558828125 0.566176240625 0.7334558828125 0.5643381203125 0.731617646875 0.558823759375 0.731617646875 0.558823759375 0.7849264703125 0.5606618796875 0.7849264703125 0.566176240625 0.7904411765625 0.571691253125 0.7904411765625
9 0.8069849874999999 0.5514705875 0.808823759375 0.549632353125 0.8106618796875 0.549632353125 0.8106618796875 0.49264705937500003 0.7573531328125 0.49264705937500003 0.7573531328125 0.549632353125 0.759191253125 0.549632353125 0.7610293734375 0.5514705875 0.8069849874999999 0.5514705875
27 0.71875 0.5551470593750001 0.7205881203125 0.5551470593750001 0.722426240625 0.55698529375 0.7242643609375 0.55698529375 0.727941253125 0.5606617640625 0.727941253125 0.5625 0.7297793734375 0.5643382359375 0.73161749375 0.5643382359375 0.7334556140624999 0.5661764703125 0.7352943859375001 0.5661764703125 0.7389706265625 0.5698529406249999 0.740808746875 0.5698529406249999 0.7426468671875 0.5716911765625 0.746323759375 0.5716911765625 0.75 0.575367646875 0.75 0.5772058828125 0.7518381203125 0.5790441171875 0.7555143609375 0.5790441171875 0.759191253125 0.5827205875 0.7610293734375 0.5827205875 0.7647056140624999 0.5863970593750001 0.78125 0.5863970593750001 0.78125 0.5735294125 0.777573759375 0.5698529406249999 0.777573759375 0.56801470625 0.7757349875 0.5661764703125 0.7702206265625 0.5661764703125 0.76838250625 0.5643382359375 0.7665443859375001 0.5643382359375 0.7610293734375 0.5588235296875 0.759191253125 0.5588235296875 0.753676240625 0.5533088234375 0.7518381203125 0.5533088234375 0.75 0.5514705875 0.7444849875 0.5514705875 0.740808746875 0.5477941171875 0.740808746875 0.5459558828125 0.7389706265625 0.544117646875 0.73713250625 0.544117646875 0.73161749375 0.5386029406249999 0.715073759375 0.5386029406249999 0.715073759375 0.5514705875 0.7169118796875 0.5514705875 0.71875 0.5533088234375 0.71875 0.5551470593750001
26 0.571691253125 0.16176470625 0.558823759375 0.16176470625 0.558823759375 0.21507352968750001 0.5698531328125 0.21507352968750001 0.571691253125 0.21323529375 0.571691253125 0.16176470625
37 0.507442559375 0.40257352968750004 0.509280678125 0.40257352968750004 0.5111187984375001 0.4044117640625 0.512957571875 0.4044117640625 0.5147956921875 0.40625 0.5147956921875 0.4080882359375 0.5166338125000001 0.40992647031249996 0.5203100515625 0.40992647031249996 0.522148171875 0.41176470624999995 0.5258250656250001 0.41176470624999995 0.5276631859375 0.41360294062499997 0.5276631859375 0.4154411765625 0.52950130625 0.4154411765625 0.531339425 0.4172794125 0.5331781984374999 0.4172794125 0.538692559375 0.4227941171875 0.540530678125 0.4227941171875 0.5423687984375001 0.424632353125 0.5460456921875 0.424632353125 0.5478838125000001 0.4264705875 0.5497219328125 0.4264705875 0.5515600515625 0.4283088234375 0.5515600515625 0.43014705937500003 0.553398171875 0.43198529375000005 0.575457571875 0.43198529375000005 0.5828100515625 0.424632353125 0.5864869453125 0.424632353125 0.59200130625 0.419117646875 0.593839425 0.419117646875 0.5956781984374999 0.4172794125 0.5993544390625 0.4172794125 0.601192559375 0.4154411765625 0.603030678125 0.4154411765625 0.603030678125 0.41360294062499997 0.6048687984375001 0.41176470624999995 0.606707571875 0.41176470624999995 0.6085456921875 0.40992647031249996 0.6103838125000001 0.40992647031249996 0.6140600515625 0.40625 0.6140600515625 0.40257352968750004 0.615898171875 0.40073529375000005 0.615898171875 0.375 0.6177369453125 0.3731617640625 0.6177369453125 0.37132352968750004 0.6293844640625 0.36530220625 0.6274327671875 0.3536838234375 0.6286520890625 0.3063838234375 0.5773740203125 0.27334926406250004 0.549447128125 0.27558823593750004 0.5002969968750001 0.307040440625 0.500089425 0.3970588234375 0.50376631875 0.40073529375000005 0.5056044390625 0.40073529375000005 0.507442559375 0.40257352968750004
14 0.6580881203125 0.5514705875 0.659926240625 0.549632353125 0.6636031328125 0.549632353125 0.665441253125 0.5477941171875 0.665441253125 0.49264705937500003 0.61213250625 0.49264705937500003 0.61213250625 0.549632353125 0.63786749375 0.549632353125 0.6397056140624999 0.5514705875 0.6580881203125 0.5514705875
13 0.3731618796875 0.2095588234375 0.3198531328125 0.2095588234375 0.3198531328125 0.2702205875 0.371323759375 0.2702205875 0.3731618796875 0.268382353125 0.3731618796875 0.2095588234375
28 0.2738968671875 0.5 0.27573498750000003 0.5 0.277573759375 0.4981617640625 0.2794118796875 0.4981617640625 0.2794118796875 0.49632352968750004 0.28125 0.49448529375000005 0.28125 0.4485294125 0.277573759375 0.4485294125 0.27573498750000003 0.4466911765625 0.26838250625 0.4466911765625 0.26654438593749996 0.4485294125 0.26654438593749996 0.5018382359375 0.272058746875 0.5018382359375 0.2738968671875 0.5
14 0.1819849875 0.5533088234375 0.21875 0.5533088234375 0.22058812031250002 0.5514705875 0.222426240625 0.5514705875 0.2261031328125 0.5477941171875 0.2261031328125 0.5422794125 0.22794125312500002 0.5404411765625 0.22794125312500002 0.5018382359375 0.2261031328125 0.5 0.2261031328125 0.49264705937500003 0.17463250624999999 0.49264705937500003 0.17463250624999999 0.549632353125 0.1764706265625 0.5514705875 0.1801468671875 0.5514705875 0.1819849875 0.5533088234375
11 0.5919118796875 0.4080882359375 0.5919118796875 0.351102940625 0.590073759375 0.34926470625 0.540441253125 0.34926470625 0.540441253125 0.40992647031249996 0.5863968671875 0.40992647031249996 0.5882349875 0.4080882359375 0.5919118796875 0.4080882359375
11 0.2578328984375 0.6970588234374999 0.2898172328125 0.6963235296875 0.300261096875 0.694117646875 0.302219321875 0.6830882359375 0.3015665796875 0.6389705875 0.300261096875 0.6360294125 0.2943864234375 0.6338235296875 0.2761096609375 0.6338235296875 0.272410575 0.6338235296875 0.2539164484375 0.6338235296875 0.24673629218749998 0.6397058828125 0.248041775 0.692647059375 0.2578328984375 0.6970588234374999
10 0.2493472578125 0.40955882343749994 0.2539164484375 0.4125 0.2969973890625 0.41176470624999995 0.3015665796875 0.40735294062499994 0.3015665796875 0.3544117640625 0.296344646875 0.34926470625 0.27545691875 0.34852941249999997 0.2721932109375 0.34852941249999997 0.254569190625 0.34926470625 0.24738903437499998 0.3536764703125 0.24673629218749998 0.40294117656250006 0.2493472578125 0.40955882343749994
15 0.46736292500000004 0.2669117640625 0.47258485625 0.269852940625 0.515665796875 0.269117646875 0.5208877281250001 0.2625 0.5202349875000001 0.2125 0.5150130546875 0.207352940625 0.48955613593749997 0.206617646875 0.48694517031249995 0.206617646875 0.46932114843750006 0.20808823593749998 0.46605744062500004 0.21176470625000002 0.4654047 0.2485294125 0.46736292500000004 0.2669117640625
8 0.5165443859375001 0.549632353125 0.51838250625 0.549632353125 0.51838250625 0.49264705937500003 0.4669118796875 0.49264705937500003 0.4669118796875 0.549632353125 0.46875 0.5514705875 0.5147056140624999 0.5514705875 0.5165443859375001 0.549632353125
20 0.5859373375 0.053125 0.5875 0.0515625 0.5875 0.003125 0.5296873375 0.003125 0.5296873375 0.0796875 0.5843753265625 0.0796875 0.5859373375 0.078125 0.5859373375 0.053125
18 0.2406246734375 0.8578125 0.2406246734375 0.934375 0.29218733750000003 0.934375 0.29218733750000003 0.8578125 0.2406246734375 0.8578125
18 0.5859373375 0.8578125 0.5328126625 0.8578125 0.5328126625 0.9328125 0.5843753265625 0.9328125 0.5859373375 0.93125 0.5859373375 0.8578125
18 0.2578126625 0.08125 0.2593746734375 0.0828125 0.2906246734375 0.0828125 0.29218733750000003 0.08125 0.29218733750000003 0.0796875 0.29375 0.078125 0.29375 0.0046875 0.2390626625 0.0046875 0.2390626625 0.0828125 0.25 0.0828125 0.2515626625 0.08125 0.2578126625 0.08125
18 0.8046873375000001 0.7140625 0.75 0.7140625 0.75 0.7921875 0.8031246734374999 0.7921875 0.8046873375000001 0.790625 0.8046873375000001 0.7140625
23 0.14843733750000002 0.3609375 0.15 0.359375 0.15 0.35625 0.14843733750000002 0.3546875 0.14843733750000002 0.321875 0.15 0.3203125 0.15 0.2875 0.09375 0.2875 0.09375 0.3671875 0.1468746734375 0.3671875 0.14843733750000002 0.365625 0.14843733750000002 0.3609375
19 0.09375 0.571875 0.09375 0.6484375 0.1468746734375 0.6484375 0.1468746734375 0.571875 0.09375 0.571875
21 0.95 0.5046875 0.9515626625 0.503125 0.9515626625 0.4984375 0.95 0.496875 0.95 0.48125 0.9515626625 0.4796875 0.9515626625 0.4265625 0.8906253265625 0.4265625 0.8906253265625 0.50625 0.9468746734375 0.50625 0.9484373375 0.5046875 0.95 0.5046875
22 0.7484373375 0.1421875 0.7484373375 0.221875 0.8031246734374999 0.221875 0.8031246734374999 0.1421875 0.7484373375 0.1421875
29 0.4458224546875 0.7933823531249999 0.460835509375 0.7897058828125 0.46214099218750004 0.7801470593750001 0.475195821875 0.7720588234375 0.47127937343750004 0.7625 0.463446475 0.756617646875 0.4601827671875 0.7426470593750001 0.4490861625 0.7338235296875 0.43798955624999997 0.7404411765625001 0.43276762343749997 0.7536764703125 0.42297650156250005 0.767647059375 0.42428198437500003 0.775 0.43472584843749995 0.7779411765625001 0.438642296875 0.7897058828125 0.4458224546875 0.7933823531249999