32 0.1985290328125 0.4650731421875 0.1985290328125 0.5 0.2003677421875 0.5 0.2058822578125 0.5055143890625 0.224264515625 0.5055143890625 0.22610322656249998 0.5036762593749999 0.22610322656249998 0.5 0.22794112968750002 0.49816187031250003 0.22794112968750002 0.4797793765625 0.22610322656249998 0.47794124687500006 0.22610322656249998 0.4650731421875 0.224264515625 0.46323501250000004 0.2224266125 0.46323501250000004 0.21875 0.45955875312499994 0.21875 0.4577206234375 0.2058822578125 0.4577206234375 0.2058822578125 0.45955875312499994 0.2022056453125 0.46323501250000004 0.2003677421875 0.46323501250000004 0.1985290328125 0.4650731421875
6 0.251837903125 0.11764748124999999 0.24264677343750002 0.1268381296875 0.24264677343750002 0.128676259375 0.2389709671875 0.13235251875 0.2371322578125 0.13235251875 0.2297790328125 0.13970623437500002 0.22794112968750002 0.13970623437500002 0.22610322656249998 0.14154436406249998 0.224264515625 0.14154436406249998 0.22058790312499998 0.1452206234375 0.22058790312499998 0.147058753125 0.21875 0.1488968828125 0.21875 0.22977937656249997 0.2224266125 0.23345563593750002 0.224264515625 0.23345563593750002 0.22794112968750002 0.23713189375 0.22794112968750002 0.23897002343749998 0.2297790328125 0.24080935312500001 0.2316177421875 0.24080935312500001 0.2352943546875 0.2444856109375 0.2352943546875 0.246323740625 0.2371322578125 0.2481618703125 0.2389709671875 0.2481618703125 0.24264677343750002 0.25183812968749997 0.24264677343750002 0.253676259375 0.244485484375 0.2555143890625 0.2463233875 0.2555143890625 0.25 0.259190646875 0.25 0.26102997656250004 0.251837903125 0.26286810625 0.2536766125 0.26286810625 0.2573532265625 0.2665443640625 0.2573532265625 0.26838249375 0.2591911296875 0.27022062343750003 0.26470564531249996 0.27022062343750003 0.26654435468750004 0.26838249375 0.2683822578125 0.26838249375 0.2738967734375 0.26286810625 0.275735484375 0.26286810625 0.2775733875 0.26102997656250004 0.2775733875 0.259190646875 0.28125 0.2555143890625 0.283087903125 0.2555143890625 0.2849266125 0.253676259375 0.2849266125 0.25183812968749997 0.2886032265625 0.2481618703125 0.2904411296875 0.2481618703125 0.2922790328125 0.246323740625 0.2922790328125 0.24264748125 0.2941177421875 0.24080935312500001 0.2941177421875 0.23897002343749998 0.29595564531249996 0.23713189375 0.29595564531249996 0.23529376562499998 0.29779435468750004 0.23345563593750002 0.29779435468750004 0.227941246875 0.2996322578125 0.2261031171875 0.2996322578125 0.20772062343750003 0.3033088703125 0.20404436406249998 0.3051467734375 0.20404436406249998 0.306985484375 0.20220623437500002 0.306985484375 0.20036810625 0.3088233875 0.1985299765625 0.3088233875 0.17830935312500001 0.306985484375 0.1764700234375 0.306985484375 0.1488968828125 0.2904411296875 0.13235251875 0.2886032265625 0.13235251875 0.2849266125 0.128676259375 0.2849266125 0.1268381296875 0.283087903125 0.125 0.28125 0.125 0.2775733875 0.121323740625 0.2775733875 0.11948561093750001 0.275735484375 0.11764748124999999 0.2738967734375 0.11764748124999999 0.2702209671875 0.1139700234375 0.2702209671875 0.11213189374999999 0.2683822578125 0.110293765625 0.2591911296875 0.110293765625 0.2573532265625 0.11213189374999999 0.2573532265625 0.1139700234375 0.2536766125 0.11764748124999999 0.251837903125 0.11764748124999999
3 0.3952209671875 0.20772062343750003 0.3933822578125 0.209558753125 0.3933822578125 0.23529376562499998 0.3970588703125 0.23897002343749998 0.3970588703125 0.2444856109375 0.3988967734375 0.246323740625 0.42830887031250003 0.246323740625 0.43014677343749996 0.2444856109375 0.43014677343749996 0.24264748125 0.431985484375 0.24080935312500001 0.431985484375 0.2224268578125 0.43014677343749996 0.22058872968749998 0.4264709671875 0.22058872968749998 0.42463225781249997 0.2187506 0.42279435468750004 0.2187506 0.41911774218750003 0.2150731421875 0.41911774218750003 0.2132350125 0.4172790328125 0.2113968828125 0.4172790328125 0.20404436406249998 0.41544112968749997 0.20220623437500002 0.41544112968749997 0.1985299765625 0.3988967734375 0.1985299765625 0.3970588703125 0.20036810625 0.3970588703125 0.20404436406249998 0.3952209671875 0.20588249374999998 0.3952209671875 0.20772062343750003
32 0.14889677343750002 0.3382350125 0.14889677343750002 0.37316187031250003 0.154412096875 0.37316187031250003 0.15625 0.375 0.161764515625 0.375 0.16360322656249998 0.37316187031250003 0.17279435468749998 0.37316187031250003 0.1746322578125 0.371323740625 0.1746322578125 0.3694856109375 0.1783088703125 0.365809353125 0.1783088703125 0.352941246875 0.1764709671875 0.3511031171875 0.1764709671875 0.3474268578125 0.1746322578125 0.3455887296875 0.1746322578125 0.334558753125 0.1672790328125 0.327206234375 0.1599266125 0.327206234375 0.154412096875 0.33272062343750003 0.154412096875 0.334558753125 0.150735484375 0.3382350125 0.14889677343750002 0.3382350125
36 0.3770419359375 0.52889928125 0.369689515625 0.5362517984374999 0.369689515625 0.6152961625 0.37152741875 0.6152961625 0.37520403281250003 0.618972421875 0.37520403281250003 0.6208105515625 0.3770419359375 0.6226498796875 0.3788806453125 0.6226498796875 0.3807185484375 0.624488009375 0.3825572578125 0.624488009375 0.3862330640625 0.62816426875 0.3880717734375 0.62816426875 0.389909678125 0.6300023984374999 0.39484758124999997 0.633854915625 0.4062290328125 0.6234712234375 0.4105032265625 0.6265491609375 0.413589515625 0.628902878125 0.4156451609375 0.6300023984374999 0.4193217734375 0.6336786578125 0.4193217734375 0.6355167859375 0.421159678125 0.637354915625 0.4229983875 0.637354915625 0.42483629062499995 0.6355167859375 0.42667419375 0.6355167859375 0.43035080625 0.6318405281249999 0.432189515625 0.6318405281249999 0.43402741875000006 0.6300023984374999 0.43770403281250003 0.6300023984374999 0.4395419359375 0.62816426875 0.4395419359375 0.6263261390625 0.4432185484375 0.6226498796875 0.44505725781249994 0.6226498796875 0.452409678125 0.6152961625 0.4542483875 0.6152961625 0.45608629062499995 0.6134580328125 0.45792419375 0.6134580328125 0.459762903125 0.6116199046874999 0.459762903125 0.561988009375 0.45792419375 0.5601498796875 0.45792419375 0.5583105515625 0.46012016093749997 0.5569628296875 0.4603588703125 0.552019184375 0.459790321875 0.5495767390624999 0.457659678125 0.5394880093750001 0.4450830640625 0.526293765625 0.44039193593750003 0.52581175 0.4351048390625 0.5215719421875 0.43151854843750004 0.516387290625 0.42865000000000003 0.5149796156249999 0.420585484375 0.5072242203124999 0.41886935468750003 0.50381295 0.4136693546875 0.500816546875 0.41034193593749996 0.502761390625 0.3859661296875 0.5242913671875 0.3825572578125 0.525223021875 0.3788806453125 0.52889928125 0.3770419359375 0.52889928125
35 0.251837903125 0.3805143890625 0.25 0.38235251875 0.244485484375 0.38235251875 0.2371322578125 0.389706234375 0.2352943546875 0.389706234375 0.2297790328125 0.39522062343750003 0.22794112968750002 0.39522062343750003 0.22058790312499998 0.4025731421875 0.22058790312499998 0.46323501250000004 0.2224266125 0.4650731421875 0.2224266125 0.4669112703125 0.22794112968750002 0.4724268578125 0.22794112968750002 0.48897002343749996 0.2297790328125 0.49080935312499996 0.2297790328125 0.496323740625 0.2316177421875 0.496323740625 0.2334556453125 0.49816187031250003 0.2389709671875 0.49816187031250003 0.24264677343750002 0.5018381296875 0.24264677343750002 0.5036762593749999 0.244485484375 0.5055143890625 0.2463233875 0.5055143890625 0.25 0.509190646875 0.25 0.5110299765625 0.251837903125 0.51286810625 0.2536766125 0.51286810625 0.2573532265625 0.5165443640625 0.2573532265625 0.51838249375 0.2591911296875 0.5202206234375 0.2610290328125 0.5202206234375 0.2628677421875 0.5220587531249999 0.26470564531249996 0.5220587531249999 0.2683822578125 0.5257350125 0.28125 0.51286810625 0.2849266125 0.51286810625 0.286764515625 0.5110299765625 0.2904411296875 0.5110299765625 0.2922790328125 0.509190646875 0.2922790328125 0.50735251875 0.2941177421875 0.5055143890625 0.2941177421875 0.5018381296875 0.2922790328125 0.5 0.2922790328125 0.4650731421875 0.29595564531249996 0.4613968828125 0.29779435468750004 0.4613968828125 0.2996322578125 0.45955875312499994 0.2996322578125 0.4577206234375 0.3033088703125 0.4540443640625 0.3051467734375 0.4540443640625 0.306985484375 0.452206234375 0.306985484375 0.4062506 0.3051467734375 0.4044112703125 0.3033088703125 0.4044112703125 0.2996322578125 0.40073501250000004 0.2996322578125 0.3988968828125 0.29779435468750004 0.397058753125 0.29595564531249996 0.397058753125 0.2886032265625 0.389706234375 0.2849266125 0.389706234375 0.279412096875 0.384190646875 0.2775733875 0.384190646875 0.275735484375 0.38235251875 0.2738967734375 0.38235251875 0.2683822578125 0.37683812968749997 0.2628677421875 0.37683812968749997 0.2610290328125 0.375 0.2591911296875 0.37683812968749997 0.2573532265625 0.37683812968749997 0.2536766125 0.3805143890625 0.251837903125 0.3805143890625
32 0.45036774218750003 0.08088249374999999 0.4485290328125 0.0827206234375 0.4485290328125 0.115809353125 0.45220564531249996 0.115809353125 0.45588225781249997 0.11948561093750001 0.46875 0.11948561093750001 0.47242661249999995 0.115809353125 0.474264515625 0.115809353125 0.47610322656250004 0.1139700234375 0.47610322656250004 0.0827206234375 0.474264515625 0.08088249374999999 0.47242661249999995 0.08088249374999999 0.46875 0.077206234375 0.46875 0.0735299765625 0.46691209687499996 0.071690646875 0.45955887031250003 0.071690646875 0.45588225781249997 0.07536810625 0.45588225781249997 0.077206234375 0.45220564531249996 0.08088249374999999 0.45036774218750003 0.08088249374999999
35 0.5477943546875 0.38235251875 0.5404411296875 0.389706234375 0.5386032265625 0.389706234375 0.536764515625 0.3915443640625 0.536764515625 0.39338249375 0.533087903125 0.397058753125 0.53125 0.397058753125 0.5220588703125 0.4062506 0.5220588703125 0.4080887296875 0.5202209671875 0.4099268578125 0.5202209671875 0.4650731421875 0.5220588703125 0.4669112703125 0.5220588703125 0.47426498749999996 0.5238967734375 0.4761031171875 0.533087903125 0.4761031171875 0.536764515625 0.4797793765625 0.536764515625 0.496323740625 0.5386032265625 0.49816187031250003 0.5386032265625 0.5 0.5422790328125 0.5036762593749999 0.5441177421875001 0.5036762593749999 0.5459556453125 0.5055143890625 0.5477943546875 0.5055143890625 0.5514709671875 0.509190646875 0.5514709671875 0.5110299765625 0.5533088703125 0.51286810625 0.5551467734375 0.51286810625 0.5588233875 0.5165443640625 0.5588233875 0.5202206234375 0.564337903125 0.5257350125 0.5753677421875001 0.5257350125 0.5753677421875001 0.5238968828125 0.5735290328125 0.5220587531249999 0.5735290328125 0.5202206234375 0.5716911296875 0.51838249375 0.5790443546875 0.5110299765625 0.5790443546875 0.509190646875 0.5827209671875 0.5055143890625 0.5845588703125 0.5055143890625 0.59375 0.496323740625 0.59375 0.48713189375 0.591912096875 0.485293765625 0.591912096875 0.4724268578125 0.59375 0.4705887296875 0.59375 0.4650731421875 0.599264515625 0.45955875312499994 0.599264515625 0.4577206234375 0.6047790328125 0.452206234375 0.6066177421875001 0.452206234375 0.6066177421875001 0.4062506 0.5974266125 0.397058753125 0.595587903125 0.397058753125 0.59375 0.39522062343750003 0.591912096875 0.39522062343750003 0.5863967734375 0.389706234375 0.5845588703125 0.389706234375 0.5753677421875001 0.3805143890625 0.5716911296875 0.3805143890625 0.5698532265625 0.378676259375 0.560662096875 0.378676259375 0.5588233875 0.3805143890625 0.5533088703125 0.3805143890625 0.5514709671875 0.38235251875 0.5477943546875 0.38235251875
0 0.3529411296875 0.6360299765625 0.349264515625 0.639706234375 0.3474266125 0.639706234375 0.338235484375 0.6488968828125 0.338235484375 0.6654412468750001 0.3363967734375 0.6672793765625 0.3363967734375 0.66911750625 0.32904435468750004 0.6764700234375 0.32720564531249996 0.6764700234375 0.3235290328125 0.68014748125 0.3235290328125 0.6819856109375 0.3216911296875 0.6838237406250001 0.3216911296875 0.7481618703125 0.3235290328125 0.75 0.3253677421875 0.75 0.3308822578125 0.7555143890625 0.3308822578125 0.75735251875 0.3345588703125 0.7610299765625 0.3363967734375 0.7610299765625 0.338235484375 0.76286810625 0.341912096875 0.76286810625 0.345587903125 0.7665443640625 0.345587903125 0.76838249375 0.3474266125 0.7702206234375 0.349264515625 0.7702206234375 0.3529411296875 0.7738968828125 0.3529411296875 0.7757350125 0.3547790328125 0.7757350125 0.35845564531249996 0.7794112703125 0.36029435468750004 0.7794112703125 0.3621322578125 0.7812506 0.3639709671875 0.7812506 0.3658088703125 0.7794112703125 0.3676467734375 0.7794112703125 0.369485484375 0.7775731421875001 0.3713233875 0.7775731421875001 0.3786766125 0.7702206234375 0.380514515625 0.7702206234375 0.3823532265625 0.76838249375 0.3841911296875 0.76838249375 0.38970564531249996 0.76286810625 0.39154435468750004 0.76286810625 0.40808790312500004 0.7463237406250001 0.40808790312500004 0.6856618703125 0.40257338750000005 0.68014748125 0.40257338750000005 0.678309353125 0.400735484375 0.6764700234375 0.3988967734375 0.6764700234375 0.3952209671875 0.672793765625 0.3952209671875 0.6617649875 0.3933822578125 0.6599268578124999 0.3933822578125 0.6580887296875 0.3878677421875 0.6525731421875001 0.3878677421875 0.6488968828125 0.3860290328125 0.6470587531249999 0.3860290328125 0.6452206234375 0.380514515625 0.639706234375 0.376837903125 0.639706234375 0.373162096875 0.6360299765625 0.373162096875 0.634190646875 0.369485484375 0.6305143890625 0.35845564531249996 0.6305143890625 0.3566177421875 0.63235251875 0.3547790328125 0.63235251875 0.3529411296875 0.634190646875 0.3529411296875 0.6360299765625
32 0.3529411296875 0.077206234375 0.349264515625 0.08088249374999999 0.349264515625 0.115809353125 0.3511032265625 0.115809353125 0.3529411296875 0.11764748124999999 0.3529411296875 0.11948561093750001 0.3658088703125 0.11948561093750001 0.3676467734375 0.11764748124999999 0.369485484375 0.11764748124999999 0.3713233875 0.115809353125 0.373162096875 0.115809353125 0.375 0.1139700234375 0.376837903125 0.1139700234375 0.3786766125 0.11213189374999999 0.3786766125 0.0882350125 0.375 0.084558753125 0.375 0.0827206234375 0.373162096875 0.08088249374999999 0.373162096875 0.077206234375 0.3713233875 0.07536810625 0.3713233875 0.0735299765625 0.369485484375 0.0735299765625 0.3658088703125 0.06985251875000001 0.36029435468750004 0.06985251875000001 0.3566177421875 0.0735299765625 0.3547790328125 0.0735299765625 0.3529411296875 0.07536810625 0.3529411296875 0.077206234375
36 0.4473467734375 0.3871199046875 0.445613709375 0.3925803359375 0.43901612968750003 0.3949388484375 0.43679032187500005 0.3963417265625 0.43382338750000005 0.39338249375 0.43382338750000005 0.41544124687500006 0.43014677343749996 0.41911750625 0.42830887031250003 0.41911750625 0.4264709671875 0.4209556359375 0.42463225781249997 0.4209556359375 0.41911774218750003 0.42647002343749996 0.41911774218750003 0.48897002343749996 0.42095564531249996 0.49080935312499996 0.42463225781249997 0.49080935312499996 0.4264709671875 0.49264748125 0.42830887031250003 0.49264748125 0.431985484375 0.496323740625 0.43382338750000005 0.496323740625 0.43566209687499996 0.49816187031250003 0.4375 0.49816187031250003 0.44117661249999995 0.5018381296875 0.44117661249999995 0.5036762593749999 0.443014515625 0.5055143890625 0.44485322656250004 0.5055143890625 0.4485290328125 0.509190646875 0.4485290328125 0.5110299765625 0.45036774218750003 0.51286810625 0.45220564531249996 0.51286810625 0.45588225781249997 0.5165443640625 0.45588225781249997 0.51838249375 0.46875 0.51838249375 0.46875 0.5165443640625 0.47242661249999995 0.51286810625 0.474264515625 0.51286810625 0.47610322656250004 0.5110299765625 0.47610322656250004 0.509190646875 0.4797790328125 0.5055143890625 0.48161774218750003 0.5055143890625 0.48345564531249996 0.5036762593749999 0.48345564531249996 0.5018381296875 0.48713225781249997 0.49816187031250003 0.4889709671875 0.49816187031250003 0.49080887031250003 0.496323740625 0.49080887031250003 0.4650731421875 0.494485484375 0.4613968828125 0.49632338750000005 0.4613968828125 0.49816209687499996 0.45955875312499994 0.49816209687499996 0.4577206234375 0.501837903125 0.4540443640625 0.5036766125 0.4540443640625 0.505514515625 0.452206234375 0.506389515625 0.41272062343749993 0.5038943546875 0.4088812953125 0.5044169359375 0.408543165625 0.50225 0.403386090625 0.500161290625 0.40116426875 0.49453225781250004 0.40206594687499997 0.48895403281250005 0.3946978421875 0.48403629062500003 0.390300959375 0.4816040328125 0.38931174999999996 0.47772258125 0.38466426875000004 0.4742193546875 0.38254436406250003 0.4720201609375 0.3763800953125 0.46458870937499996 0.3688848921875 0.45814112968750004 0.3761714625 0.4536330640625 0.38094964062500003 0.4504935484375 0.381886090625 0.4473467734375 0.3871199046875
36 0.3400733875 0.13051438906249999 0.338235484375 0.13235251875 0.3363967734375 0.13235251875 0.3345588703125 0.13419064687499999 0.3327209671875 0.13419064687499999 0.318014515625 0.1488968828125 0.318014515625 0.20404436406249998 0.3198532265625 0.20404436406249998 0.3235290328125 0.20772062343750003 0.3235290328125 0.209558753125 0.3253677421875 0.2113968828125 0.32720564531249996 0.2113968828125 0.3308822578125 0.2150731421875 0.3308822578125 0.23897002343749998 0.3327209671875 0.24080935312500001 0.338235484375 0.24080935312500001 0.3400733875 0.24264748125 0.341912096875 0.24264748125 0.3547790328125 0.2555143890625 0.3566177421875 0.2555143890625 0.36029435468750004 0.259190646875 0.36029435468750004 0.26102997656250004 0.3621322578125 0.26286810625 0.3621322578125 0.264706234375 0.3658088703125 0.264706234375 0.3676467734375 0.26286810625 0.369485484375 0.26286810625 0.3713233875 0.26102997656250004 0.373162096875 0.26102997656250004 0.373162096875 0.259190646875 0.376837903125 0.2555143890625 0.3786766125 0.2555143890625 0.3860290328125 0.2481618703125 0.3878677421875 0.2481618703125 0.3933822578125 0.24264748125 0.3933822578125 0.24080935312500001 0.3952209671875 0.23897002343749998 0.3952209671875 0.23529376562499998 0.3933822578125 0.23345563593750002 0.3933822578125 0.23161750625000002 0.39154435468750004 0.22977937656249997 0.39154435468750004 0.227941246875 0.38970564531249996 0.2261031171875 0.38970564531249996 0.21691127031250002 0.3933822578125 0.2132350125 0.3933822578125 0.2113968828125 0.3952209671875 0.209558753125 0.3952209671875 0.20588249374999998 0.3970588703125 0.20404436406249998 0.3970588703125 0.20220623437500002 0.40441209687499996 0.19485251875 0.40625 0.19485251875 0.40808790312500004 0.19301438906249999 0.40808790312500004 0.1562506 0.40257338750000005 0.15073501250000002 0.40257338750000005 0.1488968828125 0.400735484375 0.147058753125 0.3988967734375 0.147058753125 0.3952209671875 0.14338249375 0.3952209671875 0.14154436406249998 0.3933822578125 0.13970623437500002 0.39154435468750004 0.13970623437500002 0.3878677421875 0.1360299765625 0.3878677421875 0.13419064687499999 0.3860290328125 0.13235251875 0.3841911296875 0.13235251875 0.3823532265625 0.13051438906249999 0.380514515625 0.13051438906249999 0.373162096875 0.1231618703125 0.3713233875 0.1231618703125 0.369485484375 0.121323740625 0.3529411296875 0.121323740625 0.3511032265625 0.1231618703125 0.349264515625 0.1231618703125 0.341912096875 0.13051438906249999 0.3400733875 0.13051438906249999
0 0.2922790328125 0.25735251875 0.2904411296875 0.25735251875 0.283087903125 0.264706234375 0.28125 0.264706234375 0.279412096875 0.2665443640625 0.279412096875 0.26838249375 0.275735484375 0.272058753125 0.2738967734375 0.272058753125 0.2720588703125 0.2738968828125 0.2720588703125 0.2757350125 0.2702209671875 0.2775731421875 0.2702209671875 0.33088249375 0.2720588703125 0.33272062343750003 0.2720588703125 0.334558753125 0.2738967734375 0.3363968828125 0.2738967734375 0.3382350125 0.2775733875 0.3419112703125 0.2775733875 0.3437506 0.279412096875 0.3455887296875 0.279412096875 0.36397002343749996 0.2886032265625 0.37316187031250003 0.2904411296875 0.37316187031250003 0.2941177421875 0.37683812968749997 0.2941177421875 0.378676259375 0.29595564531249996 0.3805143890625 0.29779435468750004 0.3805143890625 0.306985484375 0.389706234375 0.3088233875 0.389706234375 0.310662096875 0.3915443640625 0.310662096875 0.39338249375 0.314337903125 0.39338249375 0.318014515625 0.389706234375 0.3198532265625 0.389706234375 0.3216911296875 0.38786810625 0.3235290328125 0.38786810625 0.3363967734375 0.375 0.338235484375 0.375 0.3400733875 0.37316187031250003 0.34375 0.37316187031250003 0.345587903125 0.371323740625 0.3474266125 0.371323740625 0.3566177421875 0.36213189375 0.3566177421875 0.2757350125 0.3547790328125 0.2738968828125 0.3529411296875 0.2738968828125 0.3511032265625 0.272058753125 0.3474266125 0.272058753125 0.34375 0.26838249375 0.34375 0.2665443640625 0.341912096875 0.264706234375 0.3400733875 0.264706234375 0.3345588703125 0.259190646875 0.3327209671875 0.259190646875 0.3308822578125 0.25735251875 0.3253677421875 0.25735251875 0.3216911296875 0.253676259375 0.3216911296875 0.25183812968749997 0.3198532265625 0.25 0.2996322578125 0.25 0.29779435468750004 0.25183812968749997 0.29595564531249996 0.25183812968749997 0.29595564531249996 0.253676259375 0.2922790328125 0.25735251875
37 0.3952209671875 0.25735251875 0.39154435468750004 0.25735251875 0.3841911296875 0.264706234375 0.3823532265625 0.264706234375 0.380514515625 0.2665443640625 0.380514515625 0.26838249375 0.3786766125 0.27022062343750003 0.376837903125 0.27022062343750003 0.375 0.272058753125 0.375 0.2738968828125 0.369485484375 0.2794112703125 0.369485484375 0.35661750625 0.3713233875 0.3584556359375 0.373162096875 0.3584556359375 0.376837903125 0.36213189375 0.376837903125 0.36397002343749996 0.380514515625 0.36397002343749996 0.3823532265625 0.365809353125 0.3860290328125 0.365809353125 0.38970564531249996 0.3694856109375 0.38970564531249996 0.371323740625 0.39154435468750004 0.37316187031250003 0.400735484375 0.37316187031250003 0.40625 0.36764748125 0.40808790312500004 0.36764748125 0.41360322656250004 0.37316187031250003 0.41544112968749997 0.37316187031250003 0.41911774218750003 0.37683812968749997 0.41911774218750003 0.378676259375 0.43014677343749996 0.378676259375 0.43566209687499996 0.37316187031250003 0.43933790312500004 0.37316187031250003 0.44117661249999995 0.371323740625 0.44485322656250004 0.371323740625 0.44485322656250004 0.3694856109375 0.4485290328125 0.365809353125 0.45036774218750003 0.365809353125 0.45955887031250003 0.35661750625 0.45955887031250003 0.2757350125 0.4577209671875 0.2738968828125 0.45588225781249997 0.2738968828125 0.45404435468750004 0.272058753125 0.45036774218750003 0.272058753125 0.44669112968749997 0.26838249375 0.44669112968749997 0.2665443640625 0.44485322656250004 0.264706234375 0.443014515625 0.264706234375 0.44117661249999995 0.26286810625 0.43933790312500004 0.26286810625 0.43566209687499996 0.259190646875 0.43382338750000005 0.259190646875 0.431985484375 0.25735251875 0.42830887031250003 0.25735251875 0.42463225781249997 0.253676259375 0.42463225781249997 0.25 0.40441209687499996 0.25 0.40625 0.25183812968749997 0.40257338750000005 0.2555143890625 0.3970588703125 0.2555143890625 0.3952209671875 0.25735251875
17 0.27388629062500003 0.55514748125 0.274360484375 0.5439712234375 0.28379112968750003 0.5337589921875 0.293336290625 0.5455167859375 0.293512096875 0.5555095921875 0.30100080625 0.5620779375 0.304562096875 0.5692505999999999 0.3010088703125 0.5767014390625 0.2941072578125 0.577206234375 0.2914798390625 0.5885299765625 0.28307741875 0.5882350125 0.281239515625 0.5882350125 0.277562903125 0.5845587531249999 0.277562903125 0.5827206234375 0.275725 0.58088249375 0.27204838750000004 0.58088249375 0.27020967812499996 0.5827206234375 0.27020967812499996 0.5845587531249999 0.2683717734375 0.5863968828125 0.2683717734375 0.615809353125 0.27020967812499996 0.615809353125 0.275725 0.6213237406250001 0.277562903125 0.6213237406250001 0.27940080625 0.6231618703125 0.281239515625 0.6231618703125 0.2885919359375 0.6305143890625 0.2959451609375 0.6305143890625 0.30329838750000004 0.6231618703125 0.31065080625 0.6231618703125 0.3180040328125 0.6305143890625 0.3198419359375 0.6305143890625 0.3235185484375 0.634190646875 0.3235185484375 0.6360299765625 0.3290330640625 0.6360299765625 0.3290330640625 0.634190646875 0.33270967812499996 0.6305143890625 0.33454838750000004 0.6305143890625 0.33638629062500003 0.6286762593749999 0.338225 0.6286762593749999 0.338225 0.6268381296875 0.340062903125 0.625 0.343739515625 0.625 0.34557741875 0.6231618703125 0.3492540328125 0.6231618703125 0.3510919359375 0.6213237406250001 0.3510919359375 0.6194856109375 0.3547685484375 0.615809353125 0.3566072578125 0.615809353125 0.3584451609375 0.6139700234375 0.3584451609375 0.5514700234375 0.3568798390625 0.5499796156250001 0.3582766125 0.54705395625 0.3584451609375 0.54411750625 0.3583048390625 0.538098321875 0.3493782265625 0.52844604375 0.34747419375 0.5246390890625 0.341212903125 0.5198285375 0.338225 0.514706234375 0.33638629062500003 0.51286810625 0.33270967812499996 0.51286810625 0.3308717734375 0.5110299765625 0.3308717734375 0.50735251875 0.3018201609375 0.5086786578125 0.2996217734375 0.509190646875 0.2959451609375 0.51286810625 0.2941072578125 0.51286810625 0.2922685484375 0.514706234375 0.2885919359375 0.514706234375 0.28307741875 0.5202206234375 0.281239515625 0.5202206234375 0.27940080625 0.5220587531249999 0.27801370937500003 0.5261846515624999 0.27630967812499996 0.525089928125 0.27504516093750003 0.5271510796875 0.27405 0.53016426875 0.2721830640625 0.530425659375 0.2699411296875 0.5349520390625 0.27204838750000004 0.553309353125 0.27388629062500003 0.55514748125
33 0.251837903125 0.37316187031250003 0.275735484375 0.37316187031250003 0.2775733875 0.371323740625 0.2775733875 0.3400731421875 0.275735484375 0.3382350125 0.2738967734375 0.3382350125 0.2702209671875 0.334558753125 0.2702209671875 0.33088249375 0.2683822578125 0.3290443640625 0.2573532265625 0.3290443640625 0.2573532265625 0.33272062343750003 0.25 0.3400731421875 0.25 0.371323740625 0.251837903125 0.37316187031250003
33 0.5 0.64338249375 0.49816209687499996 0.6452206234375 0.49816209687499996 0.6672793765625 0.5 0.66911750625 0.5 0.6709556359375 0.501837903125 0.672793765625 0.525735484375 0.672793765625 0.5275733875 0.6709556359375 0.5275733875 0.6415443640625 0.525735484375 0.639706234375 0.5238967734375 0.639706234375 0.5202209671875 0.6360299765625 0.5202209671875 0.6305143890625 0.5220588703125 0.6286762593749999 0.5073532265625 0.6286762593749999 0.5036766125 0.63235251875 0.501837903125 0.63235251875 0.5 0.634190646875 0.5 0.64338249375
26 0.1764709671875 0.384190646875 0.1764709671875 0.38602997656250004 0.1783088703125 0.38786810625 0.18014677343750002 0.38786810625 0.181985484375 0.389706234375 0.1838233875 0.389706234375 0.1875 0.39338249375 0.189337903125 0.39338249375 0.1911766125 0.39522062343750003 0.19485322656249998 0.39522062343750003 0.1985290328125 0.3988968828125 0.1985290328125 0.40073501250000004 0.2003677421875 0.4025731421875 0.2022056453125 0.4025731421875 0.2040443546875 0.4044112703125 0.2058822578125 0.4044112703125 0.2077209671875 0.4062506 0.20955887031249998 0.4062506 0.20955887031249998 0.4044112703125 0.21139677343750002 0.4025731421875 0.21139677343750002 0.3915443640625 0.20955887031249998 0.389706234375 0.2077209671875 0.389706234375 0.2040443546875 0.38602997656250004 0.2040443546875 0.384190646875 0.2022056453125 0.38235251875 0.2003677421875 0.38235251875 0.1966911296875 0.378676259375 0.1966911296875 0.37683812968749997 0.19485322656249998 0.375 0.193014515625 0.375 0.189337903125 0.371323740625 0.189337903125 0.3694856109375 0.1875 0.36764748125 0.1764709671875 0.36764748125 0.1764709671875 0.3694856109375 0.1746322578125 0.371323740625 0.1746322578125 0.38235251875 0.1764709671875 0.384190646875
26 0.423490321875 0.128465228125 0.42131451562500005 0.13287050312499998 0.4143556453125 0.138948440625 0.41544112968749997 0.148754196875 0.42279435468750004 0.148754196875 0.42463225781249997 0.1469160671875 0.4264709671875 0.1469160671875 0.42830887031250003 0.1450779375 0.43014677343749996 0.1450779375 0.431985484375 0.1432398078125 0.431985484375 0.14140167812499999 0.43566209687499996 0.1377242203125 0.4375 0.1377242203125 0.43933790312500004 0.13588609062499998 0.43933790312500004 0.1340479609375 0.443014515625 0.130371703125 0.44485322656250004 0.130371703125 0.44669112968749997 0.1285335734375 0.44669112968749997 0.12669544375 0.45036774218750003 0.12301918437499999 0.45220564531249996 0.12301918437499999 0.45404435468750004 0.1211810546875 0.45404435468750004 0.11934292500000002 0.45220564531249996 0.117503596875 0.45036774218750003 0.117503596875 0.44669112968749997 0.1138273375 0.44669112968749997 0.11198920937500001 0.4408411296875 0.1136498796875 0.436015321875 0.12055155937499999 0.43076290312500004 0.12506235000000002 0.42717016093750004 0.12718105468750002 0.423490321875 0.128465228125
35 0.4889709671875 0.5165443640625 0.48713225781249997 0.5165443640625 0.48713225781249997 0.51838249375 0.48529435468750004 0.5202206234375 0.48345564531249996 0.5202206234375 0.474264515625 0.5294112703125 0.47242661249999995 0.5294112703125 0.47058790312500004 0.5312506 0.47058790312500004 0.6139700234375 0.47242661249999995 0.615809353125 0.474264515625 0.615809353125 0.47794112968749997 0.6194856109375 0.47794112968749997 0.6213237406250001 0.4797790328125 0.6231618703125 0.48161774218750003 0.6231618703125 0.48529435468750004 0.6268381296875 0.48529435468750004 0.6286762593749999 0.48713225781249997 0.6305143890625 0.49632338750000005 0.6305143890625 0.49816209687499996 0.63235251875 0.5 0.63235251875 0.501837903125 0.634190646875 0.5036766125 0.634190646875 0.505514515625 0.63235251875 0.5073532265625 0.63235251875 0.5091911296875 0.6305143890625 0.5202209671875 0.6305143890625 0.5220588703125 0.63235251875 0.5238967734375 0.63235251875 0.525735484375 0.634190646875 0.5275733875 0.634190646875 0.529412096875 0.6360299765625 0.533087903125 0.6360299765625 0.5386032265625 0.6305143890625 0.5404411296875 0.6305143890625 0.5422790328125 0.6286762593749999 0.5422790328125 0.6268381296875 0.5459556453125 0.6231618703125 0.5496322578124999 0.6231618703125 0.5514709671875 0.6213237406250001 0.5533088703125 0.6213237406250001 0.5551467734375 0.6194856109375 0.5551467734375 0.61764748125 0.556985484375 0.615809353125 0.556985484375 0.5386031171875 0.5551467734375 0.5367649875 0.5551467734375 0.5349268578124999 0.5477943546875 0.5275731421875001 0.5459556453125 0.5275731421875001 0.5422790328125 0.5238968828125 0.5404411296875 0.5238968828125 0.5349266125 0.51838249375 0.5349266125 0.5165443640625 0.533087903125 0.5165443640625 0.53125 0.514706234375 0.529412096875 0.514706234375 0.5275733875 0.51286810625 0.5275733875 0.5110299765625 0.525735484375 0.509190646875 0.5238967734375 0.509190646875 0.5220588703125 0.50735251875 0.501837903125 0.50735251875 0.501837903125 0.509190646875 0.49632338750000005 0.514706234375 0.49080887031250003 0.514706234375 0.4889709671875 0.5165443640625
0 0.48713225781249997 0.259190646875 0.48161774218750003 0.264706234375 0.4797790328125 0.264706234375 0.47794112968749997 0.2665443640625 0.47794112968749997 0.26838249375 0.474264515625 0.272058753125 0.47058790312500004 0.272058753125 0.47058790312500004 0.36397002343749996 0.47242661249999995 0.36397002343749996 0.48161774218750003 0.37316187031250003 0.48345564531249996 0.37316187031250003 0.48529435468750004 0.375 0.48713225781249997 0.375 0.49264677343749996 0.3805143890625 0.494485484375 0.3805143890625 0.501837903125 0.38786810625 0.5036766125 0.38786810625 0.5073532265625 0.3915443640625 0.5110290328125 0.3915443640625 0.5128677421875001 0.389706234375 0.5147056453125 0.389706234375 0.5165443546875 0.38786810625 0.5183822578124999 0.38786810625 0.5202209671875 0.38602997656250004 0.5202209671875 0.384190646875 0.5238967734375 0.3805143890625 0.525735484375 0.3805143890625 0.5275733875 0.378676259375 0.5275733875 0.37683812968749997 0.529412096875 0.375 0.53125 0.375 0.533087903125 0.37316187031250003 0.5349266125 0.37316187031250003 0.5404411296875 0.36764748125 0.5404411296875 0.365809353125 0.5422790328125 0.36397002343749996 0.5422790328125 0.3363968828125 0.5441177421875001 0.334558753125 0.5441177421875001 0.33272062343750003 0.5459556453125 0.33088249375 0.5477943546875 0.33088249375 0.5514709671875 0.327206234375 0.5533088703125 0.327206234375 0.5551467734375 0.32536810625 0.5551467734375 0.32352997656250004 0.556985484375 0.321690646875 0.556985484375 0.2794112703125 0.5551467734375 0.2775731421875 0.5551467734375 0.2757350125 0.5441177421875001 0.264706234375 0.5422790328125 0.264706234375 0.5349266125 0.25735251875 0.53125 0.25735251875 0.529412096875 0.2555143890625 0.529412096875 0.253676259375 0.525735484375 0.25 0.5238967734375 0.25 0.5202209671875 0.246323740625 0.5202209671875 0.2444856109375 0.5073532265625 0.2444856109375 0.494485484375 0.25735251875 0.49080887031250003 0.25735251875 0.4889709671875 0.259190646875 0.48713225781249997 0.259190646875
4 0.3933822578125 0.634190646875 0.3933822578125 0.6599268578124999 0.3970588703125 0.6636031171875 0.3970588703125 0.6709556359375 0.400735484375 0.67463189375 0.40808790312500004 0.67463189375 0.40992661249999995 0.6764700234375 0.41911774218750003 0.6764700234375 0.42095564531249996 0.67463189375 0.43014677343749996 0.67463189375 0.431985484375 0.672793765625 0.431985484375 0.6488968828125 0.43014677343749996 0.6470587531249999 0.42830887031250003 0.6470587531249999 0.4172790328125 0.6360299765625 0.4172790328125 0.63235251875 0.41544112968749997 0.6305143890625 0.41544112968749997 0.6268381296875 0.400735484375 0.6268381296875 0.400735484375 0.6286762593749999 0.3970588703125 0.63235251875 0.3952209671875 0.63235251875 0.3933822578125 0.634190646875
2 0.3014709671875 0.5036762593749999 0.3033088703125 0.5055143890625 0.32720564531249996 0.5055143890625 0.32904435468750004 0.5036762593749999 0.32904435468750004 0.5018381296875 0.3327209671875 0.49816187031250003 0.3345588703125 0.49816187031250003 0.3345588703125 0.47794124687500006 0.3253677421875 0.47794124687500006 0.3216911296875 0.47426498749999996 0.3216911296875 0.4650731421875 0.3161766125 0.45955875312499994 0.3161766125 0.4577206234375 0.318014515625 0.45588249375 0.29779435468750004 0.45588249375 0.2941177421875 0.45955875312499994 0.2941177421875 0.49816187031250003 0.2996322578125 0.5036762593749999 0.3014709671875 0.5036762593749999
2 0.5441177421875001 0.3400731421875 0.5422790328125 0.3419112703125 0.5422790328125 0.36213189375 0.5441177421875001 0.36397002343749996 0.5441177421875001 0.365809353125 0.5459556453125 0.36764748125 0.5459556453125 0.3694856109375 0.5477943546875 0.3694856109375 0.5533088703125 0.375 0.5753677421875001 0.375 0.5845588703125 0.365809353125 0.5845588703125 0.352941246875 0.5827209671875 0.352941246875 0.5790443546875 0.3492649875 0.5790443546875 0.3474268578125 0.5772056453125 0.3455887296875 0.5753677421875001 0.3455887296875 0.564337903125 0.334558753125 0.564337903125 0.33272062343750003 0.5625 0.33088249375 0.5625 0.3290443640625 0.560662096875 0.3290443640625 0.5588233875 0.327206234375 0.5514709671875 0.327206234375 0.5477943546875 0.33088249375 0.5459556453125 0.33088249375 0.5441177421875001 0.33272062343750003 0.5441177421875001 0.3400731421875
26 0.21875 0.4062506 0.2077209671875 0.4062506 0.2077209671875 0.4540443640625 0.21691209687500002 0.4540443640625 0.21875 0.452206234375 0.21875 0.4062506
28 0.3308822578125 0.259190646875 0.3308822578125 0.26102997656250004 0.3327209671875 0.26286810625 0.3363967734375 0.26286810625 0.338235484375 0.264706234375 0.3400733875 0.264706234375 0.34375 0.26838249375 0.345587903125 0.26838249375 0.3474266125 0.27022062343750003 0.349264515625 0.27022062343750003 0.3529411296875 0.2738968828125 0.3529411296875 0.2757350125 0.36029435468750004 0.2757350125 0.36029435468750004 0.26286810625 0.35845564531249996 0.26102997656250004 0.35845564531249996 0.259190646875 0.3566177421875 0.25735251875 0.3547790328125 0.25735251875 0.3511032265625 0.253676259375 0.3511032265625 0.25183812968749997 0.349264515625 0.25 0.3474266125 0.25 0.34375 0.246323740625 0.34375 0.2444856109375 0.341912096875 0.24264748125 0.3400733875 0.24264748125 0.3363967734375 0.23897002343749998 0.3235290328125 0.23897002343749998 0.3235290328125 0.253676259375 0.3253677421875 0.2555143890625 0.32720564531249996 0.2555143890625 0.3308822578125 0.259190646875
28 0.3658088703125 0.61213189375 0.3676467734375 0.610293765625 0.3676467734375 0.6084556359375 0.369485484375 0.60661750625 0.369485484375 0.5955887296875 0.3676467734375 0.5937506 0.3676467734375 0.5827206234375 0.3658088703125 0.58088249375 0.3658088703125 0.5569856109375 0.3676467734375 0.55514748125 0.3658088703125 0.553309353125 0.3658088703125 0.5367649875 0.36029435468750004 0.5367649875 0.35845564531249996 0.5386031171875 0.35845564531249996 0.6139700234375 0.3658088703125 0.6139700234375 0.3658088703125 0.61213189375
37 0.1691177421875 0.5330887296875 0.1672790328125 0.5349268578124999 0.1672790328125 0.6139700234375 0.1764709671875 0.6231618703125 0.1783088703125 0.6231618703125 0.185662096875 0.6305143890625 0.1875 0.6305143890625 0.1911766125 0.634190646875 0.1911766125 0.6360299765625 0.193014515625 0.6360299765625 0.1985290328125 0.6415443640625 0.1985290328125 0.64338249375 0.2003677421875 0.6452206234375 0.2022056453125 0.6452206234375 0.2077209671875 0.6507350125 0.21691209687500002 0.6507350125 0.2224266125 0.6452206234375 0.224264515625 0.6452206234375 0.2297790328125 0.639706234375 0.2316177421875 0.639706234375 0.2334556453125 0.63786810625 0.2352943546875 0.63786810625 0.24264677343750002 0.6305143890625 0.244485484375 0.6305143890625 0.251837903125 0.6231618703125 0.2536766125 0.6231618703125 0.255514515625 0.6213237406250001 0.255514515625 0.6194856109375 0.2573532265625 0.61764748125 0.2573532265625 0.615809353125 0.2591911296875 0.6139700234375 0.2591911296875 0.6084556359375 0.2573532265625 0.60661750625 0.2573532265625 0.5625 0.255514515625 0.5606618703125 0.255514515625 0.5312506 0.2536766125 0.5294112703125 0.251837903125 0.5294112703125 0.25 0.5275731421875001 0.24816209687500002 0.5275731421875001 0.244485484375 0.5238968828125 0.24264677343750002 0.5238968828125 0.24080887031249998 0.5220587531249999 0.2389709671875 0.5220587531249999 0.2316177421875 0.514706234375 0.2297790328125 0.514706234375 0.224264515625 0.509190646875 0.224264515625 0.50735251875 0.19485322656249998 0.50735251875 0.17279435468749998 0.5294112703125 0.17095564531250002 0.5294112703125 0.1691177421875 0.5312506 0.1691177421875 0.5330887296875
28 0.3658088703125 0.3511031171875 0.3676467734375 0.3492649875 0.3676467734375 0.33088249375 0.3658088703125 0.3290443640625 0.3658088703125 0.2794112703125 0.35845564531249996 0.2794112703125 0.35845564531249996 0.3584556359375 0.3639709671875 0.3584556359375 0.3658088703125 0.35661750625 0.3658088703125 0.3511031171875
35 0.4485290328125 0.63786810625 0.44669112968749997 0.63786810625 0.43566209687499996 0.6488968828125 0.43566209687499996 0.6507350125 0.43382338750000005 0.6525731421875001 0.43382338750000005 0.6709556359375 0.42830887031250003 0.6764700234375 0.4264709671875 0.6764700234375 0.41911774218750003 0.6838237406250001 0.41911774218750003 0.74264748125 0.42279435468750004 0.7463237406250001 0.42463225781249997 0.7463237406250001 0.4264709671875 0.7481618703125 0.43014677343749996 0.7481618703125 0.43382338750000005 0.7518381296875 0.43382338750000005 0.7536762593749999 0.43566209687499996 0.7555143890625 0.4375 0.7555143890625 0.443014515625 0.7610299765625 0.45220564531249996 0.7610299765625 0.4577209671875 0.7555143890625 0.45955887031250003 0.7555143890625 0.46139677343749996 0.75735251875 0.463235484375 0.75735251875 0.46691209687499996 0.7610299765625 0.46875 0.7610299765625 0.47058790312500004 0.76286810625 0.47794112968749997 0.76286810625 0.4797790328125 0.7610299765625 0.48161774218750003 0.7610299765625 0.48161774218750003 0.759190646875 0.48345564531249996 0.75735251875 0.48529435468750004 0.75735251875 0.48713225781249997 0.7555143890625 0.49080887031250003 0.7555143890625 0.49264677343749996 0.7536762593749999 0.494485484375 0.7536762593749999 0.49816209687499996 0.75 0.5 0.75 0.501837903125 0.7481618703125 0.5036766125 0.7481618703125 0.505514515625 0.7463237406250001 0.505514515625 0.678309353125 0.49816209687499996 0.6709556359375 0.49816209687499996 0.6599268578124999 0.49632338750000005 0.6580887296875 0.49632338750000005 0.6562506 0.49264677343749996 0.6525731421875001 0.49264677343749996 0.6507350125 0.4889709671875 0.6470587531249999 0.48713225781249997 0.6470587531249999 0.47242661249999995 0.63235251875 0.45404435468750004 0.63235251875 0.45220564531249996 0.634190646875 0.45036774218750003 0.634190646875 0.45036774218750003 0.6360299765625 0.4485290328125 0.63786810625
36 0.14154435468749998 0.38235251875 0.13970564531250002 0.384190646875 0.13970564531250002 0.38602997656250004 0.1360290328125 0.389706234375 0.1341911296875 0.389706234375 0.13235322656249998 0.3915443640625 0.13235322656249998 0.39338249375 0.1286766125 0.397058753125 0.126837903125 0.397058753125 0.1213233875 0.4025731421875 0.11948548437499999 0.4025731421875 0.1176467734375 0.4044112703125 0.1176467734375 0.48897002343749996 0.11948548437499999 0.49080935312499996 0.1213233875 0.49080935312499996 0.125 0.49448561093750004 0.125 0.496323740625 0.126837903125 0.496323740625 0.1286766125 0.49816187031250003 0.130514515625 0.49816187031250003 0.13235322656249998 0.5 0.1341911296875 0.5 0.14889677343750002 0.514706234375 0.150735484375 0.514706234375 0.1525733875 0.5165443640625 0.1525733875 0.51838249375 0.154412096875 0.5202206234375 0.17279435468749998 0.5202206234375 0.1746322578125 0.51838249375 0.1746322578125 0.5165443640625 0.185662096875 0.5055143890625 0.1875 0.5055143890625 0.1966911296875 0.496323740625 0.1966911296875 0.4724268578125 0.2040443546875 0.4650731421875 0.2040443546875 0.45955875312499994 0.2058822578125 0.4577206234375 0.2058822578125 0.44669064687500004 0.2040443546875 0.44485251875 0.2040443546875 0.4062506 0.2022056453125 0.4044112703125 0.2003677421875 0.4044112703125 0.1966911296875 0.40073501250000004 0.1966911296875 0.3988968828125 0.19485322656249998 0.397058753125 0.193014515625 0.397058753125 0.189337903125 0.39338249375 0.189337903125 0.3915443640625 0.1875 0.389706234375 0.185662096875 0.389706234375 0.181985484375 0.38602997656250004 0.181985484375 0.384190646875 0.18014677343750002 0.38235251875 0.1783088703125 0.38235251875 0.1746322578125 0.378676259375 0.14889677343750002 0.378676259375 0.1470588703125 0.3805143890625 0.1452209671875 0.3805143890625 0.1433822578125 0.38235251875 0.14154435468749998 0.38235251875
33 0.45404435468750004 0.76286810625 0.45220564531249996 0.764706234375 0.45036774218750003 0.764706234375 0.4485290328125 0.7665443640625 0.4485290328125 0.797793765625 0.45036774218750003 0.79963189375 0.45036774218750003 0.8014700234375001 0.45220564531249996 0.803309353125 0.46875 0.803309353125 0.47058790312500004 0.8014700234375001 0.47242661249999995 0.8014700234375001 0.47610322656250004 0.797793765625 0.47610322656250004 0.7665443640625 0.47058790312500004 0.7610299765625 0.47058790312500004 0.75735251875 0.45588225781249997 0.75735251875 0.4577209671875 0.759190646875 0.4577209671875 0.7610299765625 0.45588225781249997 0.76286810625 0.45404435468750004 0.76286810625
25 0.536764515625 0.5165443640625 0.536764515625 0.51838249375 0.5386032265625 0.5202206234375 0.5404411296875 0.5202206234375 0.5441177421875001 0.5238968828125 0.5441177421875001 0.5257350125 0.5459556453125 0.5275731421875001 0.5477943546875 0.5275731421875001 0.5514709671875 0.5312506 0.5514709671875 0.5330887296875 0.5533088703125 0.5349268578124999 0.560662096875 0.5349268578124999 0.5625 0.5330887296875 0.5625 0.5220587531249999 0.560662096875 0.5220587531249999 0.556985484375 0.51838249375 0.556985484375 0.5165443640625 0.5551467734375 0.514706234375 0.5533088703125 0.514706234375 0.5496322578124999 0.5110299765625 0.5496322578124999 0.509190646875 0.5477943546875 0.50735251875 0.5459556453125 0.50735251875 0.5422790328125 0.5036762593749999 0.5422790328125 0.5018381296875 0.5404411296875 0.5 0.5275733875 0.5 0.5275733875 0.509190646875 0.53125 0.51286810625 0.533087903125 0.51286810625 0.536764515625 0.5165443640625
28 0.376837903125 0.3805143890625 0.3841911296875 0.38786810625 0.3933822578125 0.38786810625 0.3952209671875 0.38602997656250004 0.3952209671875 0.37683812968749997 0.3933822578125 0.375 0.39154435468750004 0.375 0.3878677421875 0.371323740625 0.3878677421875 0.3694856109375 0.3860290328125 0.36764748125 0.3841911296875 0.36764748125 0.380514515625 0.36397002343749996 0.380514515625 0.36213189375 0.3786766125 0.360293765625 0.376837903125 0.360293765625 0.373162096875 0.35661750625 0.3639709671875 0.35661750625 0.3639709671875 0.37316187031250003 0.3658088703125 0.37316187031250003 0.373162096875 0.3805143890625 0.376837903125 0.3805143890625
2 0.494485484375 0.46323501250000004 0.494485484375 0.49816187031250003 0.49632338750000005 0.49816187031250003 0.5 0.5018381296875 0.5 0.5036762593749999 0.501837903125 0.5055143890625 0.525735484375 0.5055143890625 0.5275733875 0.5036762593749999 0.5275733875 0.5018381296875 0.53125 0.49816187031250003 0.533087903125 0.49816187031250003 0.5349266125 0.496323740625 0.5349266125 0.4797793765625 0.533087903125 0.47794124687500006 0.5238967734375 0.47794124687500006 0.5202209671875 0.47426498749999996 0.5202209671875 0.4650731421875 0.5147056453125 0.45955875312499994 0.5147056453125 0.4577206234375 0.5165443546875 0.45588249375 0.501837903125 0.45588249375 0.5 0.4577206234375 0.5 0.45955875312499994 0.49632338750000005 0.46323501250000004 0.494485484375 0.46323501250000004
34 0.3014709671875 0.20772062343750003 0.3014709671875 0.209558753125 0.2996322578125 0.2113968828125 0.2996322578125 0.24264748125 0.3014709671875 0.2444856109375 0.3014709671875 0.246323740625 0.3216911296875 0.246323740625 0.3216911296875 0.2444856109375 0.3253677421875 0.24080935312500001 0.32720564531249996 0.24080935312500001 0.32904435468750004 0.23897002343749998 0.32904435468750004 0.2150731421875 0.32720564531249996 0.2132350125 0.3253677421875 0.2132350125 0.3216911296875 0.209558753125 0.3216911296875 0.20588249374999998 0.3198532265625 0.20404436406249998 0.3198532265625 0.20220623437500002 0.318014515625 0.20036810625 0.3088233875 0.20036810625 0.3088233875 0.20220623437500002 0.3051467734375 0.20588249374999998 0.3033088703125 0.20588249374999998 0.3014709671875 0.20772062343750003
17 0.21935483906250003 0.6882494 0.22096774218749998 0.7386091125 0.24435483906250002 0.7613908875 0.25080645156250003 0.76378896875 0.26532258125 0.7517985609375 0.279838709375 0.76378896875 0.2870967734375 0.7613908875 0.30645161249999997 0.742206234375 0.30806451562500003 0.689448440625 0.30322580625 0.68105515625 0.3008064515625 0.6870503593749999 0.2975806453125 0.684652278125 0.29032258125 0.6474820140624999 0.2822580640625 0.6438848921875 0.27096774218749997 0.629496403125 0.2604838703125 0.6270983218749999 0.22258064531250002 0.659472421875 0.22016129062499998 0.6666666671875 0.22016129062499998 0.6702637890625 0.2274193546875 0.6750599515625 0.2274193546875 0.6858513187499999 0.21935483906250003 0.6882494
17 0.1814516125 0.36450839375 0.2129032265625 0.393285371875 0.225 0.388489209375 0.2459677421875 0.36930455625 0.25 0.340527578125 0.26209677343750004 0.3237410078125 0.2564516125 0.2985611515625 0.25887096718749997 0.2817745796875 0.2161290328125 0.24100719375000001 0.2024193546875 0.2494004796875 0.1685483875 0.28297362187499997 0.1709677421875 0.2973621109375 0.166935484375 0.3249400484375 0.17580645156250002 0.338129496875 0.1814516125 0.36450839375
28 0.4185483875 0.425659471875 0.408064515625 0.42446043125 0.4072580640625 0.48321342968750003 0.4145161296875 0.4880095921875 0.4193548390625 0.48201438906250005 0.4185483875 0.425659471875
28 0.4129032265625 0.49040767343749997 0.4088709671875 0.4868105515625 0.40322580625000004 0.4892086328125 0.36532258125 0.521582734375 0.3645161296875 0.5323741 0.3725806453125 0.5359712234375 0.411290321875 0.501199040625 0.4129032265625 0.49040767343749997
28 0.36290322656249996 0.6187050359375 0.3564516125 0.6151079140625 0.323387096875 0.6438848921875 0.3241935484375 0.6486810546874999 0.3395161296875 0.6498800953125 0.361290321875 0.63069544375 0.36290322656249996 0.6187050359375
28 0.31854838750000003 0.74100719375 0.31854838750000003 0.6882494 0.32177419375 0.684652278125 0.3193548390625 0.679856115625 0.30967741875 0.679856115625 0.30806451562500003 0.73381295 0.30967741875 0.742206234375 0.313709678125 0.7458033578125 0.31854838750000003 0.74100719375
28 0.30967741875 0.760191846875 0.313709678125 0.7505995203125 0.30645161249999997 0.743405275 0.283064515625 0.7625899281249999 0.27822580625 0.7685851312499999 0.2822580640625 0.78657074375 0.288709678125 0.7769784171875 0.30967741875 0.760191846875
28 0.24758064531250001 0.7817745796875 0.248387096875 0.76618705 0.22338709687499997 0.7446043171875 0.21532258125 0.7458033578125 0.21532258125 0.7553956828125 0.22096774218749998 0.7625899281249999 0.23629032187500001 0.7781774578125 0.24758064531250001 0.7817745796875
28 0.21935483906250003 0.6678657078125 0.2145161296875 0.6618705031250001 0.20887096718749998 0.6654676265624999 0.208064515625 0.74100719375 0.2145161296875 0.7446043171875 0.21935483906250003 0.739808153125 0.21935483906250003 0.6678657078125
34 0.2790322578125 0.794964028125 0.2774193546875 0.7685851312499999 0.266935484375 0.7553956828125 0.2572580640625 0.75899280625 0.25 0.7721822546875 0.24758064531250001 0.788968825 0.254838709375 0.8033573140625 0.27258064531250004 0.8033573140625 0.2790322578125 0.794964028125
5 0.333064515625 0.6702637890625 0.333064515625 0.652278178125 0.3209677421875 0.6486810546874999 0.3177419359375 0.634292565625 0.3104838703125 0.6258992812499999 0.30322580625 0.6258992812499999 0.29435483906250004 0.6390887296875001 0.2927419359375 0.657074340625 0.3 0.6762589921875 0.323387096875 0.6774580328125 0.333064515625 0.6702637890625
5 0.43467741875000004 0.4112709828125 0.43387096718749996 0.39688249375 0.4209677421875 0.39208633125 0.41774193593750003 0.3788968828125 0.4104838703125 0.370503596875 0.40322580625000004 0.370503596875 0.3935483875 0.3848920859375 0.3927419359375 0.398081534375 0.40080645156249994 0.42086330937499994 0.426612903125 0.42086330937499994 0.43467741875000004 0.4112709828125
26 0.263709678125 0.5323741 0.26209677343750004 0.521582734375 0.23467741874999998 0.49760191875000004 0.2290322578125 0.49640287812499995 0.225 0.50239808125 0.2258064515625 0.5095923265625 0.24677419375 0.528776978125 0.2564516125 0.5347721828124999 0.263709678125 0.5323741
26 0.25873225781250003 0.5734988015625 0.2586733875 0.574934053125 0.258064515625 0.581534771875 0.258064515625 0.609112709375 0.26532258125 0.6139088734375 0.2693548390625 0.60791366875 0.2693548390625 0.5983213421875 0.2685483875 0.583932853125 0.2685330640625 0.5783729015625 0.268085484375 0.5726582734375001 0.26731129062500003 0.5652985609375001 0.2685483875 0.558752996875 0.2693548390625 0.546762590625 0.26532258125 0.5359712234375 0.25887096718749997 0.5395683453125 0.258064515625 0.553956834375 0.2592201609375 0.5588908875 0.257860484375 0.566262590625 0.25873225781250003 0.5734988015625
26 0.4145161296875 0.1474820140625 0.408064515625 0.154676259375 0.408064515625 0.1942446046875 0.41774193593750003 0.20503597187499997 0.41774193593750003 0.1558753 0.4145161296875 0.1474820140625
26 0.4129032265625 0.14628297343750002 0.41370967812500004 0.1402877703125 0.40161290312500003 0.12589928125 0.38387096718749997 0.111510790625 0.376612903125 0.1139088734375 0.37419354843749997 0.1223021578125 0.37822580625 0.127098321875 0.4040322578125 0.14868105468749998 0.4129032265625 0.14628297343750002
29 0.266935484375 0.5731414874999999 0.27177419375 0.57553956875 0.2790322578125 0.5899280578125 0.29032258125 0.5875299765625 0.2935483875 0.57793765 0.3008064515625 0.5719424453124999 0.3008064515625 0.5659472421875 0.2927419359375 0.555155875 0.2911290328125 0.5431654671875 0.283064515625 0.5371702640625 0.2822580640625 0.5371702640625 0.275 0.546762590625 0.275 0.553956834375 0.2661290328125 0.5659472421875 0.266935484375 0.5731414874999999
25 0.5225806453125 0.40527577968750006 0.5443548390624999 0.3872901671875 0.548387096875 0.38129496406249996 0.5443548390624999 0.36930455625 0.5427419359375001 0.36930455625 0.516935484375 0.390887290625 0.513709678125 0.39688249375 0.5145161296875 0.4028776984375 0.5225806453125 0.40527577968750006
25 0.6129032265625 0.40407673906249997 0.6120967734375 0.393285371875 0.5854838703125 0.3717026375 0.58467741875 0.370503596875 0.576612903125 0.3788968828125 0.5806451609375001 0.3872901671875 0.6024193546875 0.40527577968750006 0.6129032265625 0.40407673906249997
25 0.616935484375 0.45923261406250004 0.6193548390625 0.4340527578125 0.6161290328125 0.40647482031250004 0.6120967734375 0.40647482031250004 0.608064515625 0.4100719421875 0.60967741875 0.4172661875 0.6072580640624999 0.45203836875 0.616935484375 0.45923261406250004
25 0.5717741937499999 0.5347721828124999 0.5975806453125 0.5131894484374999 0.5991935484375001 0.5071942453125 0.5959677421875 0.498800959375 0.5911290328125001 0.498800959375 0.5661290328125 0.52038369375 0.5637096781250001 0.5251798562500001 0.5645161296875 0.5323741 0.5717741937499999 0.5347721828124999
25 0.5193548390625 0.4112709828125 0.5161290328125 0.40647482031250004 0.511290321875 0.40647482031250004 0.508064515625 0.4100719421875 0.5072580640625 0.4496402875 0.5185483875 0.4604316546875 0.5193548390625 0.4112709828125
25 0.4943548390625 0.5155875296875 0.4991935484375 0.5083932859375 0.49274193593750004 0.501199040625 0.49032258124999994 0.501199040625 0.4661290328125 0.521582734375 0.4645161296875 0.5323741 0.47177419374999996 0.5347721828124999 0.4943548390625 0.5155875296875
25 0.4629032265625 0.5323741 0.4629032265625 0.5251798562500001 0.45967741875 0.5191846515625 0.42177419374999997 0.4856115109375 0.4193548390625 0.4856115109375 0.41370967812500004 0.49280575468750004 0.4161290328125 0.50239808125 0.4524193546875 0.5323741 0.4629032265625 0.5323741
25 0.3193548390625 0.4112709828125 0.3145161296875 0.40527577968750006 0.31209677343750003 0.40527577968750006 0.30806451562500003 0.4100719421875 0.30806451562500003 0.45203836875 0.31693548437499997 0.4604316546875 0.3193548390625 0.4112709828125
37 0.4185483875 0.14148681093749998 0.42177419374999997 0.1402877703125 0.4241935484375 0.1438848921875 0.416935484375 0.1474820140625 0.420161290625 0.1498800953125 0.416935484375 0.15347721875 0.41774193593750003 0.184652278125 0.4209677421875 0.1966426859375 0.4145161296875 0.1990407671875 0.4209677421875 0.20503597187499997 0.4209677421875 0.212230215625 0.425 0.2194244609375 0.42822580625000006 0.214628296875 0.4290322578125 0.2194244609375 0.4354838703125 0.2254196640625 0.43870967812500006 0.2470023984375 0.4620967734375 0.26858513125 0.466935484375 0.26858513125 0.491935484375 0.2470023984375 0.5104838703125 0.2254196640625 0.5104838703125 0.154676259375 0.5056451609375 0.14628297343750002 0.49112903281250003 0.13669064687500002 0.47741935468749996 0.11990407656249999 0.47661290312500004 0.11990407656249999 0.4524193546875 0.1223021578125 0.43225806406249995 0.1426858515625 0.42177419374999997 0.13669064687500002 0.4185483875 0.14148681093749998
37 0.3241935484375 0.47482014375 0.33467741875 0.476019184375 0.3370967734375 0.4856115109375 0.33467741875 0.501199040625 0.354838709375 0.5191846515625 0.36612903281250003 0.5191846515625 0.4064516125 0.48321342968750003 0.4056451609375 0.4280575546875 0.395161290625 0.41966426874999996 0.3935483875 0.40527577968750006 0.388709678125 0.393285371875 0.366935484375 0.3752997609375 0.361290321875 0.3752997609375 0.35403225781250003 0.37649880156250004 0.320161290625 0.40647482031250004 0.3209677421875 0.47122302187500004 0.3241935484375 0.47482014375
37 0.16935483906249998 0.558752996875 0.166935484375 0.5707434046875 0.166935484375 0.606714628125 0.17177419375 0.6187050359375 0.1959677421875 0.636690646875 0.20887096718749998 0.6510791359375 0.216935484375 0.652278178125 0.26532258125 0.6115107906249999 0.261290321875 0.6115107906249999 0.258064515625 0.6007194250000001 0.25887096718749997 0.5791366906250001 0.26209677343750004 0.5695443640625 0.258064515625 0.555155875 0.26209677343750004 0.549160671875 0.26209677343750004 0.5419664265625 0.23387096718749997 0.5179856109375 0.2274193546875 0.5071942453125 0.2104838703125 0.5071942453125 0.20967741874999998 0.505995203125 0.19193548437500002 0.5155875296875 0.16935483906249998 0.5359712234375 0.166935484375 0.5431654671875 0.16935483906249998 0.558752996875
2 0.601612903125 0.505995203125 0.62822580625 0.5047961625 0.6338709671875 0.49760191875000004 0.6338709671875 0.48201438906250005 0.6225806453125 0.473621103125 0.6193548390625 0.47482014375 0.6161290328125 0.45923261406250004 0.6088709671875 0.4544364515625 0.6056451609375 0.4544364515625 0.59677419375 0.4616306953125 0.5927419359375 0.4724220625 0.5959677421875 0.498800959375 0.601612903125 0.505995203125
27 0.4975806453125 0.65347721875 0.4975806453125 0.6390887296875001 0.4709677421875 0.6163069546875 0.4661290328125 0.6163069546875 0.4629032265625 0.6187050359375 0.46532258125 0.629496403125 0.49112903281250003 0.65347721875 0.4975806453125 0.65347721875
27 0.463709678125 0.6235011984375001 0.4620967734375 0.6175059953125001 0.45725806406249997 0.6163069546875 0.4564516125 0.6151079140625 0.4241935484375 0.6450839328125 0.4354838703125 0.652278178125 0.454838709375 0.63549160625 0.463709678125 0.6235011984375001
27 0.5193548390625 0.7302158265625 0.5185483875 0.6978417265625 0.5209677421875 0.6834532375 0.51532258125 0.678657075 0.508064515625 0.678657075 0.5072580640625 0.7374100718750001 0.5120967734375 0.7446043171875 0.5185483875 0.74100719375 0.5193548390625 0.7302158265625
27 0.49112903281250003 0.7757793765625001 0.5104838703125 0.75899280625 0.5129032265625 0.7494004796875 0.50967741875 0.743405275 0.5056451609375 0.743405275 0.47822580625000005 0.7685851312499999 0.48064516093750004 0.7841726625 0.48225806406249994 0.7793764984375 0.49112903281250003 0.7757793765625001
27 0.44354838750000003 0.7793764984375 0.44919354843750003 0.7721822546875 0.44354838750000003 0.7625899281249999 0.42177419374999997 0.743405275 0.41774193593750003 0.743405275 0.4145161296875 0.7458033578125 0.416935484375 0.757793765625 0.43225806406249995 0.7733812953125 0.44354838750000003 0.7793764984375
27 0.4193548390625 0.74100719375 0.4185483875 0.7014388484375 0.4225806453125 0.68105515625 0.41774193593750003 0.679856115625 0.41330645156249995 0.679856115625 0.4072580640625 0.68105515625 0.408064515625 0.73621103125 0.411290321875 0.743405275 0.4193548390625 0.74100719375
27 0.3056451609375 0.40647482031250004 0.31209677343750003 0.40407673906249997 0.313709678125 0.400479615625 0.3104838703125 0.39208633125 0.2975806453125 0.3848920859375 0.283064515625 0.36930455625 0.2814516125 0.36930455625 0.27338709687499996 0.37649880156250004 0.279838709375 0.3872901671875 0.29032258125 0.39208633125 0.3056451609375 0.40647482031250004
15 0.345587903125 0.191176259375 0.345587903125 0.2444856109375 0.380514515625 0.2444856109375 0.380514515625 0.191176259375 0.345587903125 0.191176259375
12 0.2334556453125 0.3180143890625 0.1966911296875 0.3180143890625 0.1966911296875 0.37316187031250003 0.2316177421875 0.37316187031250003 0.2334556453125 0.371323740625 0.2334556453125 0.3180143890625
13 0.4797790328125 0.24080935312500001 0.48161774218750003 0.24080935312500001 0.48161774218750003 0.191176259375 0.44485322656250004 0.191176259375 0.44485322656250004 0.24264748125 0.44669112968749997 0.2444856109375 0.47610322656250004 0.2444856109375 0.4797790328125 0.24080935312500001
15 0.47741935468749996 0.75899280625 0.48225806406249994 0.7541966421875 0.48064516093750004 0.7038369296875 0.4475806453125 0.7026378890625 0.44435483906249995 0.7086330937499999 0.44354838750000003 0.732613909375 0.4475806453125 0.757793765625 0.46532258125 0.7541966421875 0.47741935468749996 0.75899280625
8 0.3822580640625 0.498800959375 0.3806451609375 0.44724220625 0.3508064515625 0.446043165625 0.345161290625 0.45323740937499996 0.34435483906250003 0.4880095921875 0.3475806453125 0.501199040625 0.379838709375 0.50239808125 0.3822580640625 0.498800959375
7 0.40808790312500004 0.36764748125 0.41360322656250004 0.37316187031250003 0.43014677343749996 0.37316187031250003 0.431985484375 0.371323740625 0.431985484375 0.3180143890625 0.3952209671875 0.3180143890625 0.3952209671875 0.37316187031250003 0.400735484375 0.37316187031250003 0.40625 0.36764748125 0.40808790312500004 0.36764748125
8 0.1814516125 0.44844124687500003 0.1459677421875 0.4496402875 0.14677419375 0.5 0.17580645156250002 0.50239808125 0.1822580640625 0.498800959375 0.1814516125 0.44844124687500003
9 0.23064516093749998 0.57553956875 0.2 0.574340528125 0.195161290625 0.57793765 0.19677419375 0.629496403125 0.229838709375 0.63069544375 0.2322580640625 0.6270983218749999 0.23064516093749998 0.57553956875
14 0.28125 0.49816187031250003 0.283087903125 0.49816187031250003 0.283087903125 0.44669064687500004 0.244485484375 0.44669064687500004 0.244485484375 0.5 0.2463233875 0.5018381296875 0.2775733875 0.5018381296875 0.28125 0.49816187031250003
11 0.3322580640625 0.320143884375 0.29677419375 0.31894484375 0.2959677421875 0.36930455625 0.3 0.37410071875 0.33064516093749996 0.37290167812499997 0.3322580640625 0.320143884375
11 0.523387096875 0.6330935249999999 0.5290322578125 0.63069544375 0.533064515625 0.6235011984375001 0.533064515625 0.5791366906250001 0.5290322578125 0.574340528125 0.4959677421875 0.576738609375 0.49516129062500003 0.6270983218749999 0.5 0.631894484375 0.5104838703125 0.6258992812499999 0.523387096875 0.6330935249999999
12 0.43225806406249995 0.6270983218749999 0.43306451562500003 0.581534771875 0.42983870937499996 0.57553956875 0.39596774218749997 0.57793765 0.39677419375 0.629496403125 0.408064515625 0.6247002390625 0.4185483875 0.63069544375 0.43225806406249995 0.6270983218749999
16 0.47983870937499995 0.44724220625 0.4459677421875 0.44844124687500003 0.44677419374999994 0.5 0.4814516125 0.5 0.48225806406249994 0.45203836875 0.47983870937499995 0.44724220625
13 0.3338709671875 0.6270983218749999 0.3314516125 0.57553956875 0.30322580625 0.5731414874999999 0.2935483875 0.5851318937500001 0.2959677421875 0.629496403125 0.30967741875 0.6247002390625 0.3225806453125 0.631894484375 0.3338709671875 0.6270983218749999
7 0.380514515625 0.7040443640625 0.345587903125 0.7040443640625 0.345587903125 0.7555143890625 0.3786766125 0.7555143890625 0.380514515625 0.7536762593749999 0.380514515625 0.7040443640625
10 0.533064515625 0.35131894531249996 0.5314516125 0.320143884375 0.5 0.317745803125 0.49516129062500003 0.3237410078125 0.49516129062500003 0.36930455625 0.5008064515624999 0.37410071875 0.5290322578125 0.37410071875 0.533064515625 0.35131894531249996
16 0.2536766125 0.75735251875 0.255514515625 0.7555143890625 0.275735484375 0.7555143890625 0.2775733875 0.7536762593749999 0.279412096875 0.7536762593749999 0.279412096875 0.7518381296875 0.28125 0.75 0.283087903125 0.75 0.283087903125 0.7040443640625 0.2463233875 0.7040443640625 0.2463233875 0.7555143890625 0.25 0.7555143890625 0.251837903125 0.75735251875 0.2536766125 0.75735251875
14 0.5790443546875 0.496323740625 0.5808822578124999 0.49448561093750004 0.5808822578124999 0.45588249375 0.5790443546875 0.4540443640625 0.5790443546875 0.44669064687500004 0.5459556453125 0.44669064687500004 0.5459556453125 0.5018381296875 0.5772056453125 0.5018381296875 0.5790443546875 0.5 0.5790443546875 0.496323740625
21 0.128125 0.25781295000000004 0.08906290312500001 0.25781295000000004 0.08906290312500001 0.33281295 0.12656290312500001 0.33281295 0.128125 0.3312506 0.128125 0.25781295000000004
20 0.389062903125 0.0031247000000000002 0.389062903125 0.07343765 0.428125 0.07343765 0.428125 0.0031247000000000002 0.389062903125 0.0031247000000000002
23 0.18906290312500001 0.7718753 0.18906290312500001 0.8468753 0.228125 0.8468753 0.228125 0.7718753 0.18906290312500001 0.7718753
22 0.389062903125 0.77343765 0.389062903125 0.84531295 0.428125 0.84531295 0.428125 0.77343765 0.389062903125 0.77343765
19 0.128125 0.51718705 0.08906290312500001 0.51718705 0.08906290312500001 0.5890623500000001 0.12656290312500001 0.5890623500000001 0.128125 0.5875 0.128125 0.51718705
18 0.5390629031249999 0.1312506 0.5390629031249999 0.2031247 0.578125 0.2031247 0.578125 0.1312506 0.5390629031249999 0.1312506
18 0.5375 0.6437506 0.5375 0.7171870499999999 0.578125 0.7171870499999999 0.578125 0.6437506 0.5375 0.6437506
18 0.18906290312500001 0.00468705 0.18906290312500001 0.0718753 0.228125 0.0718753 0.228125 0.00468705 0.18906290312500001 0.00468705
18 0.6375 0.38593765 0.6375 0.45937530000000004 0.678125 0.45937530000000004 0.678125 0.38593765 0.6375 0.38593765