2 0.3046878375 0.6765625 0.303125 0.678125 0.303125 0.709375 0.3046878375 0.7109375 0.3046878375 0.7125 0.30625 0.7140625 0.30625 0.715625 0.3078128375 0.7171875 0.353125 0.7171875 0.36093783749999997 0.709375 0.36093783749999997 0.690625 0.3578128375 0.6875 0.35 0.6875 0.3484378375 0.6859375 0.346875 0.6859375 0.34375 0.6828125 0.34375 0.68125 0.3421878375 0.6796875 0.3421878375 0.678125 0.3359378375 0.671875 0.3359378375 0.665625 0.3328128375 0.6625 0.309375 0.6625 0.30625 0.665625 0.30625 0.6734375 0.3046878375 0.675 0.3046878375 0.6765625
34 0.1640628375 0.4296875 0.165625 0.43125 0.1671878375 0.43125 0.16875 0.4328125 0.16875 0.434375 0.17031283749999998 0.4359375 0.196875 0.4359375 0.2046878375 0.428125 0.2046878375 0.4015625 0.203125 0.4 0.203125 0.3984375 0.196875 0.3921875 0.1953128375 0.3921875 0.19375 0.390625 0.19375 0.3890625 0.19218783749999999 0.3875 0.17031283749999998 0.3875 0.16875 0.3890625 0.16875 0.390625 0.1640628375 0.3953125 0.1640628375 0.4296875
34 0.68125 0.4796875 0.6828128375 0.48125 0.684375 0.48125 0.6875 0.484375 0.7109378375000001 0.484375 0.7109378375000001 0.4828125 0.7140628375 0.4796875 0.715625 0.4796875 0.7171878375 0.478125 0.7171878375 0.4765625 0.7203128375000001 0.4734375 0.7203128375000001 0.4453125 0.71875 0.44375 0.71875 0.4421875 0.7171878375 0.440625 0.7171878375 0.4390625 0.7109378375000001 0.4328125 0.7109378375000001 0.43125 0.709375 0.4296875 0.6875 0.4296875 0.6875 0.4328125 0.6796878375000001 0.440625 0.6796878375000001 0.4796875 0.68125 0.4796875
35 0.4703128375 0.71875 0.46875 0.7203125 0.46875 0.7234375 0.475 0.7296875 0.47656283750000006 0.7296875 0.47968783750000005 0.7328125 0.47968783750000005 0.734375 0.47656283750000006 0.7375 0.475 0.7375 0.4734378375 0.7390625 0.471875 0.7390625 0.4703128375 0.740625 0.46093783750000006 0.740625 0.459375 0.7390625 0.4578128375 0.7390625 0.4546878375 0.7421875 0.4421878375 0.7421875 0.440625 0.740625 0.43281283750000005 0.740625 0.43125 0.7421875 0.42968783750000006 0.7421875 0.428125 0.74375 0.4265628375 0.74375 0.41875 0.7515625 0.41875 0.753125 0.415625 0.75625 0.415625 0.7578125 0.41406283750000006 0.759375 0.41406283750000006 0.834375 0.41875 0.8390625 0.41875 0.840625 0.42031283750000004 0.8421875 0.421875 0.8421875 0.428125 0.8484375 0.43125 0.8484375 0.43593783750000004 0.853125 0.4375 0.853125 0.4390628375 0.8546875 0.440625 0.8546875 0.4421878375 0.85625 0.44375 0.85625 0.446875 0.859375 0.44843783750000005 0.859375 0.45 0.8609375 0.45156283750000004 0.8609375 0.45625 0.865625 0.4578128375 0.865625 0.459375 0.8671875 0.46093783750000006 0.8671875 0.465625 0.871875 0.46875 0.871875 0.4703128375 0.8734375 0.48281283750000004 0.8734375 0.484375 0.871875 0.4859378375 0.871875 0.4890628375 0.86875 0.490625 0.86875 0.49218783750000006 0.8671875 0.49375 0.8671875 0.49531283750000005 0.865625 0.496875 0.865625 0.5015628375000001 0.8609375 0.503125 0.8609375 0.5078128375000001 0.85625 0.509375 0.85625 0.5109378375 0.8546875 0.5140628375 0.8546875 0.515625 0.853125 0.5171878375000001 0.853125 0.521875 0.8484375 0.5234378375000001 0.8484375 0.5234378375000001 0.846875 0.5296878375 0.840625 0.5296878375 0.828125 0.53125 0.8265625 0.53125 0.825 0.534375 0.821875 0.534375 0.8203125 0.5359378375 0.81875 0.5359378375 0.8140625 0.5390628375000001 0.8109375 0.540625 0.8109375 0.540625 0.809375 0.5421878375 0.8078125 0.5421878375 0.7578125 0.540625 0.75625 0.540625 0.7546875 0.5359378375 0.75 0.5359378375 0.7484375 0.53125 0.74375 0.5296878375 0.74375 0.5234378375000001 0.7375 0.521875 0.7375 0.5203128375 0.7359375 0.5171878375000001 0.7359375 0.5140628375 0.7328125 0.5125 0.7328125 0.5109378375 0.73125 0.5078128375000001 0.73125 0.50625 0.7296875 0.5046878375 0.7296875 0.49531283750000005 0.7203125 0.49375 0.7203125 0.490625 0.7171875 0.4890628375 0.7171875 0.4859378375 0.7140625 0.478125 0.7140625 0.47656283750000006 0.715625 0.475 0.715625 0.471875 0.71875 0.4703128375 0.71875
35 0.3984378375 0.5859375 0.3984378375 0.5875 0.4 0.5890625 0.4 0.590625 0.40156283750000005 0.590625 0.40625 0.5953125 0.40625 0.596875 0.40468783750000004 0.5984375 0.39218783749999997 0.5984375 0.390625 0.596875 0.3890628375 0.596875 0.3875 0.5953125 0.3859378375 0.5953125 0.384375 0.59375 0.38125 0.59375 0.3796878375 0.5953125 0.375 0.5953125 0.3734378375 0.596875 0.371875 0.596875 0.3703128375 0.5984375 0.3671878375 0.5984375 0.365625 0.6 0.36093783749999997 0.6 0.359375 0.6015625 0.3578128375 0.6015625 0.35625 0.603125 0.3546878375 0.603125 0.3515628375 0.60625 0.3484378375 0.60625 0.34375 0.6109375 0.34375 0.6125 0.3421878375 0.6140625 0.3421878375 0.675 0.34375 0.6765625 0.34375 0.68125 0.34531283749999997 0.6828125 0.34531283749999997 0.684375 0.346875 0.684375 0.3484378375 0.6859375 0.353125 0.6859375 0.35625 0.6890625 0.35625 0.690625 0.3578128375 0.6921875 0.359375 0.6921875 0.3625 0.6953125 0.3625 0.70625 0.3640628375 0.7078125 0.3640628375 0.7109375 0.36875 0.715625 0.36875 0.7171875 0.3703128375 0.71875 0.371875 0.71875 0.378125 0.725 0.38125 0.725 0.3828128375 0.7265625 0.384375 0.7265625 0.3890628375 0.73125 0.40468783750000004 0.73125 0.40625 0.7296875 0.4125 0.7296875 0.41406283750000006 0.728125 0.415625 0.728125 0.41718783750000005 0.7265625 0.42031283750000004 0.7265625 0.421875 0.725 0.4234378375 0.725 0.425 0.7234375 0.42968783750000006 0.7234375 0.43125 0.721875 0.43281283750000005 0.721875 0.43593783750000004 0.71875 0.4390628375 0.71875 0.440625 0.7171875 0.44531283750000006 0.7171875 0.446875 0.715625 0.44843783750000005 0.715625 0.45156283750000004 0.7125 0.4546878375 0.7125 0.45625 0.7109375 0.459375 0.7109375 0.46875 0.7015625 0.46875 0.7 0.4703128375 0.6984375 0.471875 0.6984375 0.471875 0.63125 0.465625 0.625 0.46406283750000005 0.625 0.4625 0.6234375 0.46093783750000006 0.6234375 0.4546878375 0.6171875 0.4546878375 0.615625 0.44843783750000005 0.609375 0.44843783750000005 0.60625 0.44375 0.6015625 0.44375 0.6 0.4390628375 0.5953125 0.4375 0.5953125 0.43593783750000004 0.59375 0.434375 0.59375 0.43281283750000005 0.5921875 0.42968783750000006 0.5921875 0.428125 0.590625 0.4265628375 0.590625 0.425 0.5890625 0.4234378375 0.5890625 0.421875 0.5875 0.42031283750000004 0.5875 0.415625 0.5828125 0.4109378375 0.5828125 0.409375 0.58125 0.40156283750000005 0.58125 0.4 0.5828125 0.3984378375 0.5828125 0.396875 0.584375 0.3984378375 0.5859375
0 0.15468783749999998 0.4484375 0.153125 0.45 0.15 0.45 0.1484378375 0.4515625 0.14531283749999999 0.4515625 0.14375 0.453125 0.1421878375 0.453125 0.140625 0.4546875 0.13906283749999998 0.4546875 0.1375 0.45625 0.134375 0.45625 0.1328128375 0.4578125 0.13125 0.4578125 0.13125 0.459375 0.12968783749999999 0.4609375 0.128125 0.4609375 0.1265628375 0.4625 0.125 0.4625 0.1234378375 0.4640625 0.1234378375 0.465625 0.12031283749999999 0.46875 0.12031283749999999 0.559375 0.121875 0.5609375 0.1234378375 0.5609375 0.12968783749999999 0.5671875 0.13125 0.5671875 0.1328128375 0.56875 0.134375 0.56875 0.13906283749999998 0.5734375 0.140625 0.5734375 0.146875 0.5796875 0.15 0.5796875 0.1515628375 0.58125 0.153125 0.58125 0.1578128375 0.5859375 0.159375 0.5859375 0.165625 0.5921875 0.17031283749999998 0.5921875 0.17656283749999999 0.5984375 0.19218783749999999 0.5984375 0.19375 0.596875 0.196875 0.596875 0.20156283749999998 0.5921875 0.203125 0.5921875 0.20781283749999999 0.5875 0.209375 0.5875 0.2109378375 0.5859375 0.2140628375 0.5859375 0.2203128375 0.5796875 0.221875 0.5796875 0.2296878375 0.571875 0.2296878375 0.5671875 0.23125 0.565625 0.23125 0.5640625 0.234375 0.5609375 0.234375 0.5578125 0.2359378375 0.55625 0.2359378375 0.5453125 0.2375 0.54375 0.2375 0.5421875 0.240625 0.5390625 0.240625 0.5375 0.2421878375 0.5359375 0.2421878375 0.5328125 0.246875 0.528125 0.246875 0.478125 0.24375 0.475 0.24375 0.4734375 0.2421878375 0.471875 0.2421878375 0.4703125 0.240625 0.46875 0.240625 0.4671875 0.23906283749999999 0.465625 0.23906283749999999 0.4640625 0.2375 0.4640625 0.2359378375 0.4625 0.23281283749999998 0.4625 0.23125 0.4609375 0.2296878375 0.4609375 0.2265628375 0.4578125 0.225 0.4578125 0.22343783749999999 0.45625 0.2203128375 0.45625 0.21875 0.4546875 0.21718783749999998 0.4546875 0.2140628375 0.4515625 0.2125 0.4515625 0.2109378375 0.45 0.20781283749999999 0.45 0.20625 0.4484375 0.2046878375 0.4484375 0.203125 0.446875 0.20156283749999998 0.446875 0.2 0.4453125 0.1984378375 0.4453125 0.196875 0.44375 0.1953128375 0.44375 0.19218783749999999 0.440625 0.1640628375 0.440625 0.1625 0.4421875 0.1625 0.44375 0.1578128375 0.4484375 0.15468783749999998 0.4484375
0 0.31406283749999997 0.1609375 0.3125 0.1625 0.3109378375 0.1625 0.309375 0.1640625 0.3078128375 0.1640625 0.303125 0.16875 0.3015628375 0.16875 0.3 0.1703125 0.29843783749999997 0.1703125 0.2953128375 0.1734375 0.29375 0.1734375 0.2921878375 0.175 0.2890628375 0.175 0.28281283749999997 0.18125 0.28125 0.18125 0.2765628375 0.1859375 0.275 0.1859375 0.2734378375 0.1875 0.271875 0.1875 0.2703128375 0.1890625 0.2703128375 0.2875 0.2796878375 0.296875 0.28125 0.296875 0.28281283749999997 0.2984375 0.2890628375 0.2984375 0.290625 0.3 0.2921878375 0.3 0.2953128375 0.303125 0.296875 0.303125 0.29843783749999997 0.3046875 0.3015628375 0.3046875 0.30625 0.309375 0.3078128375 0.309375 0.309375 0.3109375 0.31406283749999997 0.3109375 0.315625 0.3125 0.3171878375 0.3125 0.3203128375 0.315625 0.321875 0.315625 0.3234378375 0.3171875 0.3359378375 0.3171875 0.3375 0.315625 0.340625 0.315625 0.346875 0.309375 0.3484378375 0.309375 0.3515628375 0.30625 0.353125 0.30625 0.3546878375 0.3046875 0.3578128375 0.3046875 0.359375 0.303125 0.36093783749999997 0.303125 0.3640628375 0.3 0.365625 0.3 0.3671878375 0.2984375 0.378125 0.2984375 0.384375 0.2921875 0.3859378375 0.2921875 0.39218783749999997 0.2859375 0.39218783749999997 0.284375 0.39375 0.2828125 0.39375 0.28125 0.3953128375 0.2796875 0.3953128375 0.234375 0.39375 0.2328125 0.39375 0.2265625 0.39218783749999997 0.225 0.39218783749999997 0.19375 0.390625 0.1921875 0.390625 0.190625 0.3875 0.1875 0.384375 0.1875 0.378125 0.18125 0.37656283749999997 0.18125 0.3703128375 0.175 0.365625 0.175 0.359375 0.16875 0.3578128375 0.16875 0.35625 0.1671875 0.3546878375 0.1671875 0.3515628375 0.1640625 0.35 0.1640625 0.3484378375 0.1625 0.34531283749999997 0.1625 0.340625 0.1578125 0.3390628375 0.1578125 0.3359378375 0.1546875 0.3234378375 0.1546875 0.321875 0.15625 0.3203128375 0.15625 0.315625 0.1609375 0.31406283749999997 0.1609375
4 0.45625 0.390625 0.453125 0.39375 0.45156283750000004 0.39375 0.45156283750000004 0.4296875 0.453125 0.4296875 0.45625 0.4328125 0.45625 0.434375 0.4578128375 0.4359375 0.459375 0.4359375 0.4625 0.4390625 0.4625 0.440625 0.49843783750000004 0.440625 0.49843783750000004 0.4390625 0.5015628375000001 0.4359375 0.503125 0.4359375 0.5046878375 0.434375 0.5046878375 0.4328125 0.509375 0.428125 0.509375 0.4140625 0.5078128375000001 0.4125 0.503125 0.4125 0.49843783750000004 0.4078125 0.496875 0.4078125 0.49531283750000005 0.40625 0.4890628375 0.40625 0.4859378375 0.403125 0.4859378375 0.3953125 0.484375 0.39375 0.48281283750000004 0.39375 0.47968783750000005 0.390625 0.47968783750000005 0.3890625 0.478125 0.3875 0.47656283750000006 0.3875 0.475 0.3859375 0.46093783750000006 0.3859375 0.459375 0.3875 0.4578128375 0.3875 0.45625 0.3890625 0.45625 0.390625
37 0.3078128375 0.725 0.303125 0.7296875 0.3015628375 0.7296875 0.3 0.73125 0.296875 0.73125 0.2953128375 0.7328125 0.29375 0.7328125 0.29375 0.734375 0.290625 0.7375 0.2859378375 0.7375 0.284375 0.7390625 0.28281283749999997 0.7390625 0.278125 0.74375 0.2734378375 0.74375 0.271875 0.7453125 0.2703128375 0.7453125 0.2703128375 0.746875 0.265625 0.7515625 0.265625 0.8359375 0.26875 0.8390625 0.26875 0.840625 0.2703128375 0.8421875 0.275 0.8421875 0.2765628375 0.84375 0.278125 0.84375 0.2796878375 0.8453125 0.2796878375 0.846875 0.28125 0.846875 0.28281283749999997 0.8484375 0.284375 0.8484375 0.2890628375 0.853125 0.290625 0.853125 0.2921878375 0.8546875 0.296875 0.8546875 0.3015628375 0.859375 0.303125 0.859375 0.3046878375 0.8609375 0.3078128375 0.8609375 0.31406283749999997 0.8671875 0.315625 0.8671875 0.3171878375 0.86875 0.31875 0.86875 0.321875 0.871875 0.334375 0.871875 0.3359378375 0.8703125 0.3375 0.8703125 0.3390628375 0.86875 0.340625 0.86875 0.3421878375 0.8671875 0.34375 0.8671875 0.34531283749999997 0.865625 0.346875 0.865625 0.3484378375 0.8640625 0.35 0.8640625 0.3515628375 0.8625 0.353125 0.8625 0.3546878375 0.8609375 0.35625 0.8609375 0.3578128375 0.859375 0.359375 0.859375 0.36093783749999997 0.8578125 0.3625 0.8578125 0.3640628375 0.85625 0.3671878375 0.85625 0.36875 0.8546875 0.3734378375 0.8546875 0.37656283749999997 0.8515625 0.378125 0.8515625 0.38125 0.8484375 0.384375 0.8484375 0.39375 0.8390625 0.39375 0.8375 0.396875 0.834375 0.396875 0.7578125 0.3953128375 0.75625 0.3953128375 0.7546875 0.39375 0.753125 0.39375 0.75 0.39218783749999997 0.7484375 0.39218783749999997 0.746875 0.390625 0.7453125 0.390625 0.74375 0.3859378375 0.7390625 0.3859378375 0.7375 0.384375 0.7375 0.378125 0.73125 0.375 0.73125 0.3734378375 0.7296875 0.371875 0.7296875 0.3671878375 0.725 0.3671878375 0.7234375 0.365625 0.721875 0.365625 0.71875 0.3390628375 0.71875 0.3375 0.7203125 0.3328128375 0.7203125 0.33125 0.71875 0.325 0.71875 0.3234378375 0.7203125 0.3203128375 0.7203125 0.315625 0.725 0.3078128375 0.725
17 0.459375 0.45 0.4578128375 0.4515625 0.446875 0.4515625 0.44375 0.4546875 0.4421878375 0.4546875 0.440625 0.45625 0.4390628375 0.45625 0.4375 0.4578125 0.43593783750000004 0.4578125 0.43125 0.4625 0.42968783750000006 0.4625 0.4265628375 0.465625 0.425 0.465625 0.4234378375 0.4671875 0.421875 0.4671875 0.41875 0.4703125 0.41875 0.471875 0.41406283750000006 0.4765625 0.41406283750000006 0.5546875 0.41875 0.559375 0.41875 0.5609375 0.42031283750000004 0.5609375 0.4265628375 0.5671875 0.42968783750000006 0.5671875 0.43281283750000005 0.5703125 0.434375 0.5703125 0.4375 0.5734375 0.440625 0.5734375 0.4421878375 0.575 0.44375 0.575 0.446875 0.578125 0.45625 0.578125 0.4578128375 0.5765625 0.459375 0.5765625 0.4625 0.5734375 0.465625 0.5734375 0.46718783750000004 0.571875 0.46875 0.571875 0.471875 0.56875 0.475 0.56875 0.47656283750000006 0.5671875 0.478125 0.5671875 0.48281283750000004 0.571875 0.484375 0.571875 0.4859378375 0.5734375 0.496875 0.5734375 0.49843783750000004 0.575 0.5 0.575 0.5015628375000001 0.5765625 0.503125 0.5765625 0.5046878375 0.575 0.50625 0.575 0.5078128375000001 0.5734375 0.5140628375 0.5734375 0.515625 0.571875 0.51875 0.571875 0.521875 0.56875 0.5234378375000001 0.56875 0.525 0.5671875 0.528125 0.5671875 0.534375 0.5609375 0.5390628375000001 0.5609375 0.5421878375 0.5578125 0.5421878375 0.55625 0.5453128375 0.553125 0.5453128375 0.4875 0.54375 0.4859375 0.54375 0.4796875 0.5421878375 0.478125 0.5421878375 0.475 0.5390628375000001 0.471875 0.5390628375000001 0.4703125 0.5375 0.46875 0.5359378375 0.46875 0.528125 0.4609375 0.5265628375 0.4609375 0.521875 0.45625 0.5203128375 0.45625 0.51875 0.4546875 0.5171878375000001 0.4546875 0.5140628375 0.4515625 0.5125 0.4515625 0.5109378375 0.45 0.509375 0.45 0.5046878375 0.4453125 0.49843783750000004 0.4453125 0.496875 0.446875 0.49218783750000006 0.446875 0.490625 0.4484375 0.4890628375 0.446875 0.4875 0.446875 0.4859378375 0.4453125 0.4703128375 0.4453125 0.46875 0.446875 0.46718783750000004 0.446875 0.46406283750000005 0.45 0.459375 0.45
35 0.540625 0.3046875 0.5390628375000001 0.30625 0.5359378375 0.30625 0.534375 0.3078125 0.5328128375000001 0.3078125 0.5296878375 0.3109375 0.528125 0.3109375 0.5265628375 0.3125 0.5203128375 0.3125 0.51875 0.3140625 0.5171878375000001 0.3140625 0.515625 0.315625 0.5140628375 0.315625 0.5109378375 0.31875 0.5078128375000001 0.31875 0.5015628375000001 0.325 0.49843783750000004 0.325 0.496875 0.3265625 0.49531283750000005 0.3265625 0.49531283750000005 0.328125 0.49375 0.3296875 0.49218783750000006 0.3296875 0.490625 0.33125 0.4890628375 0.33125 0.4890628375 0.3984375 0.490625 0.3984375 0.49375 0.4015625 0.49375 0.403125 0.5015628375000001 0.4109375 0.503125 0.4109375 0.50625 0.4140625 0.50625 0.415625 0.5109378375 0.4203125 0.5109378375 0.421875 0.5125 0.4234375 0.5125 0.434375 0.515625 0.4375 0.5171878375000001 0.4375 0.5203128375 0.440625 0.521875 0.440625 0.5234378375000001 0.4421875 0.5265628375 0.4421875 0.528125 0.44375 0.5296878375 0.44375 0.534375 0.4484375 0.5375 0.4484375 0.5390628375000001 0.45 0.540625 0.45 0.5421878375 0.4515625 0.5453128375 0.4515625 0.546875 0.453125 0.5515628375 0.453125 0.553125 0.4515625 0.55625 0.4515625 0.5578128375 0.45 0.559375 0.45 0.5609378375 0.4484375 0.5640628375000001 0.4484375 0.565625 0.446875 0.571875 0.446875 0.5734378375 0.4453125 0.5765628375 0.4453125 0.578125 0.44375 0.58125 0.44375 0.5828128375 0.4421875 0.5859378375000001 0.4421875 0.5875 0.440625 0.590625 0.440625 0.59375 0.4375 0.5953128375000001 0.4375 0.596875 0.4359375 0.6015628375000001 0.4359375 0.6078128375 0.4296875 0.609375 0.4296875 0.6171878375000001 0.421875 0.6171878375000001 0.3515625 0.615625 0.35 0.609375 0.35 0.6078128375 0.3484375 0.60625 0.3484375 0.6046878375 0.346875 0.6046878375 0.3453125 0.603125 0.34375 0.6015628375000001 0.34375 0.5984378375 0.340625 0.5984378375 0.3375 0.596875 0.3359375 0.596875 0.3328125 0.5921878375 0.328125 0.5921878375 0.3265625 0.590625 0.325 0.590625 0.3234375 0.5859378375000001 0.31875 0.584375 0.31875 0.5828128375 0.3171875 0.58125 0.3171875 0.5796878375000001 0.315625 0.5796878375000001 0.3140625 0.578125 0.3140625 0.5765628375 0.3125 0.5734378375 0.3125 0.56875 0.3078125 0.5671878375 0.3078125 0.565625 0.30625 0.5640628375000001 0.30625 0.5625 0.3046875 0.5609378375 0.3046875 0.5578128375 0.3015625 0.546875 0.3015625 0.5453128375 0.303125 0.54375 0.303125 0.5421878375 0.3046875 0.540625 0.3046875
35 0.5453128375 0.5765625 0.5421878375 0.5796875 0.540625 0.5796875 0.5390628375000001 0.58125 0.534375 0.58125 0.5296878375 0.5859375 0.528125 0.5859375 0.5265628375 0.5875 0.525 0.5875 0.5203128375 0.5921875 0.51875 0.5921875 0.5171878375000001 0.59375 0.515625 0.59375 0.5140628375 0.5953125 0.5125 0.5953125 0.5109378375 0.596875 0.5109378375 0.5984375 0.5078128375000001 0.6015625 0.5078128375000001 0.603125 0.50625 0.6046875 0.50625 0.60625 0.5046878375 0.6078125 0.5046878375 0.609375 0.5015628375000001 0.6125 0.5015628375000001 0.6140625 0.5 0.615625 0.5 0.6171875 0.49218783750000006 0.625 0.4890628375 0.625 0.4859378375 0.628125 0.4859378375 0.6984375 0.4875 0.7 0.4875 0.703125 0.4890628375 0.7046875 0.490625 0.7046875 0.49531283750000005 0.709375 0.496875 0.709375 0.49843783750000004 0.7109375 0.5015628375000001 0.7109375 0.503125 0.7125 0.5046878375 0.7125 0.50625 0.7140625 0.5078128375000001 0.7140625 0.509375 0.715625 0.5109378375 0.715625 0.5125 0.7171875 0.515625 0.7171875 0.5171878375000001 0.71875 0.521875 0.71875 0.5234378375000001 0.7203125 0.525 0.7203125 0.5265628375 0.721875 0.53125 0.721875 0.5328128375000001 0.7234375 0.5375 0.7234375 0.5390628375000001 0.725 0.540625 0.725 0.5421878375 0.7234375 0.5421878375 0.721875 0.5453128375 0.71875 0.5609378375 0.71875 0.5625 0.7171875 0.578125 0.7171875 0.584375 0.7109375 0.59375 0.7109375 0.5953128375000001 0.709375 0.596875 0.709375 0.596875 0.7078125 0.5984378375 0.70625 0.5984378375 0.7046875 0.603125 0.7 0.603125 0.6984375 0.6046878375 0.696875 0.6046878375 0.6875 0.60625 0.6859375 0.60625 0.6828125 0.609375 0.6796875 0.609375 0.678125 0.615625 0.671875 0.615625 0.6703125 0.6171878375000001 0.66875 0.6171878375000001 0.6640625 0.6203128375 0.6609375 0.6203128375 0.63125 0.61875 0.6296875 0.61875 0.625 0.6171878375000001 0.6234375 0.6171878375000001 0.6140625 0.615625 0.6125 0.615625 0.6109375 0.6109378375000001 0.60625 0.609375 0.60625 0.603125 0.6 0.6015628375000001 0.6 0.6 0.5984375 0.5984378375 0.5984375 0.5953128375000001 0.5953125 0.59375 0.5953125 0.5921878375 0.59375 0.5890628375 0.59375 0.5875 0.5921875 0.5859378375000001 0.5921875 0.58125 0.5875 0.5796878375000001 0.5875 0.575 0.5828125 0.5734378375 0.5828125 0.571875 0.58125 0.5703128375000001 0.58125 0.5671878375 0.578125 0.5671878375 0.5734375 0.5609378375 0.5734375 0.559375 0.575 0.5484378375000001 0.575 0.546875 0.5765625 0.5453128375 0.5765625
34 0.31406283749999997 0.39375 0.3125 0.3953125 0.3125 0.403125 0.3109378375 0.4046875 0.3109378375 0.43125 0.315625 0.4359375 0.346875 0.4359375 0.3484378375 0.434375 0.3484378375 0.4328125 0.3515628375 0.4296875 0.353125 0.4296875 0.353125 0.40625 0.35 0.403125 0.35 0.4015625 0.3484378375 0.4 0.3484378375 0.3953125 0.346875 0.39375 0.34531283749999997 0.39375 0.3421878375 0.390625 0.3421878375 0.3890625 0.340625 0.3875 0.3203128375 0.3875 0.31875 0.3890625 0.31875 0.390625 0.315625 0.39375 0.31406283749999997 0.39375
0 0.6875 0.5890625 0.684375 0.5921875 0.6828128375 0.5921875 0.678125 0.596875 0.6734378375000001 0.596875 0.671875 0.5984375 0.6625 0.5984375 0.6609378375 0.6 0.65625 0.6 0.6546878375 0.6015625 0.6515628375 0.6015625 0.65 0.603125 0.6484378375000001 0.603125 0.6453128375 0.60625 0.64375 0.60625 0.6375 0.6125 0.6375 0.66875 0.6390628375 0.6703125 0.6390628375 0.671875 0.640625 0.671875 0.6421878375000001 0.6734375 0.6421878375000001 0.675 0.64375 0.6765625 0.64375 0.678125 0.6484378375000001 0.6828125 0.6484378375000001 0.684375 0.65 0.6859375 0.65 0.6953125 0.6515628375 0.696875 0.6515628375 0.6984375 0.653125 0.6984375 0.6546878375 0.7 0.6546878375 0.7015625 0.65625 0.703125 0.65625 0.7046875 0.6609378375 0.709375 0.6625 0.709375 0.6640628375000001 0.7109375 0.6765628375 0.7109375 0.678125 0.7125 0.6796878375000001 0.7125 0.68125 0.7140625 0.68125 0.715625 0.6828128375 0.7171875 0.684375 0.7171875 0.6890628375000001 0.721875 0.690625 0.721875 0.6921878375 0.7234375 0.69375 0.7234375 0.6953128375000001 0.725 0.696875 0.725 0.7 0.728125 0.7046878375000001 0.728125 0.70625 0.7296875 0.709375 0.7296875 0.7109378375000001 0.728125 0.7125 0.728125 0.7140628375 0.7265625 0.715625 0.7265625 0.7171878375 0.725 0.71875 0.725 0.7203128375000001 0.7234375 0.7234378375 0.7234375 0.725 0.721875 0.7265628375000001 0.721875 0.7296878375 0.71875 0.73125 0.71875 0.7328128375 0.7171875 0.7359378375000001 0.7171875 0.7375 0.715625 0.7390628375 0.715625 0.7421878375000001 0.7125 0.74375 0.7125 0.7453128375 0.7109375 0.746875 0.7109375 0.753125 0.7046875 0.75625 0.7046875 0.7609378375 0.7 0.7609378375 0.6984375 0.7640628375 0.6953125 0.7640628375 0.69375 0.765625 0.6921875 0.765625 0.64375 0.7640628375 0.6421875 0.7640628375 0.6328125 0.765625 0.63125 0.765625 0.625 0.7640628375 0.6234375 0.7640628375 0.61875 0.7625 0.6171875 0.7625 0.6125 0.7609378375 0.6109375 0.7609378375 0.6078125 0.759375 0.60625 0.7578128375000001 0.60625 0.7515628375000001 0.6 0.7453128375 0.6 0.74375 0.5984375 0.7421878375000001 0.5984375 0.7390628375 0.5953125 0.7375 0.5953125 0.7359378375000001 0.59375 0.734375 0.59375 0.7328128375 0.5921875 0.73125 0.5921875 0.728125 0.5890625 0.7265628375000001 0.5890625 0.725 0.5875 0.721875 0.5875 0.7203128375000001 0.5859375 0.7171878375 0.5859375 0.715625 0.584375 0.703125 0.584375 0.7015628375 0.5828125 0.690625 0.5828125 0.6890628375000001 0.584375 0.6890628375000001 0.5859375 0.6875 0.5875 0.6875 0.5890625
17 0.6046878375 0.1640625 0.6015628375000001 0.1671875 0.6 0.1671875 0.5984378375 0.16875 0.5953128375000001 0.16875 0.5890628375 0.175 0.5859378375000001 0.175 0.584375 0.1765625 0.5828128375 0.1765625 0.578125 0.18125 0.5765628375 0.18125 0.5703128375000001 0.1875 0.56875 0.1875 0.5671878375 0.1890625 0.5671878375 0.190625 0.565625 0.1921875 0.5640628375000001 0.1921875 0.5625 0.19375 0.5625 0.278125 0.571875 0.2875 0.5734378375 0.2875 0.575 0.2890625 0.575 0.290625 0.5765628375 0.290625 0.578125 0.2921875 0.584375 0.2921875 0.5875 0.2953125 0.5890628375 0.2953125 0.590625 0.296875 0.596875 0.296875 0.6078128375 0.2859375 0.6203128375 0.2859375 0.6265628375000001 0.2921875 0.628125 0.2921875 0.63125 0.2953125 0.63125 0.296875 0.6328128375000001 0.296875 0.634375 0.2984375 0.6546878375 0.2984375 0.65625 0.296875 0.6578128375000001 0.296875 0.659375 0.2953125 0.6609378375 0.2953125 0.6640628375000001 0.2921875 0.6703128375 0.2921875 0.671875 0.290625 0.6734378375000001 0.290625 0.678125 0.2859375 0.68125 0.2859375 0.6859378375 0.28125 0.6859378375 0.278125 0.6921878375 0.271875 0.6921878375 0.2015625 0.690625 0.2 0.690625 0.1984375 0.6859378375 0.19375 0.6859378375 0.1921875 0.684375 0.190625 0.684375 0.1890625 0.6828128375 0.1890625 0.68125 0.1875 0.678125 0.1875 0.671875 0.18125 0.6703128375 0.18125 0.6640628375000001 0.175 0.659375 0.175 0.653125 0.16875 0.6515628375 0.16875 0.6453128375 0.1625 0.6390628375 0.1625 0.6328128375000001 0.15625 0.615625 0.15625 0.609375 0.1625 0.6078128375 0.1625 0.60625 0.1640625 0.6046878375 0.1640625
36 0.315625 0.4453125 0.3109378375 0.45 0.309375 0.45 0.3078128375 0.4515625 0.30625 0.4515625 0.303125 0.4546875 0.3015628375 0.4546875 0.3 0.45625 0.2953128375 0.45625 0.2890628375 0.4625 0.28281283749999997 0.4625 0.278125 0.4671875 0.2765628375 0.4671875 0.275 0.46875 0.2734378375 0.46875 0.26875 0.4734375 0.26875 0.4765625 0.26718783749999997 0.478125 0.26718783749999997 0.525 0.26875 0.5265625 0.26875 0.528125 0.2703128375 0.5296875 0.2703128375 0.53125 0.2734378375 0.534375 0.2734378375 0.5359375 0.275 0.5375 0.275 0.5390625 0.2796878375 0.54375 0.2796878375 0.5453125 0.28125 0.546875 0.28125 0.5546875 0.28281283749999997 0.55625 0.28281283749999997 0.5578125 0.2859378375 0.5609375 0.2859378375 0.5625 0.2875 0.5640625 0.2875 0.5671875 0.2921878375 0.571875 0.29375 0.571875 0.2953128375 0.5734375 0.303125 0.5734375 0.3046878375 0.575 0.3078128375 0.575 0.309375 0.5765625 0.3109378375 0.5765625 0.3125 0.578125 0.31406283749999997 0.578125 0.315625 0.5796875 0.3171878375 0.5796875 0.31875 0.58125 0.3203128375 0.58125 0.3234378375 0.584375 0.3265628375 0.584375 0.328125 0.5859375 0.33125 0.5859375 0.3328128375 0.5875 0.34375 0.5875 0.34531283749999997 0.5859375 0.3484378375 0.5859375 0.35 0.584375 0.3515628375 0.584375 0.3546878375 0.58125 0.35625 0.58125 0.3578128375 0.5796875 0.36093783749999997 0.5796875 0.3625 0.578125 0.3640628375 0.578125 0.3671878375 0.575 0.36875 0.575 0.3703128375 0.5734375 0.3734378375 0.5734375 0.375 0.571875 0.37656283749999997 0.571875 0.3796878375 0.56875 0.38125 0.56875 0.3828128375 0.5671875 0.384375 0.5671875 0.39375 0.5578125 0.39375 0.55625 0.3953128375 0.5546875 0.396875 0.5546875 0.396875 0.48125 0.3953128375 0.4796875 0.3953128375 0.478125 0.39218783749999997 0.475 0.39218783749999997 0.4734375 0.3859378375 0.4671875 0.384375 0.4671875 0.3796878375 0.4625 0.37656283749999997 0.4625 0.3703128375 0.45625 0.365625 0.45625 0.359375 0.45 0.35625 0.45 0.3546878375 0.4484375 0.3515628375 0.4484375 0.3484378375 0.4453125 0.346875 0.4453125 0.34531283749999997 0.44375 0.3421878375 0.44375 0.340625 0.4421875 0.3234378375 0.4421875 0.321875 0.44375 0.31875 0.44375 0.3171878375 0.4453125 0.315625 0.4453125
37 0.5953128375000001 0.73125 0.5890628375 0.7375 0.584375 0.7375 0.5828128375 0.7390625 0.58125 0.7390625 0.58125 0.740625 0.578125 0.74375 0.5734378375 0.74375 0.571875 0.7453125 0.5703128375000001 0.7453125 0.5703128375000001 0.746875 0.565625 0.7515625 0.5640628375000001 0.7515625 0.5640628375000001 0.753125 0.5625 0.7546875 0.5625 0.8078125 0.56875 0.8140625 0.56875 0.821875 0.5703128375000001 0.8234375 0.5703128375000001 0.825 0.571875 0.8265625 0.571875 0.828125 0.5734378375 0.8296875 0.5734378375 0.83125 0.575 0.8328125 0.575 0.8453125 0.58125 0.8515625 0.58125 0.853125 0.5828128375 0.853125 0.584375 0.8546875 0.5875 0.8546875 0.5890628375 0.85625 0.590625 0.85625 0.5953128375000001 0.8609375 0.596875 0.8609375 0.6015628375000001 0.865625 0.603125 0.865625 0.60625 0.86875 0.6078128375 0.86875 0.6109378375000001 0.871875 0.6125 0.871875 0.6140628375 0.8734375 0.6171878375000001 0.8734375 0.61875 0.875 0.63125 0.875 0.6328128375000001 0.8734375 0.6359378375 0.8734375 0.6375 0.871875 0.6390628375 0.871875 0.64375 0.8671875 0.6453128375 0.8671875 0.6515628375 0.8609375 0.653125 0.8609375 0.6546878375 0.859375 0.65625 0.859375 0.6578128375000001 0.8578125 0.659375 0.8578125 0.6625 0.8546875 0.665625 0.8546875 0.6671878375 0.853125 0.66875 0.853125 0.6734378375000001 0.8484375 0.6734378375000001 0.8453125 0.675 0.84375 0.675 0.8421875 0.678125 0.8390625 0.678125 0.834375 0.6796878375000001 0.8328125 0.6796878375000001 0.81875 0.68125 0.8171875 0.68125 0.815625 0.6859378375 0.8109375 0.6859378375 0.809375 0.6921878375 0.803125 0.6921878375 0.7515625 0.690625 0.75 0.690625 0.746875 0.6890628375000001 0.7453125 0.6875 0.7453125 0.6859378375 0.74375 0.684375 0.74375 0.6828128375 0.7421875 0.68125 0.7421875 0.6796878375000001 0.740625 0.6796878375000001 0.7390625 0.678125 0.7390625 0.6765628375 0.7375 0.6703128375 0.7375 0.66875 0.7359375 0.6671878375 0.7359375 0.6640628375000001 0.7328125 0.6625 0.7328125 0.6609378375 0.73125 0.6578128375000001 0.73125 0.65625 0.7296875 0.6546878375 0.7296875 0.6515628375 0.7265625 0.65 0.7265625 0.6484378375000001 0.725 0.646875 0.725 0.6421878375000001 0.7203125 0.640625 0.7203125 0.6390628375 0.71875 0.6078128375 0.71875 0.60625 0.7203125 0.60625 0.721875 0.596875 0.73125 0.5953128375000001 0.73125
6 0.465625 0.1609375 0.46406283750000005 0.1625 0.459375 0.1625 0.453125 0.16875 0.45 0.16875 0.44843783750000005 0.1703125 0.446875 0.1703125 0.44375 0.1734375 0.4421878375 0.1734375 0.440625 0.175 0.4375 0.175 0.43281283750000005 0.1796875 0.43125 0.1796875 0.428125 0.1828125 0.4265628375 0.1828125 0.421875 0.1875 0.42031283750000004 0.1875 0.41875 0.1890625 0.41875 0.190625 0.415625 0.19375 0.41406283750000006 0.19375 0.41406283750000006 0.2796875 0.42031283750000004 0.2859375 0.421875 0.2859375 0.428125 0.2921875 0.43125 0.2921875 0.43281283750000005 0.29375 0.434375 0.29375 0.4390628375 0.2984375 0.4421878375 0.2984375 0.44531283750000006 0.3015625 0.446875 0.3015625 0.44843783750000005 0.303125 0.45 0.303125 0.45156283750000004 0.3046875 0.453125 0.3046875 0.4546878375 0.30625 0.45625 0.30625 0.459375 0.309375 0.46093783750000006 0.309375 0.4625 0.3109375 0.465625 0.3109375 0.46718783750000004 0.3125 0.46875 0.3125 0.471875 0.315625 0.484375 0.315625 0.4875 0.3125 0.4890628375 0.3125 0.490625 0.3109375 0.49531283750000005 0.3109375 0.5 0.30625 0.5015628375000001 0.30625 0.503125 0.3046875 0.509375 0.3046875 0.5140628375 0.3 0.515625 0.3 0.5171878375000001 0.2984375 0.521875 0.2984375 0.5265628375 0.29375 0.528125 0.29375 0.5296878375 0.2921875 0.5328128375000001 0.2921875 0.5421878375 0.2828125 0.5421878375 0.28125 0.54375 0.2796875 0.54375 0.278125 0.5453128375 0.2765625 0.5453128375 0.2125 0.54375 0.2109375 0.54375 0.2015625 0.5421878375 0.2 0.5421878375 0.1953125 0.540625 0.19375 0.540625 0.1921875 0.5359378375 0.1875 0.534375 0.1875 0.5328128375000001 0.1859375 0.53125 0.1859375 0.5296878375 0.184375 0.5296878375 0.1828125 0.528125 0.1828125 0.5265628375 0.18125 0.525 0.18125 0.5203128375 0.1765625 0.51875 0.1765625 0.5171878375000001 0.175 0.515625 0.175 0.5140628375 0.1734375 0.5125 0.1734375 0.5109378375 0.171875 0.5109378375 0.1703125 0.509375 0.1703125 0.5078128375000001 0.16875 0.50625 0.16875 0.5046878375 0.1671875 0.503125 0.1671875 0.5 0.1640625 0.49843783750000004 0.1640625 0.496875 0.1625 0.49375 0.1625 0.49218783750000006 0.1609375 0.4890628375 0.1609375 0.484375 0.15625 0.4734378375 0.15625 0.471875 0.1578125 0.4703128375 0.1578125 0.46718783750000004 0.1609375 0.465625 0.1609375
36 0.3796878375 0.3078125 0.378125 0.309375 0.37656283749999997 0.309375 0.375 0.3109375 0.3734378375 0.3109375 0.371875 0.3125 0.3703128375 0.3125 0.365625 0.3171875 0.3640628375 0.3171875 0.3625 0.31875 0.36093783749999997 0.31875 0.3546878375 0.325 0.353125 0.325 0.3484378375 0.3296875 0.346875 0.3296875 0.34531283749999997 0.33125 0.34375 0.33125 0.3421878375 0.3328125 0.3421878375 0.334375 0.340625 0.3359375 0.340625 0.3859375 0.34375 0.3890625 0.34375 0.390625 0.34531283749999997 0.3921875 0.34531283749999997 0.39375 0.35 0.3984375 0.35 0.403125 0.3546878375 0.4078125 0.3546878375 0.4109375 0.35625 0.4125 0.35625 0.4234375 0.3578128375 0.425 0.3578128375 0.4265625 0.36093783749999997 0.4296875 0.3640628375 0.4296875 0.365625 0.43125 0.3671878375 0.43125 0.36875 0.4328125 0.36875 0.434375 0.3703128375 0.434375 0.371875 0.4359375 0.378125 0.4359375 0.3796878375 0.4375 0.38125 0.4375 0.3828128375 0.4390625 0.384375 0.4390625 0.3859378375 0.440625 0.3875 0.440625 0.3890628375 0.4421875 0.390625 0.4421875 0.39218783749999997 0.44375 0.39375 0.44375 0.396875 0.446875 0.3984378375 0.446875 0.4 0.4484375 0.40156283750000005 0.4484375 0.40468783750000004 0.4515625 0.40625 0.4515625 0.4078128375 0.453125 0.415625 0.453125 0.41718783750000005 0.4515625 0.41875 0.4515625 0.42031283750000004 0.45 0.421875 0.45 0.4234378375 0.4484375 0.425 0.4484375 0.4265628375 0.446875 0.428125 0.446875 0.43281283750000005 0.4421875 0.4375 0.4421875 0.4390628375 0.440625 0.440625 0.440625 0.440625 0.4390625 0.446875 0.4328125 0.446875 0.4296875 0.44843783750000005 0.428125 0.44843783750000005 0.4203125 0.446875 0.41875 0.446875 0.40625 0.44843783750000005 0.4046875 0.44843783750000005 0.3953125 0.45156283750000004 0.3921875 0.453125 0.3921875 0.453125 0.390625 0.46093783750000006 0.3828125 0.46093783750000006 0.38125 0.4625 0.3796875 0.4625 0.378125 0.465625 0.375 0.465625 0.371875 0.46718783750000004 0.3703125 0.46718783750000004 0.3453125 0.465625 0.34375 0.465625 0.340625 0.46093783750000006 0.3359375 0.46093783750000006 0.334375 0.4578128375 0.33125 0.45625 0.33125 0.4546878375 0.3296875 0.4546878375 0.328125 0.453125 0.3265625 0.45156283750000004 0.3265625 0.45 0.325 0.446875 0.325 0.44531283750000006 0.3234375 0.44375 0.3234375 0.4390628375 0.31875 0.4375 0.31875 0.434375 0.315625 0.43281283750000005 0.315625 0.43125 0.3140625 0.42968783750000006 0.3140625 0.428125 0.3125 0.425 0.3125 0.4234378375 0.3109375 0.421875 0.3109375 0.42031283750000004 0.309375 0.41875 0.309375 0.41718783750000005 0.3078125 0.409375 0.3078125 0.4078128375 0.30625 0.40625 0.30625 0.40468783750000004 0.3046875 0.40156283750000005 0.3046875 0.4 0.30625 0.3984378375 0.30625 0.396875 0.3078125 0.3796878375 0.3078125
14 0.653125 0.79375 0.6453128375 0.79375 0.64375 0.7921875 0.6 0.7921875 0.6 0.853125 0.65 0.853125 0.653125 0.85 0.653125 0.79375
17 0.68125 0.30625 0.6796878375000001 0.3078125 0.6765628375 0.3078125 0.671875 0.3125 0.6671878375 0.3125 0.665625 0.3140625 0.6640628375000001 0.3140625 0.6640628375000001 0.315625 0.6625 0.3171875 0.6625 0.31875 0.6609378375 0.3203125 0.6609378375 0.321875 0.659375 0.3234375 0.659375 0.325 0.6578128375000001 0.3265625 0.6578128375000001 0.33125 0.65625 0.3328125 0.65625 0.3390625 0.6453128375 0.35 0.6359378375 0.35 0.634375 0.3515625 0.634375 0.41875 0.6390628375 0.4234375 0.640625 0.4234375 0.6453128375 0.428125 0.6484378375000001 0.428125 0.65 0.4296875 0.65625 0.4296875 0.6578128375000001 0.43125 0.659375 0.43125 0.6625 0.434375 0.6640628375000001 0.434375 0.665625 0.4359375 0.678125 0.4359375 0.6796878375000001 0.434375 0.6828128375 0.434375 0.6875 0.4296875 0.69375 0.4296875 0.6953128375000001 0.428125 0.7015628375 0.428125 0.703125 0.4296875 0.7109378375000001 0.4296875 0.7125 0.43125 0.7140628375 0.43125 0.7171878375 0.434375 0.71875 0.434375 0.7203128375000001 0.4359375 0.725 0.4359375 0.7265628375000001 0.4375 0.73125 0.4375 0.7328128375 0.4359375 0.74375 0.4359375 0.7453128375 0.434375 0.746875 0.434375 0.7515628375000001 0.4296875 0.753125 0.4296875 0.7546878375 0.428125 0.75625 0.428125 0.75625 0.4265625 0.7578128375000001 0.425 0.759375 0.425 0.759375 0.4234375 0.7625 0.4203125 0.7625 0.41875 0.7640628375 0.4171875 0.7640628375 0.34375 0.7625 0.3421875 0.7625 0.3390625 0.7609378375 0.3375 0.7609378375 0.3328125 0.759375 0.33125 0.7578128375000001 0.33125 0.7515628375000001 0.325 0.75 0.325 0.7484378375 0.3234375 0.746875 0.3234375 0.7421878375000001 0.31875 0.740625 0.31875 0.7390628375 0.3171875 0.7375 0.3171875 0.7359378375000001 0.315625 0.7359378375000001 0.3140625 0.734375 0.3140625 0.7328128375 0.3125 0.728125 0.3125 0.721875 0.30625 0.7203128375000001 0.30625 0.715625 0.3015625 0.7140628375 0.3015625 0.7125 0.3 0.7046878375000001 0.3 0.703125 0.2984375 0.696875 0.2984375 0.6953128375000001 0.3 0.690625 0.3 0.684375 0.30625 0.68125 0.30625
37 0.759375 0.4421875 0.7578128375000001 0.44375 0.7546878375 0.44375 0.753125 0.4453125 0.7515628375000001 0.4453125 0.746875 0.45 0.7453128375 0.45 0.74375 0.4515625 0.7421878375000001 0.4515625 0.7375 0.45625 0.7359378375000001 0.45625 0.73125 0.4609375 0.73125 0.4640625 0.7265628375000001 0.46875 0.7265628375000001 0.4703125 0.725 0.471875 0.725 0.475 0.7234378375 0.4765625 0.7234378375 0.478125 0.721875 0.4796875 0.7203128375000001 0.4796875 0.71875 0.48125 0.71875 0.4828125 0.7109378375000001 0.490625 0.7109378375000001 0.5609375 0.715625 0.5609375 0.71875 0.5640625 0.71875 0.565625 0.721875 0.56875 0.7234378375 0.56875 0.725 0.5703125 0.725 0.571875 0.7265628375000001 0.571875 0.728125 0.5734375 0.7296878375 0.5734375 0.734375 0.578125 0.7421878375000001 0.578125 0.74375 0.5796875 0.7515628375000001 0.5796875 0.753125 0.58125 0.7546878375 0.58125 0.7578128375000001 0.584375 0.759375 0.584375 0.7609378375 0.5859375 0.7625 0.5859375 0.7640628375 0.5875 0.765625 0.5875 0.7703128375 0.5921875 0.7734378375000001 0.5921875 0.775 0.59375 0.784375 0.59375 0.7859378375 0.5921875 0.7890628375000001 0.5921875 0.79375 0.5875 0.7953128375 0.5875 0.796875 0.5859375 0.8 0.5859375 0.8015628375 0.584375 0.803125 0.584375 0.8078128375 0.5796875 0.8109378375 0.5796875 0.815625 0.575 0.8171878375 0.575 0.81875 0.5734375 0.8203128375000001 0.5734375 0.8265628375 0.5671875 0.8296878375000001 0.5671875 0.8359378375000001 0.5609375 0.8359378375000001 0.559375 0.8390628375 0.55625 0.8390628375 0.4796875 0.8375 0.478125 0.8375 0.475 0.8359378375000001 0.4734375 0.8359378375000001 0.4703125 0.8296878375000001 0.4640625 0.828125 0.4640625 0.8265628375 0.4625 0.825 0.4625 0.821875 0.459375 0.8203128375000001 0.459375 0.8171878375 0.45625 0.815625 0.45625 0.8140628375000001 0.4546875 0.8125 0.4546875 0.809375 0.4515625 0.8078128375 0.4515625 0.80625 0.45 0.803125 0.45 0.8015628375 0.4484375 0.8 0.4484375 0.7984378375000001 0.446875 0.796875 0.446875 0.7953128375 0.4453125 0.79375 0.4453125 0.7921878375 0.44375 0.7875 0.44375 0.7859378375 0.4421875 0.784375 0.4421875 0.7828128375000001 0.440625 0.78125 0.440625 0.7796878375 0.4390625 0.778125 0.4390625 0.7765628375 0.4375 0.76875 0.4375 0.7671878375000001 0.4390625 0.7640628375 0.4390625 0.7609378375 0.4421875 0.759375 0.4421875
37 0.6125 0.4421875 0.6109378375000001 0.44375 0.6078128375 0.44375 0.6046878375 0.446875 0.603125 0.446875 0.6015628375000001 0.4484375 0.6 0.4484375 0.5984378375 0.45 0.5953128375000001 0.45 0.5921878375 0.453125 0.590625 0.453125 0.5890628375 0.4546875 0.5875 0.4546875 0.5859378375000001 0.45625 0.5828128375 0.45625 0.5765628375 0.4625 0.5734378375 0.4625 0.571875 0.4640625 0.5703128375000001 0.4640625 0.559375 0.475 0.559375 0.5625 0.565625 0.56875 0.5671878375 0.56875 0.5703128375000001 0.571875 0.571875 0.571875 0.5734378375 0.5734375 0.5765628375 0.5734375 0.578125 0.575 0.5796878375000001 0.575 0.584375 0.5796875 0.5890628375 0.5796875 0.590625 0.58125 0.5921878375 0.58125 0.596875 0.5859375 0.6 0.5859375 0.6015628375000001 0.5875 0.603125 0.5875 0.60625 0.590625 0.609375 0.590625 0.6109378375000001 0.5921875 0.6140628375 0.5921875 0.615625 0.59375 0.61875 0.59375 0.6203128375 0.5953125 0.621875 0.5953125 0.6234378375 0.596875 0.6328128375000001 0.596875 0.634375 0.5953125 0.6359378375 0.5953125 0.6375 0.59375 0.6390628375 0.59375 0.640625 0.5921875 0.64375 0.5921875 0.6453128375 0.590625 0.646875 0.590625 0.65 0.5875 0.6515628375 0.5875 0.653125 0.5859375 0.65625 0.5859375 0.6578128375000001 0.584375 0.659375 0.584375 0.6640628375000001 0.5796875 0.665625 0.5796875 0.6671878375 0.578125 0.66875 0.578125 0.6734378375000001 0.5734375 0.675 0.5734375 0.6765628375 0.571875 0.678125 0.571875 0.6796878375000001 0.5703125 0.6796878375000001 0.56875 0.6828128375 0.565625 0.684375 0.565625 0.684375 0.5640625 0.6859378375 0.5625 0.6859378375 0.559375 0.6875 0.5578125 0.6875 0.5546875 0.6890628375000001 0.553125 0.6890628375000001 0.496875 0.6875 0.4953125 0.6875 0.49375 0.6859378375 0.4921875 0.6859378375 0.4890625 0.6734378375000001 0.4765625 0.6734378375000001 0.471875 0.671875 0.4703125 0.671875 0.46875 0.665625 0.4625 0.6640628375000001 0.4625 0.659375 0.4578125 0.6484378375000001 0.4578125 0.640625 0.45 0.6390628375 0.45 0.634375 0.4453125 0.6328128375000001 0.4453125 0.6265628375000001 0.4390625 0.6203128375 0.4390625 0.61875 0.440625 0.615625 0.440625 0.6140628375 0.4421875 0.6125 0.4421875
36 0.23281283749999998 0.30625 0.228125 0.3109375 0.2265628375 0.3109375 0.225 0.3125 0.2203128375 0.3125 0.2140628375 0.31875 0.2109378375 0.31875 0.209375 0.3203125 0.20781283749999999 0.3203125 0.203125 0.325 0.20156283749999998 0.325 0.1953128375 0.33125 0.1953128375 0.390625 0.2 0.3953125 0.2 0.396875 0.20156283749999998 0.3984375 0.20156283749999998 0.4 0.2046878375 0.403125 0.2046878375 0.40625 0.20625 0.4078125 0.20625 0.421875 0.2125 0.428125 0.2125 0.4296875 0.2140628375 0.4296875 0.2203128375 0.4359375 0.2265628375 0.4359375 0.228125 0.4375 0.2296878375 0.4375 0.23125 0.4390625 0.23125 0.440625 0.23281283749999998 0.440625 0.234375 0.4421875 0.23906283749999999 0.4421875 0.240625 0.44375 0.2421878375 0.44375 0.24375 0.4453125 0.24375 0.446875 0.2453128375 0.446875 0.246875 0.4484375 0.25 0.4484375 0.25156283749999997 0.45 0.253125 0.45 0.2546878375 0.4515625 0.25625 0.4515625 0.2578128375 0.453125 0.259375 0.453125 0.2625 0.45 0.2640628375 0.45 0.265625 0.4484375 0.26718783749999997 0.4484375 0.26875 0.446875 0.2703128375 0.446875 0.2734378375 0.44375 0.275 0.44375 0.2765628375 0.4421875 0.28125 0.4421875 0.28281283749999997 0.440625 0.284375 0.440625 0.2890628375 0.4359375 0.2921878375 0.4359375 0.2953128375 0.4328125 0.296875 0.4328125 0.3 0.4296875 0.3015628375 0.4296875 0.3046878375 0.4265625 0.3046878375 0.4203125 0.30625 0.41875 0.30625 0.4171875 0.309375 0.4140625 0.309375 0.4109375 0.3109378375 0.409375 0.3109378375 0.4 0.3125 0.3984375 0.3125 0.396875 0.315625 0.39375 0.315625 0.3921875 0.3171878375 0.390625 0.3171878375 0.3890625 0.321875 0.384375 0.321875 0.340625 0.3125 0.33125 0.3109378375 0.33125 0.3046878375 0.325 0.303125 0.325 0.296875 0.31875 0.2953128375 0.31875 0.29375 0.3171875 0.2921878375 0.3171875 0.290625 0.315625 0.290625 0.3140625 0.2890628375 0.3140625 0.2875 0.3125 0.2859378375 0.3125 0.284375 0.3109375 0.28281283749999997 0.3109375 0.278125 0.30625 0.2765628375 0.30625 0.275 0.3046875 0.271875 0.3046875 0.2703128375 0.303125 0.2625 0.303125 0.2609378375 0.3046875 0.240625 0.3046875 0.23906283749999999 0.30625 0.23281283749999998 0.30625
32 0.6109378375000001 0.6703125 0.6109378375000001 0.671875 0.60625 0.6765625 0.60625 0.7125 0.609375 0.715625 0.6109378375000001 0.715625 0.6125 0.7171875 0.640625 0.7171875 0.6421878375000001 0.715625 0.6421878375000001 0.7140625 0.646875 0.709375 0.646875 0.678125 0.64375 0.675 0.64375 0.6734375 0.6421878375000001 0.671875 0.6421878375000001 0.6703125 0.640625 0.66875 0.6390628375 0.66875 0.6359378375 0.665625 0.6359378375 0.6640625 0.6140628375 0.6640625 0.6140628375 0.665625 0.6125 0.6671875 0.6125 0.66875 0.6109378375000001 0.6703125
36 0.225 0.584375 0.22343783749999999 0.5859375 0.221875 0.5859375 0.21875 0.5890625 0.21875 0.590625 0.20781283749999999 0.6015625 0.20781283749999999 0.603125 0.209375 0.6046875 0.209375 0.60625 0.2109378375 0.60625 0.2140628375 0.609375 0.21718783749999998 0.609375 0.21875 0.6109375 0.221875 0.6109375 0.2296878375 0.61875 0.2296878375 0.6203125 0.23125 0.621875 0.23125 0.63125 0.23281283749999998 0.6328125 0.23281283749999998 0.634375 0.2375 0.6390625 0.2375 0.646875 0.23125 0.653125 0.23125 0.6546875 0.2296878375 0.65625 0.228125 0.65625 0.221875 0.6625 0.2203128375 0.6625 0.21875 0.6640625 0.21718783749999998 0.6640625 0.215625 0.665625 0.2140628375 0.665625 0.2125 0.6671875 0.2109378375 0.6671875 0.209375 0.66875 0.20781283749999999 0.66875 0.20625 0.6703125 0.20625 0.6921875 0.20781283749999999 0.69375 0.20781283749999999 0.696875 0.2125 0.7015625 0.2125 0.70625 0.2140628375 0.7078125 0.2140628375 0.709375 0.215625 0.709375 0.21718783749999998 0.7109375 0.21875 0.7109375 0.2203128375 0.7125 0.221875 0.7125 0.225 0.715625 0.2265628375 0.715625 0.228125 0.7171875 0.23281283749999998 0.7171875 0.234375 0.71875 0.2359378375 0.71875 0.2375 0.7203125 0.2375 0.721875 0.23906283749999999 0.721875 0.240625 0.7234375 0.2421878375 0.7234375 0.24375 0.725 0.2453128375 0.725 0.24843783749999998 0.728125 0.25 0.728125 0.25156283749999997 0.7296875 0.2625 0.7296875 0.2640628375 0.728125 0.265625 0.728125 0.26875 0.725 0.2703128375 0.725 0.271875 0.7234375 0.2734378375 0.7234375 0.275 0.721875 0.2765628375 0.721875 0.2796878375 0.71875 0.28125 0.71875 0.28281283749999997 0.7171875 0.284375 0.7171875 0.290625 0.7109375 0.2921878375 0.7109375 0.29375 0.709375 0.29375 0.7078125 0.296875 0.7046875 0.296875 0.703125 0.29843783749999997 0.7015625 0.29843783749999997 0.684375 0.3 0.6828125 0.3 0.68125 0.303125 0.678125 0.303125 0.6765625 0.3046878375 0.675 0.3046878375 0.6703125 0.3171878375 0.6578125 0.3171878375 0.6515625 0.31875 0.65 0.31875 0.6203125 0.3171878375 0.61875 0.3171878375 0.6125 0.30625 0.6015625 0.3046878375 0.6015625 0.303125 0.6 0.3015628375 0.6 0.3 0.5984375 0.29843783749999997 0.5984375 0.2953128375 0.5953125 0.29375 0.5953125 0.2921878375 0.59375 0.2890628375 0.59375 0.28281283749999997 0.5875 0.2796878375 0.5875 0.278125 0.5859375 0.2765628375 0.5859375 0.271875 0.58125 0.25 0.58125 0.24843783749999998 0.5796875 0.240625 0.5796875 0.23906283749999999 0.58125 0.2375 0.5796875 0.234375 0.5796875 0.23281283749999998 0.58125 0.2296878375 0.58125 0.2265628375 0.584375 0.225 0.584375
25 0.2203128375 0.7359375 0.221875 0.7359375 0.22343783749999999 0.7375 0.225 0.7375 0.228125 0.740625 0.2296878375 0.740625 0.23125 0.7421875 0.23281283749999998 0.7421875 0.23906283749999999 0.7484375 0.253125 0.7484375 0.253125 0.73125 0.25156283749999997 0.73125 0.24843783749999998 0.728125 0.24843783749999998 0.7265625 0.246875 0.725 0.2453128375 0.725 0.2421878375 0.721875 0.2421878375 0.7203125 0.240625 0.71875 0.2359378375 0.71875 0.234375 0.7171875 0.23281283749999998 0.7171875 0.228125 0.7125 0.225 0.7125 0.22343783749999999 0.7109375 0.221875 0.7109375 0.2203128375 0.709375 0.2 0.709375 0.2 0.7203125 0.209375 0.7296875 0.2140628375 0.7296875 0.2203128375 0.7359375
26 0.5703128375000001 0.71875 0.56875 0.7203125 0.56875 0.721875 0.565625 0.725 0.5640628375000001 0.725 0.5578128375 0.73125 0.5578128375 0.7484375 0.571875 0.7484375 0.5734378375 0.746875 0.5734378375 0.7453125 0.5765628375 0.7421875 0.5828128375 0.7421875 0.5890628375 0.7359375 0.590625 0.7359375 0.5921878375 0.734375 0.5921878375 0.7328125 0.5953128375000001 0.7296875 0.596875 0.7296875 0.6015628375000001 0.725 0.603125 0.725 0.6046878375 0.7234375 0.6078128375 0.7234375 0.609375 0.721875 0.609375 0.709375 0.5875 0.709375 0.584375 0.7125 0.578125 0.7125 0.571875 0.71875 0.5703128375000001 0.71875
13 0.578125 0.4359375 0.5796878375000001 0.434375 0.5796878375000001 0.3765625 0.578125 0.375 0.528125 0.375 0.5265628375 0.3765625 0.5265628375 0.434375 0.528125 0.4359375 0.578125 0.4359375
26 0.646875 0.7234375 0.65 0.7234375 0.6515628375 0.725 0.653125 0.725 0.6578128375000001 0.7296875 0.659375 0.7296875 0.6625 0.7328125 0.6625 0.734375 0.6640628375000001 0.7359375 0.6671878375 0.7359375 0.671875 0.740625 0.6734378375000001 0.740625 0.675 0.7421875 0.678125 0.7421875 0.684375 0.7484375 0.690625 0.7484375 0.6921878375 0.746875 0.6921878375 0.7453125 0.69375 0.74375 0.69375 0.7296875 0.6921878375 0.728125 0.6921878375 0.7265625 0.684375 0.71875 0.6828128375 0.71875 0.6796878375000001 0.715625 0.6796878375000001 0.7140625 0.678125 0.7125 0.6734378375000001 0.7125 0.671875 0.7109375 0.6703128375 0.7109375 0.66875 0.709375 0.6421878375000001 0.709375 0.6421878375000001 0.7203125 0.64375 0.721875 0.6453128375 0.721875 0.646875 0.7234375
16 0.6 0.290625 0.6015628375000001 0.2921875 0.603125 0.2921875 0.60625 0.2890625 0.6078128375 0.2890625 0.609375 0.2875 0.6109378375000001 0.2875 0.6125 0.2859375 0.61875 0.2859375 0.6203128375 0.2875 0.621875 0.2875 0.6234378375 0.2890625 0.6234378375 0.290625 0.625 0.2921875 0.625 0.29375 0.6265628375000001 0.2953125 0.6265628375000001 0.296875 0.6296878375 0.296875 0.63125 0.2984375 0.646875 0.2984375 0.6484378375000001 0.296875 0.6484378375000001 0.29375 0.65 0.2921875 0.65 0.2796875 0.6515628375 0.278125 0.6515628375 0.2765625 0.653125 0.275 0.653125 0.2421875 0.6484378375000001 0.2375 0.64375 0.2375 0.6421878375000001 0.2359375 0.6109378375000001 0.2359375 0.609375 0.2375 0.6015628375000001 0.2375 0.6 0.2390625 0.6 0.290625
28 0.2703128375 0.44375 0.26875 0.4453125 0.26875 0.446875 0.265625 0.45 0.2640628375 0.45 0.2625 0.4515625 0.2625 0.46875 0.275 0.46875 0.2765628375 0.4671875 0.2796878375 0.4671875 0.28125 0.465625 0.28281283749999997 0.465625 0.2859378375 0.4625 0.2875 0.4625 0.2890628375 0.4609375 0.290625 0.4609375 0.2921878375 0.459375 0.2921878375 0.4578125 0.2953128375 0.4546875 0.296875 0.4546875 0.303125 0.4484375 0.30625 0.4484375 0.3078128375 0.446875 0.309375 0.446875 0.309375 0.4453125 0.3125 0.4421875 0.31406283749999997 0.4421875 0.3171878375 0.4390625 0.3171878375 0.4328125 0.2890628375 0.4328125 0.2859378375 0.4359375 0.284375 0.4359375 0.2765628375 0.44375 0.2703128375 0.44375
25 0.5171878375000001 0.56875 0.515625 0.5703125 0.5140628375 0.5703125 0.5125 0.571875 0.5125 0.5734375 0.509375 0.5765625 0.5078128375000001 0.5765625 0.503125 0.58125 0.503125 0.6 0.50625 0.6 0.5078128375000001 0.5984375 0.5125 0.5984375 0.5171878375000001 0.59375 0.51875 0.59375 0.5203128375 0.5921875 0.521875 0.5921875 0.5234378375000001 0.590625 0.5234378375000001 0.5890625 0.5265628375 0.5859375 0.528125 0.5859375 0.5296878375 0.584375 0.53125 0.584375 0.53125 0.5828125 0.5328128375000001 0.58125 0.5359378375 0.58125 0.5375 0.5796875 0.540625 0.5796875 0.5421878375 0.578125 0.5421878375 0.5765625 0.5453128375 0.5734375 0.546875 0.5734375 0.5484378375000001 0.571875 0.5484378375000001 0.5609375 0.5296878375 0.5609375 0.528125 0.5625 0.5265628375 0.5625 0.5203128375 0.56875 0.5171878375000001 0.56875
11 0.3078128375 0.5734375 0.3125 0.5734375 0.31406283749999997 0.575 0.31875 0.575 0.3203128375 0.5734375 0.3546878375 0.5734375 0.35625 0.571875 0.3578128375 0.571875 0.359375 0.5703125 0.359375 0.51875 0.3546878375 0.5140625 0.30625 0.5140625 0.3046878375 0.515625 0.3046878375 0.571875 0.30625 0.571875 0.3078128375 0.5734375
28 0.7125 0.5765625 0.7125 0.578125 0.7140628375 0.5796875 0.715625 0.5796875 0.71875 0.5828125 0.71875 0.584375 0.7203128375000001 0.5859375 0.7234378375 0.5859375 0.725 0.5875 0.7265628375000001 0.5875 0.73125 0.5921875 0.734375 0.5921875 0.7375 0.5953125 0.7375 0.596875 0.7390628375 0.5984375 0.740625 0.5984375 0.7421878375000001 0.6 0.74375 0.6 0.746875 0.603125 0.7484378375 0.603125 0.75 0.6046875 0.7546878375 0.6046875 0.75625 0.60625 0.765625 0.60625 0.7671878375000001 0.6046875 0.7671878375000001 0.5984375 0.76875 0.596875 0.76875 0.5953125 0.7671878375000001 0.59375 0.7671878375000001 0.5890625 0.759375 0.58125 0.75625 0.58125 0.7546878375 0.5796875 0.753125 0.5796875 0.7484378375 0.575 0.7453128375 0.575 0.7390628375 0.56875 0.734375 0.56875 0.73125 0.565625 0.7046878375000001 0.565625 0.7046878375000001 0.5703125 0.7078128375 0.5734375 0.709375 0.5734375 0.7125 0.5765625
28 0.2125 0.4515625 0.2125 0.453125 0.2140628375 0.4546875 0.21718783749999998 0.4546875 0.21875 0.45625 0.2203128375 0.45625 0.22343783749999999 0.459375 0.225 0.459375 0.2265628375 0.4609375 0.228125 0.4609375 0.23125 0.4640625 0.23125 0.465625 0.23281283749999998 0.4671875 0.240625 0.4671875 0.2421878375 0.46875 0.25 0.46875 0.25156283749999997 0.4671875 0.253125 0.4671875 0.253125 0.4546875 0.24843783749999998 0.45 0.2453128375 0.45 0.2421878375 0.446875 0.2421878375 0.4453125 0.240625 0.44375 0.23906283749999999 0.44375 0.23281283749999998 0.4375 0.2265628375 0.4375 0.22343783749999999 0.434375 0.22343783749999999 0.4328125 0.1984378375 0.4328125 0.1984378375 0.4390625 0.20781283749999999 0.4484375 0.209375 0.4484375 0.2125 0.4515625
28 0.36093783749999997 0.45 0.3625 0.45 0.3671878375 0.4546875 0.3703128375 0.4546875 0.37656283749999997 0.4609375 0.378125 0.4609375 0.384375 0.4671875 0.390625 0.4671875 0.39218783749999997 0.46875 0.4 0.46875 0.40156283750000005 0.4671875 0.403125 0.4671875 0.403125 0.45625 0.396875 0.45 0.3953128375 0.45 0.3890628375 0.44375 0.3875 0.44375 0.3859378375 0.4421875 0.384375 0.4421875 0.3796878375 0.4375 0.37656283749999997 0.4375 0.3703128375 0.43125 0.346875 0.43125 0.346875 0.4375 0.3578128375 0.4484375 0.359375 0.4484375 0.36093783749999997 0.45
4 0.5984378375 0.3046875 0.5984378375 0.3296875 0.6 0.33125 0.6 0.3359375 0.6015628375000001 0.3375 0.6015628375000001 0.3390625 0.60625 0.34375 0.60625 0.3453125 0.609375 0.3484375 0.6421878375000001 0.3484375 0.64375 0.346875 0.6453128375 0.346875 0.6515628375 0.340625 0.653125 0.340625 0.653125 0.3234375 0.6484378375000001 0.31875 0.6484378375000001 0.315625 0.6453128375 0.3125 0.6390628375 0.3125 0.6375 0.3109375 0.6375 0.309375 0.6359378375 0.3078125 0.6359378375 0.303125 0.6328128375000001 0.3 0.63125 0.3 0.628125 0.296875 0.628125 0.2953125 0.625 0.2921875 0.60625 0.2921875 0.60625 0.2953125 0.6 0.3015625 0.6 0.303125 0.5984378375 0.3046875
14 0.428125 0.4359375 0.42968783750000006 0.434375 0.42968783750000006 0.4328125 0.43281283750000005 0.4296875 0.43281283750000005 0.3796875 0.42968783750000006 0.3765625 0.378125 0.3765625 0.378125 0.434375 0.3796878375 0.434375 0.38125 0.4359375 0.428125 0.4359375
25 0.28281283749999997 0.7140625 0.278125 0.71875 0.2765628375 0.71875 0.275 0.7203125 0.275 0.721875 0.271875 0.725 0.2703128375 0.725 0.26875 0.7265625 0.26875 0.728125 0.265625 0.73125 0.2640628375 0.73125 0.2625 0.7328125 0.2625 0.746875 0.2640628375 0.7484375 0.2765628375 0.7484375 0.28281283749999997 0.7421875 0.284375 0.7421875 0.2890628375 0.7375 0.290625 0.7375 0.2921878375 0.7359375 0.296875 0.7359375 0.29843783749999997 0.734375 0.29843783749999997 0.7328125 0.3015628375 0.7296875 0.303125 0.7296875 0.3046878375 0.728125 0.3046878375 0.7265625 0.3078128375 0.7234375 0.309375 0.7234375 0.3109378375 0.721875 0.3109378375 0.709375 0.29375 0.709375 0.290625 0.7125 0.2859378375 0.7125 0.284375 0.7140625 0.28281283749999997 0.7140625
12 0.653125 0.5140625 0.6 0.5140625 0.6 0.571875 0.6015628375000001 0.5734375 0.653125 0.5734375 0.653125 0.5140625
27 0.6703128375 0.2875 0.66875 0.2890625 0.66875 0.290625 0.665625 0.29375 0.6640628375000001 0.29375 0.65625 0.3015625 0.65625 0.303125 0.653125 0.30625 0.6484378375000001 0.30625 0.6484378375000001 0.3171875 0.665625 0.3171875 0.6671878375 0.315625 0.6671878375 0.3140625 0.6703128375 0.3109375 0.6765628375 0.3109375 0.6828128375 0.3046875 0.684375 0.3046875 0.6859378375 0.303125 0.6859378375 0.3015625 0.6890628375000001 0.2984375 0.690625 0.2984375 0.6921878375 0.296875 0.6921878375 0.2953125 0.69375 0.29375 0.69375 0.2921875 0.6953128375000001 0.290625 0.6953128375000001 0.2890625 0.69375 0.2875 0.69375 0.284375 0.678125 0.284375 0.6765628375 0.2859375 0.675 0.2859375 0.6734378375000001 0.2875 0.6703128375 0.2875
8 0.46093783750000006 0.575 0.4625 0.5734375 0.46718783750000004 0.5734375 0.46875 0.571875 0.4703128375 0.571875 0.471875 0.5703125 0.4734378375 0.5703125 0.475 0.56875 0.478125 0.56875 0.48281283750000004 0.5734375 0.4875 0.5734375 0.4890628375 0.575 0.490625 0.575 0.49218783750000006 0.5765625 0.49843783750000004 0.5765625 0.5015628375000001 0.5734375 0.503125 0.5734375 0.5046878375 0.571875 0.5046878375 0.5140625 0.503125 0.5125 0.45156283750000004 0.5125 0.45156283750000004 0.5734375 0.4546878375 0.5734375 0.45625 0.575 0.46093783750000006 0.575
26 0.2796878375 0.584375 0.28125 0.5859375 0.284375 0.5859375 0.2875 0.5890625 0.2875 0.590625 0.2890628375 0.5921875 0.290625 0.5921875 0.2921878375 0.59375 0.29375 0.59375 0.2953128375 0.5953125 0.2953128375 0.596875 0.296875 0.596875 0.29843783749999997 0.5984375 0.303125 0.5984375 0.30625 0.6015625 0.30625 0.603125 0.3078128375 0.6046875 0.315625 0.6046875 0.3171878375 0.60625 0.31875 0.60625 0.3203128375 0.6078125 0.321875 0.6078125 0.3234378375 0.60625 0.325 0.60625 0.325 0.590625 0.315625 0.58125 0.31406283749999997 0.58125 0.309375 0.5765625 0.3078128375 0.5765625 0.30625 0.575 0.3015628375 0.575 0.296875 0.5703125 0.2734378375 0.5703125 0.2734378375 0.58125 0.275 0.58125 0.278125 0.584375 0.2796878375 0.584375
32 0.6828128375 0.853125 0.684375 0.8546875 0.7140628375 0.8546875 0.7171878375 0.8515625 0.7171878375 0.85 0.71875 0.8484375 0.71875 0.83125 0.7171878375 0.8296875 0.7171878375 0.825 0.71875 0.8234375 0.71875 0.8140625 0.7109378375000001 0.80625 0.709375 0.80625 0.7078128375 0.8046875 0.6875 0.8046875 0.6875 0.80625 0.68125 0.8125 0.68125 0.853125 0.6828128375 0.853125
31 0.490625 0.6234375 0.49843783750000004 0.615625 0.49843783750000004 0.5828125 0.496875 0.58125 0.496875 0.5796875 0.49218783750000006 0.575 0.4890628375 0.575 0.4859378375 0.571875 0.46718783750000004 0.571875 0.4578128375 0.58125 0.4578128375 0.6171875 0.46406283750000005 0.6234375 0.490625 0.6234375
12 0.2109378375 0.5203125 0.20625 0.515625 0.1578128375 0.515625 0.1578128375 0.5734375 0.209375 0.5734375 0.2109378375 0.571875 0.2109378375 0.5203125
25 0.3265628375 0.6125 0.3265628375 0.66875 0.3359378375 0.66875 0.3359378375 0.6125 0.3265628375 0.6125
32 0.5375 0.809375 0.5328128375000001 0.8140625 0.5328128375000001 0.8484375 0.5390628375000001 0.8546875 0.565625 0.8546875 0.571875 0.8484375 0.571875 0.81875 0.5703128375000001 0.8171875 0.5703128375000001 0.815625 0.56875 0.8140625 0.56875 0.8125 0.5671878375 0.8109375 0.5671878375 0.809375 0.5640628375000001 0.80625 0.5625 0.80625 0.5609378375 0.8046875 0.5421878375 0.8046875 0.540625 0.80625 0.5390628375000001 0.80625 0.5375 0.8078125 0.5375 0.809375
31 0.165625 0.7109375 0.16875 0.7140625 0.16875 0.715625 0.17031283749999998 0.7171875 0.196875 0.7171875 0.2046878375 0.709375 0.2046878375 0.678125 0.203125 0.6765625 0.203125 0.675 0.1984378375 0.6703125 0.1984378375 0.665625 0.16875 0.665625 0.165625 0.66875 0.1640628375 0.66875 0.1640628375 0.7109375 0.165625 0.7109375
29 0.20156283749999998 0.615625 0.2 0.6171875 0.2 0.628125 0.1984378375 0.6296875 0.1984378375 0.63125 0.19375 0.6359375 0.19375 0.6609375 0.196875 0.6609375 0.20156283749999998 0.665625 0.203125 0.665625 0.2046878375 0.6671875 0.2203128375 0.6671875 0.22343783749999999 0.6640625 0.22343783749999999 0.6625 0.23125 0.6546875 0.23281283749999998 0.6546875 0.2359378375 0.6515625 0.2359378375 0.6453125 0.234375 0.64375 0.234375 0.6421875 0.23125 0.6390625 0.23125 0.6375 0.2296878375 0.6359375 0.2296878375 0.63125 0.2265628375 0.628125 0.2265628375 0.6265625 0.225 0.625 0.225 0.6234375 0.22343783749999999 0.621875 0.22343783749999999 0.6203125 0.215625 0.6125 0.2109378375 0.6125 0.209375 0.6109375 0.20781283749999999 0.6109375 0.20625 0.6125 0.203125 0.6125 0.20156283749999998 0.6140625 0.20156283749999998 0.615625
27 0.478125 0.3890625 0.47968783750000005 0.3890625 0.48125 0.390625 0.484375 0.390625 0.484375 0.3890625 0.4859378375 0.3875 0.4859378375 0.3328125 0.471875 0.3328125 0.471875 0.384375 0.475 0.3875 0.47656283750000006 0.3875 0.478125 0.3890625
28 0.7 0.55625 0.7015628375 0.55625 0.7046878375000001 0.553125 0.7046878375000001 0.4890625 0.70625 0.4875 0.69375 0.4875 0.69375 0.5578125 0.6953128375000001 0.559375 0.696875 0.559375 0.7 0.55625
26 0.5578128375 0.8 0.5578128375 0.7546875 0.55625 0.753125 0.55625 0.75 0.5484378375000001 0.75 0.5484378375000001 0.8046875 0.5546878375000001 0.8046875 0.5546878375000001 0.803125 0.5578128375 0.8
15 0.753125 0.575 0.7625 0.575 0.7640628375 0.5734375 0.796875 0.5734375 0.7984378375000001 0.571875 0.7984378375000001 0.515625 0.796875 0.5140625 0.7484378375 0.5140625 0.7484378375 0.571875 0.75 0.5734375 0.7515628375000001 0.5734375 0.753125 0.575
26 0.708783784375 0.7705882359375 0.7074324328125 0.7544117640625 0.7 0.7485294125 0.69324324375 0.7536764703125 0.6925675671875 0.8007352937500001 0.6952702703125 0.8036764703125 0.70608108125 0.8036764703125 0.708783784375 0.7705882359375
9 0.359459459375 0.294852940625 0.3608108109375 0.2477941171875 0.3581081078125 0.2397058828125 0.35270270312499996 0.2375 0.31081081093749996 0.2375 0.3047297296875 0.242647059375 0.3047297296875 0.293382353125 0.3074324328125 0.2970588234375 0.35202702656249996 0.2985294125 0.359459459375 0.294852940625
7 0.4324324328125 0.7110294125000001 0.434459459375 0.6875 0.433783784375 0.6595588234374999 0.43175675625 0.655882353125 0.41824324375 0.6536764703125 0.40608108125 0.656617646875 0.38581081093749997 0.6536764703125 0.3790540546875 0.6573529406249999 0.3797297296875 0.71176470625 0.3885135140625 0.7154411765625001 0.4290540546875 0.7139705875 0.4324324328125 0.7110294125000001
16 0.5797297296874999 0.7110294125000001 0.58108108125 0.6610294125 0.577702703125 0.6551470593750001 0.5324324328125 0.6536764703125 0.525675675 0.6602941171875 0.525 0.705882353125 0.5290540546875 0.71323529375 0.574324325 0.7147058828125 0.5797297296874999 0.7110294125000001
13 0.3513513515625 0.8536764703124999 0.359459459375 0.85 0.3608108109375 0.8 0.3581081078125 0.794117646875 0.310135134375 0.792647059375 0.30608108125 0.794852940625 0.3040540546875 0.8051470593750001 0.3040540546875 0.8455882359375 0.30675675625 0.85073529375 0.3114864859375 0.8536764703124999 0.3513513515625 0.8536764703124999
11 0.7277027031250001 0.7102941171875 0.7290540546875001 0.6772058828125 0.7263513515625 0.655882353125 0.721621621875 0.6536764703125 0.677702703125 0.6536764703125 0.6729729734375 0.6610294125 0.672297296875 0.7095588234375 0.675 0.71323529375 0.721621621875 0.7147058828125 0.7277027031250001 0.7102941171875
8 0.2445945953125 0.43823529375000003 0.2804054046875 0.43676470624999997 0.2858108109375 0.43235294062499996 0.2871621625 0.39117647031249997 0.2864864859375 0.381617646875 0.283783784375 0.3779411765625 0.2790540546875 0.37573529375 0.24932432499999999 0.37573529375 0.233783784375 0.3772058828125 0.23108108125000001 0.38088235312499996 0.2304054046875 0.42941176406250003 0.2331081078125 0.43382352968750004 0.2371621625 0.4375 0.2445945953125 0.43823529375000003
7 0.696621621875 0.43161764687500004 0.716216215625 0.43823529375000003 0.7277027031250001 0.43455882343749996 0.7290540546875001 0.392647059375 0.7283783781250001 0.38088235312499996 0.725675675 0.3772058828125 0.677702703125 0.37573529375 0.6729729734375 0.382352940625 0.671621621875 0.39852941249999996 0.675 0.43602941250000005 0.6831081078125 0.43897058749999995 0.696621621875 0.43161764687500004
10 0.45625 0.853125 0.503125 0.853125 0.503125 0.85 0.5046878375 0.8484375 0.5046878375 0.7953125 0.503125 0.79375 0.5015628375000001 0.79375 0.5 0.7921875 0.453125 0.7921875 0.45156283750000004 0.79375 0.45156283750000004 0.85 0.453125 0.85 0.45625 0.853125
15 0.234375 0.7140625 0.2546878375 0.7140625 0.25625 0.7125 0.2578128375 0.7125 0.259375 0.7109375 0.2734378375 0.7109375 0.275 0.7125 0.28125 0.7125 0.28281283749999997 0.7140625 0.2859378375 0.7109375 0.2859378375 0.6578125 0.284375 0.65625 0.2796878375 0.65625 0.278125 0.6546875 0.23125 0.6546875 0.23125 0.659375 0.2296878375 0.6609375 0.2296878375 0.709375 0.234375 0.7140625
20 0.28125 0.1109375 0.28125 0.1078125 0.2796878375 0.10625 0.2796878375 0.0890625 0.28125 0.0875 0.28125 0.0390625 0.221875 0.0390625 0.221875 0.1171875 0.2796878375 0.1171875 0.2796878375 0.1125 0.28125 0.1109375
18 0.075 0.3171875 0.075 0.3953125 0.1328128375 0.3953125 0.1328128375 0.3171875 0.075 0.3171875
18 0.278125 0.9484375 0.2796878375 0.946875 0.2796878375 0.871875 0.22343783749999999 0.871875 0.22343783749999999 0.95 0.275 0.95 0.2765628375 0.9484375 0.278125 0.9484375
18 0.5203128375 0.875 0.5203128375 0.9453125 0.5734378375 0.9453125 0.5734378375 0.875 0.5203128375 0.875
23 0.7953128375 0.809375 0.796875 0.8078125 0.796875 0.7328125 0.7390628375 0.7328125 0.7390628375 0.8109375 0.7921878375 0.8109375 0.79375 0.809375 0.7953128375 0.809375
21 0.12968783749999999 0.6671875 0.13125 0.665625 0.13125 0.65 0.12968783749999999 0.6484375 0.12968783749999999 0.646875 0.13125 0.6453125 0.13125 0.5953125 0.07656283750000001 0.5953125 0.07656283750000001 0.6703125 0.128125 0.6703125 0.12968783749999999 0.66875 0.12968783749999999 0.6671875
19 0.571875 0.1109375 0.5734378375 0.109375 0.5734378375 0.0359375 0.5171878375000001 0.0359375 0.5171878375000001 0.1125 0.5484378375000001 0.1125 0.55 0.1109375 0.571875 0.1109375
18 0.7359378375000001 0.1703125 0.7359378375000001 0.2546875 0.796875 0.2546875 0.796875 0.1703125 0.7359378375000001 0.1703125
22 0.8984378375000001 0.5296875 0.9 0.53125 0.940625 0.53125 0.94375 0.528125 0.94375 0.453125 0.8859378375 0.453125 0.8859378375 0.53125 0.8921878375000001 0.53125 0.89375 0.5296875 0.8984378375000001 0.5296875
21 0.13125 0.665625 0.13125 0.5953125 0.07656283750000001 0.5953125 0.07656283750000001 0.66875 0.12968783749999999 0.66875 0.12968783749999999 0.6671875 0.13125 0.665625