35 0.3316091953125 0.18523878437500002 0.32586206875 0.1866859625 0.3195402296875 0.19392185312500002 0.3178160921875 0.2764109984375 0.3281609203125 0.287988421875 0.34367816093750003 0.2973950796875 0.36896551718750004 0.317655571875 0.3781609203125 0.32199710625 0.387356321875 0.317655571875 0.39770115 0.30680173593750004 0.4080459765625 0.3017366140625 0.4195402296875 0.2916063671875 0.42241379375 0.2626628078125 0.42586206875 0.25615050625 0.43218390781249993 0.25036179375 0.43448275937499997 0.24457308281249998 0.43218390781249993 0.21056439999999998 0.43333333281249997 0.19247467499999998 0.38103448281249996 0.1526772796875 0.3778735625 0.1526772796875 0.37298850625 0.15340086875 0.364367815625 0.161360346875 0.33390804531249996 0.18162083906249998 0.3316091953125 0.18523878437500002
35 0.5097701156250001 0.3589001453125 0.5120689656249999 0.36613603437500003 0.510344828125 0.3683068015625 0.5091954015625 0.37988422499999996 0.5086206890625 0.4146164984375 0.514367815625 0.423299565625 0.5310344828125 0.4327062234375 0.5672413796875 0.4602026046875 0.57758620625 0.456584659375 0.5982758625 0.43777134531249995 0.60229885 0.43704775625 0.6114942531249999 0.42908827812499994 0.612643678125 0.40086830625000003 0.6287356328125 0.37988422499999996 0.62643678125 0.3321273515625 0.5965517234375 0.3096960921875 0.5919540234375 0.30318379218749997 0.5821839078125 0.299565846875 0.5747126437500001 0.299565846875 0.57356321875 0.299565846875 0.55 0.30318379218749997 0.514367815625 0.3277858171875 0.5091954015625 0.3350217078125 0.5097701156250001 0.3589001453125
35 0.32356321875 0.46671490625 0.31839080468750003 0.47322720625 0.31839080468750003 0.5564399421874999 0.3281609203125 0.5651230093749999 0.3574712640625 0.5839363234375 0.360344828125 0.5832127359375 0.363793103125 0.5774240234375 0.37413793125 0.568017365625 0.37758620625 0.5672937765625 0.37011494218749996 0.5607814765625 0.3718390796875 0.558610709375 0.387356321875 0.55716353125 0.39425287343750004 0.5593342984375 0.389655171875 0.5636758328125 0.37988505781250004 0.5643994218749999 0.38333333281250004 0.5701881328125 0.3948275859375 0.5781476125 0.435057471875 0.5535455859375 0.436781609375 0.5492040515625 0.436781609375 0.47756874062500004 0.411494253125 0.4580318375 0.401149425 0.4515195375 0.3959770109375 0.4558610703125 0.4017241375 0.4696092625 0.3965517234375 0.47322720625 0.388505746875 0.49638205468749996 0.3821839078125 0.49638205468749996 0.37643678125 0.483357453125 0.37241379375 0.48697539843750004 0.3695402296875 0.49565846562500004 0.3586206890625 0.49565846562500004 0.35804597656250003 0.48408104218750003 0.361494253125 0.47973950781249997 0.35919540156249996 0.4768451515625 0.3551724140625 0.480463096875 0.35459770156250003 0.4753979734375 0.3574712640625 0.4717800296875 0.363793103125 0.47105644062499996 0.36896551718750004 0.46454413906249997 0.36896551718750004 0.4587554265625 0.37298850625 0.4602026046875 0.37471264375 0.465267728125 0.37988505781250004 0.46382055 0.3827586203125 0.4725036171875 0.387356321875 0.47322720625 0.3913793109375 0.47105644062499996 0.384482759375 0.46309696093749997 0.3913793109375 0.4558610703125 0.390229884375 0.45224312656250004 0.39425287343750004 0.45369030468749993 0.3959770109375 0.4479015921875 0.3913793109375 0.4421128796875 0.37356321875 0.438494934375 0.37298850625 0.438494934375 0.365517240625 0.4392185234375 0.360919540625 0.4435600578125 0.3517241375 0.447178003125 0.32356321875 0.46671490625
35 0.4005747125 0.6013024609375 0.3994252875 0.6128798843750001 0.390229884375 0.626628075 0.386206896875 0.626628075 0.388505746875 0.6302460203125 0.385057471875 0.6331403765625 0.3821839078125 0.6555716359375 0.3839080453125 0.6953690296875 0.43850574687500005 0.7358900140625 0.4580459765625 0.7206946453125 0.46091954062499996 0.7163531109375 0.4839080453125 0.703328509375 0.4965517234375 0.6931982640625 0.49770115 0.6866859625 0.4959770109375 0.6287988421875 0.48045977031250003 0.6128798843750001 0.4816091953125 0.60564399375 0.47758620625 0.594790159375 0.47356321875 0.594790159375 0.4706896546875 0.5911722140625 0.45919540156250005 0.5853835015625 0.4563218390625 0.5795947906250001 0.44597701093750003 0.5716353109375001 0.4419540234375 0.5716353109375001 0.42471264375000006 0.5853835015625 0.414367815625 0.590448625 0.4080459765625 0.5976845156249999 0.4005747125 0.6013024609375
37 0.6057471265625 0.44862518125 0.5988505749999999 0.452966715625 0.5965517234375 0.4580318375 0.585057471875 0.46309696093749997 0.57413793125 0.47322720625 0.57356321875 0.48769898749999996 0.57413793125 0.5 0.5816091953125 0.498552821875 0.5833333328125 0.5014471781250001 0.5816091953125 0.5123010125 0.57758620625 0.5101302453125001 0.5793103453125 0.5151953687499999 0.5770114937499999 0.5173661359375 0.57356321875 0.5282199703125 0.57413793125 0.5549927640625001 0.5816091953125 0.558610709375 0.5839080453125 0.5636758328125 0.6051724140625 0.5810419687499999 0.6206896546875 0.589001446875 0.6310344828125001 0.5976845156249999 0.6431034484375 0.5926193921875 0.6540229890625 0.582489146875 0.67241379375 0.5709117218750001 0.67413793125 0.5672937765625 0.67643678125 0.5419681625 0.6787356328125 0.53617945 0.688505746875 0.5238784375 0.6873563218750001 0.47756874062500004 0.685632184375 0.4739507953125 0.6781609203125 0.46671490625 0.6545977015625 0.4515195375 0.6471264375 0.4435600578125 0.639080459375 0.4421128796875 0.637356321875 0.4392185234375 0.6367816093750001 0.438494934375 0.6298850578125 0.44428364687500005 0.62298850625 0.4392185234375 0.6172413796875 0.44500723593749997 0.6057471265625 0.44862518125
37 0.45 0.20188133125 0.45057471250000003 0.224312590625 0.45229885000000003 0.22720694687499998 0.45 0.23082489218750002 0.45287356250000005 0.2373371921875 0.45229885000000003 0.25108538281250004 0.45977011562500003 0.2583212734375 0.463793103125 0.26772793125 0.46781609218750003 0.2691751078125 0.46666666718750005 0.271345875 0.463218390625 0.269898696875 0.46264367812499996 0.2720694640625 0.46494252812500003 0.278581765625 0.46494252812500003 0.2930535453125 0.49540229843750005 0.3169319828125 0.5045977015625 0.32127351718749997 0.514942528125 0.317655571875 0.5264367812499999 0.305354559375 0.5327586203125 0.30318379218749997 0.5471264375 0.29232995625 0.5505747125 0.2612156296875 0.5603448281250001 0.24963820625 0.562068965625 0.24457308281249998 0.5626436781249999 0.1953690296875 0.559770115625 0.19247467499999998 0.5034482765625 0.15629522499999998 0.49770115 0.15629522499999998 0.45287356250000005 0.188133140625 0.45057471250000003 0.1917510859375 0.45 0.20188133125
37 0.6747126437500001 0.30680173593750004 0.67241379375 0.31186685937499997 0.6655172406250001 0.3140376265625 0.662643678125 0.3183791609375 0.6442528734375 0.3277858171875 0.640229884375 0.3321273515625 0.6385057468750001 0.3350217078125 0.6385057468750001 0.341534009375 0.6419540234375 0.3516642546875 0.639655171875 0.3552822 0.6413793109375 0.35817655625 0.6413793109375 0.36613603437500003 0.639655171875 0.369030390625 0.6431034484375 0.373371925 0.639655171875 0.3769898703125 0.6431034484375 0.390014471875 0.6517241375 0.40086830625000003 0.6534482765625 0.4218523875 0.6609195406249999 0.42908827812499994 0.6689655171875 0.43053545625 0.6729885062500001 0.43632416718749994 0.6816091953125001 0.4392185234375 0.686206896875 0.44645441406249997 0.7 0.45513748125 0.7304597703125 0.43632416718749994 0.735632184375 0.4298118671875 0.7413793109375 0.42836468906249997 0.7551724140625 0.4146164984375 0.7563218390625 0.3350217078125 0.7545977015625 0.332850940625 0.7477011499999999 0.3321273515625 0.748850575 0.327062228125 0.7448275859375 0.32850940624999997 0.7408045984375 0.32561505 0.738505746875 0.32127351718749997 0.7327586203124999 0.31910275 0.7287356328125 0.3133140375 0.715517240625 0.306078146875 0.713218390625 0.301013025 0.69770115 0.2973950796875 0.6971264374999999 0.2952243125 0.6994252875 0.2930535453125 0.6936781609375 0.29232995625 0.6925287359375 0.29232995625 0.686206896875 0.29884225781249996 0.6816091953125001 0.3002894359375 0.67701149375 0.30680173593750004 0.6747126437500001 0.30680173593750004
37 0.52701149375 0.59913169375 0.52701149375 0.615774240625 0.5212643671875 0.6193921859375 0.514367815625 0.6324167875 0.512643678125 0.6541244578125001 0.513218390625 0.6960926187500001 0.515517240625 0.700434153125 0.539655171875 0.7149059328125 0.5431034484375 0.7149059328125 0.5471264375 0.7105644 0.564367815625 0.7026049203125 0.5689655171875 0.7098408109375 0.5781609203125 0.7170767 0.5816091953125 0.7235890015625001 0.5798850578125 0.727206946875 0.5839080453125 0.7279305359375 0.5896551718749999 0.7235890015625001 0.588505746875 0.7170767 0.590229884375 0.7149059328125 0.6017241375 0.7098408109375 0.62298850625 0.6931982640625 0.6281609203125 0.6917510859375 0.6281609203125 0.61722141875 0.62643678125 0.6092619390625 0.62298850625 0.60564399375 0.6074712640625 0.5962373375000001 0.6028735625 0.5897250359374999 0.5913793109375 0.5868306796875 0.5839080453125 0.5781476125 0.5712643671875 0.5687409546875 0.5672413796875 0.5687409546875 0.5528735625000001 0.5781476125 0.5459770109375001 0.5868306796875 0.535057471875 0.591895803125 0.52701149375 0.59913169375
0 0.5810344828125 0.1888567296875 0.5804597703125001 0.19609261875 0.5827586203124999 0.1997105640625 0.586206896875 0.20115774218750002 0.587931034375 0.197539796875 0.5948275859375001 0.198986975 0.5965517234375 0.20622286562499997 0.6034482765625 0.21345875468750003 0.5919540234375 0.212011578125 0.586781609375 0.215629521875 0.586781609375 0.20622286562499997 0.586206896875 0.2040520984375 0.5839080453125 0.2040520984375 0.5793103453125 0.2163531109375 0.5827586203124999 0.21997105625 0.5781609203125 0.22214182343750002 0.57758620625 0.23082489218750002 0.57758620625 0.2344428359375 0.5810344828125 0.2358900140625 0.5827586203124999 0.23950795937499997 0.5810344828125 0.251808971875 0.5908045984375 0.251808971875 0.5839080453125 0.254703328125 0.5890804593750001 0.2568740953125 0.5913793109375 0.25325615 0.5954022984375 0.2539797390625 0.6005747125 0.248191028125 0.6051724140625 0.25108538281250004 0.60229885 0.25904486250000003 0.5988505749999999 0.2568740953125 0.5942528734375 0.2583212734375 0.5994252875 0.2597684515625 0.6 0.2626628078125 0.5936781609375 0.263386396875 0.5925287359375 0.2597684515625 0.5913793109375 0.26049204062500003 0.5948275859375001 0.2684515203125 0.5913793109375 0.2749638203125 0.5908045984375 0.28219971093749996 0.5942528734375 0.2930535453125 0.6 0.3002894359375 0.6333333328124999 0.32127351718749997 0.6517241375 0.3111432703125 0.6551724140624999 0.306078146875 0.6804597703125 0.2894356 0.6925287359375 0.2778581765625 0.6925287359375 0.23010130312500002 0.688505746875 0.203328509375 0.6913793109374999 0.19609261875 0.685632184375 0.1888567296875 0.67586206875 0.1859623734375 0.6655172406250001 0.17438495 0.6367816093750001 0.1541244578125 0.6333333328124999 0.1541244578125 0.6298850578125 0.158465990625 0.62241379375 0.1591895796875 0.6132183906249999 0.16425470312499998 0.5810344828125 0.1888567296875
0 0.7333333328125 0.44573082499999994 0.7201149421874999 0.4580318375 0.709770115625 0.46382055 0.7051724140625 0.4725036171875 0.7063218390625 0.47756874062500004 0.7166666671875 0.47612156250000004 0.7201149421874999 0.48118668593749997 0.7235632187500001 0.47756874062500004 0.72528735625 0.48118668593749997 0.72298850625 0.48408104218750003 0.72758620625 0.481910275 0.7310344828125 0.48769898749999996 0.72701149375 0.4920405203125 0.7206896546875 0.48697539843750004 0.713218390625 0.49276410937500004 0.710344828125 0.48914616562499996 0.7074712640625 0.48914616562499996 0.7051724140625 0.49421128750000004 0.7068965515625 0.49710564375 0.7057471265624999 0.50868306875 0.7074712640625 0.5115774234375 0.7074712640625 0.5260492046875 0.7091954015625 0.5282199703125 0.713218390625 0.52677279375 0.7160919546875 0.5296671484375 0.713218390625 0.53328509375 0.7160919546875 0.5354558609375 0.7166666671875 0.5419681625 0.7206896546875 0.5441389296875 0.7212643671875 0.5542691750000001 0.7189655171875 0.55716353125 0.7189655171875 0.5607814765625 0.72241379375 0.573806078125 0.7339080453125 0.5817655578125 0.7379310343750001 0.5817655578125 0.7436781609375 0.5882778578125001 0.7574712640625 0.5969609265625 0.7666666671875 0.594790159375 0.7764367812499999 0.5882778578125001 0.7793103453125 0.5839363234375 0.8189655171875 0.55716353125 0.8189655171875 0.5065123015624999 0.8160919546875001 0.49131693125 0.8160919546875001 0.4768451515625 0.8178160921875 0.47322720625 0.810919540625 0.465267728125 0.762643678125 0.4312590453125 0.7574712640625 0.4312590453125 0.7534482765625 0.435600578125 0.739080459375 0.4421128796875 0.737356321875 0.44645441406249997 0.7333333328125 0.44573082499999994
0 0.2931034484375 0.586107090625 0.289655171875 0.5846599125 0.2793103453125 0.591895803125 0.27701149375 0.5969609265625 0.2689655171875 0.6034732265625 0.26206896562500004 0.60564399375 0.2563218390625 0.61143270625 0.2551724140625 0.6758321281249999 0.2563218390625 0.6924746749999999 0.264942528125 0.703328509375 0.27471264375 0.7083936328125 0.286206896875 0.7192474671875 0.2925287359375 0.721418234375 0.29827586250000004 0.7279305359375 0.312068965625 0.7373371921875 0.3172413796875 0.73806078125 0.335057471875 0.7228654125 0.37298850625 0.6960926187500001 0.37413793125 0.65340086875 0.37241379375 0.636758321875 0.37356321875 0.6331403765625 0.3695402296875 0.628075253125 0.3660919546875 0.6287988421875 0.362643678125 0.633863965625 0.3586206890625 0.633863965625 0.348850575 0.6259044859375 0.35 0.620115775 0.35919540156249996 0.6193921859375 0.35574712656249996 0.6164978296875 0.35574712656249996 0.6020260484375 0.3528735625 0.5955137484375 0.33735632187500003 0.589001446875 0.32183907968750003 0.5716353109375001 0.314367815625 0.5701881328125 0.313793103125 0.5701881328125 0.309770115625 0.573806078125 0.3005747125 0.576700434375 0.2954022984375 0.5810419687499999 0.2931034484375 0.586107090625
36 0.2936781609375 0.30752532499999996 0.285632184375 0.3096960921875 0.2580459765625 0.33140376250000003 0.2551724140625 0.3487698984375 0.2568965515625 0.3617945 0.2557471265625 0.408104196875 0.2563218390625 0.417510853125 0.26551724062500004 0.4269175109375 0.2971264375 0.447178003125 0.310919540625 0.4587554265625 0.31839080468750003 0.45947901562500004 0.3563218390625 0.4298118671875 0.359770115625 0.4001447171875 0.3712643671875 0.38712011562500004 0.37413793125 0.3806078140625 0.37356321875 0.341534009375 0.37298850625 0.3350217078125 0.3660919546875 0.3277858171875 0.3505747125 0.3183791609375 0.337931034375 0.305354559375 0.32356321875 0.2973950796875 0.3206896546875 0.293777134375 0.314367815625 0.29232995625 0.313793103125 0.29232995625 0.309770115625 0.2973950796875 0.3034482765625 0.29811866875000004 0.2959770109375 0.302460203125 0.2936781609375 0.30752532499999996
36 0.4166666671875 0.3111432703125 0.401149425 0.3198263390625 0.3821839078125 0.33429811875 0.3827586203125 0.345151953125 0.384482759375 0.34804630937500003 0.38333333281250004 0.359623734375 0.386781609375 0.3654124453125 0.38333333281250004 0.371924746875 0.3821839078125 0.37988422499999996 0.3965517234375 0.399421128125 0.401149425 0.42112879843749995 0.41781609218750004 0.43777134531249995 0.4436781609375 0.456584659375 0.45287356250000005 0.45369030468749993 0.46494252812500003 0.44283646875000005 0.46666666718750005 0.438494934375 0.4706896546875 0.438494934375 0.4959770109375 0.4218523875 0.4994252875 0.417510853125 0.4994252875 0.39146165 0.501149425 0.384225759375 0.49770115 0.3429811859375 0.4994252875 0.3350217078125 0.4913793109375 0.3263386390625 0.48045977031250003 0.32127351718749997 0.465517240625 0.308972503125 0.4568965515625 0.29884225781249996 0.4557471265625 0.29884225781249996 0.45 0.3017366140625 0.4298850578125 0.3017366140625 0.4218390796875 0.305354559375 0.4166666671875 0.3111432703125
36 0.4471264375 0.5014471781250001 0.4454022984375 0.5549927640625001 0.48275862031249994 0.582489146875 0.487356321875 0.5817655578125 0.49885057499999996 0.5701881328125 0.5074712640625 0.5672937765625 0.515517240625 0.5745296671875 0.5212643671875 0.576700434375 0.52241379375 0.5839363234375 0.52586206875 0.5882778578125001 0.5281609203125 0.5832127359375 0.5580459765625 0.5629522437500001 0.565517240625 0.555716353125 0.564367815625 0.47322720625 0.5603448281250001 0.468162084375 0.5517241375 0.46382055 0.52471264375 0.4406657015625 0.5080459765625001 0.4298118671875 0.5045977015625 0.4298118671875 0.4425287359375 0.47322720625 0.44655172343749994 0.480463096875 0.44482758593750005 0.4934876984375 0.4471264375 0.5014471781250001
36 0.6816091953125001 0.5803183796875 0.6718390796875 0.5846599125 0.6568965515625 0.5984081046874999 0.6471264375 0.6027496375 0.640229884375 0.60853835 0.639080459375 0.6121562953125 0.6408045984374999 0.6396526765625 0.6385057468750001 0.6468885671875 0.6385057468750001 0.6577424015625 0.640229884375 0.661360346875 0.637931034375 0.664254703125 0.6367816093750001 0.67438495 0.637931034375 0.693921853125 0.639080459375 0.6968162078125 0.65229885 0.7047756875 0.661494253125 0.7134587546875 0.6683908046875 0.7163531109375 0.6747126437500001 0.7228654125 0.67758620625 0.721418234375 0.6810344828125 0.7149059328125 0.6890804593750001 0.7091172218749999 0.6919540234375 0.703328509375 0.690229884375 0.6989869750000001 0.6919540234375 0.6968162078125 0.6959770109375001 0.6989869750000001 0.7005747125 0.697539796875 0.7005747125 0.706222865625 0.713793103125 0.71997105625 0.7166666671875 0.7156295218750001 0.7218390796875 0.7178002890624999 0.7316091953125 0.7134587546875 0.735632184375 0.7076700437500001 0.75 0.6989869750000001 0.7517241375 0.694645440625 0.7557471265625 0.693921853125 0.7540229890625 0.67149059375 0.7551724140625 0.6107091171875 0.7454022984375 0.604196815625 0.7408045984375 0.5984081046874999 0.713218390625 0.5832127359375 0.7114942531249999 0.5810419687499999 0.712643678125 0.5774240234375 0.7028735625 0.576700434375 0.7017241375000001 0.576700434375 0.6965517234374999 0.5803183796875 0.6925287359375 0.5781476125 0.6908045984375 0.5810419687499999 0.6816091953125001 0.5803183796875
17 0.59770115 0.748191028125 0.6074712640625 0.7583212734375 0.6091954015625001 0.7720694640625 0.612643678125 0.771345875 0.6160919546875 0.7756874093749999 0.6195402296875 0.78581765625 0.612068965625 0.7945007234375 0.6080459765625 0.7959479015625 0.6034482765625 0.8046309703125001 0.5959770109375 0.8089725031249999 0.5913793109375 0.8089725031249999 0.5844827593749999 0.8039073812499999 0.5804597703125001 0.8060781468749999 0.5810344828125 0.79811866875 0.5770114937499999 0.7945007234375 0.57758620625 0.8060781468749999 0.5816091953125 0.8068017359375 0.5833333328125 0.81041968125 0.5781609203125 0.8133140375 0.57356321875 0.8212735171875 0.57356321875 0.8321273515625001 0.5781609203125 0.8371924749999999 0.5913793109375 0.8458755421875 0.5954022984375 0.8458755421875 0.60229885 0.8552822000000001 0.612068965625 0.859623734375 0.612643678125 0.8625180890624999 0.6189655171874999 0.8683068015625001 0.6333333328124999 0.8762662812500001 0.67643678125 0.84659913125 0.6890804593750001 0.8350217078125001 0.6873563218750001 0.7655571640625001 0.6747126437500001 0.7525325609375 0.6718390796875 0.736613603125 0.6494252875 0.7170767 0.640229884375 0.7105644 0.634482759375 0.7091172218749999 0.6333333328124999 0.7091172218749999 0.6051724140625 0.7308248921875 0.5988505749999999 0.736613603125 0.59770115 0.7402315484375 0.59770115 0.748191028125
17 0.48448275937499996 0.7243125906250001 0.4839080453125 0.727206946875 0.4787356328125 0.728654125 0.44827586249999996 0.75036179375 0.44655172343749994 0.7539797390625 0.44770115 0.7742402312500001 0.44597701093750003 0.7821997109375001 0.44770115 0.8342981187499999 0.5017241375 0.8740955140625 0.5040229890625 0.8820549921874999 0.510919540625 0.8712011578125001 0.5298850578125001 0.8589001453125 0.5425287359375 0.8473227203125001 0.5465517234374999 0.8473227203125001 0.5540229890624999 0.8422575984374999 0.564367815625 0.8321273515625001 0.563793103125 0.8227206953125 0.561494253125 0.8169319828124999 0.563793103125 0.7916063671875 0.5586206890625001 0.7894356 0.561494253125 0.7872648328125 0.5609195406249999 0.78002894375 0.563218390625 0.7691751078125 0.5580459765625 0.7684515203125 0.551149425 0.7720694640625 0.5442528734375001 0.7684515203125 0.539655171875 0.769898696875 0.5385057468750001 0.7612156296875 0.5425287359375 0.7583212734375 0.5431034484375 0.751808971875 0.539655171875 0.7373371921875 0.540229884375 0.730101303125 0.52528735625 0.7221418234375 0.5091954015625 0.7083936328125 0.5068965515625 0.7083936328125 0.5028735625 0.7134587546875 0.4965517234375 0.7156295218750001 0.487356321875 0.7243125906250001 0.48448275937499996 0.7243125906250001
6 0.32183907968750003 0.8364688859375 0.3574712640625 0.8632416781250001 0.3695402296875 0.8697539796875 0.37356321875 0.874819103125 0.3804597703125 0.8762662812500001 0.435632184375 0.8350217078125001 0.436781609375 0.8111432703125001 0.435057471875 0.7829233 0.435632184375 0.7489146171875001 0.3982758625 0.71997105625 0.37988505781250004 0.7112879890625 0.3787356328125 0.7112879890625 0.3695402296875 0.7127351671875 0.3206896546875 0.748191028125 0.3189655171875 0.802460203125 0.32183907968750003 0.8364688859375
17 0.1908045984375 0.540520984375 0.1925287359375 0.5564399421874999 0.20229884999999997 0.5651230093749999 0.21321839062499998 0.5701881328125 0.22298850625000002 0.5803183796875 0.234482759375 0.5868306796875 0.24770115 0.5984081046874999 0.2568965515625 0.5969609265625 0.2712643671875 0.5846599125 0.2793103453125 0.5810419687499999 0.289080459375 0.5716353109375001 0.3068965515625 0.5600578875 0.309770115625 0.55716353125 0.310919540625 0.5520984078125 0.310919540625 0.47322720625 0.3051724140625 0.46671490625 0.2528735625 0.4298118671875 0.25 0.4298118671875 0.210344828125 0.4587554265625 0.1942528734375 0.46743849531250004 0.1908045984375 0.4739507953125 0.1908045984375 0.540520984375
30 0.6821839078124999 0.7583212734375 0.687931034375 0.76193921875 0.7051724140625 0.7612156296875 0.7160919546875 0.74963820625 0.713218390625 0.7235890015625001 0.7005747125 0.7083936328125 0.6965517234374999 0.706222865625 0.6959770109375001 0.7054992765625 0.6816091953125001 0.7178002890624999 0.67701149375 0.7329956578125 0.67643678125 0.748191028125 0.6821839078124999 0.7583212734375
30 0.5591954015625 0.29884225781249996 0.5793103453125 0.29884225781249996 0.5890804593750001 0.2887120109375 0.586206896875 0.2626628078125 0.57413793125 0.24674385000000001 0.5683908046874999 0.24457308281249998 0.5672413796875 0.24457308281249998 0.5603448281250001 0.25036179375 0.5517241375 0.2626628078125 0.5494252875 0.2901591890625 0.5591954015625 0.29884225781249996
24 0.563793103125 0.24674385000000001 0.5672413796875 0.24457308281249998 0.5752873562499999 0.24457308281249998 0.57586206875 0.1968162078125 0.57356321875 0.1931982640625 0.5683908046874999 0.19247467499999998 0.5678160921875001 0.1917510859375 0.563218390625 0.19392185312500002 0.561494253125 0.19826338593749998 0.561494253125 0.2409551375 0.563793103125 0.24674385000000001
24 0.5091954015625 0.1577424015625 0.5603448281250001 0.19392185312500002 0.564942528125 0.1931982640625 0.5683908046874999 0.18958031875 0.5672413796875 0.18162083906249998 0.559770115625 0.1722141828125 0.5298850578125001 0.1526772796875 0.5218390796875 0.1439942109375 0.512643678125 0.140376265625 0.511494253125 0.140376265625 0.5063218390625 0.1439942109375 0.5051724140625 0.1497829234375 0.5057471265625 0.1541244578125 0.5091954015625 0.1577424015625
24 0.690229884375 0.8342981187499999 0.6936781609375 0.8364688859375 0.701149425 0.8335745296875 0.7034482765625001 0.8277858171875 0.7028735625 0.7655571640625001 0.7005747125 0.7626628078125 0.6971264374999999 0.7626628078125 0.6896551718749999 0.7641099859375 0.6873563218750001 0.771345875 0.687931034375 0.82850940625 0.690229884375 0.8342981187499999
31 0.6189655171874999 0.434876990625 0.62241379375 0.43704775625 0.6436781609375 0.43777134531249995 0.65229885 0.4254703328125 0.6490982765625 0.399623734375 0.634482759375 0.384225759375 0.6333333328124999 0.38277858125 0.6293103453125 0.384225759375 0.614367815625 0.40159189531250006 0.612643678125 0.42474674375 0.6189655171874999 0.434876990625
31 0.685057471875 0.5759768453125 0.7063218390625 0.5759768453125 0.7160919546875 0.5643994218749999 0.713793103125 0.543415340625 0.7114942531249999 0.53617945 0.6971264374999999 0.5217076703125 0.6936781609375 0.5217076703125 0.6781609203125 0.5397973953124999 0.6752873562499999 0.5629522437500001 0.67643678125 0.5672937765625 0.685057471875 0.5759768453125
31 0.461494253125 0.287988421875 0.4591747125 0.261113603125 0.44410804531250003 0.24808972499999998 0.44070287343750003 0.24788205468750002 0.42426781562500004 0.2608039078125 0.4218390796875 0.287988421875 0.4287356328125 0.2973950796875 0.45287356250000005 0.29884225781249996 0.461494253125 0.287988421875
25 0.448850575 0.19826338593749998 0.44425287343750003 0.1917510859375 0.43850574687500005 0.1917510859375 0.43448275937499997 0.19609261875 0.435057471875 0.24384949374999998 0.44655172343749994 0.24746743906250002 0.448850575 0.23950795937499997 0.448850575 0.19826338593749998
25 0.6948275859375 0.468162084375 0.6959770109375001 0.45947901562500004 0.6913793109374999 0.452966715625 0.6540229890625 0.42619392187500005 0.64770115 0.4298118671875 0.6436781609375 0.438494934375 0.6465517234375 0.44283646875000005 0.685057471875 0.4717800296875 0.6948275859375 0.468162084375
25 0.6959770109375001 0.468162084375 0.6890804593750001 0.4725036171875 0.6890804593750001 0.522431259375 0.7017241375000001 0.522431259375 0.7028735625 0.474674384375 0.6959770109375001 0.468162084375
34 0.398850575 0.4254703328125 0.3936781609375 0.3972503625 0.37988505781250004 0.3835021703125 0.361494253125 0.3986975390625 0.35919540156249996 0.4102749640625 0.35804597656250003 0.42619392187500005 0.3660919546875 0.43632416718749994 0.389080459375 0.43777134531249995 0.398850575 0.4254703328125
5 0.5959770109375 0.7460202609375 0.5942528734375 0.733719246875 0.5609195406249999 0.7054992765625 0.5459770109375001 0.7170767 0.5425287359375 0.7308248921875 0.5419540234375 0.7402315484375 0.551149425 0.7626628078125 0.5810344828125 0.7626628078125 0.5959770109375 0.7460202609375
28 0.439655171875 0.47033285156250004 0.4419540234375 0.46454413906249997 0.440229884375 0.45513748125 0.40459770156249997 0.42908827812499994 0.3959770109375 0.4298118671875 0.3913793109375 0.4392185234375 0.398850575 0.447178003125 0.43218390781249993 0.4717800296875 0.439655171875 0.47033285156250004
28 0.6316091953125 0.7098408109375 0.6316091953125 0.6989869750000001 0.62298850625 0.694645440625 0.587931034375 0.71997105625 0.585057471875 0.7235890015625001 0.586206896875 0.7293777140625 0.5988505749999999 0.7344428359374999 0.6316091953125 0.7098408109375
33 0.39770115 0.61143270625 0.39425287343750004 0.5846599125 0.3804597703125 0.56946454375 0.37586206875 0.56946454375 0.362643678125 0.5832127359375 0.35919540156249996 0.5976845156249999 0.3586206890625 0.6121562953125 0.36896551718750004 0.6237337187499999 0.390229884375 0.6215629515625001 0.39770115 0.61143270625
33 0.52528735625 0.6092619390625 0.5206896546875 0.5832127359375 0.5057471265625 0.5687409546875 0.48908045937500005 0.5832127359375 0.485057471875 0.6013024609375 0.487356321875 0.615774240625 0.4965517234375 0.6237337187499999 0.514942528125 0.6230101296874999 0.52528735625 0.6092619390625
27 0.5120689656249999 0.6903039078125001 0.513218390625 0.6259044859375 0.5 0.6244573078125 0.4982758625 0.6903039078125001 0.4994252875 0.694645440625 0.5057471265625 0.697539796875 0.5120689656249999 0.6903039078125001
27 0.4408045984375 0.5607814765625 0.43275862031249995 0.5564399421874999 0.3982758625 0.5817655578125 0.39770115 0.5955137484375 0.4051724140625 0.5969609265625 0.43908045937500007 0.5716353109375001 0.4408045984375 0.5607814765625
27 0.5017241375 0.712011578125 0.5045977015625 0.6997105640625 0.49885057499999996 0.6953690296875 0.4942528734375 0.6960926187500001 0.4431034484375 0.7344428359374999 0.4431034484375 0.74384949375 0.44827586249999996 0.748191028125 0.45287356250000005 0.7474674390625 0.5017241375 0.712011578125
29 0.5975540234375 0.8082351671874999 0.6063454015625 0.8008654125 0.602206321875 0.7942821999999999 0.60748678125 0.7905303906250001 0.6135833328125 0.7914978296874999 0.61861379375 0.7862474671874999 0.6117413796875 0.7743690296875 0.6047902296875 0.7717235890625 0.6034482765625 0.7583212734375 0.6005747125 0.754703328125 0.594169540625 0.750807525 0.588505746875 0.754703328125 0.5844827593749999 0.7612156296875 0.5844827593749999 0.769898696875 0.57413793125 0.7793053546875 0.57298850625 0.7865412453125 0.5833333328125 0.7894356 0.585943678125 0.80395803125 0.5975540234375 0.8082351671874999
9 0.27528735625 0.5709117218750001 0.27643678125000004 0.522431259375 0.27356321875 0.5144717796875 0.23390804531249998 0.5123010125 0.2293103453125 0.513748190625 0.22701149375 0.5202604921875 0.2281609203125 0.5716353109375001 0.239080459375 0.57525325625 0.2701149421875 0.5745296671875 0.27528735625 0.5709117218750001
8 0.49482758593750004 0.573806078125 0.5063218390625 0.568017365625 0.5166666671875 0.573806078125 0.52701149375 0.5723589 0.5293103453125 0.56946454375 0.5298850578125001 0.5188133140625 0.52701149375 0.513748190625 0.4936781609375 0.5115774234375 0.4839080453125 0.5130246015625 0.4816091953125 0.5180897250000001 0.4816091953125 0.561505065625 0.48448275937499996 0.5716353109375001 0.487931034375 0.5745296671875 0.49482758593750004 0.573806078125
8 0.29942528749999997 0.43632416718749994 0.3310344828125 0.434876990625 0.338505746875 0.43053545625 0.339080459375 0.37988422499999996 0.336781609375 0.37554269218749997 0.298850575 0.3740955140625 0.2936781609375 0.37554269218749997 0.2908045984375 0.3820549921875 0.2908045984375 0.41895803125000003 0.2919540234375 0.43053545625 0.2942528734375 0.4334298125 0.29942528749999997 0.43632416718749994
7 0.5925287359375 0.43053545625 0.5948275859375001 0.3972503625 0.5913793109375 0.37626628125 0.5781609203125 0.373371925 0.5494252875 0.374819103125 0.5459770109375001 0.3769898703125 0.5448275859375 0.3820549921875 0.5465517234374999 0.4327062234375 0.5557471265625 0.43632416718749994 0.5810344828125 0.435600578125 0.5925287359375 0.43053545625
7 0.52241379375 0.850940665625 0.5298850578125001 0.8458755421875 0.5304597703125 0.802460203125 0.5281609203125 0.7916063671875 0.52471264375 0.7894356 0.48965517187499996 0.7887120109375 0.4839080453125 0.7908827781250001 0.4816091953125 0.7952243125 0.48103448281250005 0.8393632421874999 0.48333333281249996 0.8494934875 0.4936781609375 0.8523878437500001 0.52241379375 0.850940665625
16 0.6563218390625 0.568017365625 0.6574712640625 0.522431259375 0.6540229890625 0.5130246015625 0.6160919546875 0.5123010125 0.6091954015625001 0.516642546875 0.609770115625 0.5709117218750001 0.6189655171874999 0.57525325625 0.6482758625 0.573806078125 0.6563218390625 0.568017365625
16 0.32931034531250003 0.712011578125 0.338505746875 0.7069464546875001 0.339080459375 0.6577424015625 0.336781609375 0.6526772796875 0.3281609203125 0.6505065125 0.2959770109375 0.6512301015624999 0.2919540234375 0.65340086875 0.2908045984375 0.658465990625 0.2908045984375 0.693921853125 0.2931034484375 0.7098408109375 0.3 0.7134587546875 0.32931034531250003 0.712011578125
15 0.64770115 0.8516642546875 0.6557471265625 0.848046309375 0.6580459765625 0.8140376265624999 0.6568965515625 0.7930535453124999 0.65229885 0.7894356 0.6206896546875 0.787988421875 0.613793103125 0.7930535453124999 0.6068965515625 0.8031837921875 0.609770115625 0.8487698984375 0.6206896546875 0.8523878437500001 0.64770115 0.8516642546875
15 0.52241379375 0.2959479015625 0.5281609203125 0.2930535453125 0.5298850578125001 0.2901591890625 0.5304597703125 0.26772793125 0.5298850578125001 0.2409551375 0.5259270109374999 0.23649710625 0.48448275937499996 0.2358900140625 0.4821839078125 0.2409551375 0.4816091953125 0.2829233 0.48333333281249996 0.293777134375 0.49482758593750004 0.296671490625 0.52241379375 0.2959479015625
14 0.38333333281250004 0.5723589 0.389080459375 0.573806078125 0.3971264375 0.5730824890624999 0.40344827656250004 0.5687409546875 0.40287356250000006 0.522431259375 0.4005747125 0.5144717796875 0.37643678125 0.510853834375 0.3586206890625 0.513748190625 0.3551724140625 0.5173661359375 0.35574712656249996 0.56946454375 0.3660919546875 0.5730824890624999 0.3787356328125 0.5672937765625 0.38333333281250004 0.5723589
14 0.7793103453125 0.5745296671875 0.7833333328125 0.5709117218750001 0.7839080453125 0.5188133140625 0.7810344828125 0.513748190625 0.7408045984375 0.5123010125 0.735632184375 0.516642546875 0.736206896875 0.5716353109375001 0.7425287359375 0.57525325625 0.751149425 0.57525325625 0.7793103453125 0.5745296671875
13 0.45402298906249994 0.7127351671875 0.463218390625 0.7112879890625 0.465517240625 0.7083936328125 0.46666666718750005 0.67800289375 0.46494252812500003 0.6541244578125001 0.45977011562500003 0.651953690625 0.42356321875 0.651953690625 0.4195402296875 0.6541244578125001 0.41839080468749995 0.6635311140625 0.41781609218750004 0.6997105640625 0.4212643671875 0.7105644 0.42471264375000006 0.7127351671875 0.45402298906249994 0.7127351671875
13 0.6517241375 0.296671490625 0.6551724140624999 0.2945007234375 0.6568965515625 0.29088277812499996 0.6574712640625 0.25036179375 0.6568965515625 0.2409551375 0.6540229890625 0.2358900140625 0.614367815625 0.23516642499999998 0.6086206890625 0.2409551375 0.6080459765625 0.2735166421875 0.610919540625 0.2952243125 0.6195402296875 0.29811866875000004 0.6517241375 0.296671490625
12 0.39425287343750004 0.2973950796875 0.401149425 0.2945007234375 0.40287356250000006 0.2431259046875 0.3994252875 0.236613603125 0.3827586203125 0.233719246875 0.360344828125 0.2358900140625 0.3551724140625 0.23950795937499997 0.35459770156250003 0.284370478125 0.3568965515625 0.2945007234375 0.362643678125 0.2973950796875 0.39425287343750004 0.2973950796875
12 0.5568965515625 0.7040520984375 0.563793103125 0.7047756875 0.5672413796875 0.7098408109375 0.57586206875 0.7127351671875 0.585057471875 0.7127351671875 0.5925287359375 0.7076700437500001 0.5931034484375 0.6577424015625 0.5913793109375 0.65340086875 0.563793103125 0.6505065125 0.548850575 0.6526772796875 0.5459770109375001 0.6555716359375 0.5454022984375 0.7069464546875001 0.54770115 0.7105644 0.5540229890624999 0.7091172218749999 0.5568965515625 0.7040520984375
11 0.46034482812500005 0.434876990625 0.465517240625 0.4312590453125 0.46666666718750005 0.39363241718749997 0.46609195468750003 0.3791606375 0.463793103125 0.37554269218749997 0.42471264375000006 0.3740955140625 0.4201149421875 0.37554269218749997 0.41839080468749995 0.3791606375 0.41781609218750004 0.41244573124999995 0.41896551718749997 0.42908827812499994 0.4212643671875 0.4334298125 0.46034482812500005 0.434876990625
11 0.6942528734375 0.703328509375 0.6994252875 0.7047756875 0.7063218390625 0.7127351671875 0.7195402296875 0.7098408109375 0.7206896546875 0.6606367578125 0.7183908046874999 0.6526772796875 0.6821839078124999 0.6505065125 0.67586206875 0.651953690625 0.6729885062500001 0.656295225 0.6729885062500001 0.706222865625 0.6752873562499999 0.7105644 0.6827586203125 0.7134587546875 0.6942528734375 0.703328509375
10 0.7195402296875 0.431982634375 0.7206896546875 0.390014471875 0.7183908046874999 0.37554269218749997 0.6810344828125 0.373371925 0.67356321875 0.37554269218749997 0.6718390796875 0.381331403125 0.6718390796875 0.42474674375 0.6752873562499999 0.434876990625 0.709770115625 0.43632416718749994 0.7195402296875 0.431982634375
20 0.33125 0.9187503625 0.33125 0.867187409375 0.28593735625 0.867187409375 0.28593735625 0.945312590625 0.32968735625 0.945312590625 0.32968735625 0.9203125906249999 0.33125 0.9187503625
23 0.5843752875 0.942187409375 0.58593735625 0.94062518125 0.58593735625 0.867187409375 0.5406252874999999 0.867187409375 0.5406252874999999 0.9437496375000001 0.54531264375 0.9437496375000001 0.5468752875 0.942187409375 0.5843752875 0.942187409375
22 0.33125 0.11093777187500001 0.33281264374999997 0.10937481874999999 0.33281264374999997 0.035937771875 0.28437528749999996 0.035937771875 0.28437528749999996 0.1125 0.3281252875 0.1125 0.32968735625 0.11093777187500001 0.33125 0.11093777187500001
18 0.85156264375 0.448437771875 0.85156264375 0.526562228125 0.90781264375 0.526562228125 0.90781264375 0.448437771875 0.85156264375 0.448437771875
18 0.5625 0.11093777187500001 0.56406264375 0.1125 0.58281264375 0.1125 0.58593735625 0.10937481874999999 0.58593735625 0.082812590625 0.5875 0.0812496375 0.5875 0.035937771875 0.5375 0.035937771875 0.5375 0.1125 0.5468752875 0.1125 0.54843735625 0.11093777187500001 0.5625 0.11093777187500001
18 0.15625 0.5875 0.15625 0.66562518125 0.20468735625 0.66562518125 0.20468735625 0.5875 0.15625 0.5875
18 0.7281252874999999 0.17187481875 0.7281252874999999 0.25312518125 0.7781252875 0.25312518125 0.7781252875 0.17187481875 0.7281252874999999 0.17187481875
21 0.76093735625 0.804687409375 0.7625 0.8062496375 0.77031264375 0.8062496375 0.7718752875 0.804687409375 0.77656264375 0.804687409375 0.7781252875 0.8031251812500001 0.7781252875 0.7265622281249999 0.72968735625 0.7265622281249999 0.72968735625 0.8062496375 0.74531264375 0.8062496375 0.7468752875 0.804687409375 0.76093735625 0.804687409375
19 0.20468735625 0.310937771875 0.15625 0.310937771875 0.15625 0.392187409375 0.20312528749999997 0.392187409375 0.20468735625 0.39062518125 0.20468735625 0.310937771875