37 0.3419114171875 0.1397059703125 0.3345590546875 0.14705895468750002 0.3290439625 0.14705895468750002 0.3272060375 0.148897015625 0.3253674546875 0.148897015625 0.31985301875 0.15441194062500002 0.3180144359375 0.15441194062500002 0.31066207343749996 0.161764925 0.3033090546875 0.161764925 0.301470471875 0.163602984375 0.301470471875 0.16544104531249998 0.2977939625 0.1691179109375 0.2959560375 0.1691179109375 0.2941174546875 0.1709559703125 0.2941174546875 0.2058820890625 0.292279528125 0.2077208953125 0.292279528125 0.255514925 0.2941174546875 0.257352984375 0.2941174546875 0.2610291046875 0.2959560375 0.2628679109375 0.30514698125 0.2628679109375 0.308823490625 0.2665440296875 0.308823490625 0.2683820890625 0.31066207343749996 0.2702208953125 0.31433792656250004 0.2702208953125 0.316176509375 0.27205895468749997 0.3180144359375 0.27205895468749997 0.3216909453125 0.275735075 0.323529528125 0.275735075 0.3253674546875 0.27757388125000004 0.3272060375 0.27757388125000004 0.3290439625 0.279411940625 0.3308825453125 0.279411940625 0.3345590546875 0.283088059375 0.33639698125 0.283088059375 0.3382355640625 0.28492611874999996 0.3419114171875 0.28492611874999996 0.34375 0.283088059375 0.34375 0.28125 0.347426509375 0.27757388125000004 0.371323490625 0.27757388125000004 0.378676509375 0.28492611874999996 0.3878674546875 0.28492611874999996 0.3897060375 0.283088059375 0.3915439625 0.283088059375 0.395220471875 0.279411940625 0.3970590546875 0.279411940625 0.39889698125 0.27757388125000004 0.4044114171875 0.27757388125000004 0.40625 0.275735075 0.4080879265625 0.275735075 0.41360301875000005 0.2702208953125 0.417279528125 0.2702208953125 0.41911745468749995 0.2683820890625 0.4209560375 0.2683820890625 0.42463254531250005 0.2647059703125 0.42463254531250005 0.2628679109375 0.426470471875 0.2610291046875 0.426470471875 0.25919104531250003 0.4283090546875 0.257352984375 0.4283090546875 0.2408089546875 0.426470471875 0.2389708953125 0.426470471875 0.180147015625 0.42463254531250005 0.17830895468750002 0.42463254531250005 0.1709559703125 0.4227939625 0.1691179109375 0.4209560375 0.1691179109375 0.417279528125 0.16544104531249998 0.417279528125 0.163602984375 0.4154409453125 0.161764925 0.4117644359375 0.161764925 0.40992650937499997 0.15992611875 0.4080879265625 0.15992611875 0.40257349062500003 0.15441194062500002 0.39889698125 0.15441194062500002 0.3915439625 0.14705895468750002 0.386029528125 0.14705895468750002 0.378676509375 0.1397059703125 0.37683792656250004 0.1397059703125 0.375 0.1378679109375 0.3731614171875 0.1378679109375 0.3694855640625 0.13419104531249998 0.36764698125 0.13419104531249998 0.3658090546875 0.132352984375 0.354779528125 0.132352984375 0.3529409453125 0.13419104531249998 0.35110301875 0.13419104531249998 0.34558792656250004 0.1397059703125 0.3419114171875 0.1397059703125
17 0.6397060375 0.1378679109375 0.6378674546875 0.1378679109375 0.636029528125 0.1397059703125 0.6341909453125 0.1397059703125 0.6268379265624999 0.14705895468750002 0.6231614171875 0.14705895468750002 0.621323490625 0.148897015625 0.6194855640625 0.148897015625 0.6194855640625 0.150735075 0.61764698125 0.15257388125 0.6158090546875 0.15257388125 0.613970471875 0.15441194062500002 0.6102939625 0.15441194062500002 0.6066174546875 0.15808805937499998 0.604779528125 0.15808805937499998 0.60110301875 0.161764925 0.597426509375 0.161764925 0.5955879265624999 0.163602984375 0.5955879265624999 0.16544104531249998 0.5919114171875 0.1691179109375 0.5882355640625 0.1691179109375 0.5808825453125 0.1764708953125 0.5808825453125 0.25919104531250003 0.5845590546875 0.2628679109375 0.58639698125 0.2628679109375 0.5882355640625 0.2647059703125 0.590073490625 0.2647059703125 0.59375 0.2683820890625 0.5955879265624999 0.2683820890625 0.597426509375 0.2702208953125 0.60110301875 0.2702208953125 0.6029409453125 0.27205895468749997 0.604779528125 0.27205895468749997 0.6102939625 0.27757388125000004 0.6158090546875 0.27757388125000004 0.61764698125 0.279411940625 0.6194855640625 0.279411940625 0.6231614171875 0.283088059375 0.628676509375 0.283088059375 0.6341909453125 0.27757388125000004 0.66360301875 0.27757388125000004 0.6654409453125 0.279411940625 0.6727939625 0.279411940625 0.6746325453125 0.27757388125000004 0.68014698125 0.27757388125000004 0.6856614171875 0.27205895468749997 0.6875 0.27205895468749997 0.6893379265624999 0.2702208953125 0.69485301875 0.2702208953125 0.6966909453125 0.2683820890625 0.6966909453125 0.2665440296875 0.698529528125 0.2647059703125 0.7003674546875 0.2647059703125 0.7022060375 0.2628679109375 0.7095590546875 0.2628679109375 0.71139698125 0.2610291046875 0.71139698125 0.25919104531250003 0.7169114171875 0.25367611874999996 0.7169114171875 0.1764708953125 0.7022060375 0.161764925 0.698529528125 0.161764925 0.6966909453125 0.15992611875 0.69485301875 0.15992611875 0.6893379265624999 0.15441194062500002 0.6856614171875 0.15441194062500002 0.6819855640625 0.150735075 0.6819855640625 0.148897015625 0.68014698125 0.14705895468750002 0.6727939625 0.14705895468750002 0.6654409453125 0.1397059703125 0.66360301875 0.1397059703125 0.6617644359375 0.1378679109375 0.659926509375 0.1378679109375 0.6580879265624999 0.1360291046875 0.6580879265624999 0.13419104531249998 0.6544114171875 0.13419104531249998 0.652573490625 0.132352984375 0.6470590546875 0.132352984375 0.645220471875 0.13419104531249998 0.6415439625 0.13419104531249998 0.6415439625 0.1360291046875 0.6397060375 0.1378679109375
34 0.4852939625 0.286764925 0.4834560375 0.288602984375 0.4834560375 0.318014925 0.4908090546875 0.3253679109375 0.5220590546875 0.3253679109375 0.52389698125 0.3235291046875 0.5257355640625 0.3235291046875 0.5257355640625 0.288602984375 0.520220471875 0.283088059375 0.520220471875 0.28125 0.5183825453125 0.279411940625 0.5165439625 0.279411940625 0.5128674546875 0.275735075 0.5128674546875 0.273897015625 0.4981614171875 0.273897015625 0.49264698124999995 0.279411940625 0.4908090546875 0.279411940625 0.4852939625 0.28492611874999996 0.4852939625 0.286764925
17 0.34558792656250004 0.711397015625 0.34375 0.7132350749999999 0.340073490625 0.7132350749999999 0.3345590546875 0.71875 0.332720471875 0.71875 0.3308825453125 0.720588059375 0.3253674546875 0.720588059375 0.323529528125 0.7224268656249999 0.323529528125 0.7242649250000001 0.3216909453125 0.726102984375 0.31985301875 0.726102984375 0.3180144359375 0.7279410453125 0.31066207343749996 0.7279410453125 0.308823490625 0.7297791046875 0.308823490625 0.7316179109375 0.30514698125 0.7352940296875 0.3033090546875 0.7352940296875 0.2941174546875 0.7444850749999999 0.2941174546875 0.751838059375 0.292279528125 0.7536768656249999 0.292279528125 0.8308820890625 0.2941174546875 0.8327208953125 0.2941174546875 0.8345589546875001 0.2959560375 0.836397015625 0.2977939625 0.836397015625 0.301470471875 0.84007388125 0.301470471875 0.841911940625 0.3033090546875 0.84375 0.3125 0.84375 0.316176509375 0.847426865625 0.316176509375 0.849264925 0.3180144359375 0.851102984375 0.31985301875 0.851102984375 0.3253674546875 0.8566179109375 0.3272060375 0.8566179109375 0.3290439625 0.8584559703125001 0.3345590546875 0.8584559703125001 0.3382355640625 0.8621320890625 0.3382355640625 0.8639708953125 0.340073490625 0.8658089546875001 0.3419114171875 0.8658089546875001 0.347426509375 0.87132388125 0.3492644359375 0.87132388125 0.35110301875 0.873161940625 0.3658090546875 0.873161940625 0.36764698125 0.87132388125 0.3694855640625 0.87132388125 0.375 0.8658089546875001 0.378676509375 0.8658089546875001 0.3805144359375 0.8639708953125 0.3805144359375 0.8621320890625 0.3841909453125 0.8584559703125001 0.3897060375 0.8584559703125001 0.3915439625 0.8566179109375 0.3933825453125 0.8566179109375 0.39889698125 0.851102984375 0.4007355640625 0.851102984375 0.40257349062500003 0.849264925 0.40257349062500003 0.847426865625 0.40625 0.84375 0.4117644359375 0.84375 0.41360301875000005 0.841911940625 0.4154409453125 0.841911940625 0.4209560375 0.836397015625 0.4227939625 0.836397015625 0.42463254531250005 0.8345589546875001 0.42463254531250005 0.7904410453125 0.426470471875 0.788602984375 0.426470471875 0.7555149250000001 0.42463254531250005 0.7536768656249999 0.42463254531250005 0.7444850749999999 0.4227939625 0.742647015625 0.4209560375 0.742647015625 0.41360301875000005 0.7352940296875 0.40992650937499997 0.7352940296875 0.4080879265625 0.7334559703125 0.40625 0.7334559703125 0.4007355640625 0.7279410453125 0.3970590546875 0.7279410453125 0.395220471875 0.726102984375 0.3933825453125 0.726102984375 0.3878674546875 0.720588059375 0.386029528125 0.720588059375 0.378676509375 0.7132350749999999 0.37683792656250004 0.7132350749999999 0.375 0.711397015625 0.3731614171875 0.711397015625 0.371323490625 0.7095589546875 0.371323490625 0.7077208953125 0.3694855640625 0.7077208953125 0.36764698125 0.7058820890625 0.3658090546875 0.7058820890625 0.363970471875 0.7040440296875 0.3584560375 0.7040440296875 0.3566174546875 0.7058820890625 0.3529409453125 0.7058820890625 0.347426509375 0.711397015625 0.34558792656250004 0.711397015625
37 0.25 0.5827208953125 0.2481620734375 0.5845589546875 0.24632349062499997 0.5845589546875 0.24264698125 0.5882350749999999 0.2408090546875 0.5882350749999999 0.238970471875 0.59007388125 0.2371325453125 0.59007388125 0.23345603750000002 0.59375 0.2316174546875 0.59375 0.229779528125 0.595588059375 0.2279409453125 0.595588059375 0.22610301875 0.5974268656249999 0.22610301875 0.5992649250000001 0.2205879265625 0.6047791046875 0.2205879265625 0.694852984375 0.22242650937500003 0.6966910453125 0.229779528125 0.6966910453125 0.2371325453125 0.7040440296875 0.238970471875 0.7040440296875 0.24632349062499997 0.711397015625 0.253676509375 0.711397015625 0.25735301875 0.71507388125 0.25735301875 0.716911940625 0.2591909453125 0.71875 0.2628674546875 0.71875 0.2683825453125 0.7242649250000001 0.270220471875 0.7242649250000001 0.2720590546875 0.726102984375 0.2757355640625 0.726102984375 0.277573490625 0.7279410453125 0.27941207343749996 0.7279410453125 0.28125 0.7297791046875 0.2904409453125 0.7297791046875 0.2941174546875 0.726102984375 0.2977939625 0.726102984375 0.2996325453125 0.7242649250000001 0.301470471875 0.7242649250000001 0.301470471875 0.7224268656249999 0.3033090546875 0.720588059375 0.3069855640625 0.720588059375 0.308823490625 0.71875 0.3125 0.71875 0.31433792656250004 0.716911940625 0.31433792656250004 0.71507388125 0.3180144359375 0.711397015625 0.3272060375 0.711397015625 0.3290439625 0.7095589546875 0.3290439625 0.7077208953125 0.332720471875 0.7040440296875 0.3345590546875 0.7040440296875 0.33639698125 0.7022059703125 0.3382355640625 0.7022059703125 0.3382355640625 0.7003679109375 0.340073490625 0.6985291046875 0.3419114171875 0.6985291046875 0.34375 0.6966910453125 0.3492644359375 0.6966910453125 0.35110301875 0.694852984375 0.35110301875 0.6875 0.3529409453125 0.685661940625 0.3529409453125 0.680147015625 0.354779528125 0.6783089546875 0.354779528125 0.6617649250000001 0.3529409453125 0.6599268656249999 0.3529409453125 0.6158089546875 0.354779528125 0.6139708953125 0.354779528125 0.6047791046875 0.3529409453125 0.6029410453125 0.3529409453125 0.601102984375 0.347426509375 0.595588059375 0.34375 0.595588059375 0.3419114171875 0.59375 0.3382355640625 0.59375 0.3345590546875 0.59007388125 0.332720471875 0.59007388125 0.3308825453125 0.5882350749999999 0.3272060375 0.5882350749999999 0.3253674546875 0.586397015625 0.323529528125 0.586397015625 0.31985301875 0.5827208953125 0.31433792656250004 0.5827208953125 0.3125 0.5808820890625 0.3033090546875 0.5808820890625 0.301470471875 0.5790440296875 0.2996325453125 0.5790440296875 0.2977939625 0.5772059703125 0.2959560375 0.5772059703125 0.292279528125 0.5735291046875 0.28308792656250004 0.5735291046875 0.2757355640625 0.5808820890625 0.2591909453125 0.5808820890625 0.25735301875 0.5827208953125 0.25 0.5827208953125
17 0.40992650937499997 0.5735291046875 0.4080879265625 0.5753679109375 0.40625 0.5753679109375 0.40257349062500003 0.5790440296875 0.4007355640625 0.5790440296875 0.39889698125 0.5808820890625 0.395220471875 0.5808820890625 0.3933825453125 0.5827208953125 0.3915439625 0.5827208953125 0.3915439625 0.5845589546875 0.3897060375 0.586397015625 0.3878674546875 0.586397015625 0.386029528125 0.5882350749999999 0.3841909453125 0.5882350749999999 0.378676509375 0.59375 0.37683792656250004 0.59375 0.3694855640625 0.601102984375 0.3694855640625 0.6029410453125 0.36764698125 0.6047791046875 0.36764698125 0.6121320890625 0.3658090546875 0.6139708953125 0.3658090546875 0.6305149250000001 0.363970471875 0.632352984375 0.363970471875 0.6875 0.3694855640625 0.6930149250000001 0.3694855640625 0.694852984375 0.371323490625 0.694852984375 0.3731614171875 0.6966910453125 0.378676509375 0.6966910453125 0.38235301875 0.7003679109375 0.38235301875 0.7022059703125 0.3841909453125 0.7040440296875 0.386029528125 0.7040440296875 0.3878674546875 0.7058820890625 0.3897060375 0.7058820890625 0.3933825453125 0.7095589546875 0.395220471875 0.7095589546875 0.3970590546875 0.711397015625 0.4007355640625 0.711397015625 0.4044114171875 0.71507388125 0.4044114171875 0.716911940625 0.40625 0.71875 0.40992650937499997 0.71875 0.4117644359375 0.720588059375 0.41360301875000005 0.720588059375 0.417279528125 0.7242649250000001 0.41911745468749995 0.7242649250000001 0.4209560375 0.726102984375 0.42463254531250005 0.726102984375 0.426470471875 0.7279410453125 0.4375 0.7279410453125 0.4393379265625 0.726102984375 0.44485301875000005 0.726102984375 0.4466909453125 0.7242649250000001 0.4466909453125 0.7224268656249999 0.45036745468749995 0.71875 0.457720471875 0.71875 0.46507349062500003 0.711397015625 0.46875 0.711397015625 0.4705879265625 0.7095589546875 0.4742644359375 0.7095589546875 0.4742644359375 0.7077208953125 0.4779409453125 0.7040440296875 0.4779409453125 0.7022059703125 0.48161745468749995 0.6985291046875 0.48161745468749995 0.694852984375 0.4834560375 0.6930149250000001 0.4834560375 0.6691179109375 0.488970471875 0.663602984375 0.488970471875 0.6617649250000001 0.4908090546875 0.6599268656249999 0.4908090546875 0.658088059375 0.49264698124999995 0.65625 0.49264698124999995 0.654411940625 0.4944855640625 0.65257388125 0.4944855640625 0.6029410453125 0.49264698124999995 0.601102984375 0.49264698124999995 0.5992649250000001 0.488970471875 0.595588059375 0.48713254531250005 0.595588059375 0.479779528125 0.5882350749999999 0.4779409453125 0.5882350749999999 0.47610301875000005 0.586397015625 0.4742644359375 0.586397015625 0.46875 0.5808820890625 0.4669114171875 0.5808820890625 0.46507349062500003 0.5790440296875 0.4632355640625 0.5790440296875 0.46139698124999995 0.5772059703125 0.46139698124999995 0.5753679109375 0.4595590546875 0.5735291046875 0.457720471875 0.5735291046875 0.45588254531250005 0.5716910453125 0.4540439625 0.5716910453125 0.4522060375 0.569852984375 0.45036745468749995 0.569852984375 0.448529528125 0.5680149250000001 0.4227939625 0.5680149250000001 0.41911745468749995 0.5716910453125 0.417279528125 0.5716910453125 0.4154409453125 0.5735291046875 0.40992650937499997 0.5735291046875
0 0.4742644359375 0.720588059375 0.47242650937499997 0.7224268656249999 0.4705879265625 0.7224268656249999 0.4705879265625 0.7242649250000001 0.4669114171875 0.7279410453125 0.46139698124999995 0.7279410453125 0.4595590546875 0.7297791046875 0.457720471875 0.7297791046875 0.4522060375 0.7352940296875 0.45036745468749995 0.7352940296875 0.4430144359375 0.742647015625 0.44117650937499997 0.742647015625 0.44117650937499997 0.7444850749999999 0.4393379265625 0.74632388125 0.4393379265625 0.748161940625 0.4375 0.75 0.4375 0.8345589546875001 0.4393379265625 0.8345589546875001 0.44117650937499997 0.836397015625 0.4430144359375 0.836397015625 0.45036745468749995 0.84375 0.4540439625 0.84375 0.457720471875 0.847426865625 0.4595590546875 0.847426865625 0.4632355640625 0.851102984375 0.4669114171875 0.851102984375 0.4742644359375 0.8584559703125001 0.479779528125 0.8584559703125001 0.48713254531250005 0.8658089546875001 0.488970471875 0.8658089546875001 0.49264698124999995 0.869485075 0.49264698124999995 0.87132388125 0.4944855640625 0.873161940625 0.511029528125 0.873161940625 0.520220471875 0.8639708953125 0.5220590546875 0.8639708953125 0.5257355640625 0.8602940296874999 0.527573490625 0.8602940296874999 0.5294114171875 0.8584559703125001 0.5330879265624999 0.8584559703125001 0.5404409453125 0.851102984375 0.5441174546875 0.851102984375 0.5459560375 0.849264925 0.5477939625 0.849264925 0.5533090546875 0.84375 0.55514698125 0.84375 0.5569855640625 0.841911940625 0.558823490625 0.841911940625 0.5625 0.838235075 0.5643379265624999 0.838235075 0.566176509375 0.836397015625 0.5680144359375 0.836397015625 0.5716909453125 0.8327208953125 0.5716909453125 0.75 0.56985301875 0.748161940625 0.56985301875 0.7444850749999999 0.5680144359375 0.7444850749999999 0.566176509375 0.742647015625 0.566176509375 0.7408089546875 0.5606614171875 0.7352940296875 0.558823490625 0.7352940296875 0.5569855640625 0.7334559703125 0.55514698125 0.7334559703125 0.551470471875 0.7297791046875 0.5496325453125 0.7297791046875 0.5477939625 0.7279410453125 0.5459560375 0.7279410453125 0.53860301875 0.720588059375 0.5367644359375 0.720588059375 0.5294114171875 0.7132350749999999 0.5257355640625 0.7132350749999999 0.52389698125 0.711397015625 0.48713254531250005 0.711397015625 0.479779528125 0.71875 0.4779409453125 0.71875 0.47610301875000005 0.720588059375 0.4742644359375 0.720588059375
0 0.3408667984375 0.435619403125 0.3318405515625 0.4405291046875 0.3291955375 0.44357313437499996 0.32770406875 0.44794999999999996 0.3258661421875 0.44794999999999996 0.3125879265625 0.45559626875000003 0.3103851703125 0.46999850781249997 0.2985833328125 0.47556791093750006 0.2939665359375 0.546080596875 0.3111601046875 0.5600820890625 0.316674540625 0.5655970156250001 0.32035105 0.5655970156250001 0.3221896328125 0.567435075 0.3258661421875 0.567435075 0.32770406875 0.56927388125 0.32770406875 0.571111940625 0.3295419953125 0.571111940625 0.331380578125 0.57295 0.3332185046875 0.57295 0.3387335953125 0.578464925 0.340571521875 0.578464925 0.3424101046875 0.580302984375 0.347924540625 0.580302984375 0.3497631234375 0.5821410453125 0.35895406875 0.5821410453125 0.3607926515625 0.580302984375 0.3663070859375 0.580302984375 0.3681450125 0.578464925 0.3699835953125 0.578464925 0.37733661406249996 0.571111940625 0.379174540625 0.571111940625 0.379174540625 0.56927388125 0.38285105 0.5655970156250001 0.39020406875 0.5655970156250001 0.3975570859375 0.5582440296875 0.3993950125 0.5582440296875 0.40858661406249996 0.549052984375 0.40858661406249996 0.5251559703125 0.41226312343749993 0.5214791046875 0.41410105 0.5214791046875 0.4159396328125 0.5196410453125 0.4159396328125 0.517802984375 0.4196161421875 0.514126865625 0.42145406875 0.514126865625 0.42329265156250007 0.512288059375 0.42329265156250007 0.46449402968750003 0.42145406875 0.46265597031250005 0.42145406875 0.4589791046875 0.4196161421875 0.4589791046875 0.4159396328125 0.455302984375 0.41410105 0.455302984375 0.41042454062499995 0.45162686562500004 0.40858661406249996 0.45162686562500004 0.40674803125 0.449788059375 0.3993950125 0.449788059375 0.3986430453125 0.4462932828125 0.38624475 0.43821865625 0.372274934375 0.4294567171875 0.3607152234375 0.42234626875 0.35223818906250004 0.4266977609375 0.3487132546875 0.42952985000000005 0.345920603125 0.4309276125 0.342681103125 0.4334641796875 0.3408667984375 0.435619403125
34 0.41911745468749995 0.5183820890625 0.4154409453125 0.5220589546875 0.41360301875000005 0.5220589546875 0.4117644359375 0.523897015625 0.4117644359375 0.538602984375 0.40992650937499997 0.5404410453125 0.40992650937499997 0.55882388125 0.41360301875000005 0.5625 0.4154409453125 0.5625 0.417279528125 0.564338059375 0.44485301875000005 0.564338059375 0.4466909453125 0.5625 0.4466909453125 0.560661940625 0.45036745468749995 0.5569850749999999 0.4522060375 0.5569850749999999 0.4540439625 0.555147015625 0.4540439625 0.529411940625 0.4522060375 0.52757388125 0.4522060375 0.5257350749999999 0.448529528125 0.5220589546875 0.4466909453125 0.5220589546875 0.4375 0.5128679109375 0.426470471875 0.5128679109375 0.42463254531250005 0.5147059703125 0.4209560375 0.5147059703125 0.41911745468749995 0.5165440296875 0.41911745468749995 0.5183820890625
36 0.4909507875 0.43014701562499996 0.48911286093750006 0.43198507499999994 0.487274278125 0.43198507499999994 0.4854363515625 0.43382388125000004 0.479921259375 0.43382388125000004 0.47808333281250004 0.435661940625 0.47624475000000005 0.435661940625 0.4725682421875 0.439338059375 0.470730315625 0.439338059375 0.4688917328125 0.44117686562499997 0.46705380625000004 0.44117686562499997 0.46521522343750005 0.44301492500000006 0.46337729687499996 0.44301492500000006 0.46337729687499996 0.44485298437500004 0.46153937031250003 0.44669104531250003 0.4597007875 0.44669104531250003 0.45786286093750006 0.4485291046875 0.4541863515625 0.4485291046875 0.45234776875 0.45036791093749995 0.4505098421875 0.45036791093749995 0.44315682343749996 0.4577208953125 0.4413182421875 0.4577208953125 0.4413182421875 0.45955895468749997 0.439480315625 0.46139701562499996 0.439480315625 0.46507388125000004 0.4376417328125 0.466911940625 0.4376417328125 0.507352984375 0.439480315625 0.5091910453125 0.439480315625 0.5110291046875 0.4413182421875 0.5128679109375 0.4413182421875 0.5147059703125 0.44315682343749996 0.5165440296875 0.44315682343749996 0.5183820890625 0.44499475000000005 0.5183820890625 0.44683333281250004 0.5202208953125 0.448671259375 0.5202208953125 0.4541863515625 0.5257350749999999 0.4541863515625 0.52757388125 0.456024278125 0.529411940625 0.456024278125 0.555147015625 0.46521522343750005 0.564338059375 0.46705380625000004 0.564338059375 0.4688917328125 0.5661768656249999 0.470730315625 0.5661768656249999 0.47440682343749996 0.569852984375 0.47624475000000005 0.569852984375 0.47808333281250004 0.5716910453125 0.479921259375 0.5716910453125 0.4817598421875 0.5735291046875 0.48359776875 0.5735291046875 0.4854363515625 0.5753679109375 0.4854363515625 0.5772059703125 0.487274278125 0.5772059703125 0.48911286093750006 0.5790440296875 0.49646522343750005 0.5790440296875 0.501980315625 0.5845589546875 0.5038182421874999 0.5845589546875 0.5093333328125 0.5790440296875 0.5148477687499999 0.5790440296875 0.5166863515625 0.5772059703125 0.518524278125 0.5772059703125 0.518524278125 0.5753679109375 0.5203628609375001 0.5735291046875 0.5222007875 0.5735291046875 0.5240387140625 0.5716910453125 0.525877296875 0.5716910453125 0.533230315625 0.564338059375 0.5460977687499999 0.564338059375 0.5479363515625 0.5625 0.549774278125 0.5625 0.549774278125 0.55882388125 0.5516128609375001 0.5569850749999999 0.5516128609375001 0.5533089546875 0.5552887140625 0.5496320890625 0.5552887140625 0.5441179109375 0.557127296875 0.5422791046875 0.557127296875 0.523897015625 0.56080380625 0.5202208953125 0.5626417328125 0.5202208953125 0.564480315625 0.5183820890625 0.564480315625 0.5165440296875 0.5663182421874999 0.5147059703125 0.5663182421874999 0.5128679109375 0.5681568234375 0.5110291046875 0.56999475 0.5110291046875 0.56999475 0.5091910453125 0.5718333328125 0.507352984375 0.5718333328125 0.47242686562499997 0.56999475 0.470588059375 0.56999475 0.46507388125000004 0.5626417328125 0.4577208953125 0.557127296875 0.4577208953125 0.5554402890625 0.4558902984375 0.5488582671875 0.450699253125 0.5397106296875 0.4450291046875 0.5232040687499999 0.434461940625 0.50604593125 0.422550746875 0.5038182421874999 0.42830895468749997 0.501980315625 0.4264708953125 0.5001417328125 0.42830895468749997 0.49462729687499996 0.42830895468749997 0.49278937031250003 0.43014701562499996 0.4909507875 0.43014701562499996
36 0.488970471875 0.1415440296875 0.4852939625 0.1452208953125 0.4834560375 0.1452208953125 0.48161745468749995 0.14705895468750002 0.479779528125 0.14705895468750002 0.4742644359375 0.15257388125 0.47242650937499997 0.15257388125 0.4705879265625 0.15441194062500002 0.46507349062500003 0.15441194062500002 0.4632355640625 0.15625 0.4632355640625 0.15808805937499998 0.46139698124999995 0.15992611875 0.4595590546875 0.15992611875 0.457720471875 0.161764925 0.4540439625 0.161764925 0.4522060375 0.163602984375 0.45036745468749995 0.163602984375 0.44485301875000005 0.1691179109375 0.4430144359375 0.1691179109375 0.44117650937499997 0.1709559703125 0.44117650937499997 0.1727940296875 0.4393379265625 0.1746320890625 0.4393379265625 0.1764708953125 0.4375 0.17830895468750002 0.4375 0.255514925 0.4393379265625 0.255514925 0.4430144359375 0.25919104531250003 0.44485301875000005 0.25919104531250003 0.448529528125 0.2628679109375 0.4522060375 0.2628679109375 0.4540439625 0.2647059703125 0.45588254531250005 0.2647059703125 0.457720471875 0.2665440296875 0.457720471875 0.2683820890625 0.4595590546875 0.2683820890625 0.46139698124999995 0.2702208953125 0.4669114171875 0.2702208953125 0.4742644359375 0.27757388125000004 0.479779528125 0.27757388125000004 0.48161745468749995 0.279411940625 0.48213582656250004 0.282095521875 0.485378609375 0.28560671718749997 0.5018379265624999 0.2702208953125 0.5055144359375 0.2702208953125 0.50735301875 0.27205895468749997 0.5091909453125 0.27205895468749997 0.5128674546875 0.275735075 0.5147060375 0.275735075 0.5165439625 0.27757388125000004 0.5241489500000001 0.285999253125 0.530822178125 0.2803552234375 0.5404409453125 0.275735075 0.5459560375 0.2702208953125 0.55514698125 0.2702208953125 0.5569855640625 0.2683820890625 0.558823490625 0.2683820890625 0.558823490625 0.2665440296875 0.5606614171875 0.2647059703125 0.5625 0.2647059703125 0.5643379265624999 0.2628679109375 0.566176509375 0.2628679109375 0.5716909453125 0.257352984375 0.5716909453125 0.180147015625 0.56985301875 0.17830895468750002 0.56985301875 0.1764708953125 0.5680144359375 0.1764708953125 0.566176509375 0.1746320890625 0.566176509375 0.1727940296875 0.55514698125 0.161764925 0.551470471875 0.161764925 0.5477939625 0.15808805937499998 0.5459560375 0.15808805937499998 0.542279528125 0.15441194062500002 0.53860301875 0.15441194062500002 0.534926509375 0.150735075 0.534926509375 0.148897015625 0.5330879265624999 0.148897015625 0.53125 0.14705895468750002 0.527573490625 0.14705895468750002 0.5257355640625 0.1452208953125 0.52389698125 0.1452208953125 0.5183825453125 0.1397059703125 0.5165439625 0.1397059703125 0.5091909453125 0.132352984375 0.5018379265624999 0.132352984375 0.4944855640625 0.1397059703125 0.49264698124999995 0.1397059703125 0.4908090546875 0.1415440296875 0.488970471875 0.1415440296875
36 0.7095590546875 0.28492611874999996 0.7058825453125 0.28492611874999996 0.7040439625 0.286764925 0.7003674546875 0.286764925 0.698529528125 0.288602984375 0.698529528125 0.29044104531250003 0.69485301875 0.2941179109375 0.6893379265624999 0.2941179109375 0.6875 0.2959559703125 0.6856614171875 0.2959559703125 0.68014698125 0.3014708953125 0.6783090546875 0.3014708953125 0.676470471875 0.30330895468749997 0.676470471875 0.314338059375 0.6746325453125 0.31617611874999996 0.6746325453125 0.318014925 0.6691174546875 0.3235291046875 0.667279528125 0.3235291046875 0.659926509375 0.3308820890625 0.6580879265624999 0.3308820890625 0.65625 0.3327208953125 0.65625 0.3952208953125 0.659926509375 0.398897015625 0.659926509375 0.40073507499999994 0.6617644359375 0.40257388125000004 0.6617644359375 0.404411940625 0.6654409453125 0.408088059375 0.667279528125 0.408088059375 0.6691174546875 0.40992686562499997 0.6709560375 0.40992686562499997 0.6783090546875 0.4172791046875 0.6819855640625 0.4172791046875 0.683823490625 0.41911791093749995 0.6856614171875 0.41911791093749995 0.6893379265624999 0.4227940296875 0.691176509375 0.4227940296875 0.6930144359375 0.42463208906250005 0.69485301875 0.42463208906250005 0.698529528125 0.42830895468749997 0.698529528125 0.43014701562499996 0.7003674546875 0.43198507499999994 0.7040439625 0.43198507499999994 0.7058825453125 0.43382388125000004 0.707720471875 0.43382388125000004 0.7132355640625 0.439338059375 0.7242644359375 0.439338059375 0.7316174546875 0.43198507499999994 0.738970471875 0.43198507499999994 0.7408090546875 0.43014701562499996 0.7444855640625 0.43014701562499996 0.746323490625 0.42830895468749997 0.746323490625 0.4264708953125 0.753676509375 0.41911791093749995 0.7591909453125 0.41911791093749995 0.761029528125 0.4172791046875 0.7683825453125 0.4172791046875 0.7757355640625 0.40992686562499997 0.7794114171875 0.40992686562499997 0.78125 0.408088059375 0.7830879265624999 0.408088059375 0.784926509375 0.40625 0.784926509375 0.404411940625 0.7867644359375 0.40257388125000004 0.7867644359375 0.40073507499999994 0.78860301875 0.398897015625 0.78860301875 0.3235291046875 0.7867644359375 0.32169104531250003 0.7867644359375 0.318014925 0.784926509375 0.31617611874999996 0.784926509375 0.314338059375 0.78125 0.310661940625 0.7794114171875 0.310661940625 0.777573490625 0.30882388125000004 0.77389698125 0.30882388125000004 0.770220471875 0.305147015625 0.770220471875 0.30330895468749997 0.7683825453125 0.30330895468749997 0.7665439625 0.3014708953125 0.7647060375 0.3014708953125 0.7628674546875 0.2996320890625 0.761029528125 0.2996320890625 0.75735301875 0.2959559703125 0.7555144359375 0.2959559703125 0.753676509375 0.2941179109375 0.75 0.2941179109375 0.7481614171875 0.2922791046875 0.746323490625 0.2922791046875 0.738970471875 0.28492611874999996 0.738970471875 0.283088059375 0.7371325453125 0.283088059375 0.7334560375 0.279411940625 0.715073490625 0.279411940625 0.7132355640625 0.28125 0.71139698125 0.28125 0.71139698125 0.283088059375 0.7095590546875 0.28492611874999996
35 0.698529528125 0.5735291046875 0.6930144359375 0.5790440296875 0.691176509375 0.5790440296875 0.6893379265624999 0.5808820890625 0.6856614171875 0.5808820890625 0.6783090546875 0.5882350749999999 0.6709560375 0.5882350749999999 0.6691174546875 0.59007388125 0.6654409453125 0.59007388125 0.659926509375 0.595588059375 0.6580879265624999 0.595588059375 0.6580879265624999 0.658088059375 0.659926509375 0.6599268656249999 0.6617644359375 0.6599268656249999 0.667279528125 0.6654410453125 0.667279528125 0.6672791046875 0.6691174546875 0.6691179109375 0.6691174546875 0.6727940296875 0.6709560375 0.6746320890625 0.6709560375 0.6764708953125 0.6746325453125 0.680147015625 0.6746325453125 0.685661940625 0.676470471875 0.6875 0.676470471875 0.7022059703125 0.6783090546875 0.7040440296875 0.68014698125 0.7040440296875 0.683823490625 0.7077208953125 0.683823490625 0.7095589546875 0.6856614171875 0.711397015625 0.6893379265624999 0.711397015625 0.69485301875 0.716911940625 0.6966909453125 0.716911940625 0.698529528125 0.71875 0.7022060375 0.71875 0.7058825453125 0.7224268656249999 0.7058825453125 0.7242649250000001 0.707720471875 0.726102984375 0.7132355640625 0.726102984375 0.715073490625 0.7279410453125 0.7169114171875 0.7279410453125 0.7205879265624999 0.7316179109375 0.72610301875 0.7316179109375 0.729779528125 0.7279410453125 0.7316174546875 0.7279410453125 0.7334560375 0.726102984375 0.7371325453125 0.726102984375 0.7444855640625 0.71875 0.746323490625 0.71875 0.753676509375 0.711397015625 0.761029528125 0.711397015625 0.7628674546875 0.7095589546875 0.7628674546875 0.7077208953125 0.7665439625 0.7040440296875 0.770220471875 0.7040440296875 0.7720590546875 0.7022059703125 0.77389698125 0.7022059703125 0.777573490625 0.6985291046875 0.7794114171875 0.6985291046875 0.78125 0.6966910453125 0.7830879265624999 0.6966910453125 0.784926509375 0.694852984375 0.784926509375 0.6930149250000001 0.7904409453125 0.6875 0.7904409453125 0.617647015625 0.78860301875 0.6158089546875 0.78860301875 0.6121320890625 0.7867644359375 0.6102940296875 0.7867644359375 0.6047791046875 0.784926509375 0.6029410453125 0.784926509375 0.5992649250000001 0.7830879265624999 0.5974268656249999 0.78125 0.5974268656249999 0.7794114171875 0.595588059375 0.7757355640625 0.595588059375 0.7683825453125 0.5882350749999999 0.7647060375 0.5882350749999999 0.7591909453125 0.5827208953125 0.75735301875 0.5827208953125 0.7555144359375 0.5808820890625 0.7518379265624999 0.5808820890625 0.75 0.5790440296875 0.7481614171875 0.5790440296875 0.746323490625 0.5772059703125 0.7444855640625 0.5772059703125 0.7408090546875 0.5735291046875 0.738970471875 0.5735291046875 0.7352939625 0.569852984375 0.7334560375 0.569852984375 0.7316174546875 0.5680149250000001 0.729779528125 0.5680149250000001 0.7279409453125 0.5661768656249999 0.71139698125 0.5661768656249999 0.7095590546875 0.5680149250000001 0.707720471875 0.5680149250000001 0.7022060375 0.5735291046875 0.698529528125 0.5735291046875
0 0.5533090546875 0.5716910453125 0.551470471875 0.5735291046875 0.5496325453125 0.5735291046875 0.5441174546875 0.5790440296875 0.542279528125 0.5790440296875 0.5404409453125 0.5808820890625 0.53860301875 0.5808820890625 0.53125 0.5882350749999999 0.5257355640625 0.5882350749999999 0.5183825453125 0.595588059375 0.5165439625 0.595588059375 0.5147060375 0.5974268656249999 0.5147060375 0.658088059375 0.5220590546875 0.6654410453125 0.5220590546875 0.6672791046875 0.52389698125 0.6691179109375 0.52389698125 0.6709559703125 0.527573490625 0.6746320890625 0.527573490625 0.6764708953125 0.5294114171875 0.6783089546875 0.5294114171875 0.7003679109375 0.5367644359375 0.7077208953125 0.5367644359375 0.7095589546875 0.53860301875 0.711397015625 0.5459560375 0.711397015625 0.5533090546875 0.71875 0.55514698125 0.71875 0.5569855640625 0.720588059375 0.558823490625 0.720588059375 0.5606614171875 0.7224268656249999 0.5606614171875 0.7242649250000001 0.5625 0.7242649250000001 0.5643379265624999 0.726102984375 0.5882355640625 0.726102984375 0.590073490625 0.7242649250000001 0.5919114171875 0.7242649250000001 0.597426509375 0.71875 0.5992644359375 0.71875 0.604779528125 0.7132350749999999 0.6066174546875 0.7132350749999999 0.6084560375 0.711397015625 0.613970471875 0.711397015625 0.6231614171875 0.7022059703125 0.6231614171875 0.6985291046875 0.625 0.6966910453125 0.625 0.6930149250000001 0.6268379265624999 0.6911768656249999 0.6268379265624999 0.6875 0.628676509375 0.685661940625 0.628676509375 0.6783089546875 0.6305144359375 0.6764708953125 0.6305144359375 0.6672791046875 0.63235301875 0.6654410453125 0.63235301875 0.663602984375 0.6378674546875 0.658088059375 0.6378674546875 0.654411940625 0.6397060375 0.65257388125 0.6397060375 0.617647015625 0.6378674546875 0.6158089546875 0.6378674546875 0.5992649250000001 0.636029528125 0.5974268656249999 0.6341909453125 0.5974268656249999 0.63235301875 0.595588059375 0.6305144359375 0.595588059375 0.625 0.59007388125 0.6231614171875 0.59007388125 0.621323490625 0.5882350749999999 0.6194855640625 0.5882350749999999 0.6121325453125 0.5808820890625 0.6102939625 0.5808820890625 0.6084560375 0.5790440296875 0.6066174546875 0.5790440296875 0.6029409453125 0.5753679109375 0.60110301875 0.5753679109375 0.5992644359375 0.5735291046875 0.597426509375 0.5735291046875 0.5919114171875 0.5680149250000001 0.5606614171875 0.5680149250000001 0.558823490625 0.569852984375 0.5569855640625 0.569852984375 0.55514698125 0.5716910453125 0.5533090546875 0.5716910453125
28 0.395220471875 0.560661940625 0.3915439625 0.564338059375 0.3878674546875 0.564338059375 0.386029528125 0.5661768656249999 0.3841909453125 0.5661768656249999 0.38235301875 0.5680149250000001 0.38235301875 0.569852984375 0.378676509375 0.5735291046875 0.3694855640625 0.5735291046875 0.36764698125 0.5753679109375 0.36764698125 0.5772059703125 0.363970471875 0.5808820890625 0.3621325453125 0.5808820890625 0.3621325453125 0.5992649250000001 0.3731614171875 0.5992649250000001 0.3731614171875 0.5974268656249999 0.37683792656250004 0.59375 0.3841909453125 0.59375 0.3915439625 0.586397015625 0.3933825453125 0.586397015625 0.395220471875 0.5845589546875 0.395220471875 0.5827208953125 0.39889698125 0.5790440296875 0.4080879265625 0.5790440296875 0.40992650937499997 0.5772059703125 0.40992650937499997 0.5753679109375 0.41360301875000005 0.5716910453125 0.4154409453125 0.5716910453125 0.417279528125 0.569852984375 0.417279528125 0.5625 0.4154409453125 0.560661940625 0.4154409453125 0.55882388125 0.41360301875000005 0.5569850749999999 0.40257349062500003 0.5569850749999999 0.4007355640625 0.55882388125 0.39889698125 0.55882388125 0.3970590546875 0.560661940625 0.395220471875 0.560661940625
6 0.7425971125 0.4559947765625 0.7370820203124999 0.4559947765625 0.73524409375 0.4578328359375 0.7334055125 0.4578328359375 0.729729003125 0.4615089546875 0.729729003125 0.4633477609375 0.7278910765625 0.4651858203125 0.7278910765625 0.5460679109375 0.729729003125 0.5479067171875001 0.7315675859375 0.5479067171875001 0.7334055125 0.5497447765625 0.73524409375 0.5497447765625 0.7370820203124999 0.5515828359375 0.738920603125 0.5515828359375 0.7444350390625 0.5570977609375001 0.746272965625 0.5570977609375001 0.753625984375 0.564450746875 0.7591410765625 0.564450746875 0.76649409375 0.57180373125 0.7683320203124999 0.57180373125 0.7756850390625 0.5791567171875001 0.781199475 0.5791567171875001 0.7885524937499999 0.5865089546875 0.8032585296875 0.5865089546875 0.8106115484374999 0.5791567171875001 0.812449475 0.5791567171875001 0.8142880578125 0.5773179109375 0.8161259843750001 0.5773179109375 0.8161259843750001 0.57547985 0.8179645671875001 0.573641790625 0.8198024937499999 0.573641790625 0.8216410765625 0.57180373125 0.8253175859375 0.57180373125 0.832670603125 0.564450746875 0.8345085296875 0.564450746875 0.8363471125 0.562611940625 0.8381850390625001 0.562611940625 0.8381850390625001 0.56077388125 0.840022965625 0.5589358203125 0.8418615484374999 0.5589358203125 0.843699475 0.5570977609375001 0.8473759843750001 0.5570977609375001 0.854729003125 0.5497447765625 0.8565675859375 0.5497447765625 0.8584055125000001 0.5479067171875001 0.8584055125000001 0.542391790625 0.8602440937500001 0.54055373125 0.8602440937500001 0.53503880625 0.8620820203124999 0.533200746875 0.8620820203124999 0.531361940625 0.8602440937500001 0.52952388125 0.8602440937500001 0.4872447765625 0.8584055125000001 0.4854067171875 0.8584055125000001 0.468861940625 0.8565675859375 0.46702388125 0.8565675859375 0.4633477609375 0.8538129921875001 0.456345521875 0.8468149609375001 0.451030596875 0.8333425203125 0.44449925312499994 0.7957591859375001 0.41891268593750003 0.7747788718749999 0.43376417968750003 0.760324146875 0.4443514921875 0.7558996062500001 0.44962985 0.7515999734375 0.45066788124999996 0.749949475 0.45231791093749996 0.7481115484374999 0.45231791093749996 0.746272965625 0.4541567171875 0.7444350390625 0.4541567171875 0.7425971125 0.4559947765625
35 0.61764698125 0.71875 0.6158090546875 0.720588059375 0.613970471875 0.720588059375 0.6084560375 0.726102984375 0.6066174546875 0.726102984375 0.604779528125 0.7279410453125 0.60110301875 0.7279410453125 0.5955879265624999 0.7334559703125 0.59375 0.7334559703125 0.5919114171875 0.7352940296875 0.590073490625 0.7352940296875 0.582720471875 0.742647015625 0.582720471875 0.8327208953125 0.58639698125 0.836397015625 0.590073490625 0.836397015625 0.597426509375 0.84375 0.5992644359375 0.84375 0.6066174546875 0.851102984375 0.6084560375 0.851102984375 0.6102939625 0.8529410453124999 0.6121325453125 0.8529410453124999 0.6158090546875 0.8566179109375 0.61764698125 0.8566179109375 0.6194855640625 0.8584559703125001 0.621323490625 0.8584559703125001 0.628676509375 0.8658089546875001 0.6341909453125 0.8658089546875001 0.6415439625 0.873161940625 0.6580879265624999 0.873161940625 0.659926509375 0.87132388125 0.659926509375 0.869485075 0.66360301875 0.8658089546875001 0.6654409453125 0.8658089546875001 0.667279528125 0.8639708953125 0.6691174546875 0.8639708953125 0.6727939625 0.8602940296874999 0.6746325453125 0.8602940296874999 0.676470471875 0.8584559703125001 0.68014698125 0.8584559703125001 0.6875 0.851102984375 0.6893379265624999 0.851102984375 0.6930144359375 0.847426865625 0.69485301875 0.847426865625 0.698529528125 0.84375 0.7022060375 0.84375 0.7095590546875 0.836397015625 0.71139698125 0.836397015625 0.7169114171875 0.8308820890625 0.7169114171875 0.74632388125 0.71139698125 0.7408089546875 0.71139698125 0.7389708953125 0.707720471875 0.7352940296875 0.7022060375 0.7352940296875 0.69485301875 0.7279410453125 0.6930144359375 0.7279410453125 0.691176509375 0.726102984375 0.6893379265624999 0.726102984375 0.683823490625 0.720588059375 0.6819855640625 0.720588059375 0.68014698125 0.71875 0.6783090546875 0.71875 0.6727939625 0.7132350749999999 0.64889698125 0.7132350749999999 0.6470590546875 0.711397015625 0.6305144359375 0.711397015625 0.628676509375 0.7132350749999999 0.625 0.7132350749999999 0.6194855640625 0.71875 0.61764698125 0.71875
27 0.332720471875 0.41176492500000006 0.3253674546875 0.41911791093749995 0.3180144359375 0.41911791093749995 0.316176509375 0.4209559703125 0.316176509375 0.4227940296875 0.3125 0.4264708953125 0.308823490625 0.4264708953125 0.308823490625 0.4485291046875 0.31066207343749996 0.4485291046875 0.3125 0.44669104531250003 0.3180144359375 0.44669104531250003 0.3253674546875 0.439338059375 0.3272060375 0.439338059375 0.3290439625 0.4375 0.3290439625 0.435661940625 0.332720471875 0.43198507499999994 0.3419114171875 0.43198507499999994 0.34375 0.43014701562499996 0.34375 0.42830895468749997 0.347426509375 0.42463208906250005 0.3492644359375 0.42463208906250005 0.35110301875 0.4227940296875 0.35110301875 0.4209559703125 0.354779528125 0.4172791046875 0.3566174546875 0.4172791046875 0.3584560375 0.41544104531250003 0.3584560375 0.404411940625 0.340073490625 0.404411940625 0.3382355640625 0.40625 0.3382355640625 0.408088059375 0.3345590546875 0.41176492500000006 0.332720471875 0.41176492500000006
36 0.628676509375 0.4264708953125 0.6268379265624999 0.42830895468749997 0.625 0.42830895468749997 0.625 0.43014701562499996 0.621323490625 0.43382388125000004 0.61764698125 0.43382388125000004 0.6158090546875 0.435661940625 0.613970471875 0.435661940625 0.6084560375 0.44117686562499997 0.604779528125 0.44117686562499997 0.597426509375 0.4485291046875 0.5955879265624999 0.4485291046875 0.590073490625 0.4540440296875 0.5882355640625 0.4540440296875 0.58639698125 0.45588208906250005 0.5845590546875 0.45588208906250005 0.5808825453125 0.45955895468749997 0.5808825453125 0.5110291046875 0.582720471875 0.5128679109375 0.5845590546875 0.5128679109375 0.5882355640625 0.5165440296875 0.5882355640625 0.5183820890625 0.590073490625 0.5202208953125 0.5919114171875 0.5202208953125 0.5955879265624999 0.523897015625 0.5955879265624999 0.5257350749999999 0.6029409453125 0.533088059375 0.6029409453125 0.5477940296875 0.604779528125 0.5496320890625 0.604779528125 0.5514708953125 0.6066174546875 0.5533089546875 0.6084560375 0.5533089546875 0.6102939625 0.555147015625 0.613970471875 0.555147015625 0.6158090546875 0.5569850749999999 0.6121929140625 0.5600432828125 0.617971128125 0.5624052234375 0.6223425203125 0.566061940625 0.6323891078125 0.57210373125 0.651329396875 0.582923134375 0.665030840625 0.5712559703125 0.671320865625 0.5686955218749999 0.6819402890624999 0.565226865625 0.6841384515625 0.5608970156249999 0.689477690625 0.5589567171875001 0.6934507875 0.5554485078125 0.6968077421875 0.55257015 0.7003674546875 0.5496320890625 0.7022060375 0.5496320890625 0.7040439625 0.5477940296875 0.7095590546875 0.5477940296875 0.71139698125 0.5459559703125 0.71139698125 0.5422791046875 0.7132355640625 0.5404410453125 0.7132355640625 0.5202208953125 0.715073490625 0.5183820890625 0.7132355640625 0.5165440296875 0.7132355640625 0.507352984375 0.715073490625 0.5055149250000001 0.715073490625 0.49448507499999994 0.7132355640625 0.49264701562499996 0.7132355640625 0.46139701562499996 0.71139698125 0.45955895468749997 0.71139698125 0.4577208953125 0.7022060375 0.4485291046875 0.698529528125 0.4485291046875 0.6966909453125 0.44669104531250003 0.6930144359375 0.44669104531250003 0.6875 0.44117686562499997 0.6856614171875 0.44117686562499997 0.683823490625 0.439338059375 0.6819855640625 0.439338059375 0.68014698125 0.4375 0.68014698125 0.435661940625 0.676470471875 0.435661940625 0.6746325453125 0.43382388125000004 0.6709560375 0.43382388125000004 0.667279528125 0.43014701562499996 0.667279528125 0.42830895468749997 0.6654409453125 0.4264708953125 0.66360301875 0.4264708953125 0.6617644359375 0.42463208906250005 0.6617644359375 0.4227940296875 0.6580879265624999 0.41911791093749995 0.65625 0.41911791093749995 0.6544114171875 0.4172791046875 0.6433825453125 0.4172791046875 0.6415439625 0.41911791093749995 0.6378674546875 0.41911791093749995 0.6305144359375 0.4264708953125 0.628676509375 0.4264708953125
33 0.2683825453125 0.42830895468749997 0.2683825453125 0.466911940625 0.270220471875 0.466911940625 0.2720590546875 0.46875 0.28125 0.46875 0.28308792656250004 0.470588059375 0.2904409453125 0.470588059375 0.292279528125 0.46875 0.30514698125 0.46875 0.3069855640625 0.466911940625 0.3069855640625 0.43014701562499996 0.2996325453125 0.4227940296875 0.2996325453125 0.4172791046875 0.2683825453125 0.4172791046875 0.270220471875 0.41911791093749995 0.27389698125 0.41911791093749995 0.2757355640625 0.4209559703125 0.2683825453125 0.42830895468749997
27 0.2647060375 0.2683820890625 0.261029528125 0.27205895468749997 0.25183792656250004 0.27205895468749997 0.25 0.273897015625 0.25 0.275735075 0.24632349062499997 0.279411940625 0.24448556406250002 0.279411940625 0.2371325453125 0.286764925 0.229779528125 0.286764925 0.2279409453125 0.288602984375 0.2279409453125 0.29044104531250003 0.22426443593749998 0.2941179109375 0.21875 0.2941179109375 0.2169120734375 0.2959559703125 0.2169120734375 0.314338059375 0.229779528125 0.314338059375 0.2371325453125 0.306985075 0.238970471875 0.306985075 0.2408090546875 0.305147015625 0.2408090546875 0.30330895468749997 0.24448556406250002 0.2996320890625 0.25 0.2996320890625 0.25183792656250004 0.2977940296875 0.253676509375 0.2977940296875 0.2591909453125 0.2922791046875 0.261029528125 0.2922791046875 0.2628674546875 0.29044104531250003 0.2628674546875 0.288602984375 0.2665439625 0.28492611874999996 0.2757355640625 0.28492611874999996 0.277573490625 0.283088059375 0.277573490625 0.28125 0.28125 0.27757388125000004 0.28308792656250004 0.27757388125000004 0.2867644359375 0.273897015625 0.2867644359375 0.2647059703125 0.28308792656250004 0.2647059703125 0.28125 0.2628679109375 0.2720590546875 0.2628679109375 0.270220471875 0.2647059703125 0.2665439625 0.2647059703125 0.2647060375 0.2665440296875 0.2647060375 0.2683820890625
32 0.63235301875 0.28125 0.63235301875 0.28492611874999996 0.6305144359375 0.286764925 0.6305144359375 0.288602984375 0.628676509375 0.29044104531250003 0.628676509375 0.32169104531250003 0.63235301875 0.3253679109375 0.66360301875 0.3253679109375 0.667279528125 0.32169104531250003 0.667279528125 0.319852984375 0.6691174546875 0.318014925 0.6691174546875 0.31617611874999996 0.6709560375 0.314338059375 0.6709560375 0.2996320890625 0.6691174546875 0.2977940296875 0.6691174546875 0.2941179109375 0.667279528125 0.2922791046875 0.667279528125 0.286764925 0.6654409453125 0.28492611874999996 0.6654409453125 0.283088059375 0.659926509375 0.27757388125000004 0.659926509375 0.275735075 0.6378674546875 0.275735075 0.636029528125 0.27757388125000004 0.6341909453125 0.27757388125000004 0.6341909453125 0.279411940625 0.63235301875 0.28125
31 0.4852939625 0.6727940296875 0.4834560375 0.6746320890625 0.4834560375 0.7022059703125 0.4852939625 0.7022059703125 0.48713254531250005 0.7040440296875 0.488970471875 0.7040440296875 0.49264698124999995 0.7077208953125 0.520220471875 0.7077208953125 0.527573490625 0.7003679109375 0.527573490625 0.6783089546875 0.5257355640625 0.6764708953125 0.5257355640625 0.6746320890625 0.52389698125 0.6727940296875 0.52389698125 0.6709559703125 0.520220471875 0.6672791046875 0.520220471875 0.663602984375 0.5183825453125 0.6617649250000001 0.5165439625 0.6617649250000001 0.5128674546875 0.658088059375 0.5128674546875 0.65625 0.4944855640625 0.65625 0.488970471875 0.6617649250000001 0.48713254531250005 0.6617649250000001 0.4852939625 0.663602984375 0.4852939625 0.6727940296875
26 0.6856614171875 0.55882388125 0.6783090546875 0.5661768656249999 0.6709560375 0.5661768656249999 0.6691174546875 0.5680149250000001 0.6691174546875 0.569852984375 0.6654409453125 0.5735291046875 0.6580879265624999 0.5735291046875 0.65625 0.5753679109375 0.6544114171875 0.5753679109375 0.6544114171875 0.5790440296875 0.652573490625 0.5808820890625 0.652573490625 0.5974268656249999 0.667279528125 0.5974268656249999 0.6709560375 0.59375 0.6727939625 0.59375 0.68014698125 0.586397015625 0.6875 0.586397015625 0.6893379265624999 0.5845589546875 0.6893379265624999 0.5827208953125 0.6930144359375 0.5790440296875 0.69485301875 0.5790440296875 0.7022060375 0.5716910453125 0.7095590546875 0.5716910453125 0.71139698125 0.569852984375 0.71139698125 0.5680149250000001 0.71875 0.560661940625 0.71875 0.5477940296875 0.7040439625 0.5477940296875 0.7003674546875 0.5514708953125 0.69485301875 0.5514708953125 0.6875 0.55882388125 0.6856614171875 0.55882388125
33 0.34558792656250004 0.283088059375 0.3419114171875 0.286764925 0.340073490625 0.286764925 0.3382355640625 0.288602984375 0.3382355640625 0.32169104531250003 0.340073490625 0.3235291046875 0.3419114171875 0.3235291046875 0.34375 0.3253679109375 0.34375 0.3272059703125 0.3731614171875 0.3272059703125 0.3731614171875 0.3253679109375 0.37683792656250004 0.32169104531250003 0.378676509375 0.32169104531250003 0.3805144359375 0.319852984375 0.3805144359375 0.288602984375 0.378676509375 0.286764925 0.37683792656250004 0.286764925 0.3731614171875 0.283088059375 0.3731614171875 0.28125 0.371323490625 0.279411940625 0.3694855640625 0.279411940625 0.3658090546875 0.275735075 0.3529409453125 0.275735075 0.3492644359375 0.279411940625 0.347426509375 0.279411940625 0.34558792656250004 0.28125 0.34558792656250004 0.283088059375
15 0.7481614171875 0.6452208953125 0.6966909453125 0.6452208953125 0.6966909453125 0.7040440296875 0.746323490625 0.7040440296875 0.7481614171875 0.7022059703125 0.7481614171875 0.6452208953125
32 0.63235301875 0.663602984375 0.63235301875 0.6654410453125 0.628676509375 0.6691179109375 0.628676509375 0.7040440296875 0.63235301875 0.7077208953125 0.66360301875 0.7077208953125 0.6691174546875 0.7022059703125 0.6691174546875 0.7003679109375 0.6727939625 0.6966910453125 0.6727939625 0.6819850749999999 0.6709560375 0.680147015625 0.6709560375 0.6783089546875 0.6691174546875 0.6764708953125 0.6691174546875 0.6727940296875 0.667279528125 0.6709559703125 0.667279528125 0.6672791046875 0.6654409453125 0.6654410453125 0.6654409453125 0.663602984375 0.659926509375 0.658088059375 0.659926509375 0.65625 0.6397060375 0.65625 0.6397060375 0.658088059375 0.636029528125 0.6617649250000001 0.6341909453125 0.6617649250000001 0.63235301875 0.663602984375
37 0.2754639109375 0.287719403125 0.2754639109375 0.28955746250000003 0.27362532812499996 0.291395521875 0.27178740156250003 0.291395521875 0.26994881875 0.293234328125 0.2644343828125 0.293234328125 0.2570813640625 0.3005873140625 0.2515669296875 0.3005873140625 0.249728346875 0.3024253734375 0.2478904203125 0.3024253734375 0.24237532812499998 0.30794029843750004 0.2405374015625 0.30794029843750004 0.23869881875 0.3097783578125 0.2368608921875 0.3097783578125 0.2368608921875 0.3116164171875 0.235022309375 0.313454478125 0.23318438281249998 0.313454478125 0.2313458 0.3152932828125 0.22766929062500002 0.3152932828125 0.22399278281249999 0.318969403125 0.22399278281249999 0.322645521875 0.22215485625000003 0.324484328125 0.22215485625000003 0.3980134328125 0.22399278281249999 0.3998514921875 0.22399278281249999 0.407204478125 0.23318438281249998 0.41639626874999996 0.2405374015625 0.41639626874999996 0.24237532812499998 0.41823432812499994 0.24421391093749997 0.41823432812499994 0.2478904203125 0.42191044843750003 0.2515669296875 0.42191044843750003 0.25340485625000003 0.4237485078125 0.2625958 0.4237485078125 0.2644343828125 0.42191044843750003 0.2644343828125 0.42007238750000003 0.266272309375 0.41823432812499994 0.266272309375 0.41639626874999996 0.2681108921875 0.41455746250000003 0.2681108921875 0.4035283578125 0.26994881875 0.40169029843750004 0.27178740156250003 0.40169029843750004 0.27362532812499996 0.4035283578125 0.27362532812499996 0.4053664171875 0.27914042031249997 0.41088134375 0.2828169296875 0.41088134375 0.28465485625000003 0.412719403125 0.2920078734375 0.412719403125 0.2938458 0.41088134375 0.2956843828125 0.41088134375 0.2993608921875 0.407204478125 0.30303740156250003 0.407204478125 0.30487532812499996 0.4053664171875 0.30487532812499996 0.4035283578125 0.3067139109375 0.40169029843750004 0.3085518375 0.40169029843750004 0.31039042031249997 0.4035283578125 0.31039042031249997 0.407204478125 0.312228346875 0.4090432828125 0.312228346875 0.412719403125 0.3140669296875 0.41455746250000003 0.31590485625000003 0.41455746250000003 0.31590485625000003 0.412719403125 0.3177427828125 0.41088134375 0.3177427828125 0.4090432828125 0.3195813640625 0.407204478125 0.3195813640625 0.4053664171875 0.31590485625000003 0.40169029843750004 0.32442782187499997 0.405208209375 0.3269343828125 0.4090432828125 0.33612532812499996 0.4090432828125 0.343478346875 0.40169029843750004 0.34531627343750004 0.40169029843750004 0.34531627343750004 0.3318373140625 0.3398018375 0.3263223875 0.3398018375 0.31713134374999996 0.3379639109375 0.3152932828125 0.3379639109375 0.313454478125 0.33612532812499996 0.3116164171875 0.33612532812499996 0.3097783578125 0.33428740156250003 0.30794029843750004 0.33244881875 0.30794029843750004 0.3269343828125 0.3024253734375 0.3250958 0.3024253734375 0.3232578734375 0.3005873140625 0.321419290625 0.3005873140625 0.3195813640625 0.2987485078125 0.3177427828125 0.2987485078125 0.312228346875 0.293234328125 0.3085518375 0.293234328125 0.30119881875 0.28588134374999996 0.297522309375 0.28588134374999996 0.2956843828125 0.2840432828125 0.2864927828125 0.2840432828125 0.28465485625000003 0.28588134374999996 0.27914042031249997 0.28588134374999996 0.2773018375 0.287719403125 0.2754639109375 0.287719403125
25 0.511029528125 0.6029410453125 0.5091909453125 0.601102984375 0.50735301875 0.601102984375 0.5055144359375 0.5992649250000001 0.5 0.5992649250000001 0.4981614171875 0.601102984375 0.4981614171875 0.65257388125 0.511029528125 0.65257388125 0.511029528125 0.6029410453125
35 0.371323490625 0.40992686562499997 0.37683792656250004 0.41544104531250003 0.378676509375 0.41544104531250003 0.3805144359375 0.4172791046875 0.386029528125 0.4172791046875 0.3897060375 0.4209559703125 0.3897060375 0.4227940296875 0.3915439625 0.42463208906250005 0.395220471875 0.42463208906250005 0.3970590546875 0.4264708953125 0.39889698125 0.4264708953125 0.4044114171875 0.43198507499999994 0.4080879265625 0.43198507499999994 0.41360301875000005 0.4375 0.4154409453125 0.4375 0.417279528125 0.439338059375 0.4209560375 0.439338059375 0.426470471875 0.44485298437500004 0.4375 0.44485298437500004 0.4430144359375 0.439338059375 0.44485301875000005 0.439338059375 0.4466909453125 0.4375 0.448529528125 0.4375 0.4522060375 0.43382388125000004 0.4540439625 0.43382388125000004 0.45588254531250005 0.43198507499999994 0.4595590546875 0.43198507499999994 0.46139698124999995 0.43014701562499996 0.46139698124999995 0.42830895468749997 0.46507349062500003 0.42463208906250005 0.46875 0.42463208906250005 0.4742644359375 0.41911791093749995 0.47610301875000005 0.41911791093749995 0.4779409453125 0.4172791046875 0.48161745468749995 0.4172791046875 0.488970471875 0.40992686562499997 0.4908090546875 0.40992686562499997 0.49264698124999995 0.408088059375 0.4944855640625 0.408088059375 0.49632349062500003 0.40625 0.49632349062500003 0.404411940625 0.5 0.40073507499999994 0.5 0.3897059703125 0.4981614171875 0.3878679109375 0.4981614171875 0.3584559703125 0.5 0.3566179109375 0.5 0.341911940625 0.4981614171875 0.34007388125000004 0.4981614171875 0.3327208953125 0.49632349062500003 0.3308820890625 0.479729003125 0.323252984375 0.47929921249999996 0.3100895515625 0.432478346875 0.2767664171875 0.38660170625 0.3092626859375 0.38389960625 0.326641790625 0.371323490625 0.3308820890625 0.36764698125 0.33455895468749997 0.36764698125 0.408088059375 0.3694855640625 0.40992686562499997 0.371323490625 0.40992686562499997
37 0.15441207343750002 0.5533089546875 0.15441207343750002 0.555147015625 0.15625 0.5569850749999999 0.16360301875 0.5569850749999999 0.1709560375 0.564338059375 0.1727939625 0.564338059375 0.18014698125 0.5716910453125 0.18566207343750002 0.5716910453125 0.1930144359375 0.5790440296875 0.1966909453125 0.5790440296875 0.198529528125 0.5808820890625 0.2003674546875 0.5808820890625 0.20404396249999998 0.5845589546875 0.2058825453125 0.5845589546875 0.207720471875 0.586397015625 0.21875 0.586397015625 0.2205879265625 0.5845589546875 0.22242650937500003 0.5845589546875 0.22610301875 0.5808820890625 0.2279409453125 0.5808820890625 0.229779528125 0.5790440296875 0.2316174546875 0.5790440296875 0.23345603750000002 0.5772059703125 0.23529396249999998 0.5772059703125 0.238970471875 0.5735291046875 0.2408090546875 0.5735291046875 0.24264698125 0.5716910453125 0.24448556406250002 0.5716910453125 0.24632349062499997 0.569852984375 0.2481620734375 0.569852984375 0.2481620734375 0.5680149250000001 0.25183792656250004 0.564338059375 0.261029528125 0.564338059375 0.2628674546875 0.5625 0.2628674546875 0.560661940625 0.2665439625 0.5569850749999999 0.2683825453125 0.5569850749999999 0.27941207343749996 0.5459559703125 0.27941207343749996 0.5202208953125 0.28125 0.5183820890625 0.28125 0.4852940296875 0.2612368765625 0.4650179109375 0.264221784375 0.4478 0.215423228125 0.416526865625 0.1466955375 0.4578485078125 0.1470590546875 0.5477940296875 0.14889698125 0.5496320890625 0.1507355640625 0.5496320890625 0.15441207343750002 0.5533089546875
35 0.53125 0.3179223875 0.5330879265624999 0.31976044843749996 0.534926509375 0.31976044843749996 0.5367644359375 0.3215985078125 0.5404409453125 0.3215985078125 0.5441174546875 0.3252753734375 0.5441174546875 0.3271134328125 0.5459560375 0.32895149218749997 0.5459560375 0.3307895515625 0.5477939625 0.3326283578125 0.5477939625 0.3344664171875 0.5533090546875 0.33998134375 0.5533090546875 0.34181940312500003 0.5569855640625 0.345495521875 0.5569855640625 0.347334328125 0.558823490625 0.3491723875 0.558823490625 0.3546865671875 0.5533090546875 0.36020149218749997 0.551470471875 0.36020149218749997 0.5441174546875 0.36755447812500003 0.5441174546875 0.3693925375 0.5404409453125 0.37306940312500003 0.5367644359375 0.37306940312500003 0.534926509375 0.3749074625 0.5294114171875 0.3749074625 0.527573490625 0.37306940312500003 0.5165439625 0.37306940312500003 0.5147060375 0.3749074625 0.511029528125 0.3749074625 0.511029528125 0.40248134375 0.5147060375 0.40615746250000007 0.5147060375 0.40799552187500004 0.5165439625 0.409834328125 0.5183825453125 0.409834328125 0.52389698125 0.4153485078125 0.5257355640625 0.4153485078125 0.527573490625 0.41718656718749997 0.5330879265624999 0.41718656718749997 0.5367644359375 0.4208634328125 0.5367644359375 0.42270149218749997 0.53860301875 0.4245395515625 0.542279528125 0.4245395515625 0.5477939625 0.43005447812500003 0.5496325453125 0.43005447812500003 0.551470471875 0.4318925375 0.55514698125 0.4318925375 0.558823490625 0.435569403125 0.558823490625 0.43740746250000007 0.5606614171875 0.43740746250000007 0.5625 0.43924552187500004 0.566176509375 0.43924552187500004 0.5680144359375 0.441084328125 0.56985301875 0.441084328125 0.5753674546875 0.4465985078125 0.5772060375 0.4465985078125 0.5790439625 0.44476044843749996 0.5808825453125 0.44476044843749996 0.5845590546875 0.441084328125 0.58639698125 0.441084328125 0.5882355640625 0.43924552187500004 0.5919114171875 0.43924552187500004 0.59375 0.43740746250000007 0.59375 0.435569403125 0.597426509375 0.4318925375 0.6029409453125 0.4318925375 0.604779528125 0.43005447812500003 0.6066174546875 0.43005447812500003 0.6121325453125 0.4245395515625 0.613970471875 0.4245395515625 0.6158090546875 0.42270149218749997 0.6158090546875 0.4208634328125 0.6194855640625 0.41718656718749997 0.6268379265624999 0.41718656718749997 0.6341909453125 0.409834328125 0.636029528125 0.409834328125 0.645220471875 0.4006425375 0.645220471875 0.3326283578125 0.6433825453125 0.3307895515625 0.6415439625 0.3307895515625 0.6397060375 0.32895149218749997 0.6378674546875 0.32895149218749997 0.63235301875 0.3234365671875 0.6305144359375 0.3234365671875 0.628676509375 0.3215985078125 0.6268379265624999 0.3215985078125 0.625 0.31976044843749996 0.625 0.316084328125 0.6231614171875 0.314245521875 0.6231614171875 0.31056940312500003 0.621323490625 0.30873134375 0.621323490625 0.3068925375 0.6194855640625 0.30505447812500003 0.6126968500000001 0.30113432812499996 0.606555775 0.29617985 0.59314829375 0.2854126859375 0.5772427828125 0.27297164218750003 0.5508143046875 0.29361119375 0.5465682421875 0.2978589546875 0.5367644359375 0.3013783578125 0.534926509375 0.2995395515625 0.5330879265624999 0.2995395515625 0.5294114171875 0.3032164171875 0.5294114171875 0.314245521875 0.53125 0.316084328125 0.53125 0.3179223875
7 0.676470471875 0.845588059375 0.676470471875 0.84375 0.6783090546875 0.841911940625 0.6783090546875 0.7941179109375 0.676470471875 0.7922791046875 0.676470471875 0.7867649250000001 0.6231614171875 0.7867649250000001 0.6231614171875 0.849264925 0.6746325453125 0.849264925 0.6746325453125 0.847426865625 0.676470471875 0.845588059375
13 0.604779528125 0.6470589546875 0.6029409453125 0.6452208953125 0.551470471875 0.6452208953125 0.551470471875 0.7040440296875 0.60110301875 0.7040440296875 0.604779528125 0.7003679109375 0.604779528125 0.6470589546875
15 0.2701581359375 0.419047015625 0.27199671875 0.417208209375 0.29773162656249996 0.417208209375 0.299570209375 0.419047015625 0.306923228125 0.419047015625 0.3087611546875 0.417208209375 0.3124376640625 0.417208209375 0.314275590625 0.41537015000000005 0.314275590625 0.36206119375 0.3124376640625 0.36022313437500003 0.3124376640625 0.358385075 0.26280511875 0.358385075 0.26280511875 0.417208209375 0.2646437015625 0.417208209375 0.26648162656249996 0.419047015625 0.2701581359375 0.419047015625
31 0.5569855640625 0.55882388125 0.558823490625 0.560661940625 0.558823490625 0.5625 0.5606614171875 0.564338059375 0.5919114171875 0.564338059375 0.59375 0.5625 0.59375 0.560661940625 0.5992644359375 0.555147015625 0.5992644359375 0.5349268656249999 0.597426509375 0.533088059375 0.597426509375 0.53125 0.5955879265624999 0.529411940625 0.5955879265624999 0.52757388125 0.59375 0.5257350749999999 0.59375 0.523897015625 0.5919114171875 0.5220589546875 0.590073490625 0.5220589546875 0.58639698125 0.5183820890625 0.58639698125 0.5165440296875 0.5845590546875 0.5147059703125 0.5680144359375 0.5147059703125 0.5606614171875 0.5220589546875 0.558823490625 0.5220589546875 0.5569855640625 0.523897015625 0.5569855640625 0.55882388125
28 0.44117650937499997 0.283088059375 0.4430144359375 0.28492611874999996 0.448529528125 0.28492611874999996 0.45036745468749995 0.286764925 0.4522060375 0.286764925 0.457720471875 0.2922791046875 0.4595590546875 0.2922791046875 0.4632355640625 0.2959559703125 0.4632355640625 0.2977940296875 0.46507349062500003 0.2996320890625 0.4705879265625 0.2996320890625 0.47242650937499997 0.3014708953125 0.479779528125 0.3014708953125 0.4834560375 0.2977940296875 0.4834560375 0.286764925 0.48161745468749995 0.28492611874999996 0.48161745468749995 0.283088059375 0.479779528125 0.28125 0.4779409453125 0.28125 0.47610301875000005 0.279411940625 0.47242650937499997 0.279411940625 0.46875 0.275735075 0.46875 0.273897015625 0.4669114171875 0.27205895468749997 0.4632355640625 0.27205895468749997 0.46139698124999995 0.2702208953125 0.4595590546875 0.2702208953125 0.45588254531250005 0.2665440296875 0.4540439625 0.2665440296875 0.4522060375 0.2647059703125 0.45036745468749995 0.2647059703125 0.4466909453125 0.2610291046875 0.43382349062500003 0.2610291046875 0.43382349062500003 0.27757388125000004 0.4375 0.27757388125000004 0.44117650937499997 0.28125 0.44117650937499997 0.283088059375
29 0.5183825453125 0.338235075 0.5165439625 0.338235075 0.5147060375 0.34007388125000004 0.5147060375 0.341911940625 0.511029528125 0.345588059375 0.5091909453125 0.345588059375 0.50735301875 0.34742611874999996 0.50735301875 0.3566179109375 0.5091909453125 0.3566179109375 0.511029528125 0.3584559703125 0.5165439625 0.3584559703125 0.5183825453125 0.3602940296875 0.520220471875 0.3602940296875 0.5220590546875 0.3621320890625 0.5220590546875 0.37132388125000004 0.542279528125 0.37132388125000004 0.542279528125 0.367647015625 0.5441174546875 0.36580895468749997 0.5441174546875 0.3639708953125 0.5477939625 0.3602940296875 0.5496325453125 0.3602940296875 0.551470471875 0.3584559703125 0.5533090546875 0.3584559703125 0.5569855640625 0.3547791046875 0.5569855640625 0.35294104531250003 0.55514698125 0.351102984375 0.55514698125 0.34742611874999996 0.546969159375 0.3353485078125 0.546949475 0.3335940296875 0.5432604984375 0.32387761249999997 0.5285374015625 0.32014626874999996 0.520220471875 0.3308820890625 0.5220590546875 0.3327208953125 0.5220590546875 0.33455895468749997 0.5183825453125 0.338235075
16 0.597426509375 0.4209559703125 0.6029409453125 0.41544104531250003 0.6029409453125 0.37867611874999996 0.60110301875 0.376838059375 0.60110301875 0.3602940296875 0.5992644359375 0.3584559703125 0.551470471875 0.3584559703125 0.551470471875 0.41911791093749995 0.55514698125 0.41911791093749995 0.5569855640625 0.4209559703125 0.597426509375 0.4209559703125
11 0.3878674546875 0.560661940625 0.3878674546875 0.5036768656249999 0.386029528125 0.501838059375 0.33639698125 0.501838059375 0.3345590546875 0.5036768656249999 0.3345590546875 0.5625 0.386029528125 0.5625 0.3878674546875 0.560661940625
8 0.31433792656250004 0.7022059703125 0.31433792656250004 0.6452208953125 0.261029528125 0.6452208953125 0.2591909453125 0.6470589546875 0.2591909453125 0.7040440296875 0.3125 0.7040440296875 0.31433792656250004 0.7022059703125
13 0.35110301875 0.27757388125000004 0.3529409453125 0.275735075 0.3584560375 0.275735075 0.3602939625 0.27757388125000004 0.3841909453125 0.27757388125000004 0.3878674546875 0.273897015625 0.3878674546875 0.21875 0.386029528125 0.21691194062500002 0.386029528125 0.21507388125000002 0.332720471875 0.21507388125000002 0.332720471875 0.275735075 0.33639698125 0.275735075 0.3382355640625 0.27757388125000004 0.35110301875 0.27757388125000004
25 0.597426509375 0.5716910453125 0.5992644359375 0.5716910453125 0.60110301875 0.5735291046875 0.60110301875 0.5753679109375 0.604779528125 0.5790440296875 0.6066174546875 0.5790440296875 0.6102939625 0.5827208953125 0.6102939625 0.5845589546875 0.6121325453125 0.586397015625 0.621323490625 0.586397015625 0.625 0.59007388125 0.625 0.591911940625 0.6268379265624999 0.59375 0.628676509375 0.59375 0.63235301875 0.5974268656249999 0.63235301875 0.5992649250000001 0.645220471875 0.5992649250000001 0.645220471875 0.5974268656249999 0.6470590546875 0.595588059375 0.6470590546875 0.5845589546875 0.6433825453125 0.5808820890625 0.6415439625 0.5808820890625 0.6378674546875 0.5772059703125 0.6378674546875 0.5753679109375 0.636029528125 0.5735291046875 0.6305144359375 0.5735291046875 0.628676509375 0.5716910453125 0.6268379265624999 0.5716910453125 0.621323490625 0.5661768656249999 0.6194855640625 0.5661768656249999 0.6121325453125 0.55882388125 0.5919114171875 0.55882388125 0.5919114171875 0.564338059375 0.5955879265624999 0.5680149250000001 0.5955879265624999 0.569852984375 0.597426509375 0.5716910453125
26 0.652573490625 0.65257388125 0.6544114171875 0.6507350749999999 0.6544114171875 0.6047791046875 0.652573490625 0.6029410453125 0.6507355640625 0.6029410453125 0.64889698125 0.601102984375 0.6433825453125 0.601102984375 0.6433825453125 0.654411940625 0.64889698125 0.654411940625 0.6507355640625 0.65257388125 0.652573490625 0.65257388125
9 0.386029528125 0.845588059375 0.3878674546875 0.84375 0.3878674546875 0.788602984375 0.3345590546875 0.788602984375 0.3345590546875 0.849264925 0.3841909453125 0.849264925 0.386029528125 0.847426865625 0.386029528125 0.845588059375
27 0.2941174546875 0.27757388125000004 0.2959560375 0.279411940625 0.2977939625 0.279411940625 0.2996325453125 0.28125 0.2996325453125 0.283088059375 0.301470471875 0.283088059375 0.3033090546875 0.28492611874999996 0.30514698125 0.28492611874999996 0.308823490625 0.288602984375 0.308823490625 0.29044104531250003 0.31066207343749996 0.2922791046875 0.3125 0.2922791046875 0.31985301875 0.2996320890625 0.3253674546875 0.2996320890625 0.3272060375 0.3014708953125 0.3290439625 0.3014708953125 0.3308825453125 0.30330895468749997 0.3308825453125 0.305147015625 0.3345590546875 0.305147015625 0.33639698125 0.30330895468749997 0.33639698125 0.288602984375 0.3345590546875 0.286764925 0.3345590546875 0.28492611874999996 0.3308825453125 0.28125 0.3290439625 0.28125 0.3272060375 0.279411940625 0.3253674546875 0.279411940625 0.3216909453125 0.275735075 0.3216909453125 0.273897015625 0.31985301875 0.27205895468749997 0.31433792656250004 0.27205895468749997 0.3125 0.2702208953125 0.31066207343749996 0.2702208953125 0.30514698125 0.2647059703125 0.3033090546875 0.2647059703125 0.301470471875 0.2628679109375 0.2941174546875 0.2628679109375 0.292279528125 0.2647059703125 0.292279528125 0.273897015625 0.2941174546875 0.275735075 0.2941174546875 0.27757388125000004
14 0.6305144359375 0.27757388125000004 0.6470590546875 0.27757388125000004 0.64889698125 0.275735075 0.6507355640625 0.275735075 0.652573490625 0.27757388125000004 0.6727939625 0.27757388125000004 0.6746325453125 0.275735075 0.676470471875 0.275735075 0.676470471875 0.22242611874999998 0.6746325453125 0.22058805937499998 0.6746325453125 0.21691194062500002 0.625 0.21691194062500002 0.625 0.27757388125000004 0.6268379265624999 0.279411940625 0.628676509375 0.279411940625 0.6305144359375 0.27757388125000004
26 0.698529528125 0.2683820890625 0.69485301875 0.27205895468749997 0.6875 0.27205895468749997 0.68014698125 0.279411940625 0.6783090546875 0.279411940625 0.6727939625 0.28492611874999996 0.6727939625 0.30330895468749997 0.68014698125 0.30330895468749997 0.683823490625 0.2996320890625 0.6875 0.2996320890625 0.6893379265624999 0.2977940296875 0.6893379265624999 0.2959559703125 0.6930144359375 0.2922791046875 0.6966909453125 0.2922791046875 0.698529528125 0.29044104531250003 0.7003674546875 0.29044104531250003 0.7040439625 0.286764925 0.7058825453125 0.286764925 0.707720471875 0.28492611874999996 0.7095590546875 0.28492611874999996 0.71139698125 0.283088059375 0.71139698125 0.28125 0.71875 0.273897015625 0.71875 0.2610291046875 0.7058825453125 0.2610291046875 0.7022060375 0.2647059703125 0.7003674546875 0.2647059703125 0.698529528125 0.2665440296875 0.698529528125 0.2683820890625
27 0.3658090546875 0.40073507499999994 0.3658090546875 0.34007388125000004 0.3621325453125 0.336397015625 0.3584560375 0.336397015625 0.3566174546875 0.33455895468749997 0.354779528125 0.33455895468749997 0.3529409453125 0.336397015625 0.3529409453125 0.40257388125000004 0.363970471875 0.40257388125000004 0.3658090546875 0.40073507499999994
8 0.5330879265624999 0.5036768656249999 0.53125 0.501838059375 0.4779409453125 0.501838059375 0.4779409453125 0.5625 0.527573490625 0.5625 0.5330879265624999 0.5569850749999999 0.5330879265624999 0.5036768656249999
14 0.4393379265625 0.7058820890625 0.44117650937499997 0.7040440296875 0.4595590546875 0.7040440296875 0.4595590546875 0.6470589546875 0.4044114171875 0.6470589546875 0.4044114171875 0.7040440296875 0.40992650937499997 0.7040440296875 0.4117644359375 0.7058820890625 0.4393379265625 0.7058820890625
11 0.6975065609375 0.41865671718749997 0.7020997375 0.42238805937499996 0.7395013125000001 0.42238805937499996 0.7480314953125 0.42014925312500007 0.75065616875 0.4141791046875 0.74934383125 0.36194029843750003 0.74475065625 0.3589552234375 0.704724409375 0.3589552234375 0.70275590625 0.3589552234375 0.6975065609375 0.3611940296875 0.6955380578125 0.36567164218750003 0.6948818890624999 0.39626865625 0.6975065609375 0.41865671718749997
10 0.4796587921875 0.275373134375 0.4908136484375 0.279104478125 0.50524934375 0.270895521875 0.5164042 0.278358209375 0.5301837265625 0.276865671875 0.5334645671875 0.269402984375 0.5314960625 0.219402984375 0.5269028875 0.2156716421875 0.4881889765625 0.2156716421875 0.486220471875 0.2156716421875 0.4803149609375 0.2179104484375 0.47834645625 0.223134328125 0.4776902890625 0.2686567171875 0.4796587921875 0.275373134375
7 0.457720471875 0.4172791046875 0.4595590546875 0.4172791046875 0.4595590546875 0.3602940296875 0.40625 0.3602940296875 0.40625 0.4172791046875 0.4080879265625 0.41911791093749995 0.45588254531250005 0.41911791093749995 0.457720471875 0.4172791046875
12 0.676470471875 0.555147015625 0.676470471875 0.5459559703125 0.6783090546875 0.5441179109375 0.6783090546875 0.53125 0.676470471875 0.529411940625 0.676470471875 0.5202208953125 0.6746325453125 0.5183820890625 0.6746325453125 0.5036768656249999 0.625 0.5036768656249999 0.625 0.5625 0.6746325453125 0.5625 0.6746325453125 0.5569850749999999 0.676470471875 0.555147015625
12 0.2408090546875 0.501838059375 0.191176509375 0.501838059375 0.18933792656249998 0.5036768656249999 0.18933792656249998 0.5625 0.2408090546875 0.5625 0.2408090546875 0.501838059375
16 0.4776902890625 0.8447761187499999 0.4803149609375 0.8492537312499999 0.4875328078125 0.8514925375000001 0.523622046875 0.85074626875 0.53215223125 0.84626865625 0.5334645671875 0.8 0.53215223125 0.7917910453125 0.5275590546875 0.7873134328125 0.5241587921875001 0.7873134328125 0.4901574796875 0.7873134328125 0.479002625 0.7902985078125 0.4770341203125 0.8298507468749999 0.4776902890625 0.8447761187499999
20 0.253124671875 0.8671873140624999 0.253124671875 0.95 0.3078123359375 0.95 0.3078123359375 0.8671873140624999 0.253124671875 0.8671873140624999
18 0.6 0.9421873140624999 0.6 0.9171873140625 0.6015623359375 0.9156253734375 0.6015623359375 0.9109373140624999 0.6 0.9093753734375 0.6 0.9078126859375001 0.6015623359375 0.90625 0.6015623359375 0.86875 0.54375 0.86875 0.54375 0.9453126859375001 0.5984376640625 0.9453126859375001 0.5984376640625 0.94375 0.6 0.9421873140624999
23 0.1625 0.6546873140625 0.1625 0.58125 0.10781233593749999 0.58125 0.10781233593749999 0.6593753734375001 0.1609376640625 0.6593753734375001 0.1609376640625 0.65625 0.1625 0.6546873140625
18 0.30625 0.0843753734375 0.30625 0.0109373140625 0.253124671875 0.0109373140625 0.253124671875 0.0890626859375 0.3046876640625 0.0890626859375 0.3046876640625 0.0859373140625 0.30625 0.0843753734375
18 0.7593746718750001 0.7265626859375 0.7593746718750001 0.8031253734374999 0.815624671875 0.8031253734374999 0.815624671875 0.7265626859375 0.7593746718750001 0.7265626859375
18 0.8171876640625 0.1515626859375 0.7593746718750001 0.1515626859375 0.7593746718750001 0.23125 0.815624671875 0.23125 0.8171876640625 0.22968731406249998 0.8171876640625 0.1515626859375
22 0.1625 0.37343731406249997 0.1625 0.2921873140625 0.1046876640625 0.2921873140625 0.1046876640625 0.37656268593750003 0.1609376640625 0.37656268593750003 0.1609376640625 0.375 0.1625 0.37343731406249997
19 0.5984376640625 0.0078126859375 0.5421876640625001 0.0078126859375 0.5421876640625001 0.0859373140625 0.596874671875 0.0859373140625 0.5984376640625 0.0843753734375 0.5984376640625 0.0078126859375
21 0.9609376640624999 0.4359373140625 0.9078123359375001 0.4359373140625 0.9078123359375001 0.5140626859374999 0.9593746718749999 0.5140626859374999 0.9609376640624999 0.5125 0.9609376640624999 0.4359373140625