32 0.3474268140625 0.279411940625 0.34558808281250003 0.28125 0.34558808281250003 0.283088059375 0.34191191718749997 0.286764925 0.34191191718749997 0.318014925 0.34375 0.319852984375 0.34558808281250003 0.319852984375 0.3474268140625 0.32169104531250003 0.349264896875 0.32169104531250003 0.3529410625 0.3253679109375 0.37316191718749997 0.3253679109375 0.37683808281250003 0.32169104531250003 0.3786768140625 0.32169104531250003 0.380514896875 0.319852984375 0.380514896875 0.318014925 0.3841910625 0.314338059375 0.3841910625 0.305147015625 0.3823529796875 0.30330895468749997 0.3823529796875 0.3014708953125 0.380514896875 0.2996320890625 0.380514896875 0.283088059375 0.37683808281250003 0.279411940625 0.375 0.279411940625 0.371323834375 0.275735075 0.371323834375 0.273897015625 0.369485103125 0.27205895468749997 0.3547791453125 0.27205895468749997 0.3529410625 0.273897015625 0.3529410625 0.275735075 0.349264896875 0.279411940625 0.3474268140625 0.279411940625
35 0.7757351031249999 0.41911791093749995 0.768382125 0.4264708953125 0.7665440421875 0.4264708953125 0.7591910625 0.43382388125000004 0.7555148968750001 0.43382388125000004 0.7536768140625 0.435661940625 0.7518380828125 0.435661940625 0.7463238343749999 0.44117686562499997 0.7444851031249999 0.44117686562499997 0.7426470203125 0.44301492500000006 0.7426470203125 0.44485298437500004 0.7389708546875 0.4485291046875 0.7352940421875 0.4485291046875 0.7334559578125 0.45036791093749995 0.731617875 0.45036791093749995 0.7261029796875 0.45588208906250005 0.7261029796875 0.5404410453125 0.7279410625 0.5422791046875 0.7279410625 0.5459559703125 0.731617875 0.5496320890625 0.7352940421875 0.5496320890625 0.7408089375 0.555147015625 0.7426470203125 0.555147015625 0.7444851031249999 0.5569850749999999 0.7463238343749999 0.5569850749999999 0.75 0.560661940625 0.75 0.5625 0.7518380828125 0.564338059375 0.7536768140625 0.564338059375 0.7610291453125 0.5716910453125 0.768382125 0.5716910453125 0.7720589375 0.5753679109375 0.7720589375 0.5772059703125 0.7738970203125 0.5790440296875 0.7757351031249999 0.5790440296875 0.7830880828125 0.586397015625 0.7977940421875 0.586397015625 0.8033089375 0.5808820890625 0.8051470203125 0.5808820890625 0.8069851031249999 0.5790440296875 0.8125 0.5790440296875 0.8143380828125 0.5772059703125 0.8143380828125 0.5753679109375 0.8180148968750001 0.5716910453125 0.8198529796875 0.5716910453125 0.8272059578125001 0.564338059375 0.8308821249999999 0.564338059375 0.8327208546874999 0.5625 0.8345589375 0.5625 0.8400738343749999 0.5569850749999999 0.8419119171875 0.5569850749999999 0.84375 0.555147015625 0.84375 0.5533089546875 0.8474268140625 0.5496320890625 0.8511029796875 0.5496320890625 0.8529410625 0.5477940296875 0.8547791453125001 0.5477940296875 0.8566178750000001 0.5459559703125 0.8566178750000001 0.5441179109375 0.8584559578125001 0.5422791046875 0.8584559578125001 0.4577208953125 0.8492648968750001 0.4485291046875 0.8474268140625 0.4485291046875 0.8400738343749999 0.44117686562499997 0.8382351031249999 0.44117686562499997 0.8327208546874999 0.435661940625 0.8308821249999999 0.435661940625 0.8290440421874999 0.43382388125000004 0.8272059578125001 0.43382388125000004 0.8198529796875 0.4264708953125 0.8180148968750001 0.4264708953125 0.8106619171875 0.41911791093749995 0.8069851031249999 0.41911791093749995 0.8051470203125 0.4172791046875 0.8033089375 0.4172791046875 0.7977940421875 0.41176492500000006 0.7867648968750001 0.41176492500000006 0.78125 0.4172791046875 0.7794119171875 0.4172791046875 0.7775738343749999 0.41911791093749995 0.7757351031249999 0.41911791093749995
35 0.6985291453125 0.27757388125000004 0.6966910625 0.279411940625 0.6930148968750001 0.279411940625 0.6783089375 0.2941179109375 0.6764708546875 0.2941179109375 0.674632125 0.2959559703125 0.6727940421875 0.2959559703125 0.6672791453125 0.3014708953125 0.6654410625 0.3014708953125 0.6580880828125 0.30882388125000004 0.65625 0.30882388125000004 0.6544119171875 0.310661940625 0.6544119171875 0.40073507499999994 0.65625 0.40257388125000004 0.6580880828125 0.40257388125000004 0.6617648968750001 0.40625 0.6617648968750001 0.408088059375 0.6636029796875 0.408088059375 0.6672791453125 0.41176492500000006 0.669117875 0.41176492500000006 0.6709559578125 0.41360298437500004 0.6709559578125 0.41544104531250003 0.6727940421875 0.41544104531250003 0.674632125 0.4172791046875 0.6783089375 0.4172791046875 0.6856619171875 0.42463208906250005 0.6893380828125 0.42463208906250005 0.6911768140625 0.4264708953125 0.6930148968750001 0.4264708953125 0.6985291453125 0.43198507499999994 0.700367875 0.43198507499999994 0.7077208546875 0.439338059375 0.7095589375 0.439338059375 0.7113970203125 0.44117686562499997 0.7279410625 0.44117686562499997 0.731617875 0.4375 0.7334559578125 0.4375 0.7334559578125 0.435661940625 0.737132125 0.43198507499999994 0.7389708546875 0.43198507499999994 0.7408089375 0.43014701562499996 0.7426470203125 0.43014701562499996 0.7463238343749999 0.4264708953125 0.7481619171875 0.4264708953125 0.75 0.42463208906250005 0.7536768140625 0.42463208906250005 0.7555148968750001 0.4227940296875 0.7573529796875 0.4227940296875 0.7610291453125 0.41911791093749995 0.762867875 0.41911791093749995 0.7647059578125 0.4172791046875 0.7665440421875 0.4172791046875 0.768382125 0.41544104531250003 0.7702208546875 0.41544104531250003 0.7702208546875 0.41360298437500004 0.7738970203125 0.40992686562499997 0.7775738343749999 0.40992686562499997 0.7849268140625 0.40257388125000004 0.7849268140625 0.3566179109375 0.7867648968750001 0.3547791046875 0.7867648968750001 0.3253679109375 0.7849268140625 0.3235291046875 0.7849268140625 0.310661940625 0.7757351031249999 0.3014708953125 0.7738970203125 0.3014708953125 0.768382125 0.2959559703125 0.7665440421875 0.2959559703125 0.7647059578125 0.2941179109375 0.7610291453125 0.2941179109375 0.7536768140625 0.286764925 0.7518380828125 0.286764925 0.7444851031249999 0.279411940625 0.7408089375 0.279411940625 0.7389708546875 0.27757388125000004 0.737132125 0.27757388125000004 0.731617875 0.27205895468749997 0.7297791453125 0.27205895468749997 0.7279410625 0.2702208953125 0.7095589375 0.2702208953125 0.7077208546875 0.27205895468749997 0.705882125 0.27205895468749997 0.700367875 0.27757388125000004 0.6985291453125 0.27757388125000004
0 0.2738970203125 0.27757388125000004 0.2720589375 0.279411940625 0.26838212499999997 0.279411940625 0.2610291453125 0.286764925 0.2591910625 0.286764925 0.25183808281250003 0.2941179109375 0.24816191718749997 0.2941179109375 0.24264702031250002 0.2996320890625 0.2408089375 0.2996320890625 0.2389708546875 0.3014708953125 0.23713212499999997 0.3014708953125 0.2297791453125 0.30882388125000004 0.22610297968749998 0.30882388125000004 0.22610297968749998 0.40257388125000004 0.2297791453125 0.40625 0.23161787500000003 0.40625 0.2352940421875 0.40992686562499997 0.2389708546875 0.40992686562499997 0.24264702031250002 0.41360298437500004 0.24264702031250002 0.41544104531250003 0.244485103125 0.4172791046875 0.246323834375 0.4172791046875 0.253676165625 0.42463208906250005 0.2610291453125 0.42463208906250005 0.2647059578125 0.42830895468749997 0.2647059578125 0.43014701562499996 0.2665440421875 0.43014701562499996 0.2702208546875 0.43382388125000004 0.2720589375 0.43382388125000004 0.2738970203125 0.435661940625 0.2738970203125 0.4375 0.275735103125 0.4375 0.277573834375 0.439338059375 0.28125 0.439338059375 0.284926165625 0.44301492500000006 0.2959559578125 0.44301492500000006 0.2977940421875 0.44117686562499997 0.29963212499999997 0.44117686562499997 0.3014708546875 0.439338059375 0.3033089375 0.439338059375 0.31066191718749997 0.43198507499999994 0.3125 0.43198507499999994 0.318014896875 0.4264708953125 0.3198529796875 0.4264708953125 0.3216910625 0.42463208906250005 0.3272059578125 0.42463208906250005 0.3290440421875 0.4227940296875 0.3290440421875 0.4209559703125 0.3327208546875 0.4172791046875 0.3345589375 0.4172791046875 0.34191191718749997 0.40992686562499997 0.349264896875 0.40992686562499997 0.3511029796875 0.408088059375 0.3511029796875 0.40625 0.3529410625 0.404411940625 0.3529410625 0.3952208953125 0.3511029796875 0.3933820890625 0.3511029796875 0.351102984375 0.3529410625 0.349264925 0.3529410625 0.34742611874999996 0.3511029796875 0.345588059375 0.3511029796875 0.3272059703125 0.3474268140625 0.3235291046875 0.34558808281250003 0.3235291046875 0.34191191718749997 0.319852984375 0.34191191718749997 0.318014925 0.340073834375 0.318014925 0.338235103125 0.31617611874999996 0.338235103125 0.314338059375 0.3363970203125 0.3125 0.3363970203125 0.30330895468749997 0.3198529796875 0.286764925 0.318014896875 0.286764925 0.316176165625 0.28492611874999996 0.31433808281250003 0.28492611874999996 0.308823834375 0.279411940625 0.306985103125 0.279411940625 0.3051470203125 0.27757388125000004 0.3033089375 0.27757388125000004 0.3014708546875 0.275735075 0.3014708546875 0.273897015625 0.29963212499999997 0.273897015625 0.2977940421875 0.27205895468749997 0.2959559578125 0.27205895468749997 0.29411787500000003 0.2702208953125 0.284926165625 0.2702208953125 0.28308808281250003 0.27205895468749997 0.28125 0.27205895468749997 0.275735103125 0.27757388125000004 0.2738970203125 0.27757388125000004
35 0.6966910625 0.564338059375 0.6948529796875 0.5661768656249999 0.6930148968750001 0.5661768656249999 0.6911768140625 0.5680149250000001 0.6911768140625 0.569852984375 0.6875 0.5735291046875 0.6856619171875 0.5735291046875 0.6838238343749999 0.5753679109375 0.6819851031249999 0.5753679109375 0.6764708546875 0.5808820890625 0.6764708546875 0.5827208953125 0.6709559578125 0.5882350749999999 0.6672791453125 0.5882350749999999 0.6654410625 0.59007388125 0.6636029796875 0.59007388125 0.6580880828125 0.595588059375 0.65625 0.595588059375 0.65625 0.689338059375 0.6580880828125 0.689338059375 0.6654410625 0.6966910453125 0.6727940421875 0.6966910453125 0.6764708546875 0.7003679109375 0.6764708546875 0.7022059703125 0.6783089375 0.7040440296875 0.6801470203125 0.7040440296875 0.6819851031249999 0.7058820890625 0.6838238343749999 0.7058820890625 0.6856619171875 0.7077208953125 0.6856619171875 0.7095589546875 0.6893380828125 0.7095589546875 0.6911768140625 0.711397015625 0.6948529796875 0.711397015625 0.6985291453125 0.71507388125 0.6985291453125 0.716911940625 0.700367875 0.71875 0.7022059578125 0.71875 0.7077208546875 0.7242649250000001 0.7095589375 0.7242649250000001 0.7113970203125 0.726102984375 0.7150738343749999 0.726102984375 0.7169119171875 0.7279410453125 0.7261029796875 0.7279410453125 0.7279410625 0.726102984375 0.7297791453125 0.726102984375 0.731617875 0.7242649250000001 0.7334559578125 0.7242649250000001 0.7334559578125 0.7224268656249999 0.737132125 0.71875 0.7444851031249999 0.71875 0.7518380828125 0.711397015625 0.7536768140625 0.711397015625 0.7555148968750001 0.7095589546875 0.7555148968750001 0.7077208953125 0.7591910625 0.7040440296875 0.762867875 0.7040440296875 0.7647059578125 0.7022059703125 0.7665440421875 0.7022059703125 0.7702208546875 0.6985291046875 0.7720589375 0.6985291046875 0.7738970203125 0.6966910453125 0.7757351031249999 0.6966910453125 0.7849268140625 0.6875 0.7849268140625 0.65257388125 0.7867648968750001 0.6507350749999999 0.7867648968750001 0.5992649250000001 0.7830880828125 0.595588059375 0.78125 0.595588059375 0.7738970203125 0.5882350749999999 0.7720589375 0.5882350749999999 0.7702208546875 0.586397015625 0.768382125 0.586397015625 0.7647059578125 0.5827208953125 0.762867875 0.5827208953125 0.7610291453125 0.5808820890625 0.7591910625 0.5808820890625 0.7518380828125 0.5735291046875 0.7463238343749999 0.5735291046875 0.7389708546875 0.5661768656249999 0.737132125 0.5661768656249999 0.7334559578125 0.5625 0.7334559578125 0.560661940625 0.731617875 0.55882388125 0.7261029796875 0.55882388125 0.7242648968750001 0.5569850749999999 0.7077208546875 0.5569850749999999 0.705882125 0.55882388125 0.7040440421875 0.55882388125 0.6985291453125 0.564338059375 0.6966910625 0.564338059375
35 0.5459559578125 0.5735291046875 0.544117875 0.5753679109375 0.5422791453125 0.5753679109375 0.5422791453125 0.5772059703125 0.5404410625 0.5790440296875 0.5386029796875 0.5790440296875 0.5367648968750001 0.5808820890625 0.5330880828125 0.5808820890625 0.5257351031249999 0.5882350749999999 0.5238970203125 0.5882350749999999 0.5165440421875 0.595588059375 0.5147059578125 0.595588059375 0.5110291453125 0.5992649250000001 0.5110291453125 0.68382388125 0.5147059578125 0.6875 0.5147059578125 0.689338059375 0.5165440421875 0.689338059375 0.5238970203125 0.6966910453125 0.5275738343749999 0.6966910453125 0.5294119171875 0.6985291046875 0.53125 0.6985291046875 0.5367648968750001 0.7040440296875 0.5404410625 0.7040440296875 0.5477940421875 0.711397015625 0.549632125 0.711397015625 0.5551470203125 0.716911940625 0.5569851031249999 0.716911940625 0.5606619171875 0.720588059375 0.5625 0.720588059375 0.5680148968750001 0.726102984375 0.5698529796875 0.726102984375 0.5716910625 0.7279410453125 0.580882125 0.7279410453125 0.5827208546875 0.726102984375 0.5863970203125 0.726102984375 0.5882351031249999 0.7242649250000001 0.5900738343749999 0.7242649250000001 0.5955880828125 0.71875 0.5992648968750001 0.71875 0.6011029796875 0.716911940625 0.6011029796875 0.71507388125 0.6047791453125 0.711397015625 0.6102940421875 0.711397015625 0.612132125 0.7095589546875 0.6139708546875 0.7095589546875 0.6194851031249999 0.7040440296875 0.6213238343749999 0.7040440296875 0.6286768140625 0.6966910453125 0.6360291453125 0.6966910453125 0.637867875 0.694852984375 0.637867875 0.6930149250000001 0.6415440421875 0.689338059375 0.643382125 0.689338059375 0.643382125 0.595588059375 0.6415440421875 0.595588059375 0.6341910625 0.5882350749999999 0.6286768140625 0.5882350749999999 0.6213238343749999 0.5808820890625 0.6194851031249999 0.5808820890625 0.6176470203125 0.5790440296875 0.6158089375 0.5790440296875 0.612132125 0.5753679109375 0.6102940421875 0.5753679109375 0.6084559578125 0.5735291046875 0.6047791453125 0.5735291046875 0.5974268140625 0.5661768656249999 0.5533089375 0.5661768656249999 0.5514708546875 0.5680149250000001 0.5514708546875 0.569852984375 0.5477940421875 0.5735291046875 0.5459559578125 0.5735291046875
0 0.5588238343749999 0.279411940625 0.5569851031249999 0.279411940625 0.5514708546875 0.28492611874999996 0.549632125 0.28492611874999996 0.5477940421875 0.286764925 0.5459559578125 0.286764925 0.5386029796875 0.2941179109375 0.5367648968750001 0.2941179109375 0.5349268140625 0.2959559703125 0.5330880828125 0.2959559703125 0.5294119171875 0.2996320890625 0.5275738343749999 0.2996320890625 0.5257351031249999 0.3014708953125 0.5238970203125 0.3014708953125 0.5220589375 0.30330895468749997 0.5220589375 0.305147015625 0.518382125 0.30882388125000004 0.5147059578125 0.30882388125000004 0.512867875 0.310661940625 0.512867875 0.404411940625 0.518382125 0.40992686562499997 0.5202208546875 0.40992686562499997 0.5220589375 0.41176492500000006 0.5238970203125 0.41176492500000006 0.5294119171875 0.4172791046875 0.5330880828125 0.4172791046875 0.5386029796875 0.4227940296875 0.5422791453125 0.4227940296875 0.544117875 0.42463208906250005 0.5477940421875 0.42463208906250005 0.5551470203125 0.43198507499999994 0.5606619171875 0.43198507499999994 0.5680148968750001 0.439338059375 0.5698529796875 0.439338059375 0.5716910625 0.44117686562499997 0.580882125 0.44117686562499997 0.5827208546875 0.439338059375 0.5882351031249999 0.439338059375 0.5900738343749999 0.4375 0.5919119171875 0.4375 0.5992648968750001 0.43014701562499996 0.6011029796875 0.43014701562499996 0.6011029796875 0.42830895468749997 0.6047791453125 0.42463208906250005 0.612132125 0.42463208906250005 0.6194851031249999 0.4172791046875 0.6231619171875 0.4172791046875 0.625 0.41544104531250003 0.6286768140625 0.41544104531250003 0.6286768140625 0.41360298437500004 0.6305148968750001 0.41176492500000006 0.6323529796875 0.41176492500000006 0.6341910625 0.40992686562499997 0.6360291453125 0.40992686562499997 0.637867875 0.408088059375 0.637867875 0.40625 0.6415440421875 0.40257388125000004 0.643382125 0.40257388125000004 0.643382125 0.336397015625 0.6415440421875 0.33455895468749997 0.6415440421875 0.3290440296875 0.6397059578125 0.3272059703125 0.6415440421875 0.3253679109375 0.6415440421875 0.3235291046875 0.643382125 0.32169104531250003 0.643382125 0.310661940625 0.6341910625 0.3014708953125 0.6323529796875 0.3014708953125 0.6305148968750001 0.2996320890625 0.6286768140625 0.2996320890625 0.625 0.2959559703125 0.6231619171875 0.2959559703125 0.6213238343749999 0.2941179109375 0.6194851031249999 0.2941179109375 0.6158089375 0.29044104531250003 0.6158089375 0.288602984375 0.6139708546875 0.288602984375 0.612132125 0.286764925 0.606617875 0.286764925 0.5992648968750001 0.279411940625 0.5974268140625 0.279411940625 0.5900738343749999 0.27205895468749997 0.5643380828125 0.27205895468749997 0.5643380828125 0.275735075 0.5625 0.27757388125000004 0.5606619171875 0.27757388125000004 0.5588238343749999 0.279411940625
0 0.340073834375 0.4264708953125 0.338235103125 0.4264708953125 0.3363970203125 0.42830895468749997 0.3345589375 0.42830895468749997 0.33088212499999997 0.43198507499999994 0.3290440421875 0.43198507499999994 0.3272059578125 0.43382388125000004 0.32536787500000003 0.43382388125000004 0.318014896875 0.44117686562499997 0.31433808281250003 0.44117686562499997 0.308823834375 0.44669104531250003 0.306985103125 0.44669104531250003 0.3051470203125 0.4485291046875 0.3033089375 0.4485291046875 0.2959559578125 0.45588208906250005 0.2959559578125 0.5422791046875 0.3033089375 0.5496320890625 0.3051470203125 0.5496320890625 0.31066191718749997 0.555147015625 0.3125 0.555147015625 0.31433808281250003 0.5569850749999999 0.318014896875 0.5569850749999999 0.32536787500000003 0.564338059375 0.3272059578125 0.564338059375 0.3345589375 0.5716910453125 0.340073834375 0.5716910453125 0.3474268140625 0.5790440296875 0.349264896875 0.5790440296875 0.35661787500000003 0.586397015625 0.369485103125 0.586397015625 0.37683808281250003 0.5790440296875 0.3786768140625 0.5790440296875 0.380514896875 0.5772059703125 0.380514896875 0.5753679109375 0.3823529796875 0.5735291046875 0.3841910625 0.5735291046875 0.3860291453125 0.5716910453125 0.3915440421875 0.5716910453125 0.3988970203125 0.564338059375 0.400735103125 0.564338059375 0.40257383437499994 0.5625 0.40257383437499994 0.560661940625 0.40625 0.5569850749999999 0.40808808281250003 0.5569850749999999 0.4099268140625 0.555147015625 0.4099268140625 0.53125 0.411764896875 0.529411940625 0.411764896875 0.52757388125 0.41544106249999996 0.523897015625 0.41544106249999996 0.5220589546875 0.4172791453125 0.5202208953125 0.4172791453125 0.5183820890625 0.424632125 0.5110291046875 0.424632125 0.5091910453125 0.42830893750000004 0.5055149250000001 0.42830893750000004 0.45588208906250005 0.4209559578125 0.4485291046875 0.419117875 0.4485291046875 0.4172791453125 0.44669104531250003 0.41544106249999996 0.44669104531250003 0.411764896875 0.44301492500000006 0.4099268140625 0.44301492500000006 0.40808808281250003 0.44117686562499997 0.40625 0.44117686562499997 0.3988970203125 0.43382388125000004 0.3970589375 0.43382388125000004 0.3952208546875 0.43198507499999994 0.39338212499999997 0.43198507499999994 0.38786787500000003 0.4264708953125 0.3860291453125 0.4264708953125 0.37683808281250003 0.4172791046875 0.375 0.4172791046875 0.371323834375 0.41360298437500004 0.3529410625 0.41360298437500004 0.3529410625 0.41544104531250003 0.3511029796875 0.4172791046875 0.349264896875 0.4172791046875 0.340073834375 0.4264708953125
17 0.474264896875 0.4264708953125 0.46691191718749997 0.43382388125000004 0.46507383437499994 0.43382388125000004 0.463235103125 0.435661940625 0.463235103125 0.4375 0.45955893750000004 0.44117686562499997 0.4522059578125 0.44117686562499997 0.44485297968750004 0.4485291046875 0.443014896875 0.4485291046875 0.4411768140625 0.45036791093749995 0.4411768140625 0.5110291046875 0.443014896875 0.5128679109375 0.44485297968750004 0.5128679109375 0.4485291453125 0.5165440296875 0.4485291453125 0.5202208953125 0.4540440421875 0.5257350749999999 0.4540440421875 0.52757388125 0.455882125 0.529411940625 0.455882125 0.5533089546875 0.463235103125 0.560661940625 0.463235103125 0.5625 0.46507383437499994 0.564338059375 0.46875 0.564338059375 0.47058808281250003 0.5661768656249999 0.4724268140625 0.5661768656249999 0.47794106249999996 0.5716910453125 0.481617875 0.5716910453125 0.4889708546875 0.5790440296875 0.49080893750000004 0.5790440296875 0.49264702031249996 0.5808820890625 0.494485103125 0.5808820890625 0.49816191718749997 0.5845589546875 0.512867875 0.5845589546875 0.5165440421875 0.5808820890625 0.518382125 0.5808820890625 0.5202208546875 0.5790440296875 0.5238970203125 0.5790440296875 0.53125 0.5716910453125 0.5330880828125 0.5716910453125 0.5349268140625 0.569852984375 0.5367648968750001 0.569852984375 0.5367648968750001 0.5680149250000001 0.5386029796875 0.5661768656249999 0.5422791453125 0.5661768656249999 0.544117875 0.564338059375 0.5477940421875 0.564338059375 0.549632125 0.5625 0.549632125 0.55882388125 0.5514708546875 0.5569850749999999 0.5514708546875 0.555147015625 0.5551470203125 0.5514708953125 0.5551470203125 0.5477940296875 0.5569851031249999 0.5459559703125 0.5569851031249999 0.523897015625 0.5606619171875 0.5202208953125 0.5625 0.5202208953125 0.5643380828125 0.5183820890625 0.5643380828125 0.5165440296875 0.5680148968750001 0.5128679109375 0.5698529796875 0.5128679109375 0.5698529796875 0.45036791093749995 0.5680148968750001 0.4485291046875 0.5661768140625 0.4485291046875 0.5606619171875 0.44301492500000006 0.5588238343749999 0.44301492500000006 0.5569851031249999 0.44117686562499997 0.5533089375 0.44117686562499997 0.549632125 0.4375 0.549632125 0.435661940625 0.5477940421875 0.43382388125000004 0.5459559578125 0.43382388125000004 0.5386029796875 0.4264708953125 0.5330880828125 0.4264708953125 0.5257351031249999 0.41911791093749995 0.5220589375 0.41911791093749995 0.5202208546875 0.4172791046875 0.518382125 0.4172791046875 0.5165440421875 0.41544104531250003 0.49264702031249996 0.41544104531250003 0.4889708546875 0.41911791093749995 0.487132125 0.41911791093749995 0.4797791453125 0.4264708953125 0.474264896875 0.4264708953125
37 0.40441191718749997 0.5716910453125 0.40257383437499994 0.5735291046875 0.3988970203125 0.5735291046875 0.3915440421875 0.5808820890625 0.3860291453125 0.5808820890625 0.3841910625 0.5827208953125 0.3823529796875 0.5827208953125 0.3823529796875 0.5845589546875 0.3786768140625 0.5882350749999999 0.37683808281250003 0.5882350749999999 0.371323834375 0.59375 0.369485103125 0.59375 0.369485103125 0.689338059375 0.371323834375 0.689338059375 0.3786768140625 0.6966910453125 0.3841910625 0.6966910453125 0.3915440421875 0.7040440296875 0.39338212499999997 0.7040440296875 0.400735103125 0.711397015625 0.40625 0.711397015625 0.41360297968750004 0.71875 0.41544106249999996 0.71875 0.4227940421875 0.726102984375 0.4264708546875 0.726102984375 0.42830893750000004 0.7279410453125 0.4411768140625 0.7279410453125 0.443014896875 0.726102984375 0.44485297968750004 0.726102984375 0.44669106249999996 0.7242649250000001 0.44669106249999996 0.7224268656249999 0.450367875 0.71875 0.4540440421875 0.71875 0.455882125 0.716911940625 0.4577208546875 0.716911940625 0.463235103125 0.711397015625 0.46691191718749997 0.711397015625 0.46875 0.7095589546875 0.46875 0.7077208953125 0.4724268140625 0.7040440296875 0.47794106249999996 0.7040440296875 0.4797791453125 0.7022059703125 0.481617875 0.7022059703125 0.487132125 0.6966910453125 0.4889708546875 0.6966910453125 0.49080893750000004 0.694852984375 0.49080893750000004 0.6930149250000001 0.494485103125 0.689338059375 0.49632383437499994 0.689338059375 0.49816191718749997 0.6875 0.49816191718749997 0.5974268656249999 0.4889708546875 0.5882350749999999 0.487132125 0.5882350749999999 0.481617875 0.5827208953125 0.4797791453125 0.5827208953125 0.47794106249999996 0.5808820890625 0.4724268140625 0.5808820890625 0.46875 0.5772059703125 0.46875 0.5753679109375 0.46691191718749997 0.5735291046875 0.46507383437499994 0.5735291046875 0.463235103125 0.5716910453125 0.46139702031249996 0.5716910453125 0.4577208546875 0.5680149250000001 0.455882125 0.5680149250000001 0.4540440421875 0.5661768656249999 0.41360297968750004 0.5661768656249999 0.411764896875 0.5680149250000001 0.4099268140625 0.5680149250000001 0.40625 0.5716910453125 0.40441191718749997 0.5716910453125
37 0.20036787500000003 0.41911791093749995 0.19852914531250002 0.4209559703125 0.19669106249999999 0.4209559703125 0.193014896875 0.42463208906250005 0.191176165625 0.42463208906250005 0.1893380828125 0.4264708953125 0.1856619171875 0.4264708953125 0.183823834375 0.42830895468749997 0.183823834375 0.43014701562499996 0.18014702031250002 0.43382388125000004 0.17830893750000001 0.43382388125000004 0.1709559578125 0.44117686562499997 0.16544106249999999 0.44117686562499997 0.16360297968749998 0.44301492500000006 0.161764896875 0.44301492500000006 0.161764896875 0.44485298437500004 0.1580880828125 0.4485291046875 0.1544119171875 0.4485291046875 0.152573834375 0.45036791093749995 0.152573834375 0.5459559703125 0.15625 0.5496320890625 0.159926165625 0.5496320890625 0.16544106249999999 0.555147015625 0.16727914531250002 0.555147015625 0.169117875 0.5569850749999999 0.1727940421875 0.5569850749999999 0.17647085468749998 0.560661940625 0.17647085468749998 0.5625 0.17830893750000001 0.564338059375 0.18014702031250002 0.564338059375 0.183823834375 0.5680149250000001 0.183823834375 0.569852984375 0.1856619171875 0.5716910453125 0.19485297968749998 0.5716910453125 0.19852914531250002 0.5753679109375 0.19852914531250002 0.5772059703125 0.20036787500000003 0.5790440296875 0.2022059578125 0.5790440296875 0.2077208546875 0.5845589546875 0.2095589375 0.5845589546875 0.21139702031250002 0.586397015625 0.224264896875 0.586397015625 0.22610297968749998 0.5845589546875 0.2279410625 0.5845589546875 0.2279410625 0.5827208953125 0.2297791453125 0.5808820890625 0.23161787500000003 0.5808820890625 0.2334559578125 0.5790440296875 0.23713212499999997 0.5790440296875 0.244485103125 0.5716910453125 0.246323834375 0.5716910453125 0.24816191718749997 0.569852984375 0.25 0.569852984375 0.253676165625 0.5661768656249999 0.255514896875 0.5661768656249999 0.2573529796875 0.564338059375 0.2610291453125 0.564338059375 0.26286787500000003 0.5625 0.26286787500000003 0.560661940625 0.2665440421875 0.5569850749999999 0.26838212499999997 0.5569850749999999 0.2702208546875 0.555147015625 0.2720589375 0.555147015625 0.275735103125 0.5514708953125 0.277573834375 0.5514708953125 0.27941191718749997 0.5496320890625 0.28308808281250003 0.5496320890625 0.284926165625 0.5477940296875 0.284926165625 0.49448507499999994 0.286764896875 0.49264701562499996 0.286764896875 0.45588208906250005 0.284926165625 0.4540440296875 0.284926165625 0.4522059703125 0.28125 0.4485291046875 0.275735103125 0.4485291046875 0.26838212499999997 0.44117686562499997 0.2665440421875 0.44117686562499997 0.26286787500000003 0.4375 0.26286787500000003 0.435661940625 0.2610291453125 0.43382388125000004 0.2573529796875 0.43382388125000004 0.255514896875 0.43198507499999994 0.253676165625 0.43198507499999994 0.24816191718749997 0.4264708953125 0.244485103125 0.4264708953125 0.2408089375 0.4227940296875 0.2408089375 0.4209559703125 0.2389708546875 0.41911791093749995 0.23713212499999997 0.41911791093749995 0.2352940421875 0.4172791046875 0.2334559578125 0.4172791046875 0.23161787500000003 0.41544104531250003 0.23161787500000003 0.41360298437500004 0.2297791453125 0.41360298437500004 0.2279410625 0.41176492500000006 0.2077208546875 0.41176492500000006 0.20588212499999997 0.41360298437500004 0.20588212499999997 0.41544104531250003 0.2022059578125 0.41911791093749995 0.20036787500000003 0.41911791093749995
6 0.34191191718749997 0.1378679109375 0.340073834375 0.1378679109375 0.338235103125 0.1397059703125 0.3345589375 0.1397059703125 0.3272059578125 0.14705895468750002 0.32536787500000003 0.14705895468750002 0.3235291453125 0.148897015625 0.3235291453125 0.150735075 0.3198529796875 0.15441194062500002 0.318014896875 0.15441194062500002 0.31066191718749997 0.161764925 0.3051470203125 0.161764925 0.3033089375 0.163602984375 0.3014708546875 0.163602984375 0.29963212499999997 0.16544104531249998 0.2977940421875 0.16544104531249998 0.2959559578125 0.1672791046875 0.2959559578125 0.251838059375 0.29963212499999997 0.255514925 0.29963212499999997 0.257352984375 0.3014708546875 0.25919104531250003 0.3014708546875 0.2610291046875 0.3033089375 0.2628679109375 0.3051470203125 0.2628679109375 0.306985103125 0.2647059703125 0.308823834375 0.2647059703125 0.3125 0.2683820890625 0.31433808281250003 0.2683820890625 0.316176165625 0.2702208953125 0.318014896875 0.2702208953125 0.3198529796875 0.27205895468749997 0.3216910625 0.27205895468749997 0.3235291453125 0.273897015625 0.3235291453125 0.275735075 0.32536787500000003 0.27757388125000004 0.3290440421875 0.27757388125000004 0.33088212499999997 0.279411940625 0.3327208546875 0.279411940625 0.3363970203125 0.283088059375 0.338235103125 0.283088059375 0.340073834375 0.28492611874999996 0.34191191718749997 0.28492611874999996 0.34375 0.283088059375 0.34375 0.28125 0.34558808281250003 0.279411940625 0.3474268140625 0.279411940625 0.349264896875 0.27757388125000004 0.3511029796875 0.27757388125000004 0.3529410625 0.275735075 0.3547791453125 0.275735075 0.3584559578125 0.27205895468749997 0.3602940421875 0.27205895468749997 0.36213212499999997 0.2702208953125 0.3639708546875 0.2702208953125 0.3676470203125 0.273897015625 0.3676470203125 0.275735075 0.369485103125 0.27757388125000004 0.371323834375 0.27757388125000004 0.37316191718749997 0.279411940625 0.375 0.279411940625 0.3786768140625 0.283088059375 0.380514896875 0.283088059375 0.3823529796875 0.28492611874999996 0.3915440421875 0.28492611874999996 0.3988970203125 0.27757388125000004 0.400735103125 0.27757388125000004 0.40625 0.27205895468749997 0.40808808281250003 0.27205895468749997 0.4099268140625 0.2702208953125 0.41360297968750004 0.2702208953125 0.41544106249999996 0.2683820890625 0.4172791453125 0.2683820890625 0.4172791453125 0.2665440296875 0.4209559578125 0.2628679109375 0.4227940421875 0.2628679109375 0.424632125 0.2610291046875 0.424632125 0.25919104531250003 0.4264708546875 0.257352984375 0.4264708546875 0.25367611874999996 0.42830893750000004 0.251838059375 0.42830893750000004 0.1727940296875 0.4264708546875 0.1709559703125 0.4264708546875 0.1691179109375 0.424632125 0.1672791046875 0.424632125 0.16544104531249998 0.4209559578125 0.161764925 0.419117875 0.161764925 0.4172791453125 0.15992611875 0.41544106249999996 0.15992611875 0.4099268140625 0.15441194062500002 0.40625 0.15441194062500002 0.40257383437499994 0.150735075 0.40257383437499994 0.148897015625 0.400735103125 0.14705895468750002 0.3988970203125 0.14705895468750002 0.3970589375 0.1452208953125 0.3952208546875 0.1452208953125 0.3897059578125 0.1397059703125 0.3860291453125 0.1397059703125 0.3786768140625 0.132352984375 0.37683808281250003 0.132352984375 0.371323834375 0.12683805937499998 0.3529410625 0.12683805937499998 0.3529410625 0.12867611875 0.349264896875 0.132352984375 0.3474268140625 0.132352984375 0.34191191718749997 0.1378679109375
36 0.411764896875 0.28125 0.411764896875 0.283088059375 0.40808808281250003 0.286764925 0.40625 0.286764925 0.3897059578125 0.30330895468749997 0.3897059578125 0.306985075 0.38786787500000003 0.30882388125000004 0.38786787500000003 0.3125 0.3823529796875 0.318014925 0.3823529796875 0.319852984375 0.3786768140625 0.3235291046875 0.37683808281250003 0.3235291046875 0.375 0.3253679109375 0.37316191718749997 0.3253679109375 0.371323834375 0.3272059703125 0.371323834375 0.40257388125000004 0.375 0.40257388125000004 0.37683808281250003 0.404411940625 0.3786768140625 0.404411940625 0.3841910625 0.40992686562499997 0.3860291453125 0.40992686562499997 0.39338212499999997 0.4172791046875 0.3988970203125 0.4172791046875 0.400735103125 0.41911791093749995 0.40257383437499994 0.41911791093749995 0.40441191718749997 0.4209559703125 0.40441191718749997 0.4227940296875 0.40625 0.4227940296875 0.40808808281250003 0.42463208906250005 0.4099268140625 0.42463208906250005 0.4172791453125 0.43198507499999994 0.4522059578125 0.43198507499999994 0.4540440421875 0.43014701562499996 0.4540440421875 0.42830895468749997 0.4577208546875 0.42463208906250005 0.46507383437499994 0.42463208906250005 0.47058808281250003 0.41911791093749995 0.4724268140625 0.41911791093749995 0.4797791453125 0.41176492500000006 0.481617875 0.41176492500000006 0.4834559578125 0.40992686562499997 0.4889708546875 0.40992686562499997 0.49816191718749997 0.40073507499999994 0.49816191718749997 0.310661940625 0.49632383437499994 0.30882388125000004 0.494485103125 0.30882388125000004 0.49080893750000004 0.305147015625 0.49080893750000004 0.30330895468749997 0.4889708546875 0.3014708953125 0.487132125 0.3014708953125 0.4852940421875 0.2996320890625 0.4834559578125 0.2996320890625 0.4797791453125 0.2959559703125 0.47794106249999996 0.2959559703125 0.47610297968750004 0.2941179109375 0.4724268140625 0.2941179109375 0.46875 0.29044104531250003 0.46875 0.288602984375 0.46691191718749997 0.286764925 0.463235103125 0.286764925 0.46139702031249996 0.28492611874999996 0.45955893750000004 0.28492611874999996 0.4540440421875 0.279411940625 0.450367875 0.279411940625 0.44669106249999996 0.275735075 0.44669106249999996 0.273897015625 0.419117875 0.273897015625 0.419117875 0.275735075 0.41544106249999996 0.279411940625 0.41360297968750004 0.279411940625 0.411764896875 0.28125
37 0.340073834375 0.7132350749999999 0.3345589375 0.7132350749999999 0.3327208546875 0.71507388125 0.33088212499999997 0.71507388125 0.33088212499999997 0.716911940625 0.3272059578125 0.720588059375 0.3235291453125 0.720588059375 0.3216910625 0.7224268656249999 0.3198529796875 0.7224268656249999 0.31433808281250003 0.7279410453125 0.31066191718749997 0.7279410453125 0.3033089375 0.7352940296875 0.2977940421875 0.7352940296875 0.2959559578125 0.7371320890625 0.2959559578125 0.8308820890625 0.29963212499999997 0.8345589546875001 0.3014708546875 0.8345589546875001 0.3033089375 0.836397015625 0.3051470203125 0.836397015625 0.3125 0.84375 0.316176165625 0.84375 0.318014896875 0.845588059375 0.3198529796875 0.845588059375 0.3216910625 0.847426865625 0.3216910625 0.849264925 0.3235291453125 0.849264925 0.32536787500000003 0.851102984375 0.3272059578125 0.851102984375 0.3345589375 0.8584559703125001 0.340073834375 0.8584559703125001 0.34191191718749997 0.8602940296874999 0.34375 0.8602940296874999 0.34558808281250003 0.8621320890625 0.34558808281250003 0.8639708953125 0.3474268140625 0.8639708953125 0.3547791453125 0.87132388125 0.371323834375 0.87132388125 0.371323834375 0.869485075 0.37316191718749997 0.867647015625 0.375 0.867647015625 0.37683808281250003 0.8658089546875001 0.3786768140625 0.8658089546875001 0.380514896875 0.8639708953125 0.380514896875 0.8621320890625 0.3841910625 0.8584559703125001 0.38786787500000003 0.8584559703125001 0.3897059578125 0.8566179109375 0.3915440421875 0.8566179109375 0.3952208546875 0.8529410453124999 0.3970589375 0.8529410453124999 0.3988970203125 0.851102984375 0.400735103125 0.851102984375 0.40257383437499994 0.849264925 0.40257383437499994 0.847426865625 0.40625 0.84375 0.41360297968750004 0.84375 0.4209559578125 0.836397015625 0.4227940421875 0.836397015625 0.424632125 0.8345589546875001 0.424632125 0.8327208953125 0.43014702031249996 0.8272059703125001 0.43014702031249996 0.7444850749999999 0.424632125 0.7389708953125 0.424632125 0.7371320890625 0.4227940421875 0.7352940296875 0.419117875 0.7352940296875 0.41360297968750004 0.7297791046875 0.411764896875 0.7297791046875 0.4099268140625 0.7279410453125 0.40808808281250003 0.7279410453125 0.400735103125 0.720588059375 0.3988970203125 0.720588059375 0.3915440421875 0.7132350749999999 0.3860291453125 0.7132350749999999 0.3786768140625 0.7058820890625 0.37683808281250003 0.7058820890625 0.371323834375 0.7003679109375 0.3529410625 0.7003679109375 0.3474268140625 0.7058820890625 0.34558808281250003 0.7058820890625 0.34558808281250003 0.7077208953125 0.340073834375 0.7132350749999999
34 0.41923445625 0.5165440296875 0.41923445625 0.5183820890625 0.41555829062500005 0.5220589546875 0.41371955937499993 0.5220589546875 0.41371955937499993 0.5569850749999999 0.41555829062500005 0.5569850749999999 0.41923445625 0.560661940625 0.41923445625 0.5625 0.4210725390625 0.564338059375 0.44496955937499993 0.564338059375 0.454160621875 0.555147015625 0.454160621875 0.523897015625 0.4523225390625 0.5220589546875 0.45048445625 0.5220589546875 0.44680829062500005 0.5183820890625 0.44680829062500005 0.5165440296875 0.44496955937499993 0.5147059703125 0.4431314765625 0.5147059703125 0.4394553109375 0.5110291046875 0.4394553109375 0.5091910453125 0.42658743593750004 0.5091910453125 0.42658743593750004 0.5110291046875 0.422910621875 0.5147059703125 0.4210725390625 0.5147059703125 0.41923445625 0.5165440296875
36 0.6247972796875 0.42463208906250005 0.622959196875 0.4264708953125 0.6211211140625 0.4264708953125 0.613768134375 0.43382388125000004 0.6119300515625 0.43382388125000004 0.61009196875 0.435661940625 0.61009196875 0.4375 0.6082532390625001 0.439338059375 0.6064151546875001 0.439338059375 0.604577071875 0.44117686562499997 0.6027389890625 0.44117686562499997 0.600900259375 0.44301492500000006 0.5990621765624999 0.44301492500000006 0.59722409375 0.44485298437500004 0.59722409375 0.44669104531250003 0.5935472796875 0.45036791093749995 0.5935472796875 0.4522059703125 0.591709196875 0.4540440296875 0.5898711140625 0.4540440296875 0.58803303125 0.45588208906250005 0.5861949484375 0.45588208906250005 0.5861949484375 0.5110291046875 0.58803303125 0.5128679109375 0.58803303125 0.5183820890625 0.5898711140625 0.5202208953125 0.591709196875 0.5202208953125 0.5953860109375 0.523897015625 0.5953860109375 0.529411940625 0.59722409375 0.53125 0.59722409375 0.533088059375 0.600900259375 0.5367649250000001 0.600900259375 0.538602984375 0.6027389890625 0.5404410453125 0.6027389890625 0.555147015625 0.604577071875 0.5569850749999999 0.6064151546875001 0.5569850749999999 0.61009196875 0.560661940625 0.61009196875 0.5625 0.6119300515625 0.564338059375 0.6156062171875 0.564338059375 0.6174449484375 0.5661768656249999 0.61928303125 0.5661768656249999 0.622959196875 0.569852984375 0.6247972796875 0.569852984375 0.6266360109375 0.5716910453125 0.62847409375 0.5716910453125 0.6339889890625 0.5772059703125 0.6634009062499999 0.5772059703125 0.6689151546875001 0.5716910453125 0.6707532390625001 0.5716910453125 0.676268134375 0.5661768656249999 0.6781062171875 0.5661768656249999 0.6799449484375 0.564338059375 0.6836211140625 0.564338059375 0.685459196875 0.5625 0.6872972796875 0.5625 0.6928121765624999 0.5569850749999999 0.6964889890625 0.5569850749999999 0.698327071875 0.555147015625 0.7001651546875001 0.555147015625 0.7056800515625 0.5496320890625 0.7093562171875 0.5496320890625 0.7111949484375 0.5477940296875 0.7111949484375 0.5110291046875 0.71303303125 0.5091910453125 0.71303303125 0.45588208906250005 0.7111949484375 0.45588208906250005 0.70384196875 0.4485291046875 0.7020032390625001 0.4485291046875 0.6928121765624999 0.439338059375 0.69097409375 0.439338059375 0.6891360109375 0.4375 0.6891360109375 0.435661940625 0.6872972796875 0.43382388125000004 0.685459196875 0.43382388125000004 0.6781062171875 0.4264708953125 0.67259196875 0.4264708953125 0.6615621765624999 0.41544104531250003 0.6339889890625 0.41544104531250003 0.632150259375 0.4172791046875 0.632150259375 0.41911791093749995 0.6266360109375 0.42463208906250005 0.6247972796875 0.42463208906250005
37 0.2738970203125 0.560661940625 0.2738970203125 0.5625 0.2720589375 0.564338059375 0.2702208546875 0.564338059375 0.26838212499999997 0.5661768656249999 0.2665440421875 0.5661768656249999 0.2591910625 0.5735291046875 0.2573529796875 0.5735291046875 0.255514896875 0.5753679109375 0.253676165625 0.5753679109375 0.24816191718749997 0.5808820890625 0.244485103125 0.5808820890625 0.24264702031250002 0.5827208953125 0.24264702031250002 0.5845589546875 0.2408089375 0.586397015625 0.2389708546875 0.586397015625 0.23713212499999997 0.5882350749999999 0.2334559578125 0.5882350749999999 0.23161787500000003 0.59007388125 0.2297791453125 0.59007388125 0.2297791453125 0.591911940625 0.2279410625 0.59375 0.22610297968749998 0.59375 0.224264896875 0.595588059375 0.224264896875 0.685661940625 0.2279410625 0.689338059375 0.2297791453125 0.689338059375 0.23713212499999997 0.6966910453125 0.2389708546875 0.6966910453125 0.24264702031250002 0.7003679109375 0.24264702031250002 0.7022059703125 0.244485103125 0.7040440296875 0.25183808281250003 0.7040440296875 0.2591910625 0.711397015625 0.2610291453125 0.711397015625 0.26838212499999997 0.71875 0.2738970203125 0.71875 0.28125 0.726102984375 0.28308808281250003 0.726102984375 0.284926165625 0.7279410453125 0.29411787500000003 0.7279410453125 0.2959559578125 0.726102984375 0.2977940421875 0.726102984375 0.29963212499999997 0.7242649250000001 0.3014708546875 0.7242649250000001 0.306985103125 0.71875 0.31066191718749997 0.71875 0.318014896875 0.711397015625 0.3216910625 0.711397015625 0.3235291453125 0.7095589546875 0.3272059578125 0.7095589546875 0.3272059578125 0.7077208953125 0.3290440421875 0.7058820890625 0.33088212499999997 0.7058820890625 0.3327208546875 0.7040440296875 0.3345589375 0.7040440296875 0.340073834375 0.6985291046875 0.34191191718749997 0.6985291046875 0.34375 0.6966910453125 0.3474268140625 0.6966910453125 0.3547791453125 0.689338059375 0.35661787500000003 0.689338059375 0.3584559578125 0.6875 0.3584559578125 0.5974268656249999 0.349264896875 0.5882350749999999 0.3474268140625 0.5882350749999999 0.340073834375 0.5808820890625 0.3345589375 0.5808820890625 0.3272059578125 0.5735291046875 0.32536787500000003 0.5735291046875 0.318014896875 0.5661768656249999 0.3125 0.5661768656249999 0.3051470203125 0.55882388125 0.3014708546875 0.55882388125 0.29963212499999997 0.5569850749999999 0.28308808281250003 0.5569850749999999 0.28125 0.55882388125 0.277573834375 0.55882388125 0.275735103125 0.560661940625 0.2738970203125 0.560661940625
31 0.5625 0.5202208953125 0.5606619171875 0.5202208953125 0.5606619171875 0.5220589546875 0.5588238343749999 0.523897015625 0.5588238343749999 0.5257350749999999 0.5551470203125 0.529411940625 0.5551470203125 0.5569850749999999 0.5588238343749999 0.560661940625 0.5588238343749999 0.5625 0.5606619171875 0.564338059375 0.5919119171875 0.564338059375 0.59375 0.5625 0.59375 0.560661940625 0.5974268140625 0.5569850749999999 0.5992648968750001 0.5569850749999999 0.5992648968750001 0.53125 0.59375 0.5257350749999999 0.59375 0.523897015625 0.5863970203125 0.5165440296875 0.5863970203125 0.5091910453125 0.5735291453125 0.5091910453125 0.5661768140625 0.5165440296875 0.5643380828125 0.5165440296875 0.5643380828125 0.5183820890625 0.5625 0.5202208953125
7 0.46139702031249996 0.6433820890625 0.40808808281250003 0.6433820890625 0.40808808281250003 0.7040440296875 0.45955893750000004 0.7040440296875 0.46139702031249996 0.7022059703125 0.46139702031249996 0.6433820890625
13 0.674632125 0.555147015625 0.674632125 0.5 0.625 0.5 0.625 0.55882388125 0.6286768140625 0.5625 0.6672791453125 0.5625 0.674632125 0.555147015625
17 0.44041450781249997 0.17089552187499998 0.43911917031250003 0.24850746250000003 0.4397668390625 0.25522388125 0.44430051875 0.2626865671875 0.4617875640625 0.272388059375 0.48316062187500003 0.2895522390625 0.49740932656250003 0.29626865625 0.5045336781249999 0.30223880625 0.5084196890625 0.30223880625 0.5414507765625001 0.278358209375 0.5705958546875001 0.2611940296875 0.572538859375 0.2582089546875 0.573186528125 0.24104477656249998 0.5712435234375 0.17238805937499999 0.5602331609375 0.16119402968750002 0.54404145 0.15223880625 0.538860103125 0.147014925 0.5155440421875 0.1350746265625 0.5071243515625 0.126865671875 0.5045336781249999 0.126865671875 0.4889896375 0.1395522390625 0.483808290625 0.1395522390625 0.447538859375 0.1634328359375 0.44041450781249997 0.17089552187499998
17 0.5822538859375 0.7649253734375 0.584196890625 0.7820895515624999 0.584196890625 0.7895522390624999 0.5822538859375 0.7925373140625 0.5822538859375 0.8291044781249999 0.584844559375 0.8335820890625 0.5945595859374999 0.8380597015625 0.6055699484375 0.84776119375 0.6152849734375 0.8514925375000001 0.64766839375 0.874626865625 0.664507771875 0.8664179109375001 0.7163212437500001 0.8291044781249999 0.71502590625 0.7410447765625 0.7046632125000001 0.7358208953125 0.6515544046875 0.69776119375 0.647020725 0.69776119375 0.5829015546874999 0.7417910453125 0.5822538859375 0.75 0.585492228125 0.75597015 0.5822538859375 0.7649253734375
36 0.5822538859375 0.17462686562500002 0.584844559375 0.1820895515625 0.585492228125 0.19402985 0.5835492234374999 0.20149253749999999 0.5835492234374999 0.25 0.584196890625 0.2574626859375 0.5880829015625 0.2619402984375 0.608160621875 0.276119403125 0.6230569953125 0.278358209375 0.625 0.2865671640625 0.6509067359375 0.3014925375 0.7027202078125 0.2649253734375 0.709844559375 0.2626865671875 0.7156735750000001 0.25522388125 0.7169689124999999 0.1850746265625 0.7137305703125 0.1671641796875 0.6496113984375 0.126865671875 0.6463730562500001 0.126865671875 0.6282383421875 0.1425373140625 0.6172279796875 0.147014925 0.584196890625 0.1686567171875 0.5822538859375 0.17462686562500002
36 0.44300518125000005 0.7813432828125 0.44041450781249997 0.7858208953125 0.4417098453125 0.8029850749999999 0.43911917031250003 0.8082089546875 0.44041450781249997 0.827611940625 0.4527202078125 0.8395522390625001 0.48121761718749995 0.8597014921874999 0.49805699531250003 0.8686567171874999 0.5025906734375 0.873134328125 0.5012953375 0.879850746875 0.5045336781249999 0.8828358203125 0.506476684375 0.879850746875 0.5051813468749999 0.8761194031249999 0.5142487046875 0.8679104484375 0.5479274609375 0.84776119375 0.5641191703125 0.8343283578125 0.5699481859375 0.8320895515625001 0.573186528125 0.827611940625 0.5718911921875 0.7425373140625 0.529145078125 0.7126865671875 0.5155440421875 0.70597015 0.5084196890625 0.69925373125 0.5045336781249999 0.69925373125 0.45531088124999997 0.7328358203125 0.4449481859375 0.7373134328125001 0.43911917031250003 0.74626865625 0.44300518125000005 0.7813432828125
9 0.483808290625 0.274626865625 0.49805699531250003 0.274626865625 0.5045336781249999 0.276865671875 0.5317357515625 0.273880596875 0.5336787562499999 0.270149253125 0.5330310875000001 0.2171641796875 0.527849740625 0.2134328359375 0.4967616578125 0.2126865671875 0.49352331562499996 0.2126865671875 0.48316062187500003 0.21417910468749998 0.4792746109375 0.219402984375 0.4799222796875 0.271641790625 0.483808290625 0.274626865625
11 0.5576424875 0.7044776125000001 0.6016839375 0.70373134375 0.6049222796875 0.7 0.6055699484375 0.69402985 0.6049222796875 0.647014925 0.6016839375 0.6425373140625 0.5984455953125 0.6417910453125 0.5757772015625 0.6410447765625 0.5712435234375 0.6410447765625 0.5550518140625 0.6425373140625 0.551813471875 0.64626865625 0.5505181343750001 0.69925373125 0.5576424875 0.7044776125000001
16 0.6955958546875001 0.7 0.7014248703125 0.7044776125000001 0.7448186531250001 0.702985075 0.7480569953125 0.69626865625 0.7487046625 0.673134328125 0.7480569953125 0.647014925 0.7461139890624999 0.64402985 0.7409326421875 0.6417910453125 0.7130829015625 0.64402985 0.70401554375 0.6417910453125 0.7027202078125 0.6417910453125 0.6962435234375 0.64402985 0.69430051875 0.647014925 0.69365285 0.6813432828125 0.6955958546875001 0.7
10 0.6994818656249999 0.4179104484375 0.7085492234374999 0.419402984375 0.7454663218750001 0.41716417968749997 0.7480569953125 0.4119402984375 0.7474093265625 0.3597014921875 0.7415803109375 0.35597015 0.71502590625 0.35597015 0.7113555703125 0.35597015 0.698186528125 0.3567164171875 0.6949481859375 0.3611940296875 0.6955958546875001 0.4141791046875 0.6994818656249999 0.4179104484375
16 0.19818652812499998 0.5611940296875 0.20854922343750001 0.5626865671875 0.244170984375 0.5604477609375 0.24676165781249998 0.5567164171875 0.2474093265625 0.5082089546875 0.245466321875 0.5014925375 0.23963730625 0.4985074625 0.20984455937500002 0.4985074625 0.20531088125000002 0.4985074625 0.19559585468750001 0.5 0.19300518125 0.5044776125 0.19300518125 0.5567164171875 0.19818652812499998 0.5611940296875
12 0.345207253125 0.5619402984375 0.38730570000000003 0.5604477609375 0.3905440421875 0.5544776125 0.39119170937500003 0.5373134328125 0.39119170937500003 0.5134328359375 0.3886010359375 0.5014925375 0.3827720203125 0.4985074625 0.34974093281249996 0.4985074625 0.34391191718749997 0.4985074625 0.3374352328125 0.5014925375 0.336139896875 0.5082089546875 0.3367875640625 0.5567164171875 0.345207253125 0.5619402984375
11 0.37240932656250003 0.8485074625 0.3886010359375 0.8447761187499999 0.39119170937500003 0.8253731343749999 0.3905440421875 0.7902985078125 0.38536269375 0.7843283578125 0.381974740625 0.7843283578125 0.34132124375 0.7843283578125 0.3380829015625 0.7865671640625 0.3380829015625 0.8455223875 0.37240932656250003 0.8485074625
25 0.5705958546875001 0.5089552234375 0.578367875 0.5074626859375 0.584844559375 0.5111940296874999 0.585492228125 0.4597014921875 0.57901554375 0.45298507499999996 0.5764248703125 0.45298507499999996 0.5712435234375 0.45597015 0.56865285 0.4611940296875 0.5699481859375 0.5067164171874999 0.5705958546875001 0.5089552234375
26 0.36463730625 0.40298507499999997 0.369818653125 0.39925373125 0.37111398906250004 0.39477611874999996 0.370466321875 0.330597015625 0.3607512953125 0.326865671875 0.35880829062499997 0.326865671875 0.3542746109375 0.329850746875 0.3542746109375 0.397014925 0.356865284375 0.40149253749999997 0.36463730625 0.40298507499999997
29 0.29468911875 0.20820895468749998 0.2972797921875 0.2134328359375 0.30699481875 0.2126865671875 0.3089378234375 0.2156716421875 0.3089378234375 0.223880596875 0.311528496875 0.22761194062499998 0.32448186562500003 0.229850746875 0.3316062171875 0.223134328125 0.33095854999999996 0.2171641796875 0.33354922343750004 0.21417910468749998 0.3419689125 0.2134328359375 0.345207253125 0.2104477609375 0.345207253125 0.20522388125000002 0.3329015546875 0.1902985078125 0.3316062171875 0.179850746875 0.3212435234375 0.171641790625 0.32059585468749996 0.17089552187499998 0.3082901546875 0.179850746875 0.3076424875 0.1888059703125 0.296632125 0.20149253749999999 0.29468911875 0.20820895468749998
33 0.419117875 0.5165440296875 0.419117875 0.5183820890625 0.41544106249999996 0.5220589546875 0.41360297968750004 0.5220589546875 0.41360297968750004 0.5569850749999999 0.41544106249999996 0.5569850749999999 0.419117875 0.560661940625 0.419117875 0.5625 0.4209559578125 0.564338059375 0.44485297968750004 0.564338059375 0.4540440421875 0.555147015625 0.4540440421875 0.523897015625 0.4522059578125 0.5220589546875 0.450367875 0.5220589546875 0.44669106249999996 0.5183820890625 0.44669106249999996 0.5165440296875 0.44485297968750004 0.5147059703125 0.443014896875 0.5147059703125 0.43933808281250003 0.5110291046875 0.43933808281250003 0.5091910453125 0.4264708546875 0.5091910453125 0.4264708546875 0.5110291046875 0.4227940421875 0.5147059703125 0.4209559578125 0.5147059703125 0.419117875 0.5165440296875
8 0.46139702031249996 0.3584559703125 0.40808808281250003 0.3584559703125 0.40808808281250003 0.4172791046875 0.45955893750000004 0.4172791046875 0.46139702031249996 0.41544104531250003 0.46139702031249996 0.3584559703125
7 0.31433808281250003 0.41360298437500004 0.316176165625 0.41176492500000006 0.316176165625 0.40992686562499997 0.3198529796875 0.40625 0.3198529796875 0.3621320890625 0.316176165625 0.3584559703125 0.2647059578125 0.3584559703125 0.2647059578125 0.4172791046875 0.3125 0.4172791046875 0.31433808281250003 0.41544104531250003 0.31433808281250003 0.41360298437500004
12 0.6011029796875 0.40257388125000004 0.6029410625 0.40073507499999994 0.6029410625 0.367647015625 0.6011029796875 0.36580895468749997 0.6011029796875 0.3566179109375 0.5514708546875 0.3566179109375 0.5514708546875 0.4172791046875 0.5992648968750001 0.4172791046875 0.6011029796875 0.41544104531250003 0.6011029796875 0.40257388125000004
14 0.5330880828125 0.5569850749999999 0.5330880828125 0.5 0.4797791453125 0.5 0.4797791453125 0.560661940625 0.5275738343749999 0.560661940625 0.53125 0.5569850749999999 0.5330880828125 0.5569850749999999
15 0.674632125 0.213235075 0.625 0.213235075 0.625 0.275735075 0.6727940421875 0.275735075 0.674632125 0.273897015625 0.674632125 0.213235075
15 0.8180148968750001 0.5569850749999999 0.8180148968750001 0.5 0.7665440421875 0.5 0.7665440421875 0.5569850749999999 0.7720589375 0.5625 0.8125 0.5625 0.8180148968750001 0.5569850749999999
8 0.31433808281250003 0.694852984375 0.316176165625 0.6930149250000001 0.316176165625 0.689338059375 0.318014896875 0.6875 0.318014896875 0.654411940625 0.316176165625 0.65257388125 0.316176165625 0.6470589546875 0.31433808281250003 0.6452208953125 0.31433808281250003 0.6433820890625 0.2665440421875 0.6433820890625 0.2665440421875 0.7040440296875 0.3125 0.7040440296875 0.31433808281250003 0.7022059703125 0.31433808281250003 0.694852984375
13 0.487132125 0.847426865625 0.5202208546875 0.847426865625 0.5220589375 0.845588059375 0.5238970203125 0.845588059375 0.5257351031249999 0.84375 0.5330880828125 0.84375 0.5330880828125 0.7849268656249999 0.481617875 0.7849268656249999 0.481617875 0.84375 0.4834559578125 0.845588059375 0.4852940421875 0.845588059375 0.487132125 0.847426865625
14 0.6305148968750001 0.845588059375 0.6323529796875 0.847426865625 0.6654410625 0.847426865625 0.669117875 0.84375 0.6727940421875 0.84375 0.674632125 0.841911940625 0.674632125 0.7867649250000001 0.6231619171875 0.7867649250000001 0.6231619171875 0.84375 0.6268380828125 0.84375 0.6286768140625 0.845588059375 0.6305148968750001 0.845588059375