0 0.5437503359375 0.2937503703125 0.5421872484375 0.2953125921875 0.5421872484375 0.2968748140625 0.5343751671875 0.30468740781250003 0.5187503359375001 0.30468740781250003 0.5156248328124999 0.301562221875 0.5125 0.301562221875 0.5109375843749999 0.30312518593750004 0.5093751671875 0.30312518593750004 0.501562415625 0.310937778125 0.5 0.310937778125 0.4968751671875 0.314062221875 0.4953127515625 0.314062221875 0.4953127515625 0.3171874078125 0.49375033593750006 0.3187503703125 0.49375033593750006 0.39687481406249997 0.4953127515625 0.39843777812500003 0.4953127515625 0.4 0.5062503359375 0.410937778125 0.5078127515624999 0.410937778125 0.5093751671875 0.4125 0.5109375843749999 0.4125 0.5156248328124999 0.41718740781249997 0.5203127515625 0.41718740781249997 0.525 0.42187481406250005 0.5265624156250001 0.42187481406250005 0.5281248328125 0.423437778125 0.5312503359375 0.423437778125 0.5328127515625 0.425 0.5343751671875 0.425 0.5359375843749999 0.426562221875 0.5359375843749999 0.4281251859375 0.5375 0.4281251859375 0.539062415625 0.4296874078125 0.5406248328125 0.4296874078125 0.5453127515625 0.4343748140625 0.548437584375 0.4343748140625 0.55 0.435937778125 0.5578127515625 0.435937778125 0.5593751671875 0.4375 0.560937584375 0.435937778125 0.5718751671875 0.435937778125 0.5734375843749999 0.4343748140625 0.575 0.4343748140625 0.576562415625 0.4328125921875 0.5781248328124999 0.4328125921875 0.5812503359375001 0.4296874078125 0.5843751671875 0.4296874078125 0.5890624156250001 0.425 0.5906248328125 0.425 0.5921872484375 0.423437778125 0.5953127515625 0.423437778125 0.5968751671875 0.42187481406250005 0.5984375843749999 0.42187481406250005 0.6031248328125 0.41718740781249997 0.6078127515625 0.41718740781249997 0.6093751671875001 0.4156251859375 0.610937584375 0.4156251859375 0.610937584375 0.41406222187499997 0.6125 0.4125 0.6140624156250001 0.4125 0.6156248328125 0.410937778125 0.6187503359375001 0.410937778125 0.6203127515625 0.40937481406250004 0.6218751671875 0.40937481406250004 0.6218751671875 0.40781259218750004 0.625 0.40468740781249996 0.625 0.3171874078125 0.623437584375 0.3156251859375 0.623437584375 0.3125 0.6218751671875 0.310937778125 0.6218751671875 0.3093748140625 0.6203127515625 0.3078125921875 0.6187503359375001 0.3078125921875 0.6171872484375001 0.3062503703125 0.6156248328125 0.3062503703125 0.6140624156250001 0.30468740781250003 0.6125 0.30468740781250003 0.610937584375 0.30312518593750004 0.6093751671875001 0.30312518593750004 0.6078127515625 0.301562221875 0.6031248328125 0.301562221875 0.601562415625 0.3 0.6 0.3 0.5953127515625 0.2953125921875 0.5937503359375 0.2953125921875 0.5921872484375 0.2937503703125 0.5890624156250001 0.2937503703125 0.5875 0.2921874078125 0.585937584375 0.2921874078125 0.5828127515625 0.28906222187499997 0.5812503359375001 0.29062518593750003 0.576562415625 0.29062518593750003 0.575 0.2921874078125 0.5687503359375 0.2921874078125 0.5671872484375 0.29062518593750003 0.564062415625 0.29062518593750003 0.5625 0.28906222187499997 0.560937584375 0.28906222187499997 0.5593751671875 0.2875 0.5546872484375001 0.2875 0.5531248328125 0.28906222187499997 0.548437584375 0.28906222187499997 0.5468751671875001 0.2875 0.5453127515625 0.28906222187499997 0.5453127515625 0.29062518593750003 0.5437503359375 0.2921874078125 0.5437503359375 0.2937503703125
37 0.7703127515625 0.4281251859375 0.7687503359375001 0.4296874078125 0.7625 0.4296874078125 0.7609375843749999 0.4312503703125 0.7562503359375 0.4312503703125 0.7546872484375 0.4328125921875 0.751562415625 0.4328125921875 0.7468751671875 0.4375 0.7453127515625 0.4375 0.7375 0.4453125921875 0.7375 0.45 0.735937584375 0.451562221875 0.735937584375 0.45312518593749995 0.7328127515625 0.45625037031250004 0.7328127515625 0.45781259218750003 0.7312503359375 0.4593748140625 0.7312503359375 0.46093777812500003 0.7234375843749999 0.46875037031250005 0.7203127515625 0.46875037031250005 0.7187503359375 0.47031259218750004 0.7187503359375 0.47187481406250004 0.7156248328125 0.475 0.7156248328125 0.548437778125 0.7187503359375 0.548437778125 0.7234375843749999 0.5531251859374999 0.725 0.5531251859374999 0.726562415625 0.5546874078124999 0.7296872484375 0.5546874078124999 0.7312503359375 0.5562503703125 0.7343751671875001 0.5562503703125 0.7390624156250001 0.560937778125 0.7421872484375001 0.560937778125 0.7437503359375001 0.5625 0.7453127515625 0.5625 0.748437584375 0.5656251859375 0.75 0.5656251859375 0.751562415625 0.5671874078125 0.7531248328125 0.5671874078125 0.7546872484375 0.5687503703125001 0.7562503359375 0.5687503703125001 0.7593751671875 0.5718748140625001 0.7609375843749999 0.5718748140625001 0.7625 0.573437778125 0.764062415625 0.573437778125 0.7656248328124999 0.575 0.7671872484375 0.575 0.7718751671875 0.5796874078124999 0.7765624156250001 0.5796874078124999 0.7781248328125 0.5812503703125 0.7796872484375 0.5812503703125 0.7812503359375 0.5828125921875 0.7828127515625 0.5828125921875 0.7843751671875 0.5843748140625 0.7875 0.5843748140625 0.789062415625 0.5828125921875 0.7906248328125 0.5828125921875 0.7921872484375 0.5812503703125 0.7937503359375 0.5812503703125 0.7953127515625 0.5796874078124999 0.798437584375 0.5796874078124999 0.8 0.5781251859375 0.8015624156250001 0.5781251859375 0.8046872484375 0.575 0.8062503359375001 0.575 0.8078127515625001 0.573437778125 0.8093751671874999 0.573437778125 0.810937584375 0.5718748140625001 0.8125 0.5718748140625001 0.8156248328125001 0.5687503703125001 0.8171872484374999 0.5687503703125001 0.8187503359375 0.5671874078125 0.8218751671875 0.5671874078125 0.8281248328125 0.560937778125 0.8296872484375 0.560937778125 0.8312503359375001 0.5593748140625 0.8328127515625001 0.5593748140625 0.835937584375 0.5562503703125 0.8375 0.5562503703125 0.8390624156250001 0.5546874078124999 0.8406248328125001 0.5546874078124999 0.8468751671874999 0.548437778125 0.8484375843749999 0.548437778125 0.85 0.5468748140625 0.851562415625 0.5468748140625 0.8531248328125001 0.5453125921875001 0.8531248328125001 0.5437503703125001 0.8546872484374999 0.5421874078125 0.8546872484374999 0.45312518593749995 0.851562415625 0.45 0.85 0.45 0.8453127515625001 0.4453125921875 0.8437503359375 0.4453125921875 0.8421872484374999 0.44375037031250003 0.8390624156250001 0.44375037031250003 0.8328127515625001 0.4375 0.8281248328125 0.4375 0.825 0.4343748140625 0.8234375843749999 0.4343748140625 0.8218751671875 0.4328125921875 0.8203127515625 0.4328125921875 0.8187503359375 0.4312503703125 0.8156248328125001 0.4312503703125 0.814062415625 0.4296874078125 0.8125 0.4296874078125 0.8093751671874999 0.426562221875 0.8015624156250001 0.426562221875 0.8 0.425 0.7968751671875001 0.425 0.7953127515625 0.423437778125 0.7937503359375 0.423437778125 0.7921872484375 0.42187481406250005 0.7906248328125 0.42187481406250005 0.789062415625 0.42031259218750006 0.7843751671875 0.42031259218750006 0.7781248328125 0.426562221875 0.775 0.426562221875 0.773437584375 0.4281251859375 0.7703127515625 0.4281251859375
35 0.3125 0.7125 0.310937584375 0.714062221875 0.3093751671875 0.714062221875 0.30156241562499997 0.7218748140625 0.3 0.7218748140625 0.2968751671875 0.725 0.2937503359375 0.725 0.2921872484375 0.726562221875 0.29062483281249996 0.726562221875 0.2875 0.7296874078125 0.285937584375 0.7296874078125 0.2843751671875 0.7312503703125001 0.2812503359375 0.7312503703125001 0.27968724843750004 0.7328125921875001 0.2781248328125 0.7328125921875001 0.275 0.735937778125 0.273437584375 0.735937778125 0.27187516718750004 0.7375 0.2703127515625 0.7375 0.2687503359375 0.739062221875 0.2687503359375 0.7406251859374999 0.2671872484375 0.7421874078124999 0.2671872484375 0.8328125921874999 0.2703127515625 0.835937778125 0.276562415625 0.835937778125 0.28281275156249996 0.8421874078125 0.2875 0.8421874078125 0.289062415625 0.8437503703125 0.29062483281249996 0.8437503703125 0.2953127515625 0.848437778125 0.298437584375 0.848437778125 0.30156241562499997 0.851562221875 0.30312483281249997 0.851562221875 0.3046872484375 0.8531251859375001 0.3062503359375 0.8531251859375001 0.3078127515625 0.8546874078125001 0.3093751671875 0.8546874078125001 0.310937584375 0.8562503703125 0.3125 0.8562503703125 0.3156248328125 0.8593748140624999 0.3171872484375 0.8593748140624999 0.3187503359375 0.860937778125 0.3203127515625 0.860937778125 0.325 0.8656251859375 0.326562415625 0.8656251859375 0.3281248328125 0.8671874078125 0.3296872484375 0.8671874078125 0.3312503359375 0.8687503703124999 0.3375 0.8687503703124999 0.339062415625 0.8671874078125 0.34218724843750004 0.8671874078125 0.3437503359375 0.8656251859375 0.34531275156249996 0.8656251859375 0.35 0.860937778125 0.351562415625 0.860937778125 0.35312483281249996 0.8593748140624999 0.3546872484375 0.8593748140624999 0.3593751671875 0.8546874078125001 0.360937584375 0.8546874078125001 0.3625 0.8531251859375001 0.36406241562499997 0.8531251859375001 0.3671872484375 0.85 0.3687503359375 0.85 0.3703127515625 0.848437778125 0.373437584375 0.848437778125 0.3781248328125 0.8437503703125 0.3796872484375 0.8437503703125 0.3812503359375 0.8421874078125 0.38437516718750003 0.8421874078125 0.389062415625 0.8375 0.3906248328125 0.8375 0.3921872484375 0.835937778125 0.3953127515625 0.835937778125 0.398437584375 0.8328125921874999 0.398437584375 0.8281251859375001 0.4 0.826562221875 0.398437584375 0.825 0.398437584375 0.8218748140625 0.4 0.8203125921875 0.4 0.75 0.398437584375 0.748437778125 0.398437584375 0.739062221875 0.39687516718750004 0.7375 0.3953127515625 0.7375 0.389062415625 0.7312503703125001 0.38437516718750003 0.7312503703125001 0.3828127515625 0.7296874078125 0.3812503359375 0.7296874078125 0.3796872484375 0.7281251859375 0.3796872484375 0.726562221875 0.3781248328125 0.725 0.3703127515625 0.725 0.36562483281249997 0.7203125921875 0.36406241562499997 0.7203125921875 0.3625 0.7187503703125 0.3593751671875 0.7187503703125 0.3578127515625 0.7171874078125 0.3562503359375 0.7171874078125 0.351562415625 0.7125 0.35 0.7125 0.348437584375 0.710937778125 0.3468751671875 0.710937778125 0.3437503359375 0.7078125921875 0.3203127515625 0.7078125921875 0.3171872484375 0.710937778125 0.3156248328125 0.710937778125 0.314062415625 0.7125 0.3125 0.7125
37 0.5968751671875 0.435937778125 0.5953127515625 0.4375 0.5937503359375 0.4375 0.5921872484375 0.439062221875 0.5906248328125 0.439062221875 0.5812503359375001 0.448437778125 0.5796872484375 0.448437778125 0.5781248328124999 0.45 0.575 0.45 0.5734375843749999 0.451562221875 0.5718751671875 0.451562221875 0.5703127515624999 0.45312518593749995 0.5703127515624999 0.45625037031250004 0.5687503359375 0.45781259218750003 0.5687503359375 0.46562518593749996 0.5703127515624999 0.46718740781249996 0.5703127515624999 0.47031259218750004 0.5718751671875 0.47031259218750004 0.5734375843749999 0.46875037031250005 0.575 0.46875037031250005 0.576562415625 0.46718740781249996 0.5781248328124999 0.46718740781249996 0.5796872484375 0.46562518593749996 0.5812503359375001 0.46562518593749996 0.5812503359375001 0.464062221875 0.5843751671875 0.46093777812500003 0.585937584375 0.4625 0.585937584375 0.464062221875 0.5875 0.464062221875 0.5890624156250001 0.46562518593749996 0.5953127515625 0.46562518593749996 0.6 0.47031259218750004 0.6 0.47187481406250004 0.601562415625 0.473437778125 0.601562415625 0.47656222187499997 0.6062503359375 0.48125037031250006 0.6062503359375 0.48437481406250005 0.610937584375 0.489062221875 0.610937584375 0.4906251859375 0.6093751671875001 0.4921874078125 0.6093751671875001 0.4937503703125 0.6078127515625 0.4953125921875 0.6078127515625 0.4968748140625 0.6062503359375 0.498437778125 0.6062503359375 0.501562221875 0.6046872484375 0.5031251859375 0.6046872484375 0.5046874078125 0.6031248328125 0.5062503703125001 0.601562415625 0.5062503703125001 0.6 0.5078125921875001 0.6 0.5093748140625001 0.5968751671875 0.5125 0.585937584375 0.5125 0.5843751671875 0.510937778125 0.5828127515625 0.510937778125 0.5812503359375001 0.5093748140625001 0.5796872484375 0.5093748140625001 0.576562415625 0.5062503703125001 0.5703127515624999 0.5062503703125001 0.5687503359375 0.5078125921875001 0.5687503359375 0.523437778125 0.5671872484375 0.525 0.5671872484375 0.5343748140625 0.5687503359375 0.535937778125 0.5687503359375 0.5421874078125 0.5703127515624999 0.5437503703125001 0.5703127515624999 0.5453125921875001 0.5718751671875 0.5468748140625 0.5734375843749999 0.5468748140625 0.576562415625 0.55 0.5781248328124999 0.55 0.5828127515625 0.5546874078124999 0.585937584375 0.5546874078124999 0.5875 0.5562503703125 0.5906248328125 0.5562503703125 0.5953127515625 0.560937778125 0.601562415625 0.560937778125 0.6031248328125 0.5625 0.6046872484375 0.5625 0.6062503359375 0.564062221875 0.6093751671875001 0.564062221875 0.610937584375 0.5625 0.6125 0.5625 0.6140624156250001 0.560937778125 0.6203127515625 0.560937778125 0.6218751671875 0.5593748140625 0.623437584375 0.5593748140625 0.625 0.5578125921875 0.626562415625 0.5578125921875 0.6281248328125 0.5562503703125 0.6312503359375 0.5562503703125 0.6328127515624999 0.5546874078124999 0.6359375843749999 0.5546874078124999 0.6375 0.5562503703125 0.6453127515625 0.5562503703125 0.648437584375 0.5593748140625 0.65 0.5593748140625 0.6515624156250001 0.560937778125 0.6562503359375 0.560937778125 0.6578127515625 0.5625 0.6593751671875 0.5625 0.6609375843749999 0.560937778125 0.6656248328125 0.560937778125 0.6703127515625 0.5562503703125 0.6718751671875001 0.5562503703125 0.673437584375 0.5546874078124999 0.6781248328125 0.5546874078124999 0.6796872484375001 0.5531251859374999 0.6828127515625 0.5531251859374999 0.685937584375 0.55 0.6875 0.55 0.689062415625 0.548437778125 0.6937503359375 0.548437778125 0.6953127515624999 0.5468748140625 0.6968751671875 0.5468748140625 0.701562415625 0.5421874078125 0.7031248328124999 0.5421874078125 0.7046872484375 0.5406251859375 0.7046872484375 0.47031259218750004 0.7031248328124999 0.46875037031250005 0.6968751671875 0.46875037031250005 0.6906248328125 0.4625 0.689062415625 0.4625 0.685937584375 0.4593748140625 0.685937584375 0.451562221875 0.6843751671875 0.45 0.6843751671875 0.448437778125 0.6828127515625 0.4468748140625 0.6828127515625 0.4453125921875 0.673437584375 0.435937778125 0.6718751671875001 0.435937778125 0.6687503359375 0.4328125921875 0.6671872484375 0.4328125921875 0.6656248328125 0.4312503703125 0.6625 0.4312503703125 0.6609375843749999 0.4296874078125 0.6593751671875 0.4296874078125 0.6578127515625 0.4281251859375 0.6546872484375 0.4281251859375 0.6531248328125 0.426562221875 0.636446309375 0.41405555625 0.6093751671875001 0.4328125921875 0.601562415625 0.4328125921875 0.5984375843749999 0.435937778125 0.5968751671875 0.435937778125
37 0.32187516718750003 0.12968740781250002 0.3203127515625 0.1312503703125 0.3171872484375 0.1312503703125 0.3156248328125 0.1328125921875 0.314062415625 0.1328125921875 0.3093751671875 0.1375 0.3078127515625 0.1375 0.3062503359375 0.139062221875 0.3046872484375 0.139062221875 0.30156241562499997 0.1421874078125 0.3 0.1421874078125 0.298437584375 0.1437503703125 0.2953127515625 0.1437503703125 0.289062415625 0.15 0.285937584375 0.15 0.2843751671875 0.15156222187499999 0.28281275156249996 0.15156222187499999 0.276562415625 0.1578125921875 0.275 0.1578125921875 0.275 0.1593748140625 0.273437584375 0.16093777812500001 0.27187516718750004 0.16093777812500001 0.2687503359375 0.164062221875 0.2687503359375 0.1656251859375 0.2671872484375 0.16718740781250002 0.2671872484375 0.2546874078125 0.2687503359375 0.2562503703125 0.2687503359375 0.25937481406249996 0.276562415625 0.2671874078125 0.2781248328125 0.2671874078125 0.28281275156249996 0.27187481406249997 0.2843751671875 0.27187481406249997 0.285937584375 0.27343777812500003 0.29062483281249996 0.27343777812500003 0.2953127515625 0.2781251859375 0.2968751671875 0.2781251859375 0.298437584375 0.2796874078125 0.30156241562499997 0.2796874078125 0.30312483281249997 0.2812503703125 0.3046872484375 0.2812503703125 0.3062503359375 0.2828125921875 0.3062503359375 0.2843748140625 0.3078127515625 0.2843748140625 0.3093751671875 0.285937778125 0.3125 0.285937778125 0.314062415625 0.2875 0.3156248328125 0.2875 0.3203127515625 0.2921874078125 0.32343758437500003 0.2921874078125 0.325 0.2937503703125 0.326562415625 0.2937503703125 0.3296872484375 0.2968748140625 0.3406248328125 0.2968748140625 0.34531275156249996 0.2921874078125 0.348437584375 0.2921874078125 0.351562415625 0.28906222187499997 0.35312483281249996 0.28906222187499997 0.3562503359375 0.285937778125 0.3593751671875 0.285937778125 0.36406241562499997 0.2812503703125 0.36562483281249997 0.2812503703125 0.3671872484375 0.2796874078125 0.3718751671875 0.2796874078125 0.373437584375 0.2781251859375 0.375 0.2781251859375 0.3781248328125 0.275 0.3812503359375 0.275 0.3828127515625 0.27343777812500003 0.38593758437500003 0.27343777812500003 0.3875 0.27187481406249997 0.389062415625 0.27187481406249997 0.3937503359375 0.2671874078125 0.3953127515625 0.2671874078125 0.40468724843750004 0.25781259218749997 0.40468724843750004 0.16718740781250002 0.4031248328125 0.1656251859375 0.4031248328125 0.164062221875 0.40156241562500006 0.1625 0.4 0.1625 0.3953127515625 0.1578125921875 0.3937503359375 0.1578125921875 0.3921872484375 0.1562503703125 0.389062415625 0.1562503703125 0.38593758437500003 0.1531251859375 0.38593758437500003 0.15156222187499999 0.38437516718750003 0.15 0.3812503359375 0.15 0.3796872484375 0.148437778125 0.376562415625 0.148437778125 0.375 0.1468748140625 0.375 0.14531259218749998 0.373437584375 0.14531259218749998 0.3718751671875 0.1437503703125 0.3703127515625 0.1437503703125 0.3687503359375 0.1421874078125 0.3671872484375 0.1421874078125 0.36406241562499997 0.139062221875 0.3625 0.139062221875 0.360937584375 0.1375 0.3578127515625 0.1375 0.351562415625 0.1312503703125 0.35 0.1312503703125 0.348437584375 0.12968740781250002 0.3468751671875 0.12968740781250002 0.3437503359375 0.126562221875 0.3281248328125 0.126562221875 0.326562415625 0.1281251859375 0.325 0.1281251859375 0.32343758437500003 0.12968740781250002 0.32187516718750003 0.12968740781250002
35 0.475 0.126562221875 0.4718751671875 0.12968740781250002 0.47031275156249996 0.12968740781250002 0.46875033593750004 0.1312503703125 0.46406241562500006 0.1312503703125 0.4578127515625 0.1375 0.4531248328125 0.1375 0.44687516718750003 0.1437503703125 0.4437503359375 0.1437503703125 0.43906241562500004 0.148437778125 0.4375 0.148437778125 0.43593758437499996 0.15 0.4343751671875 0.15 0.42812483281249997 0.1562503703125 0.426562415625 0.1562503703125 0.41875033593750005 0.164062221875 0.41875033593750005 0.173437778125 0.4171872484375 0.175 0.4171872484375 0.2562503703125 0.41875033593750005 0.25781259218749997 0.41875033593750005 0.25937481406249996 0.4203127515625 0.260937778125 0.4218751671875 0.260937778125 0.425 0.264062221875 0.425 0.2656251859375 0.426562415625 0.2671874078125 0.4296872484375 0.2671874078125 0.43125033593750006 0.2687503703125 0.4328127515625 0.2687503703125 0.43593758437499996 0.27187481406249997 0.4375 0.27187481406249997 0.43906241562500004 0.27343777812500003 0.4437503359375 0.27343777812500003 0.4453127515625 0.275 0.44687516718750003 0.275 0.45156241562500005 0.2796874078125 0.4531248328125 0.2796874078125 0.4578127515625 0.2843748140625 0.45937516718750004 0.2843748140625 0.460937584375 0.285937778125 0.46406241562500006 0.285937778125 0.46875033593750004 0.29062518593750003 0.47031275156249996 0.29062518593750003 0.4718751671875 0.2921874078125 0.476562415625 0.2921874078125 0.47812483281249996 0.2937503703125 0.4796872484375 0.2937503703125 0.48125033593750005 0.2953125921875 0.49062483281249997 0.2953125921875 0.4921872484375 0.2937503703125 0.49375033593750006 0.2937503703125 0.4953127515625 0.2921874078125 0.49843758437499996 0.2921874078125 0.5 0.29062518593750003 0.501562415625 0.29062518593750003 0.5046872484375 0.2875 0.5062503359375 0.2875 0.5078127515624999 0.285937778125 0.5109375843749999 0.285937778125 0.5125 0.2843748140625 0.514062415625 0.2843748140625 0.5171872484375 0.2812503703125 0.5187503359375001 0.2812503703125 0.5203127515625 0.2796874078125 0.523437584375 0.2796874078125 0.5343751671875 0.2687503703125 0.5343751671875 0.2671874078125 0.5359375843749999 0.2656251859375 0.5359375843749999 0.24531259218749998 0.5375 0.2437503703125 0.5375 0.2406251859375 0.5421872484375 0.235937778125 0.5421872484375 0.2328125921875 0.55 0.225 0.55 0.22343777812500001 0.5515624156250001 0.22187481406249998 0.5531248328125 0.22187481406249998 0.5531248328125 0.1687503703125 0.55 0.1656251859375 0.55 0.164062221875 0.548437584375 0.1625 0.5468751671875001 0.1625 0.5406248328125 0.1562503703125 0.539062415625 0.1562503703125 0.5328127515625 0.15 0.5281248328125 0.15 0.5218751671875 0.1437503703125 0.5203127515625 0.1437503703125 0.5187503359375001 0.1421874078125 0.5171872484375 0.1421874078125 0.5156248328124999 0.1406251859375 0.5156248328124999 0.139062221875 0.514062415625 0.139062221875 0.5125 0.1375 0.5093751671875 0.1375 0.5031248328125 0.1312503703125 0.501562415625 0.1312503703125 0.5 0.12968740781250002 0.49843758437499996 0.12968740781250002 0.49375033593750006 0.125 0.4921872484375 0.125 0.49062483281249997 0.12343777812500001 0.4875 0.12343777812500001 0.48593758437499995 0.125 0.47812483281249996 0.125 0.476562415625 0.126562221875 0.475 0.126562221875
17 0.6187503359375001 0.1312503703125 0.6125 0.1375 0.6093751671875001 0.1375 0.6031248328125 0.1437503703125 0.601562415625 0.1437503703125 0.6 0.14531259218749998 0.5984375843749999 0.14531259218749998 0.5953127515625 0.148437778125 0.5937503359375 0.148437778125 0.5921872484375 0.15 0.5906248328125 0.15 0.585937584375 0.1546874078125 0.5843751671875 0.1546874078125 0.5828127515625 0.1562503703125 0.5812503359375001 0.1562503703125 0.575 0.1625 0.5734375843749999 0.1625 0.5703127515624999 0.1656251859375 0.5703127515624999 0.16718740781250002 0.5687503359375 0.1687503703125 0.5687503359375 0.22187481406249998 0.575 0.22812518593750003 0.575 0.22968740781250002 0.5796872484375 0.2343748140625 0.5796872484375 0.235937778125 0.5812503359375001 0.2375 0.5812503359375001 0.2531251859375 0.5828127515625 0.2546874078125 0.5828127515625 0.2562503703125 0.585937584375 0.25937481406249996 0.585937584375 0.260937778125 0.5875 0.2625 0.5875 0.2656251859375 0.5890624156250001 0.2671874078125 0.5906248328125 0.2671874078125 0.5953127515625 0.27187481406249997 0.5968751671875 0.27187481406249997 0.5984375843749999 0.27343777812500003 0.6031248328125 0.27343777812500003 0.6046872484375 0.275 0.6062503359375 0.275 0.6078127515625 0.276562221875 0.6093751671875001 0.276562221875 0.610937584375 0.2781251859375 0.6125 0.2781251859375 0.6140624156250001 0.2796874078125 0.6171872484375001 0.2796874078125 0.6187503359375001 0.2812503703125 0.6203127515625 0.2812503703125 0.623437584375 0.2843748140625 0.625 0.2843748140625 0.626562415625 0.285937778125 0.6281248328125 0.285937778125 0.6296872484375 0.2875 0.6312503359375 0.2875 0.6343751671875 0.29062518593750003 0.6375 0.29062518593750003 0.639062415625 0.2921874078125 0.6421872484375 0.2921874078125 0.6437503359375001 0.29062518593750003 0.6468751671875 0.29062518593750003 0.65 0.2875 0.6515624156250001 0.2875 0.6531248328125 0.285937778125 0.6578127515625 0.285937778125 0.6625 0.2812503703125 0.664062415625 0.2812503703125 0.6656248328125 0.2796874078125 0.6703127515625 0.2796874078125 0.6718751671875001 0.2781251859375 0.673437584375 0.2781251859375 0.673437584375 0.276562221875 0.675 0.275 0.6765624156250001 0.275 0.6781248328125 0.27343777812500003 0.6828127515625 0.27343777812500003 0.689062415625 0.2671874078125 0.6906248328125 0.2671874078125 0.6921872484375 0.2656251859375 0.6937503359375 0.2656251859375 0.7 0.25937481406249996 0.701562415625 0.25937481406249996 0.7031248328124999 0.25781259218749997 0.7031248328124999 0.2562503703125 0.7046872484375 0.2546874078125 0.7046872484375 0.173437778125 0.7031248328124999 0.1718748140625 0.7031248328124999 0.1703125921875 0.6984375843749999 0.1656251859375 0.6984375843749999 0.164062221875 0.6968751671875 0.1625 0.6953127515624999 0.1625 0.689062415625 0.1562503703125 0.6843751671875 0.1562503703125 0.6781248328125 0.15 0.6765624156250001 0.15 0.675 0.148437778125 0.673437584375 0.148437778125 0.6703127515625 0.14531259218749998 0.6687503359375 0.14531259218749998 0.6671872484375 0.1437503703125 0.664062415625 0.1437503703125 0.6609375843749999 0.1406251859375 0.6609375843749999 0.139062221875 0.6593751671875 0.1375 0.6578127515625 0.1375 0.6531248328125 0.1328125921875 0.6515624156250001 0.1328125921875 0.65 0.1312503703125 0.6468751671875 0.1312503703125 0.6437503359375001 0.1281251859375 0.625 0.1281251859375 0.623437584375 0.12968740781250002 0.6218751671875 0.12968740781250002 0.6203127515625 0.1312503703125 0.6187503359375001 0.1312503703125
36 0.160937584375 0.425 0.1593751671875 0.426562221875 0.15781275156250002 0.426562221875 0.1531248328125 0.4312503703125 0.151562415625 0.4312503703125 0.15 0.4328125921875 0.14843758437500001 0.4328125921875 0.1453127515625 0.435937778125 0.1437503359375 0.435937778125 0.1421872484375 0.4375 0.1406248328125 0.4375 0.1343751671875 0.44375037031250003 0.1328127515625 0.44375037031250003 0.1312503359375 0.4453125921875 0.12968724843749999 0.4453125921875 0.125 0.45 0.123437584375 0.45 0.11875033593749999 0.45468740781249994 0.11875033593749999 0.45625037031250004 0.1156248328125 0.4593748140625 0.1156248328125 0.5421874078125 0.12031275156250001 0.5468748140625 0.1218751671875 0.5468748140625 0.123437584375 0.548437778125 0.12656241562499998 0.548437778125 0.1328127515625 0.5546874078124999 0.135937584375 0.5546874078124999 0.1375 0.5562503703125 0.139062415625 0.5562503703125 0.1437503359375 0.560937778125 0.1468751671875 0.560937778125 0.15 0.564062221875 0.15 0.5656251859375 0.151562415625 0.5671874078125 0.15468724843749998 0.5671874078125 0.15625033593749998 0.5687503703125001 0.15781275156250002 0.5687503703125001 0.1625 0.573437778125 0.1656248328125 0.573437778125 0.1718751671875 0.5796874078124999 0.175 0.5796874078124999 0.1781248328125 0.5828125921875 0.1796872484375 0.5828125921875 0.1812503359375 0.5843748140625 0.18906241562499998 0.5843748140625 0.19218724843749999 0.5812503703125 0.1937503359375 0.5812503703125 0.1953127515625 0.5796874078124999 0.1968751671875 0.5796874078124999 0.198437584375 0.5781251859375 0.2 0.5781251859375 0.20468724843750002 0.573437778125 0.20781275156249998 0.573437778125 0.214062415625 0.5671874078125 0.2171872484375 0.5671874078125 0.22187516718750003 0.5625 0.223437584375 0.5625 0.22656241562499999 0.5593748140625 0.22812483281249998 0.5593748140625 0.22812483281249998 0.5578125921875 0.22968724843750002 0.5562503703125 0.22968724843750002 0.5546874078124999 0.2312503359375 0.5531251859374999 0.2312503359375 0.551562221875 0.2343751671875 0.548437778125 0.2343751671875 0.5468748140625 0.235937584375 0.5453125921875001 0.235937584375 0.5296874078125 0.2375 0.5281251859375 0.2375 0.526562221875 0.24062483281249997 0.523437778125 0.24062483281249997 0.5218748140625 0.2421872484375 0.5203125921875 0.2421872484375 0.5156251859375 0.24843758437500002 0.5093748140625001 0.24843758437500002 0.501562221875 0.25 0.5 0.25 0.4781251859375 0.24843758437500002 0.47656222187499997 0.24843758437500002 0.45781259218750003 0.2437503359375 0.45312518593749995 0.2437503359375 0.451562221875 0.24062483281249997 0.448437778125 0.239062415625 0.448437778125 0.2343751671875 0.44375037031250003 0.2312503359375 0.44375037031250003 0.22968724843750002 0.4421874078125 0.22656241562499999 0.4421874078125 0.223437584375 0.439062221875 0.22187516718750003 0.439062221875 0.2203127515625 0.4375 0.21875033593749998 0.4375 0.2171872484375 0.435937778125 0.21562483281249997 0.435937778125 0.2125 0.4328125921875 0.21093758437500001 0.4328125921875 0.20937516718750002 0.4312503703125 0.20781275156249998 0.4312503703125 0.2062503359375 0.4296874078125 0.20468724843750002 0.4296874078125 0.201562415625 0.426562221875 0.2 0.426562221875 0.198437584375 0.425 0.1937503359375 0.425 0.19218724843749999 0.423437778125 0.1875 0.423437778125 0.18593758437500002 0.42187481406250005 0.1703127515625 0.42187481406250005 0.1687503359375 0.423437778125 0.1656248328125 0.423437778125 0.16406241562499999 0.425 0.160937584375 0.425
37 0.625 0.7046874078124999 0.623437584375 0.7062503703125 0.6203127515625 0.7062503703125 0.6140624156250001 0.7125 0.610937584375 0.7125 0.6062503359375 0.7171874078125 0.6046872484375 0.7171874078125 0.6031248328125 0.7187503703125 0.601562415625 0.7187503703125 0.6 0.7203125921875 0.5984375843749999 0.7203125921875 0.5921872484375 0.726562221875 0.5921872484375 0.7281251859375 0.5875 0.7328125921875001 0.5875 0.739062221875 0.5812503359375001 0.7453125921875 0.5812503359375001 0.7468748140625 0.5718751671875 0.7562503703125001 0.5718751671875 0.8343748140624999 0.5734375843749999 0.835937778125 0.575 0.835937778125 0.576562415625 0.8375 0.5781248328124999 0.8375 0.5828127515625 0.8421874078125 0.585937584375 0.8421874078125 0.5875 0.8437503703125 0.5890624156250001 0.8437503703125 0.5921872484375 0.8468748140625 0.5937503359375 0.8468748140625 0.5953127515625 0.848437778125 0.5968751671875 0.848437778125 0.6031248328125 0.8546874078125001 0.6062503359375 0.8546874078125001 0.610937584375 0.8593748140624999 0.6125 0.8593748140624999 0.6140624156250001 0.860937778125 0.6156248328125 0.860937778125 0.6218751671875 0.8671874078125 0.623437584375 0.8671874078125 0.625 0.8687503703124999 0.626562415625 0.8687503703124999 0.6296872484375 0.8718748140624999 0.6406248328124999 0.8718748140624999 0.6453127515625 0.8671874078125 0.648437584375 0.8671874078125 0.6546872484375 0.860937778125 0.6562503359375 0.860937778125 0.6578127515625 0.8593748140624999 0.6593751671875 0.8593748140624999 0.664062415625 0.8546874078125001 0.6671872484375 0.8546874078125001 0.6703127515625 0.851562221875 0.6718751671875001 0.851562221875 0.673437584375 0.85 0.675 0.85 0.6765624156250001 0.848437778125 0.6781248328125 0.848437778125 0.6828127515625 0.8437503703125 0.6843751671875 0.8437503703125 0.685937584375 0.8421874078125 0.689062415625 0.8421874078125 0.6953127515624999 0.835937778125 0.6968751671875 0.835937778125 0.7046872484375 0.8281251859375001 0.7046872484375 0.7468748140625 0.7031248328124999 0.7453125921875 0.7031248328124999 0.7437503703125 0.701562415625 0.7421874078124999 0.701562415625 0.7406251859374999 0.6984375843749999 0.7375 0.6968751671875 0.7375 0.6921872484375 0.7328125921875001 0.6906248328125 0.7328125921875001 0.689062415625 0.7312503703125001 0.6843751671875 0.7312503703125001 0.6828127515625 0.7296874078125 0.6812503359375001 0.7296874078125 0.6765624156250001 0.725 0.675 0.725 0.6718751671875001 0.7218748140625 0.6703127515625 0.7218748140625 0.6687503359375 0.7203125921875 0.6671872484375 0.7203125921875 0.6656248328125 0.7187503703125 0.664062415625 0.7187503703125 0.6578127515625 0.7125 0.6562503359375 0.7125 0.6546872484375 0.710937778125 0.6531248328125 0.710937778125 0.65 0.7078125921875 0.648437584375 0.7078125921875 0.6468751671875 0.7062503703125 0.6437503359375001 0.7062503703125 0.6406248328124999 0.7031251859375 0.639062415625 0.7031251859375 0.6375 0.701562221875 0.6312503359375 0.701562221875 0.6296872484375 0.7031251859375 0.6281248328125 0.7031251859375 0.626562415625 0.7046874078124999 0.625 0.7046874078124999
35 0.3078127515625 0.435937778125 0.3062503359375 0.4375 0.3046872484375 0.4375 0.30312483281249997 0.439062221875 0.3 0.439062221875 0.2968751671875 0.4421874078125 0.2953127515625 0.4421874078125 0.2937503359375 0.44375037031250003 0.2921872484375 0.44375037031250003 0.29062483281249996 0.4453125921875 0.2875 0.4453125921875 0.285937584375 0.4468748140625 0.2843751671875 0.4468748140625 0.28281275156249996 0.448437778125 0.2812503359375 0.448437778125 0.27968724843750004 0.45 0.2781248328125 0.45 0.276562415625 0.451562221875 0.275 0.451562221875 0.275 0.45312518593749995 0.27187516718750004 0.45625037031250004 0.2703127515625 0.45625037031250004 0.2703127515625 0.510937778125 0.27187516718750004 0.510937778125 0.275 0.514062221875 0.275 0.5203125921875 0.2781248328125 0.523437778125 0.2781248328125 0.525 0.27968724843750004 0.526562221875 0.27968724843750004 0.5281251859375 0.2812503359375 0.5296874078125 0.2812503359375 0.5406251859375 0.28281275156249996 0.5421874078125 0.28281275156249996 0.5453125921875001 0.285937584375 0.548437778125 0.285937584375 0.55 0.2875 0.551562221875 0.2875 0.5546874078124999 0.298437584375 0.5656251859375 0.3 0.5656251859375 0.30156241562499997 0.5671874078125 0.30312483281249997 0.5671874078125 0.3078127515625 0.5718748140625001 0.3093751671875 0.5718748140625001 0.310937584375 0.573437778125 0.314062415625 0.573437778125 0.3187503359375 0.5781251859375 0.3203127515625 0.5781251859375 0.32187516718750003 0.5796874078124999 0.325 0.5796874078124999 0.326562415625 0.5812503703125 0.3296872484375 0.5812503703125 0.3312503359375 0.5828125921875 0.335937584375 0.5828125921875 0.3375 0.5812503703125 0.3406248328125 0.5812503703125 0.34218724843750004 0.5796874078124999 0.34531275156249996 0.5796874078124999 0.351562415625 0.573437778125 0.3546872484375 0.573437778125 0.3593751671875 0.5687503703125001 0.360937584375 0.5687503703125001 0.3625 0.5671874078125 0.36562483281249997 0.5671874078125 0.3671872484375 0.5656251859375 0.3687503359375 0.5656251859375 0.3687503359375 0.564062221875 0.3703127515625 0.5625 0.3718751671875 0.5625 0.373437584375 0.560937778125 0.375 0.560937778125 0.376562415625 0.5593748140625 0.3781248328125 0.5593748140625 0.3781248328125 0.5578125921875 0.38437516718750003 0.551562221875 0.38437516718750003 0.55 0.38593758437500003 0.548437778125 0.38593758437500003 0.5343748140625 0.3875 0.5328125921875 0.3875 0.5312503703125 0.3906248328125 0.5281251859375 0.3906248328125 0.526562221875 0.3921872484375 0.525 0.3921872484375 0.5203125921875 0.398437584375 0.514062221875 0.398437584375 0.510937778125 0.4 0.5093748140625001 0.4 0.464062221875 0.398437584375 0.4625 0.398437584375 0.45625037031250004 0.39687516718750004 0.45468740781249994 0.39687516718750004 0.45312518593749995 0.3937503359375 0.45 0.3921872484375 0.45 0.3906248328125 0.448437778125 0.389062415625 0.448437778125 0.38593758437500003 0.4453125921875 0.38437516718750003 0.4453125921875 0.3828127515625 0.44375037031250003 0.3796872484375 0.44375037031250003 0.3781248328125 0.4421874078125 0.376562415625 0.4421874078125 0.3718751671875 0.4375 0.3671872484375 0.4375 0.36562483281249997 0.435937778125 0.36406241562499997 0.435937778125 0.3593751671875 0.4312503703125 0.3546872484375 0.4312503703125 0.35312483281249996 0.4296874078125 0.35 0.4296874078125 0.348437584375 0.4281251859375 0.3468751671875 0.4281251859375 0.34531275156249996 0.426562221875 0.3406248328125 0.426562221875 0.339062415625 0.425 0.335937584375 0.425 0.33437516718750004 0.423437778125 0.3203127515625 0.423437778125 0.3125 0.4312503703125 0.310937584375 0.4312503703125 0.3078127515625 0.4343748140625 0.3078127515625 0.435937778125
0 0.46718724843750004 0.726562221875 0.46406241562500006 0.7296874078125 0.45156241562500005 0.7296874078125 0.45 0.7312503703125001 0.43906241562500004 0.7312503703125001 0.4375 0.7328125921875001 0.4343751671875 0.7328125921875001 0.4296872484375 0.7375 0.42812483281249997 0.7375 0.425 0.7406251859374999 0.425 0.7437503703125 0.42343758437499995 0.7453125921875 0.42343758437499995 0.8281251859375001 0.426562415625 0.8312503703124999 0.42812483281249997 0.8312503703124999 0.4296872484375 0.8328125921874999 0.4296872484375 0.8343748140624999 0.4328127515625 0.8375 0.4343751671875 0.8375 0.43906241562500004 0.8421874078125 0.4406248328125 0.8421874078125 0.4453127515625 0.8468748140625 0.44687516718750003 0.8468748140625 0.448437584375 0.848437778125 0.45156241562500005 0.848437778125 0.4578127515625 0.8546874078125001 0.45937516718750004 0.8546874078125001 0.46406241562500006 0.8593748140624999 0.4656248328125 0.8593748140624999 0.46718724843750004 0.860937778125 0.47031275156249996 0.860937778125 0.475 0.8656251859375 0.476562415625 0.8656251859375 0.47812483281249996 0.8671874078125 0.4843751671875 0.8671874078125 0.49062483281249997 0.860937778125 0.4921872484375 0.860937778125 0.49375033593750006 0.8593748140624999 0.4953127515625 0.8593748140624999 0.5046872484375 0.85 0.5062503359375 0.85 0.5078127515624999 0.848437778125 0.5109375843749999 0.848437778125 0.5125 0.8468748140625 0.514062415625 0.8468748140625 0.5171872484375 0.8437503703125 0.5187503359375001 0.8437503703125 0.5203127515625 0.8421874078125 0.523437584375 0.8421874078125 0.525 0.8406251859375 0.5265624156250001 0.8406251859375 0.5296872484375 0.8375 0.5312503359375 0.8375 0.5328127515625 0.835937778125 0.5343751671875 0.835937778125 0.5359375843749999 0.8343748140624999 0.5375 0.8343748140624999 0.5406248328125 0.8312503703124999 0.5421872484375 0.8312503703124999 0.5437503359375 0.8296874078125 0.5453127515625 0.8296874078125 0.5468751671875001 0.8281251859375001 0.548437584375 0.8281251859375001 0.548437584375 0.7578125921875001 0.5468751671875001 0.7562503703125001 0.5453127515625 0.7562503703125001 0.5359375843749999 0.7468748140625 0.5359375843749999 0.7453125921875 0.5296872484375 0.739062221875 0.5296872484375 0.7343748140625 0.5218751671875 0.726562221875 0.5203127515625 0.726562221875 0.5187503359375001 0.725 0.5156248328124999 0.725 0.5109375843749999 0.7203125921875 0.5078127515624999 0.7203125921875 0.5062503359375 0.7187503703125 0.5046872484375 0.7187503703125 0.501562415625 0.7156251859375 0.5 0.7156251859375 0.49843758437499996 0.714062221875 0.4953127515625 0.714062221875 0.49375033593750006 0.7125 0.47812483281249996 0.7125 0.46875033593750004 0.7218748140625 0.46875033593750004 0.723437778125 0.46718724843750004 0.725 0.46718724843750004 0.726562221875
35 0.5437503359375 0.5781251859375 0.5421872484375 0.5796874078124999 0.5406248328125 0.5796874078124999 0.539062415625 0.5812503703125 0.5359375843749999 0.5812503703125 0.5343751671875 0.5828125921875 0.5281248328125 0.5828125921875 0.5265624156250001 0.5843748140625 0.5218751671875 0.5843748140625 0.5203127515625 0.585937778125 0.5187503359375001 0.585937778125 0.5171872484375 0.5875 0.5125 0.5875 0.5109375843749999 0.589062221875 0.5093751671875 0.589062221875 0.5062503359375 0.5921874078125 0.5046872484375 0.5921874078125 0.5031248328125 0.5937503703125 0.5 0.5937503703125 0.49843758437499996 0.5953125921875 0.4968751671875 0.5953125921875 0.4953127515625 0.5968748140625 0.4953127515625 0.598437778125 0.49375033593750006 0.6 0.49375033593750006 0.601562221875 0.4921872484375 0.6031251859375 0.4921872484375 0.6828125921875 0.49375033593750006 0.6843748140625 0.49375033593750006 0.685937778125 0.5 0.6921874078125 0.5031248328125 0.6921874078125 0.5093751671875 0.698437778125 0.5125 0.698437778125 0.514062415625 0.7 0.5156248328124999 0.7 0.5187503359375001 0.7031251859375 0.5203127515625 0.7031251859375 0.5218751671875 0.7046874078124999 0.5265624156250001 0.7046874078124999 0.5281248328125 0.7062503703125 0.5312503359375 0.7062503703125 0.5328127515625 0.7078125921875 0.5343751671875 0.7078125921875 0.5359375843749999 0.7062503703125 0.5375 0.7062503703125 0.539062415625 0.7046874078124999 0.5421872484375 0.7046874078124999 0.5437503359375 0.7031251859375 0.5468751671875001 0.7031251859375 0.5515624156250001 0.698437778125 0.5703127515624999 0.698437778125 0.5718751671875 0.7 0.5734375843749999 0.7 0.575 0.701562221875 0.576562415625 0.701562221875 0.5781248328124999 0.7031251859375 0.5796872484375 0.7031251859375 0.5812503359375001 0.7046874078124999 0.585937584375 0.7046874078124999 0.5875 0.7062503703125 0.5906248328125 0.7062503703125 0.5921872484375 0.7046874078124999 0.5984375843749999 0.7046874078124999 0.6 0.7031251859375 0.601562415625 0.7031251859375 0.6046872484375 0.7 0.6062503359375 0.7 0.6078127515625 0.698437778125 0.6125 0.698437778125 0.6140624156250001 0.6968748140625001 0.6156248328125 0.6968748140625001 0.6203127515625 0.6921874078125 0.6218751671875 0.6921874078125 0.6296872484375 0.6843748140625 0.6296872484375 0.6171874078124999 0.626562415625 0.614062221875 0.625 0.614062221875 0.623437584375 0.6125 0.6203127515625 0.6125 0.610937584375 0.6031251859375 0.610937584375 0.6 0.6093751671875001 0.598437778125 0.6093751671875001 0.5953125921875 0.6 0.585937778125 0.5984375843749999 0.585937778125 0.5953127515625 0.5828125921875 0.5937503359375 0.5843748140625 0.5890624156250001 0.5843748140625 0.5875 0.5828125921875 0.585937584375 0.5828125921875 0.5828127515625 0.5796874078124999 0.5828127515625 0.5781251859375 0.5812503359375001 0.5781251859375 0.5781248328124999 0.575 0.576562415625 0.575 0.575 0.573437778125 0.575 0.5718748140625001 0.5671872484375 0.564062221875 0.5656248328125 0.564062221875 0.564062415625 0.5625 0.5531248328125 0.5625 0.5453127515625 0.5703125921875001 0.5453127515625 0.575 0.5437503359375 0.576562221875 0.5437503359375 0.5781251859375
17 0.7 0.275 0.6984375843749999 0.276562221875 0.6968751671875 0.276562221875 0.6921872484375 0.2812503703125 0.6906248328125 0.2812503703125 0.689062415625 0.2828125921875 0.6875 0.2828125921875 0.6843751671875 0.285937778125 0.6828127515625 0.285937778125 0.6812503359375001 0.2875 0.6796872484375001 0.2875 0.675 0.2921874078125 0.673437584375 0.2921874078125 0.6718751671875001 0.2937503703125 0.6687503359375 0.2937503703125 0.6671872484375 0.2953125921875 0.6656248328125 0.2953125921875 0.6625 0.298437778125 0.6609375843749999 0.298437778125 0.6593751671875 0.3 0.6578127515625 0.3 0.6562503359375 0.301562221875 0.6562503359375 0.30312518593750004 0.6546872484375 0.30468740781250003 0.6531248328125 0.30468740781250003 0.6437503359375001 0.314062221875 0.6437503359375001 0.3187503703125 0.6421872484375 0.32031259218749997 0.6421872484375 0.39687481406249997 0.6437503359375001 0.39843777812500003 0.6437503359375001 0.4 0.648437584375 0.40468740781249996 0.6515624156250001 0.40468740781249996 0.6562503359375 0.40937481406250004 0.6578127515625 0.40937481406250004 0.6593751671875 0.410937778125 0.6625 0.410937778125 0.664062415625 0.4125 0.6656248328125 0.4125 0.6687503359375 0.4156251859375 0.6718751671875001 0.4156251859375 0.673437584375 0.41718740781249997 0.6796872484375001 0.41718740781249997 0.6812503359375001 0.41875037031250006 0.6875 0.41875037031250006 0.689062415625 0.41718740781249997 0.6968751671875 0.41718740781249997 0.6984375843749999 0.4156251859375 0.701562415625 0.4156251859375 0.7046872484375 0.4125 0.7062503359375001 0.4125 0.7078127515625 0.410937778125 0.7093751671875 0.410937778125 0.710937584375 0.4125 0.7187503359375 0.4125 0.7203127515625 0.41406222187499997 0.726562415625 0.41406222187499997 0.7281248328125 0.4156251859375 0.7312503359375 0.4156251859375 0.7328127515625 0.41718740781249997 0.7406248328125 0.41718740781249997 0.7421872484375001 0.4156251859375 0.7437503359375001 0.4156251859375 0.7468751671875 0.4125 0.748437584375 0.4125 0.75 0.410937778125 0.7562503359375 0.410937778125 0.7578127515624999 0.40937481406250004 0.7593751671875 0.40937481406250004 0.764062415625 0.40468740781249996 0.7671872484375 0.40468740781249996 0.7687503359375001 0.40312518593749996 0.7703127515625 0.40312518593749996 0.7781248328125 0.3953125921875 0.7781248328125 0.3125 0.775 0.3093748140625 0.775 0.3078125921875 0.773437584375 0.3078125921875 0.7703127515625 0.30468740781250003 0.7687503359375001 0.30468740781250003 0.7671872484375 0.30312518593750004 0.7671872484375 0.301562221875 0.7656248328124999 0.301562221875 0.764062415625 0.3 0.7609375843749999 0.3 0.7593751671875 0.298437778125 0.7578127515624999 0.298437778125 0.7531248328125 0.2937503703125 0.751562415625 0.2937503703125 0.75 0.2921874078125 0.748437584375 0.2921874078125 0.7453127515625 0.28906222187499997 0.7437503359375001 0.28906222187499997 0.7421872484375001 0.2875 0.7390624156250001 0.2875 0.7328127515625 0.2812503703125 0.7312503359375 0.2812503703125 0.726562415625 0.276562221875 0.725 0.276562221875 0.7234375843749999 0.275 0.7218751671875 0.275 0.7203127515625 0.27343777812500003 0.7171872484375 0.27343777812500003 0.7156248328125 0.27187481406249997 0.7062503359375001 0.27187481406249997 0.7046872484375 0.27343777812500003 0.7031248328124999 0.27343777812500003 0.701562415625 0.275 0.7 0.275
36 0.6984375843749999 0.5671874078125 0.6968751671875 0.5687503703125001 0.6921872484375 0.5687503703125001 0.6906248328125 0.5703125921875001 0.689062415625 0.5703125921875001 0.6843751671875 0.575 0.6765624156250001 0.575 0.6718751671875001 0.5796874078124999 0.6703127515625 0.5796874078124999 0.6671872484375 0.5828125921875 0.6656248328125 0.5828125921875 0.664062415625 0.5843748140625 0.664062415625 0.585937778125 0.6625 0.5875 0.6625 0.5953125921875 0.6609375843749999 0.5968748140625 0.6609375843749999 0.598437778125 0.6578127515625 0.601562221875 0.6578127515625 0.6031251859375 0.6562503359375 0.6046874078125 0.6562503359375 0.6062503703125001 0.6546872484375 0.6078125921875001 0.6546872484375 0.6093748140625 0.6531248328125 0.610937778125 0.6515624156250001 0.610937778125 0.65 0.6125 0.6453127515625 0.6125 0.639062415625 0.6187503703125 0.639062415625 0.6843748140625 0.6406248328124999 0.6843748140625 0.6421872484375 0.685937778125 0.6437503359375001 0.685937778125 0.648437584375 0.6906251859375 0.65 0.6906251859375 0.6515624156250001 0.6921874078125 0.6531248328125 0.6921874078125 0.6546872484375 0.6937503703125001 0.6562503359375 0.6937503703125001 0.6593751671875 0.6968748140625001 0.6609375843749999 0.6968748140625001 0.6625 0.698437778125 0.6656248328125 0.698437778125 0.6671872484375 0.7 0.6687503359375 0.7 0.6718751671875001 0.7031251859375 0.673437584375 0.7031251859375 0.675 0.7046874078124999 0.6781248328125 0.7046874078124999 0.6796872484375001 0.7062503703125 0.6812503359375001 0.7062503703125 0.6843751671875 0.7093748140625 0.685937584375 0.7093748140625 0.6875 0.710937778125 0.6906248328125 0.710937778125 0.6937503359375 0.714062221875 0.6937503359375 0.7156251859375 0.6953127515624999 0.7171874078125 0.6968751671875 0.7171874078125 0.701562415625 0.7218748140625 0.7031248328124999 0.7218748140625 0.7046872484375 0.723437778125 0.7156248328125 0.723437778125 0.7171872484375 0.7218748140625 0.7187503359375 0.7218748140625 0.7218751671875 0.7187503703125 0.7234375843749999 0.7187503703125 0.725 0.7171874078125 0.726562415625 0.7171874078125 0.7281248328125 0.7156251859375 0.7296872484375 0.7156251859375 0.7343751671875001 0.710937778125 0.7375 0.710937778125 0.7421872484375001 0.7062503703125 0.7437503359375001 0.7062503703125 0.7453127515625 0.7046874078124999 0.748437584375 0.7046874078124999 0.751562415625 0.701562221875 0.7531248328125 0.701562221875 0.7562503359375 0.698437778125 0.7593751671875 0.698437778125 0.764062415625 0.6937503703125001 0.7656248328124999 0.6937503703125001 0.7671872484375 0.6921874078125 0.7718751671875 0.6921874078125 0.7796872484375 0.6843748140625 0.7796872484375 0.6 0.7781248328125 0.598437778125 0.7781248328125 0.5968748140625 0.775 0.5937503703125 0.773437584375 0.5937503703125 0.7687503359375001 0.589062221875 0.7671872484375 0.589062221875 0.7656248328124999 0.5875 0.764062415625 0.5875 0.7625 0.585937778125 0.7609375843749999 0.585937778125 0.7578127515624999 0.5828125921875 0.7562503359375 0.5828125921875 0.7546872484375 0.5812503703125 0.751562415625 0.5812503703125 0.75 0.5796874078124999 0.748437584375 0.5796874078124999 0.7453127515625 0.576562221875 0.7437503359375001 0.576562221875 0.7421872484375001 0.575 0.7406248328125 0.575 0.7390624156250001 0.573437778125 0.7375 0.573437778125 0.7328127515625 0.5687503703125001 0.7296872484375 0.5687503703125001 0.7281248328125 0.5671874078125 0.726562415625 0.5671874078125 0.7218751671875 0.5625 0.7187503359375 0.5625 0.7171872484375 0.560937778125 0.7078127515625 0.560937778125 0.7062503359375001 0.5625 0.7046872484375 0.5625 0.7 0.5671874078125 0.6984375843749999 0.5671874078125
36 0.3875 0.2796874078125 0.38593758437500003 0.2812503703125 0.3828127515625 0.2812503703125 0.3812503359375 0.2828125921875 0.3812503359375 0.2843748140625 0.3796872484375 0.285937778125 0.3781248328125 0.285937778125 0.375 0.28906222187499997 0.373437584375 0.28906222187499997 0.3703127515625 0.2921874078125 0.3687503359375 0.2921874078125 0.3671872484375 0.2937503703125 0.36562483281249997 0.2937503703125 0.36406241562499997 0.2953125921875 0.3625 0.2953125921875 0.3578127515625 0.3 0.3562503359375 0.3 0.351562415625 0.30468740781250003 0.35 0.30468740781250003 0.348437584375 0.3062503703125 0.3468751671875 0.3062503703125 0.3437503359375 0.3093748140625 0.3437503359375 0.3125 0.34218724843750004 0.314062221875 0.34218724843750004 0.3625 0.3437503359375 0.364062221875 0.3437503359375 0.3687503703125 0.34531275156249996 0.3703125921875 0.34531275156249996 0.3718748140625 0.351562415625 0.3781251859375 0.351562415625 0.3796874078125 0.35312483281249996 0.3812503703125 0.35312483281249996 0.38281259218749997 0.3546872484375 0.38437481406249996 0.3546872484375 0.3875 0.3562503359375 0.389062221875 0.3562503359375 0.3953125921875 0.3578127515625 0.39687481406249997 0.3578127515625 0.39843777812500003 0.3625 0.40312518593749996 0.3625 0.40468740781249996 0.3687503359375 0.410937778125 0.3703127515625 0.410937778125 0.376562415625 0.41718740781249997 0.38437516718750003 0.41718740781249997 0.389062415625 0.42187481406250005 0.3921872484375 0.42187481406250005 0.3937503359375 0.423437778125 0.39687516718750004 0.423437778125 0.40156241562500006 0.4281251859375 0.4031248328125 0.4281251859375 0.40468724843750004 0.4296874078125 0.40625033593750004 0.4296874078125 0.40781275156249996 0.4312503703125 0.414062415625 0.4312503703125 0.41562483281249996 0.4296874078125 0.4218751671875 0.4296874078125 0.42343758437499995 0.4281251859375 0.426562415625 0.4281251859375 0.4296872484375 0.425 0.43125033593750006 0.425 0.4328127515625 0.423437778125 0.4375 0.423437778125 0.43906241562500004 0.42187481406250005 0.4406248328125 0.42187481406250005 0.4437503359375 0.41875037031250006 0.4453127515625 0.41875037031250006 0.44687516718750003 0.41718740781249997 0.45 0.41718740781249997 0.45156241562500005 0.4156251859375 0.4531248328125 0.4156251859375 0.4578127515625 0.410937778125 0.4625 0.410937778125 0.46406241562500006 0.40937481406250004 0.4656248328125 0.40937481406250004 0.47031275156249996 0.40468740781249996 0.4718751671875 0.40468740781249996 0.4796872484375 0.39687481406249997 0.4796872484375 0.314062221875 0.47812483281249996 0.3125 0.47812483281249996 0.310937778125 0.47343758437499994 0.3062503703125 0.4718751671875 0.3062503703125 0.47031275156249996 0.30468740781250003 0.46875033593750004 0.30468740781250003 0.46718724843750004 0.30312518593750004 0.46718724843750004 0.301562221875 0.4656248328125 0.301562221875 0.46406241562500006 0.3 0.460937584375 0.3 0.45937516718750004 0.298437778125 0.4578127515625 0.298437778125 0.4531248328125 0.2937503703125 0.45 0.2937503703125 0.44687516718750003 0.29062518593750003 0.4453127515625 0.29062518593750003 0.4421872484375 0.2875 0.43906241562500004 0.2875 0.4328127515625 0.2812503703125 0.43125033593750006 0.2812503703125 0.4296872484375 0.2796874078125 0.42812483281249997 0.2796874078125 0.42343758437499995 0.275 0.4203127515625 0.275 0.41875033593750005 0.27343777812500003 0.40625033593750004 0.27343777812500003 0.40468724843750004 0.27187481406249997 0.389062415625 0.27187481406249997 0.3921872484375 0.275 0.3921872484375 0.276562221875 0.389062415625 0.2796874078125 0.3875 0.2796874078125
6 0.4718751671875 0.42031259218750006 0.47031275156249996 0.42187481406250005 0.47031275156249996 0.423437778125 0.4656248328125 0.4281251859375 0.46406241562500006 0.4281251859375 0.4625 0.4296874078125 0.4578127515625 0.4296874078125 0.45625033593750003 0.4312503703125 0.45156241562500005 0.4312503703125 0.45 0.4328125921875 0.448437584375 0.4328125921875 0.4421872484375 0.439062221875 0.4406248328125 0.439062221875 0.43593758437499996 0.44375037031250003 0.4343751671875 0.44375037031250003 0.4328127515625 0.4453125921875 0.43125033593750006 0.4453125921875 0.426562415625 0.45 0.42343758437499995 0.45 0.4218751671875 0.451562221875 0.4203127515625 0.451562221875 0.4203127515625 0.5156251859375 0.4218751671875 0.5156251859375 0.42343758437499995 0.5171874078124999 0.42343758437499995 0.5187503703125 0.425 0.5203125921875 0.425 0.523437778125 0.426562415625 0.525 0.426562415625 0.5281251859375 0.4296872484375 0.5312503703125 0.4296872484375 0.5328125921875 0.43125033593750006 0.5343748140625 0.43125033593750006 0.5406251859375 0.4328127515625 0.5421874078125 0.4328127515625 0.5437503703125001 0.4343751671875 0.5453125921875001 0.4343751671875 0.5468748140625 0.43593758437499996 0.548437778125 0.43593758437499996 0.55 0.4375 0.551562221875 0.4375 0.5546874078124999 0.4437503359375 0.560937778125 0.4453127515625 0.560937778125 0.44687516718750003 0.5625 0.448437584375 0.5625 0.45 0.564062221875 0.45 0.5656251859375 0.45156241562500005 0.5656251859375 0.4531248328125 0.5671874078125 0.4546872484375 0.5671874078125 0.4578127515625 0.5703125921875001 0.45937516718750004 0.5703125921875001 0.4625 0.573437778125 0.46406241562500006 0.573437778125 0.4656248328125 0.575 0.46718724843750004 0.575 0.4718751671875 0.5796874078124999 0.476562415625 0.5796874078124999 0.47812483281249996 0.5812503703125 0.4796872484375 0.5812503703125 0.48125033593750005 0.5828125921875 0.489062415625 0.5828125921875 0.49062483281249997 0.5812503703125 0.4921872484375 0.5812503703125 0.49375033593750006 0.5796874078124999 0.4968751671875 0.5796874078124999 0.49843758437499996 0.5781251859375 0.5 0.5781251859375 0.5031248328125 0.575 0.5046872484375 0.575 0.5062503359375 0.573437778125 0.5078127515624999 0.573437778125 0.514062415625 0.5671874078125 0.5171872484375 0.5671874078125 0.5218751671875 0.5625 0.523437584375 0.5625 0.525 0.560937778125 0.5281248328125 0.560937778125 0.5328127515625 0.5562503703125 0.5343751671875 0.5562503703125 0.5359375843749999 0.5546874078124999 0.5375 0.5546874078124999 0.539062415625 0.5531251859374999 0.5406248328125 0.5531251859374999 0.5453127515625 0.548437778125 0.5468751671875001 0.548437778125 0.5546872484375001 0.5406251859375 0.5546872484375001 0.45625037031250004 0.5531248328125 0.45468740781249994 0.5531248328125 0.45312518593749995 0.5515624156250001 0.451562221875 0.55 0.451562221875 0.548437584375 0.45 0.5468751671875001 0.45 0.5421872484375 0.4453125921875 0.5406248328125 0.4453125921875 0.539062415625 0.44375037031250003 0.5359375843749999 0.44375037031250003 0.5343751671875 0.4421874078125 0.5328127515625 0.4421874078125 0.5281248328125 0.4375 0.5265624156250001 0.4375 0.525 0.435937778125 0.523437584375 0.435937778125 0.5218751671875 0.4343748140625 0.5203127515625 0.4343748140625 0.5171872484375 0.4312503703125 0.514062415625 0.4312503703125 0.5125 0.4296874078125 0.5109375843749999 0.4296874078125 0.5093751671875 0.4281251859375 0.5078127515624999 0.4281251859375 0.5031248328125 0.423437778125 0.501562415625 0.423437778125 0.49843758437499996 0.42031259218750006 0.4968751671875 0.42031259218750006 0.4953127515625 0.41875037031250006 0.49375033593750006 0.41875037031250006 0.4921872484375 0.41718740781249997 0.4843751671875 0.41718740781249997 0.4828127515625 0.41875037031250006 0.476562415625 0.41875037031250006 0.475 0.42031259218750006 0.4718751671875 0.42031259218750006
0 0.2437503359375 0.573437778125 0.24062483281249997 0.576562221875 0.239062415625 0.576562221875 0.2375 0.5781251859375 0.235937584375 0.5781251859375 0.23281275156249998 0.5812503703125 0.22968724843750002 0.5812503703125 0.22812483281249998 0.5828125921875 0.22656241562499999 0.5828125921875 0.225 0.5843748140625 0.225 0.589062221875 0.223437584375 0.5906251859375 0.223437584375 0.5921874078125 0.22187516718750003 0.5937503703125 0.21875033593749998 0.5937503703125 0.21562483281249997 0.5968748140625 0.21093758437500001 0.5968748140625 0.20937516718750002 0.5953125921875 0.2062503359375 0.598437778125 0.20468724843750002 0.598437778125 0.2031248328125 0.6 0.201562415625 0.6 0.2 0.601562221875 0.1968751671875 0.601562221875 0.1953127515625 0.6031251859375 0.1953127515625 0.6062503703125001 0.1937503359375 0.6078125921875001 0.1937503359375 0.6156251859374999 0.19218724843749999 0.6171874078124999 0.19218724843749999 0.6843748140625 0.1937503359375 0.685937778125 0.1937503359375 0.689062221875 0.1968751671875 0.6921874078125 0.2 0.6921874078125 0.201562415625 0.6937503703125001 0.2031248328125 0.6937503703125001 0.20781275156249998 0.698437778125 0.21093758437500001 0.698437778125 0.2125 0.7 0.214062415625 0.7 0.2171872484375 0.7031251859375 0.21875033593749998 0.7031251859375 0.2203127515625 0.7046874078124999 0.22187516718750003 0.7046874078124999 0.22812483281249998 0.710937778125 0.23281275156249998 0.710937778125 0.239062415625 0.7171874078125 0.24062483281249997 0.7171874078125 0.2453127515625 0.7218748140625 0.24843758437500002 0.7218748140625 0.25 0.723437778125 0.2656248328125 0.723437778125 0.2671872484375 0.7218748140625 0.2687503359375 0.7218748140625 0.27187516718750004 0.7187503703125 0.273437584375 0.7187503703125 0.275 0.7171874078125 0.2781248328125 0.7171874078125 0.28281275156249996 0.7125 0.2843751671875 0.7125 0.285937584375 0.710937778125 0.289062415625 0.710937778125 0.29062483281249996 0.7093748140625 0.2921872484375 0.7093748140625 0.2953127515625 0.7062503703125 0.2968751671875 0.7062503703125 0.298437584375 0.7046874078124999 0.3 0.7046874078124999 0.3046872484375 0.7 0.3046872484375 0.698437778125 0.3062503359375 0.6968748140625001 0.3062503359375 0.6953125921875001 0.310937584375 0.6906251859375 0.310937584375 0.6828125921875 0.3125 0.6812503703125 0.3125 0.6781251859374999 0.3156248328125 0.675 0.3156248328125 0.673437778125 0.3171872484375 0.6718748140625 0.3171872484375 0.6656251859375 0.32343758437500003 0.6593748140625 0.32343758437500003 0.6578125921875 0.3281248328125 0.6531251859375 0.3281248328125 0.6031251859375 0.32343758437500003 0.598437778125 0.32343758437500003 0.5968748140625 0.3203127515625 0.5937503703125 0.3187503359375 0.5937503703125 0.3171872484375 0.5921874078125 0.3156248328125 0.5921874078125 0.3125 0.589062221875 0.310937584375 0.589062221875 0.3093751671875 0.5875 0.3078127515625 0.5875 0.3062503359375 0.585937778125 0.3046872484375 0.585937778125 0.30156241562499997 0.5828125921875 0.298437584375 0.5828125921875 0.2968751671875 0.5812503703125 0.285937584375 0.5812503703125 0.2843751671875 0.5828125921875 0.28281275156249996 0.5828125921875 0.2812503359375 0.5843748140625 0.2781248328125 0.5843748140625 0.276562415625 0.5828125921875 0.275 0.5828125921875 0.273437584375 0.5812503703125 0.27187516718750004 0.5812503703125 0.2656248328125 0.575 0.2656248328125 0.573437778125 0.2625 0.5703125921875001 0.26093758437500003 0.5703125921875001 0.25937516718750003 0.5687503703125001 0.251562415625 0.5687503703125001 0.25 0.5703125921875001 0.24843758437500002 0.5703125921875001 0.2453127515625 0.573437778125 0.2437503359375 0.573437778125
34 0.539062415625 0.2375 0.539062415625 0.2687503703125 0.5421872484375 0.27187481406249997 0.5437503359375 0.27187481406249997 0.5453127515625 0.27343777812500003 0.5781248328124999 0.27343777812500003 0.5796872484375 0.27187481406249997 0.5796872484375 0.2703125921875 0.5828127515625 0.2671874078125 0.5843751671875 0.2671874078125 0.5843751671875 0.2531251859375 0.5812503359375001 0.25 0.5812503359375001 0.248437778125 0.5796872484375 0.24687481406249998 0.5796872484375 0.2328125921875 0.5781248328124999 0.2312503703125 0.576562415625 0.2312503703125 0.5671872484375 0.22187481406249998 0.5671872484375 0.2203125921875 0.5562503359375001 0.2203125921875 0.5562503359375001 0.22187481406249998 0.5531248328125 0.225 0.5515624156250001 0.225 0.539062415625 0.2375
36 0.3828127515625 0.5687503703125001 0.3812503359375 0.5703125921875001 0.3796872484375 0.5703125921875001 0.3703127515625 0.5796874078124999 0.3687503359375 0.5796874078124999 0.36562483281249997 0.5828125921875 0.36406241562499997 0.5828125921875 0.3593751671875 0.5875 0.3578127515625 0.5875 0.3562503359375 0.589062221875 0.3562503359375 0.5906251859375 0.35312483281249996 0.5937503703125 0.35 0.5937503703125 0.348437584375 0.5953125921875 0.3468751671875 0.5953125921875 0.34531275156249996 0.5968748140625 0.34531275156249996 0.598437778125 0.34218724843750004 0.601562221875 0.34218724843750004 0.65 0.3437503359375 0.651562221875 0.3437503359375 0.6531251859375 0.34531275156249996 0.6546874078125 0.34531275156249996 0.6562503703125 0.35 0.660937778125 0.35 0.6625 0.351562415625 0.664062221875 0.351562415625 0.6656251859375 0.3546872484375 0.6687503703125001 0.3546872484375 0.6703125921875001 0.3562503359375 0.6718748140625 0.3562503359375 0.6796874078124999 0.3578127515625 0.6812503703125 0.3578127515625 0.6828125921875 0.360937584375 0.685937778125 0.360937584375 0.6875 0.3625 0.689062221875 0.3625 0.6906251859375 0.3703127515625 0.698437778125 0.3718751671875 0.698437778125 0.3781248328125 0.7046874078124999 0.38437516718750003 0.7046874078124999 0.389062415625 0.7093748140625 0.3906248328125 0.7093748140625 0.3921872484375 0.710937778125 0.3953127515625 0.710937778125 0.39687516718750004 0.7125 0.398437584375 0.7125 0.40156241562500006 0.7156251859375 0.4031248328125 0.7156251859375 0.40781275156249996 0.7203125921875 0.4125 0.7203125921875 0.414062415625 0.7187503703125 0.4203127515625 0.7187503703125 0.4218751671875 0.7171874078125 0.426562415625 0.7171874078125 0.42812483281249997 0.7156251859375 0.4296872484375 0.7156251859375 0.4328127515625 0.7125 0.4343751671875 0.7125 0.43593758437499996 0.710937778125 0.4406248328125 0.710937778125 0.4421872484375 0.7093748140625 0.4437503359375 0.7093748140625 0.44687516718750003 0.7062503703125 0.448437584375 0.7062503703125 0.45 0.7046874078124999 0.4531248328125 0.7046874078124999 0.45937516718750004 0.698437778125 0.46406241562500006 0.698437778125 0.4656248328125 0.6968748140625001 0.46718724843750004 0.6968748140625001 0.46718724843750004 0.6953125921875001 0.47031275156249996 0.6921874078125 0.4718751671875 0.6921874078125 0.4796872484375 0.6843748140625 0.4796872484375 0.6078125921875001 0.47812483281249996 0.6062503703125001 0.47812483281249996 0.6031251859375 0.46875033593750004 0.5937503703125 0.4656248328125 0.5937503703125 0.45937516718750004 0.5875 0.4578127515625 0.5875 0.45625033593750003 0.585937778125 0.4546872484375 0.585937778125 0.45 0.5812503703125 0.44687516718750003 0.5812503703125 0.4453127515625 0.5796874078124999 0.4437503359375 0.5796874078124999 0.4421872484375 0.5781251859375 0.4421872484375 0.576562221875 0.4406248328125 0.576562221875 0.43906241562500004 0.575 0.4375 0.575 0.4328127515625 0.5703125921875001 0.42812483281249997 0.5703125921875001 0.426562415625 0.5687503703125001 0.41562483281249996 0.5687503703125001 0.414062415625 0.5671874078125 0.40156241562500006 0.5671874078125 0.4 0.5656251859375 0.3953127515625 0.5656251859375 0.3937503359375 0.5671874078125 0.389062415625 0.5671874078125 0.3875 0.5687503703125001 0.3828127515625 0.5687503703125001
17 0.25 0.275 0.24843758437500002 0.276562221875 0.24687516718750002 0.276562221875 0.2437503359375 0.2796874078125 0.2421872484375 0.2796874078125 0.24062483281249997 0.2812503703125 0.239062415625 0.2812503703125 0.2375 0.2828125921875 0.235937584375 0.2828125921875 0.2312503359375 0.2875 0.22968724843750002 0.2875 0.225 0.2921874078125 0.223437584375 0.2921874078125 0.22187516718750003 0.2937503703125 0.2203127515625 0.2937503703125 0.21562483281249997 0.298437778125 0.214062415625 0.298437778125 0.2125 0.3 0.20937516718750002 0.3 0.20781275156249998 0.301562221875 0.2062503359375 0.301562221875 0.201562415625 0.3062503703125 0.2 0.3062503703125 0.1953127515625 0.310937778125 0.1953127515625 0.3125 0.1937503359375 0.314062221875 0.1937503359375 0.3687503703125 0.201562415625 0.376562221875 0.201562415625 0.3781251859375 0.20468724843750002 0.3812503703125 0.20468724843750002 0.38281259218749997 0.2062503359375 0.38437481406249996 0.2062503359375 0.39687481406249997 0.21093758437500001 0.401562221875 0.21093758437500001 0.40312518593749996 0.2125 0.40468740781249996 0.2125 0.40781259218750004 0.21562483281249997 0.410937778125 0.2171872484375 0.410937778125 0.22187516718750003 0.4156251859375 0.225 0.4156251859375 0.22656241562499999 0.41718740781249997 0.2312503359375 0.41718740781249997 0.23281275156249998 0.41875037031250006 0.2343751671875 0.41875037031250006 0.239062415625 0.423437778125 0.2421872484375 0.423437778125 0.2453127515625 0.426562221875 0.24687516718750002 0.426562221875 0.25 0.4296874078125 0.251562415625 0.4296874078125 0.2531248328125 0.4312503703125 0.2546872484375 0.4312503703125 0.2562503359375 0.4328125921875 0.2562503359375 0.4343748140625 0.2687503359375 0.4343748140625 0.27187516718750004 0.4312503703125 0.273437584375 0.4312503703125 0.275 0.4296874078125 0.27968724843750004 0.4296874078125 0.2812503359375 0.4281251859375 0.28281275156249996 0.4281251859375 0.285937584375 0.425 0.2875 0.425 0.289062415625 0.423437778125 0.2953127515625 0.423437778125 0.3 0.41875037031250006 0.30156241562499997 0.41875037031250006 0.310937584375 0.40937481406250004 0.310937584375 0.4 0.3125 0.39843777812500003 0.3125 0.3953125921875 0.3156248328125 0.3921874078125 0.3156248328125 0.389062221875 0.3171872484375 0.3875 0.3171872484375 0.3812503703125 0.3187503359375 0.3796874078125 0.3187503359375 0.3781251859375 0.32343758437500003 0.373437778125 0.32343758437500003 0.3718748140625 0.3281248328125 0.36718740781250003 0.3281248328125 0.36562518593750004 0.3296872484375 0.364062221875 0.3296872484375 0.3156251859375 0.3281248328125 0.314062221875 0.3281248328125 0.3125 0.326562415625 0.3125 0.325 0.310937778125 0.325 0.3093748140625 0.32187516718750003 0.3062503703125 0.3203127515625 0.3062503703125 0.3156248328125 0.301562221875 0.314062415625 0.301562221875 0.3125 0.3 0.3078127515625 0.3 0.30156241562499997 0.2937503703125 0.298437584375 0.2937503703125 0.2968751671875 0.2921874078125 0.2953127515625 0.2921874078125 0.29062483281249996 0.2875 0.2875 0.2875 0.2843751671875 0.2843748140625 0.28281275156249996 0.2843748140625 0.27187516718750004 0.27343777812500003 0.2671872484375 0.27343777812500003 0.2656248328125 0.27187481406249997 0.2578127515625 0.27187481406249997 0.2562503359375 0.27343777812500003 0.2546872484375 0.27343777812500003 0.2531248328125 0.275 0.25 0.275
32 0.3187503359375 0.3718748140625 0.3187503359375 0.373437778125 0.314062415625 0.3781251859375 0.314062415625 0.41406222187499997 0.3156248328125 0.4156251859375 0.3171872484375 0.4156251859375 0.3187503359375 0.41718740781249997 0.348437584375 0.41718740781249997 0.35 0.4156251859375 0.351562415625 0.4156251859375 0.35312483281249996 0.41406222187499997 0.35312483281249996 0.4125 0.3546872484375 0.410937778125 0.3546872484375 0.376562221875 0.3468751671875 0.3687503703125 0.34531275156249996 0.3687503703125 0.34218724843750004 0.36562518593750004 0.325 0.36562518593750004 0.325 0.36718740781250003 0.32343758437500003 0.3687503703125 0.32187516718750003 0.3687503703125 0.3187503359375 0.3718748140625
34 0.539062415625 0.748437778125 0.5406248328125 0.748437778125 0.5421872484375 0.75 0.5437503359375 0.75 0.5468751671875001 0.7531251859375 0.5734375843749999 0.7531251859375 0.5734375843749999 0.751562221875 0.576562415625 0.748437778125 0.5781248328124999 0.748437778125 0.5796872484375 0.7468748140625 0.5796872484375 0.7078125921875 0.5781248328124999 0.7062503703125 0.576562415625 0.7062503703125 0.5734375843749999 0.7031251859375 0.5734375843749999 0.701562221875 0.5718751671875 0.7 0.5453127515625 0.7 0.5437503359375 0.701562221875 0.5437503359375 0.7031251859375 0.539062415625 0.7078125921875 0.539062415625 0.748437778125
31 0.6203127515625 0.5625 0.6187503359375001 0.564062221875 0.6187503359375001 0.5656251859375 0.6140624156250001 0.5703125921875001 0.6140624156250001 0.6046874078125 0.6156248328125 0.6046874078125 0.6187503359375001 0.6078125921875001 0.6187503359375001 0.6093748140625 0.6203127515625 0.610937778125 0.6468751671875 0.610937778125 0.648437584375 0.6093748140625 0.65 0.6093748140625 0.6531248328125 0.6062503703125001 0.6531248328125 0.6046874078125 0.6546872484375 0.6031251859375 0.6546872484375 0.601562221875 0.6562503359375 0.6 0.6562503359375 0.598437778125 0.6578127515625 0.5968748140625 0.6578127515625 0.5937503703125 0.6562503359375 0.5921874078125 0.6562503359375 0.5875 0.6546872484375 0.585937778125 0.6546872484375 0.5703125921875001 0.648437584375 0.564062221875 0.648437584375 0.5625 0.6421872484375 0.5562503703125 0.626562415625 0.5562503703125 0.625 0.5578125921875 0.625 0.5593748140625 0.6218751671875 0.5625 0.6203127515625 0.5625
33 0.689062415625 0.425 0.689062415625 0.46093777812500003 0.6906248328125 0.46093777812500003 0.6968751671875 0.46718740781249996 0.7218751671875 0.46718740781249996 0.7296872484375 0.4593748140625 0.7296872484375 0.426562221875 0.7281248328125 0.425 0.7281248328125 0.423437778125 0.7234375843749999 0.41875037031250006 0.7218751671875 0.41875037031250006 0.7171872484375 0.41406222187499997 0.7 0.41406222187499997 0.6937503359375 0.42031259218750006 0.6937503359375 0.42187481406250005 0.6906248328125 0.425 0.689062415625 0.425
31 0.1687503359375 0.373437778125 0.1671872484375 0.375 0.1671872484375 0.376562221875 0.16406241562499999 0.3796874078125 0.16406241562499999 0.410937778125 0.1703127515625 0.41718740781249997 0.2 0.41718740781249997 0.201562415625 0.4156251859375 0.2031248328125 0.4156251859375 0.2031248328125 0.41406222187499997 0.20468724843750002 0.4125 0.20468724843750002 0.376562221875 0.2031248328125 0.375 0.201562415625 0.375 0.198437584375 0.3718748140625 0.198437584375 0.3703125921875 0.1953127515625 0.36718740781250003 0.1937503359375 0.36718740781250003 0.19218724843749999 0.36562518593750004 0.19218724843749999 0.364062221875 0.1781248328125 0.364062221875 0.173437584375 0.3687503703125 0.1718751671875 0.3687503703125 0.1687503359375 0.3718748140625 0.1687503359375 0.373437778125
31 0.239062415625 0.5546874078124999 0.24062483281249997 0.5546874078124999 0.2437503359375 0.5578125921875 0.2437503359375 0.5593748140625 0.2453127515625 0.560937778125 0.275 0.560937778125 0.276562415625 0.5593748140625 0.2781248328125 0.5593748140625 0.2781248328125 0.5578125921875 0.27968724843750004 0.5562503703125 0.27968724843750004 0.5203125921875 0.2671872484375 0.5078125921875001 0.251562415625 0.5078125921875001 0.2437503359375 0.5156251859375 0.2437503359375 0.5171874078124999 0.239062415625 0.5218748140625 0.239062415625 0.5546874078124999
33 0.3937503359375 0.5203125921875 0.389062415625 0.525 0.389062415625 0.5546874078124999 0.3953127515625 0.560937778125 0.426562415625 0.560937778125 0.4296872484375 0.5578125921875 0.4296872484375 0.5218748140625 0.42343758437499995 0.5156251859375 0.42343758437499995 0.514062221875 0.4218751671875 0.5125 0.4203127515625 0.5125 0.4171872484375 0.5093748140625001 0.4031248328125 0.5093748140625001 0.4 0.5125 0.398437584375 0.5125 0.3937503359375 0.5171874078124999 0.3937503359375 0.5203125921875
28 0.5812503359375001 0.2843748140625 0.5828127515625 0.285937778125 0.5843751671875 0.285937778125 0.5906248328125 0.2921874078125 0.5968751671875 0.2921874078125 0.6 0.2953125921875 0.6 0.2968748140625 0.601562415625 0.298437778125 0.6062503359375 0.298437778125 0.6078127515625 0.3 0.6093751671875001 0.3 0.6140624156250001 0.30468740781250003 0.6156248328125 0.30468740781250003 0.6187503359375001 0.3078125921875 0.6296872484375 0.3078125921875 0.6328127515624999 0.30468740781250003 0.6328127515624999 0.2937503703125 0.6296872484375 0.29062518593750003 0.6296872484375 0.28906222187499997 0.6281248328125 0.2875 0.623437584375 0.2875 0.6218751671875 0.285937778125 0.6203127515625 0.285937778125 0.6156248328125 0.2812503703125 0.6140624156250001 0.2812503703125 0.610937584375 0.2781251859375 0.610937584375 0.276562221875 0.6093751671875001 0.275 0.6062503359375 0.275 0.601562415625 0.2703125921875 0.6 0.2703125921875 0.5984375843749999 0.2687503703125 0.5953127515625 0.2687503703125 0.5937503359375 0.2671874078125 0.576562415625 0.2671874078125 0.576562415625 0.2796874078125 0.5781248328124999 0.2796874078125 0.5812503359375001 0.2828125921875 0.5812503359375001 0.2843748140625
25 0.20468724843750002 0.425 0.20468724843750002 0.426562221875 0.20781275156249998 0.4296874078125 0.20937516718750002 0.4296874078125 0.214062415625 0.4343748140625 0.21562483281249997 0.4343748140625 0.2171872484375 0.435937778125 0.22187516718750003 0.435937778125 0.225 0.439062221875 0.225 0.4406251859375 0.22656241562499999 0.4421874078125 0.22968724843750002 0.4421874078125 0.2312503359375 0.44375037031250003 0.23281275156249998 0.44375037031250003 0.235937584375 0.4468748140625 0.2375 0.4468748140625 0.239062415625 0.448437778125 0.24062483281249997 0.448437778125 0.2437503359375 0.451562221875 0.2546872484375 0.451562221875 0.2578127515625 0.448437778125 0.25937516718750003 0.448437778125 0.25937516718750003 0.4375 0.2578127515625 0.4375 0.2546872484375 0.4343748140625 0.2546872484375 0.4328125921875 0.2531248328125 0.4312503703125 0.25 0.4312503703125 0.2453127515625 0.426562221875 0.2437503359375 0.426562221875 0.2421872484375 0.425 0.239062415625 0.425 0.235937584375 0.42187481406250005 0.235937584375 0.42031259218750006 0.2343751671875 0.41875037031250006 0.22968724843750002 0.41875037031250006 0.22812483281249998 0.41718740781249997 0.22656241562499999 0.41718740781249997 0.225 0.4156251859375 0.225 0.41406222187499997 0.223437584375 0.41406222187499997 0.22187516718750003 0.4125 0.2203127515625 0.4125 0.2171872484375 0.40937481406250004 0.2 0.40937481406250004 0.2 0.42187481406250005 0.201562415625 0.423437778125 0.2031248328125 0.423437778125 0.20468724843750002 0.425
32 0.3187503359375 0.6593748140625 0.3171872484375 0.660937778125 0.3171872484375 0.6625 0.3156248328125 0.664062221875 0.314062415625 0.664062221875 0.314062415625 0.7031251859375 0.3171872484375 0.7031251859375 0.3187503359375 0.7046874078124999 0.351562415625 0.7046874078124999 0.3546872484375 0.701562221875 0.3546872484375 0.664062221875 0.3437503359375 0.6531251859375 0.325 0.6531251859375 0.32187516718750003 0.6562503703125 0.3203127515625 0.6562503703125 0.3187503359375 0.6578125921875 0.3187503359375 0.6593748140625
28 0.5265624156250001 0.8375 0.5203127515625 0.8437503703125 0.5171872484375 0.8437503703125 0.5156248328124999 0.8453125921875 0.514062415625 0.8453125921875 0.5093751671875 0.85 0.5078127515624999 0.85 0.5062503359375 0.851562221875 0.5046872484375 0.851562221875 0.501562415625 0.8546874078125001 0.5 0.8546874078125001 0.49843758437499996 0.8562503703125 0.4953127515625 0.8562503703125 0.489062415625 0.8625 0.489062415625 0.8796874078125001 0.49375033593750006 0.8796874078125001 0.4953127515625 0.8812503703125 0.4968751671875 0.8812503703125 0.49843758437499996 0.8796874078125001 0.5062503359375 0.8796874078125001 0.5078127515624999 0.8781251859375001 0.5093751671875 0.8781251859375001 0.514062415625 0.873437778125 0.5156248328124999 0.873437778125 0.5171872484375 0.8718748140624999 0.5171872484375 0.8703125921874999 0.5203127515625 0.8671874078125 0.523437584375 0.8671874078125 0.525 0.8656251859375 0.5265624156250001 0.8656251859375 0.5312503359375 0.860937778125 0.5343751671875 0.860937778125 0.539062415625 0.8562503703125 0.5406248328125 0.8562503703125 0.5421872484375 0.8546874078125001 0.5453127515625 0.8546874078125001 0.5515624156250001 0.848437778125 0.5531248328125 0.848437778125 0.5546872484375001 0.8468748140625 0.5546872484375001 0.8453125921875 0.5562503359375001 0.8437503703125 0.5562503359375001 0.8421874078125 0.5593751671875 0.839062221875 0.5593751671875 0.8328125921874999 0.5578127515625 0.8312503703124999 0.5375 0.8312503703124999 0.5359375843749999 0.8328125921874999 0.5343751671875 0.8328125921874999 0.5296872484375 0.8375 0.5265624156250001 0.8375
25 0.6796872484375001 0.551562221875 0.6765624156250001 0.5546874078124999 0.675 0.5546874078124999 0.673437584375 0.5562503703125 0.6703127515625 0.5562503703125 0.6593751671875 0.5671874078125 0.6578127515625 0.5671874078125 0.6578127515625 0.585937778125 0.6656248328125 0.585937778125 0.6718751671875001 0.5796874078124999 0.6765624156250001 0.5796874078124999 0.6828127515625 0.573437778125 0.6843751671875 0.573437778125 0.685937584375 0.5718748140625001 0.6875 0.5718748140625001 0.6906248328125 0.5687503703125001 0.6921872484375 0.5687503703125001 0.6937503359375 0.5671874078125 0.6968751671875 0.5671874078125 0.6984375843749999 0.5656251859375 0.6984375843749999 0.564062221875 0.701562415625 0.560937778125 0.7031248328124999 0.560937778125 0.7046872484375 0.5593748140625 0.7046872484375 0.5578125921875 0.7078127515625 0.5546874078124999 0.7093751671875 0.5546874078124999 0.7093751671875 0.5453125921875001 0.7078127515625 0.5437503703125001 0.6906248328125 0.5437503703125001 0.6843751671875 0.55 0.6828127515625 0.55 0.6812503359375001 0.551562221875 0.6796872484375001 0.551562221875
11 0.3828127515625 0.3562503703125 0.3828127515625 0.4156251859375 0.4343751671875 0.4156251859375 0.43593758437499996 0.41406222187499997 0.43593758437499996 0.410937778125 0.4375 0.40937481406250004 0.4375 0.40468740781249996 0.43906241562500004 0.40312518593749996 0.43906241562500004 0.39843777812500003 0.4375 0.39687481406249997 0.4375 0.3953125921875 0.43906241562500004 0.3937503703125 0.43906241562500004 0.3718748140625 0.4375 0.3703125921875 0.4375 0.360937778125 0.43593758437499996 0.3593748140625 0.43593758437499996 0.3578125921875 0.4328127515625 0.3546874078125 0.43125033593750006 0.3546874078125 0.4296872484375 0.35312518593750003 0.389062415625 0.35312518593750003 0.3875 0.3546874078125 0.38593758437500003 0.3546874078125 0.38437516718750003 0.3562503703125 0.3828127515625 0.3562503703125
26 0.3546872484375 0.7078125921875 0.3562503359375 0.7093748140625 0.3562503359375 0.7156251859375 0.3578127515625 0.7171874078125 0.3593751671875 0.7171874078125 0.36406241562499997 0.7218748140625 0.36562483281249997 0.7218748140625 0.3671872484375 0.723437778125 0.3703127515625 0.723437778125 0.376562415625 0.7296874078125 0.3796872484375 0.7296874078125 0.38437516718750003 0.7343748140625 0.38593758437500003 0.7343748140625 0.3875 0.735937778125 0.3937503359375 0.735937778125 0.3953127515625 0.7375 0.40156241562500006 0.7375 0.40468724843750004 0.7343748140625 0.40468724843750004 0.7312503703125001 0.40625033593750004 0.7296874078125 0.40625033593750004 0.726562221875 0.40468724843750004 0.725 0.40468724843750004 0.7203125921875 0.39687516718750004 0.7125 0.3953127515625 0.7125 0.3921872484375 0.7093748140625 0.3921872484375 0.7078125921875 0.3906248328125 0.7062503703125 0.38437516718750003 0.7062503703125 0.3781248328125 0.7 0.375 0.7 0.373437584375 0.698437778125 0.351562415625 0.698437778125 0.351562415625 0.7046874078124999 0.35312483281249996 0.7046874078124999 0.3546872484375 0.7062503703125 0.3546872484375 0.7078125921875
26 0.3578127515625 0.4296874078125 0.3593751671875 0.4296874078125 0.36562483281249997 0.435937778125 0.3703127515625 0.435937778125 0.376562415625 0.4421874078125 0.3796872484375 0.4421874078125 0.3812503359375 0.44375037031250003 0.3828127515625 0.44375037031250003 0.38593758437500003 0.4468748140625 0.3875 0.4468748140625 0.389062415625 0.448437778125 0.3906248328125 0.448437778125 0.3937503359375 0.451562221875 0.4031248328125 0.451562221875 0.40468724843750004 0.45 0.40468724843750004 0.448437778125 0.40625033593750004 0.4468748140625 0.40625033593750004 0.435937778125 0.40468724843750004 0.4343748140625 0.40468724843750004 0.4328125921875 0.4031248328125 0.4312503703125 0.40156241562500006 0.4312503703125 0.398437584375 0.4281251859375 0.398437584375 0.426562221875 0.39687516718750004 0.425 0.3937503359375 0.425 0.3906248328125 0.42187481406250005 0.389062415625 0.42187481406250005 0.38593758437500003 0.41875037031250006 0.3828127515625 0.41875037031250006 0.3781248328125 0.41406222187499997 0.376562415625 0.41406222187499997 0.375 0.4125 0.3718751671875 0.4125 0.3703127515625 0.410937778125 0.351562415625 0.410937778125 0.351562415625 0.42187481406250005 0.3546872484375 0.425 0.3546872484375 0.426562221875 0.3578127515625 0.4296874078125
27 0.7578127515624999 0.40625037031250005 0.7562503359375 0.40781259218750004 0.7562503359375 0.40937481406250004 0.7531248328125 0.4125 0.748437584375 0.4125 0.7468751671875 0.41406222187499997 0.7453127515625 0.41406222187499997 0.7406248328125 0.41875037031250006 0.7390624156250001 0.41875037031250006 0.7328127515625 0.425 0.7328127515625 0.4421874078125 0.7406248328125 0.4421874078125 0.7468751671875 0.435937778125 0.7531248328125 0.435937778125 0.7546872484375 0.4343748140625 0.7546872484375 0.4328125921875 0.7578127515624999 0.4296874078125 0.7593751671875 0.4296874078125 0.7609375843749999 0.4281251859375 0.7609375843749999 0.426562221875 0.764062415625 0.423437778125 0.7718751671875 0.423437778125 0.773437584375 0.42187481406250005 0.773437584375 0.42031259218750006 0.7765624156250001 0.41718740781249997 0.7781248328125 0.41718740781249997 0.7796872484375 0.4156251859375 0.7796872484375 0.41406222187499997 0.7812503359375 0.4125 0.7812503359375 0.410937778125 0.7828127515625 0.40937481406250004 0.7828127515625 0.40625037031250005 0.7812503359375 0.40468740781249996 0.7812503359375 0.40312518593749996 0.7796872484375 0.401562221875 0.7656248328124999 0.401562221875 0.7625 0.40468740781249996 0.7609375843749999 0.40468740781249996 0.7593751671875 0.40625037031250005 0.7578127515624999 0.40625037031250005
28 0.564062415625 0.8296874078125 0.5671872484375 0.826562221875 0.5671872484375 0.7578125921875001 0.5546872484375001 0.7578125921875001 0.5546872484375001 0.8281251859375001 0.5562503359375001 0.8281251859375001 0.5578127515625 0.8296874078125 0.564062415625 0.8296874078125
25 0.2656248328125 0.5093748140625001 0.2671872484375 0.5078125921875001 0.2671872484375 0.45312518593749995 0.2546872484375 0.45312518593749995 0.2546872484375 0.5078125921875001 0.2562503359375 0.5078125921875001 0.2578127515625 0.5093748140625001 0.2656248328125 0.5093748140625001
7 0.285937584375 0.701562221875 0.285937584375 0.6437503703125 0.2843751671875 0.6421874078124999 0.23281275156249998 0.6421874078124999 0.23281275156249998 0.698437778125 0.2375 0.7031251859375 0.2843751671875 0.7031251859375 0.285937584375 0.701562221875
26 0.41562483281249996 0.739062221875 0.40468724843750004 0.739062221875 0.40468724843750004 0.826562221875 0.40781275156249996 0.8296874078125 0.41562483281249996 0.8296874078125 0.41562483281249996 0.739062221875
27 0.41093758437499994 0.5078125921875001 0.41562483281249996 0.5078125921875001 0.41562483281249996 0.5062503703125001 0.4171872484375 0.5046874078125 0.4171872484375 0.45312518593749995 0.40468724843750004 0.45312518593749995 0.40468724843750004 0.5046874078125 0.40625033593750004 0.5062503703125001 0.4093751671875 0.5062503703125001 0.41093758437499994 0.5078125921875001
7 0.6875 0.41718740781249997 0.6968751671875 0.41718740781249997 0.701562415625 0.4125 0.7062503359375001 0.4125 0.7078127515625 0.410937778125 0.7093751671875 0.410937778125 0.710937584375 0.4125 0.7125 0.4125 0.7140624156250001 0.41406222187499997 0.7156248328125 0.41406222187499997 0.7171872484375 0.4156251859375 0.7187503359375 0.4156251859375 0.7203127515625 0.41718740781249997 0.7328127515625 0.41718740781249997 0.735937584375 0.41406222187499997 0.735937584375 0.40781259218750004 0.7375 0.40625037031250005 0.7375 0.40468740781249996 0.7390624156250001 0.40312518593749996 0.7390624156250001 0.36562518593750004 0.7375 0.364062221875 0.7375 0.3593748140625 0.7328127515625 0.3546874078125 0.6828127515625 0.3546874078125 0.6828127515625 0.41406222187499997 0.6843751671875 0.4156251859375 0.685937584375 0.4156251859375 0.6875 0.41718740781249997
8 0.360937584375 0.21406222187499999 0.3593751671875 0.2125 0.3578127515625 0.2125 0.3562503359375 0.210937778125 0.3093751671875 0.210937778125 0.3078127515625 0.2125 0.3078127515625 0.27187481406249997 0.360937584375 0.27187481406249997 0.360937584375 0.21406222187499999
15 0.610937584375 0.27187481406249997 0.6593751671875 0.27187481406249997 0.6609375843749999 0.2703125921875 0.6609375843749999 0.2671874078125 0.6625 0.2656251859375 0.6625 0.24531259218749998 0.6609375843749999 0.2437503703125 0.6609375843749999 0.21406222187499999 0.6593751671875 0.2125 0.6593751671875 0.210937778125 0.610937584375 0.210937778125 0.6093751671875001 0.2125 0.6078127515625 0.2125 0.6078127515625 0.2687503703125 0.610937584375 0.27187481406249997
29 0.5796872484375 0.46093777812500003 0.576562415625 0.464062221875 0.576562415625 0.46562518593749996 0.575 0.46718740781249996 0.575 0.47187481406250004 0.5734375843749999 0.473437778125 0.5734375843749999 0.475 0.5718751671875 0.47656222187499997 0.5703127515624999 0.47656222187499997 0.5703127515624999 0.4781251859375 0.5671872484375 0.48125037031250006 0.5671872484375 0.4953125921875 0.5687503359375 0.4968748140625 0.5703127515624999 0.4968748140625 0.5718751671875 0.498437778125 0.5734375843749999 0.498437778125 0.5796872484375 0.5046874078125 0.5796872484375 0.5062503703125001 0.5812503359375001 0.5078125921875001 0.5812503359375001 0.5093748140625001 0.5828127515625 0.510937778125 0.5968751671875 0.510937778125 0.601562415625 0.5062503703125001 0.601562415625 0.5046874078125 0.6078127515625 0.498437778125 0.610937584375 0.498437778125 0.6125 0.4968748140625 0.6140624156250001 0.4968748140625 0.6156248328125 0.4953125921875 0.6156248328125 0.489062221875 0.6046872484375 0.4781251859375 0.6046872484375 0.46562518593749996 0.5984375843749999 0.4593748140625 0.5984375843749999 0.45781259218750003 0.5968751671875 0.45625037031250004 0.5937503359375 0.45625037031250004 0.5921872484375 0.45468740781249994 0.5828127515625 0.45468740781249994 0.5812503359375001 0.45625037031250004 0.5812503359375001 0.45781259218750003 0.5796872484375 0.4593748140625 0.5796872484375 0.46093777812500003
13 0.43593758437499996 0.6437503703125 0.4343751671875 0.6421874078124999 0.38437516718750003 0.6421874078124999 0.38437516718750003 0.7031251859375 0.4343751671875 0.7031251859375 0.43593758437499996 0.701562221875 0.43593758437499996 0.6437503703125
14 0.3125 0.5593748140625 0.360937584375 0.5593748140625 0.360937584375 0.501562221875 0.3578127515625 0.498437778125 0.3093751671875 0.498437778125 0.3078127515625 0.5 0.3078127515625 0.5562503703125 0.3093751671875 0.5562503703125 0.3125 0.5593748140625
14 0.60763154375 0.8453125921875 0.609193959375 0.8468748140625 0.659193959375 0.8468748140625 0.6607563765625 0.8453125921875 0.6607563765625 0.8296874078125 0.6623187921875 0.8281251859375001 0.6607563765625 0.826562221875 0.6607563765625 0.789062221875 0.656069128125 0.7843748140625 0.6123187921875 0.7843748140625 0.6107563765624999 0.785937778125 0.609193959375 0.785937778125 0.60763154375 0.7875 0.60763154375 0.8453125921875
8 0.539062415625 0.4156251859375 0.5843751671875 0.4156251859375 0.5843751671875 0.41406222187499997 0.585937584375 0.4125 0.585937584375 0.3578125921875 0.5828127515625 0.3546874078125 0.5375 0.3546874078125 0.5359375843749999 0.3562503703125 0.5343751671875 0.3562503703125 0.5343751671875 0.410937778125 0.539062415625 0.4156251859375
11 0.4578127515625 0.8421874078125 0.45937516718750004 0.8421874078125 0.4625 0.8453125921875 0.4625 0.8468748140625 0.5078127515624999 0.8468748140625 0.5093751671875 0.8453125921875 0.5093751671875 0.8437503703125 0.5109375843749999 0.8421874078125 0.5109375843749999 0.789062221875 0.5078127515624999 0.785937778125 0.5062503359375 0.785937778125 0.5046872484375 0.7843748140625 0.4625 0.7843748140625 0.460937584375 0.785937778125 0.45937516718750004 0.785937778125 0.4578127515625 0.7875 0.4578127515625 0.8421874078125
12 0.5328127515625 0.6437503703125 0.5328127515625 0.7 0.5359375843749999 0.7031251859375 0.5375 0.7031251859375 0.539062415625 0.7046874078124999 0.5453127515625 0.7046874078124999 0.5468751671875001 0.7031251859375 0.548437584375 0.7031251859375 0.548437584375 0.701562221875 0.5515624156250001 0.698437778125 0.5656248328125 0.698437778125 0.5703127515624999 0.7031251859375 0.5718751671875 0.7031251859375 0.5734375843749999 0.7046874078124999 0.5843751671875 0.7046874078124999 0.585937584375 0.7031251859375 0.585937584375 0.6453125921875 0.5843751671875 0.6437503703125 0.5828127515625 0.6437503703125 0.5796872484375 0.6406251859375 0.539062415625 0.6406251859375 0.5375 0.6421874078124999 0.5359375843749999 0.6421874078124999 0.5343751671875 0.6437503703125 0.5328127515625 0.6437503703125
15 0.314062415625 0.8468748140625 0.35312483281249996 0.8468748140625 0.3546872484375 0.8453125921875 0.3578127515625 0.8453125921875 0.360937584375 0.8421874078125 0.360937584375 0.789062221875 0.3593751671875 0.7875 0.3593751671875 0.785937778125 0.3578127515625 0.7843748140625 0.3078127515625 0.7843748140625 0.3078127515625 0.8421874078125 0.3093751671875 0.8437503703125 0.310937584375 0.8437503703125 0.314062415625 0.8468748140625
9 0.2884416109375 0.41668000000000005 0.2884416109375 0.3588674078125 0.285316778125 0.35574222187500004 0.23375436249999998 0.35574222187500004 0.23375436249999998 0.41668000000000005 0.235316778125 0.41824222187500004 0.2868791953125 0.41824222187500004 0.2884416109375 0.41668000000000005
12 0.45906040312499996 0.2703703703125 0.46442952968749995 0.2740740734375 0.491946309375 0.2748148140625 0.494630871875 0.2725925921875 0.5120805374999999 0.2725925921875 0.5154362421875 0.26148148125000004 0.5147651 0.22000000000000003 0.512751678125 0.2140740734375 0.5080536906249999 0.21111111093749999 0.47181208124999996 0.21111111093749999 0.46845637656249994 0.21111111093749999 0.45973154374999997 0.2133333328125 0.4577181203125 0.21925925937500002 0.45704697968749997 0.2629629625 0.45906040312499996 0.2703703703125
16 0.16778523437499998 0.56148148125 0.21006711406249998 0.5599999999999999 0.21409395937500003 0.5548148140625 0.212751678125 0.50148148125 0.20604026874999998 0.497777778125 0.17046979843750001 0.497777778125 0.1657718125 0.497777778125 0.15838926250000002 0.50148148125 0.1570469796875 0.5081481484375 0.15838926250000002 0.5570370375 0.16778523437499998 0.56148148125
10 0.6832214765625 0.6474074078125 0.6832214765625 0.69555555625 0.685906040625 0.7029629625 0.6953020140625 0.7051851859375 0.7342281875000001 0.70444444375 0.739597315625 0.7 0.739597315625 0.6466666671875 0.734899328125 0.642222221875 0.7147650999999999 0.64 0.7120805375 0.64 0.7033557046875 0.642222221875 0.6899328859375 0.64148148125 0.685906040625 0.6429629625 0.6832214765625 0.6474074078125
13 0.7583892624999999 0.556296296875 0.760402684375 0.559259259375 0.7657718124999999 0.56148148125 0.806711409375 0.56148148125 0.814093959375 0.5570370375 0.8147651 0.5051851859375 0.8114093953125 0.49925925937500004 0.80738255 0.497777778125 0.803914765625 0.497777778125 0.7657718124999999 0.497777778125 0.759060403125 0.50148148125 0.7577181203125 0.5414814812500001 0.7583892624999999 0.556296296875
16 0.60738255 0.5429629625 0.6087248328125 0.5570370375 0.612751678125 0.560740740625 0.621476509375 0.56148148125 0.626174496875 0.560740740625 0.632214765625 0.5533333328125 0.6362416109375 0.5533333328125 0.6510067109375 0.56444444375 0.6577181203125 0.559259259375 0.6617449671875 0.559259259375 0.6644295296875 0.5518518515624999 0.6637583890625 0.50148148125 0.6557046984375 0.4970370375 0.6302013421875 0.49925925937500004 0.620134228125 0.4970370375 0.6181208046875 0.4970370375 0.60738255 0.5051851859375 0.606711409375 0.5118518515625 0.6093959734375 0.5148148140625 0.60738255 0.5429629625
20 0.5796872484375 0.0796874078125 0.5828127515625 0.076562221875 0.5828127515625 0.004687407812500001 0.525 0.004687407812500001 0.525 0.0812503703125 0.576562415625 0.0812503703125 0.5781248328124999 0.0796874078125 0.5796872484375 0.0796874078125
19 0.225 0.0031251859375000003 0.225 0.0828125921875 0.27968724843750004 0.0828125921875 0.27968724843750004 0.0031251859375000003 0.225 0.0031251859375000003
18 0.1312503359375 0.3703125921875 0.1312503359375 0.29062518593750003 0.075 0.29062518593750003 0.075 0.373437778125 0.12968724843749999 0.373437778125 0.12968724843749999 0.3718748140625 0.1312503359375 0.3703125921875
22 0.12968724843749999 0.626562221875 0.1312503359375 0.625 0.1312503359375 0.5812503703125 0.076562415625 0.5812503703125 0.076562415625 0.6562503703125 0.1281248328125 0.6562503703125 0.12968724843749999 0.6546874078125 0.12968724843749999 0.626562221875
18 0.9593751671874999 0.4328125921875 0.898437584375 0.4328125921875 0.898437584375 0.5156251859375 0.9578127515625001 0.5156251859375 0.9593751671874999 0.514062221875 0.9593751671874999 0.4328125921875
18 0.8062503359375001 0.798437778125 0.8062503359375001 0.7218748140625 0.7531248328125 0.7218748140625 0.7531248328125 0.801562221875 0.8046872484375 0.801562221875 0.8046872484375 0.8 0.8062503359375001 0.798437778125
18 0.5781248328124999 0.9437503703125 0.5796872484375 0.9421874078125001 0.5796872484375 0.910937778125 0.5812503359375001 0.9093748140625 0.5812503359375001 0.8671874078125 0.5265624156250001 0.8671874078125 0.5265624156250001 0.9453125921875 0.5281248328125 0.9453125921875 0.5296872484375 0.9437503703125 0.5781248328124999 0.9437503703125
21 0.8062503359375001 0.22187481406249998 0.8078127515625001 0.2203125921875 0.8078127515625001 0.16093777812500001 0.8062503359375001 0.1593748140625 0.8062503359375001 0.1531251859375 0.8078127515625001 0.15156222187499999 0.8078127515625001 0.1437503703125 0.75 0.1437503703125 0.75 0.22812518593750003 0.8046872484375 0.22812518593750003 0.8062503359375001 0.226562221875 0.8062503359375001 0.22187481406249998
23 0.2812503359375 0.8687503703124999 0.225 0.8687503703124999 0.225 0.9453125921875 0.2781248328125 0.9453125921875 0.2812503359375 0.9421874078125001 0.2812503359375 0.8687503703124999