34 0.6718751593750001 0.748437875 0.675 0.7515628750000001 0.675 0.753125 0.676562740625 0.754687875 0.7031248406249999 0.754687875 0.7046875796875 0.753125 0.7062496796875 0.753125 0.7062496796875 0.7515628750000001 0.7078124203125 0.75 0.7093751593750001 0.75 0.7093751593750001 0.748437875 0.710937259375 0.746875 0.710937259375 0.7125 0.7031248406249999 0.7046878750000001 0.701562740625 0.7046878750000001 0.698437259375 0.701562875 0.675 0.701562875 0.675 0.707812875 0.6703124203125 0.7125 0.6703124203125 0.748437875 0.6718751593750001 0.748437875
32 0.2437496796875 0.134375 0.23906274062500002 0.139062875 0.23906274062500002 0.167187875 0.240624840625 0.167187875 0.2437496796875 0.170312875 0.2437496796875 0.171875 0.24531242031249997 0.17343787500000002 0.271875159375 0.17343787500000002 0.27343725937499996 0.171875 0.275 0.171875 0.275 0.170312875 0.276562740625 0.16875 0.278124840625 0.16875 0.278124840625 0.167187875 0.2796875796875 0.165625 0.2796875796875 0.13125 0.278124840625 0.129687875 0.278124840625 0.128125 0.27343725937499996 0.123437875 0.27343725937499996 0.121875 0.25 0.121875 0.246875159375 0.125 0.24531242031249997 0.125 0.2437496796875 0.12656287500000002 0.2437496796875 0.134375
35 0.5937503203125 0.42968787500000005 0.5921875796875 0.43125 0.5875 0.43125 0.585937259375 0.43281287500000004 0.5843751593750001 0.43281287500000004 0.576562740625 0.440625 0.576562740625 0.442187875 0.575 0.44375 0.575 0.44531287500000005 0.573437259375 0.446875 0.573437259375 0.44843787500000004 0.5703124203125001 0.45156287500000003 0.5703124203125001 0.454687875 0.5687503203125 0.45625 0.5687503203125 0.459375 0.565624840625 0.4625 0.5640627406250001 0.4625 0.5625 0.46406287500000004 0.5625 0.465625 0.559375159375 0.46875 0.5578124203125 0.46875 0.553124840625 0.473437875 0.553124840625 0.540625 0.5546875796874999 0.542187875 0.5546875796874999 0.54375 0.5562496796875 0.545312875 0.5562496796875 0.546875 0.5578124203125 0.5484378750000001 0.559375159375 0.5484378750000001 0.565624840625 0.554687875 0.5671875796875 0.554687875 0.5687503203125 0.55625 0.5703124203125001 0.55625 0.573437259375 0.559375 0.575 0.559375 0.576562740625 0.560937875 0.5781248406249999 0.560937875 0.5843751593750001 0.567187875 0.589062740625 0.567187875 0.5953124203125 0.573437875 0.596875159375 0.573437875 0.598437259375 0.575 0.6 0.575 0.6031248406249999 0.578125 0.6046875796875 0.578125 0.6062496796875 0.5796878750000001 0.610937259375 0.5796878750000001 0.6125 0.58125 0.621875159375 0.58125 0.6234372593749999 0.5796878750000001 0.625 0.5796878750000001 0.6265627406250001 0.578125 0.628124840625 0.578125 0.6312496796875 0.575 0.6328124203125001 0.575 0.634375159375 0.573437875 0.6375 0.573437875 0.639062740625 0.571875 0.6406248406249999 0.571875 0.6437496796875 0.56875 0.6453124203125 0.56875 0.6468751593750001 0.567187875 0.648437259375 0.567187875 0.653124840625 0.5625 0.6546875796875 0.5625 0.6562503203125 0.560937875 0.659375159375 0.560937875 0.6656248406249999 0.554687875 0.6687503203125 0.554687875 0.673437259375 0.55 0.675 0.55 0.6796875796874999 0.545312875 0.6796875796874999 0.542187875 0.6812496796875 0.540625 0.6812496796875 0.535937875 0.6796875796874999 0.534375 0.6796875796874999 0.53125 0.6812496796875 0.529687875 0.6812496796875 0.521875 0.6796875796874999 0.520312875 0.6796875796874999 0.470312875 0.678124840625 0.46875 0.678124840625 0.46718787500000003 0.673437259375 0.4625 0.6718751593750001 0.4625 0.6671875796875 0.457812875 0.6671875796875 0.45625 0.6625 0.45156287500000003 0.6625 0.45 0.660937259375 0.44843787500000004 0.660937259375 0.446875 0.659375159375 0.44531287500000005 0.659375159375 0.44375 0.6578124203125 0.44375 0.6546875796875 0.440625 0.6546875796875 0.439062875 0.653124840625 0.4375 0.65 0.4375 0.6453124203125 0.43281287500000004 0.6437496796875 0.43281287500000004 0.6421875796875 0.43125 0.6406248406249999 0.43125 0.635937259375 0.426562875 0.634375159375 0.426562875 0.6328124203125001 0.425 0.6234372593749999 0.425 0.621875159375 0.426562875 0.6203124203125 0.426562875 0.6187496796875 0.425 0.601562740625 0.425 0.598437259375 0.428125 0.596875159375 0.428125 0.5953124203125 0.42968787500000005 0.5937503203125 0.42968787500000005
0 0.5156248406249999 0.2875 0.514062740625 0.289062875 0.5125 0.289062875 0.5125 0.290625 0.509375159375 0.29375 0.5078124203125001 0.29375 0.5015627406250001 0.3 0.5015627406250001 0.303125 0.5 0.304687875 0.5 0.310937875 0.485937259375 0.325 0.485937259375 0.4 0.4875 0.40156287500000004 0.4875 0.403125 0.489062740625 0.40468787500000003 0.49062484062499995 0.40468787500000003 0.4921875796875 0.40625 0.4937496796875 0.40625 0.4953124203125 0.407812875 0.4953124203125 0.409375 0.49687515937500004 0.409375 0.498437259375 0.410937875 0.503124840625 0.410937875 0.5046875796875 0.4125 0.5078124203125001 0.4125 0.509375159375 0.41406287500000005 0.510937259375 0.41406287500000005 0.5125 0.415625 0.514062740625 0.415625 0.5156248406249999 0.41718787500000004 0.5203124203125 0.41718787500000004 0.526562740625 0.410937875 0.5296875796875 0.410937875 0.5312503203125 0.409375 0.5328124203125 0.409375 0.535937259375 0.40625 0.5375 0.40625 0.539062740625 0.40468787500000003 0.55 0.40468787500000003 0.551562740625 0.40625 0.553124840625 0.40625 0.5546875796874999 0.407812875 0.5562496796875 0.407812875 0.5578124203125 0.409375 0.559375159375 0.409375 0.5609372593749999 0.410937875 0.590624840625 0.410937875 0.5921875796875 0.409375 0.5921875796875 0.407812875 0.5953124203125 0.40468787500000003 0.596875159375 0.40468787500000003 0.6046875796875 0.396875 0.6046875796875 0.395312875 0.6093751593750001 0.390625 0.6093751593750001 0.33125 0.6078124203125 0.32968787499999996 0.6078124203125 0.328125 0.6062496796875 0.326562875 0.6046875796875 0.326562875 0.6031248406249999 0.325 0.601562740625 0.325 0.5921875796875 0.315625 0.5921875796875 0.307812875 0.590624840625 0.30625 0.590624840625 0.303125 0.5875 0.3 0.5875 0.29843787499999996 0.5812496796875 0.292187875 0.5796875796875 0.292187875 0.576562740625 0.289062875 0.575 0.289062875 0.573437259375 0.2875 0.571875159375 0.2875 0.5640627406250001 0.279687875 0.5625 0.279687875 0.5578124203125 0.275 0.5546875796874999 0.275 0.553124840625 0.273437875 0.539062740625 0.273437875 0.5375 0.275 0.5328124203125 0.275 0.5203124203125 0.2875 0.5156248406249999 0.2875
34 0.6703124203125 0.45625 0.676562740625 0.4625 0.678124840625 0.4625 0.6812496796875 0.465625 0.7 0.465625 0.7 0.46406287500000004 0.701562740625 0.4625 0.7031248406249999 0.4625 0.7046875796875 0.46093787500000005 0.7046875796875 0.459375 0.710937259375 0.453125 0.710937259375 0.421875 0.7046875796875 0.415625 0.7046875796875 0.41406287500000005 0.7031248406249999 0.4125 0.701562740625 0.4125 0.7 0.410937875 0.678124840625 0.410937875 0.676562740625 0.4125 0.673437259375 0.4125 0.6703124203125 0.415625 0.6703124203125 0.45625
36 0.6562503203125 0.58125 0.651562740625 0.585937875 0.65 0.585937875 0.648437259375 0.5875 0.6453124203125 0.5875 0.6406248406249999 0.592187875 0.639062740625 0.592187875 0.6375 0.59375 0.634375159375 0.59375 0.6265627406250001 0.601562875 0.6265627406250001 0.604687875 0.625 0.60625 0.625 0.678125 0.6265627406250001 0.679687875 0.6265627406250001 0.68125 0.628124840625 0.682812875 0.628124840625 0.684375 0.6312496796875 0.6875 0.6312496796875 0.6890628750000001 0.634375159375 0.692187875 0.635937259375 0.692187875 0.6375 0.69375 0.639062740625 0.69375 0.6437496796875 0.698437875 0.6468751593750001 0.698437875 0.648437259375 0.7 0.65 0.7 0.651562740625 0.701562875 0.653124840625 0.701562875 0.6546875796875 0.703125 0.6562503203125 0.703125 0.6578124203125 0.7046878750000001 0.6718751593750001 0.7046878750000001 0.676562740625 0.7 0.678124840625 0.7 0.6796875796874999 0.698437875 0.696875159375 0.698437875 0.698437259375 0.7 0.7 0.7 0.701562740625 0.701562875 0.7031248406249999 0.701562875 0.7046875796875 0.703125 0.7078124203125 0.703125 0.7093751593750001 0.7046878750000001 0.714062740625 0.7046878750000001 0.7187503203125 0.7 0.7187503203125 0.698437875 0.7203124203125 0.696875 0.723437259375 0.696875 0.725 0.698437875 0.7281248406249999 0.698437875 0.7296875796875 0.696875 0.7312503203125 0.696875 0.7343751593750001 0.69375 0.735937259375 0.69375 0.7375 0.692187875 0.740624840625 0.692187875 0.746875159375 0.685937875 0.7484372593749999 0.685937875 0.75 0.684375 0.7515627406250001 0.684375 0.753124840625 0.682812875 0.753124840625 0.625 0.75 0.621875 0.75 0.61875 0.7484372593749999 0.617187875 0.7484372593749999 0.614062875 0.746875159375 0.614062875 0.7453124203125 0.6125 0.7437496796875 0.6125 0.735937259375 0.604687875 0.735937259375 0.601562875 0.7312503203125 0.596875 0.7312503203125 0.5953128750000001 0.7296875796875 0.59375 0.7296875796875 0.590625 0.721875159375 0.582812875 0.7203124203125 0.582812875 0.7187503203125 0.58125 0.715624840625 0.58125 0.7093751593750001 0.575 0.7078124203125 0.575 0.7046875796875 0.571875 0.7046875796875 0.570312875 0.7031248406249999 0.56875 0.701562740625 0.56875 0.6953124203125001 0.5625 0.676562740625 0.5625 0.675 0.5640628750000001 0.675 0.565625 0.659375159375 0.58125 0.6562503203125 0.58125
34 0.5312503203125 0.4625 0.5328124203125 0.4625 0.535937259375 0.465625 0.5375 0.465625 0.539062740625 0.46718787500000003 0.5578124203125 0.46718787500000003 0.565624840625 0.459375 0.565624840625 0.457812875 0.5671875796875 0.45625 0.5671875796875 0.42031287500000003 0.565624840625 0.41875 0.565624840625 0.41718787500000004 0.5640627406250001 0.415625 0.5640627406250001 0.41406287500000005 0.5625 0.41406287500000005 0.5609372593749999 0.4125 0.5578124203125 0.4125 0.5562496796875 0.410937875 0.5296875796875 0.410937875 0.528124840625 0.4125 0.528124840625 0.46093787500000005 0.5296875796875 0.46093787500000005 0.5312503203125 0.4625
0 0.678124840625 0.273437875 0.676562740625 0.275 0.6718751593750001 0.275 0.6656248406249999 0.28125 0.6625 0.28125 0.660937259375 0.28281287499999996 0.659375159375 0.28281287499999996 0.651562740625 0.290625 0.651562740625 0.292187875 0.65 0.29375 0.65 0.295312875 0.648437259375 0.296875 0.648437259375 0.304687875 0.65 0.30625 0.65 0.309375 0.651562740625 0.310937875 0.653124840625 0.310937875 0.6562503203125 0.31406287499999996 0.6562503203125 0.315625 0.660937259375 0.320312875 0.660937259375 0.321875 0.6625 0.323437875 0.6625 0.328125 0.6671875796875 0.332812875 0.6671875796875 0.334375 0.6687503203125 0.335937875 0.6687503203125 0.3375 0.6703124203125 0.339062875 0.6703124203125 0.342187875 0.673437259375 0.34531287499999996 0.6687503203125 0.35 0.6687503203125 0.351562875 0.664062740625 0.35625 0.659375159375 0.35625 0.6578124203125 0.357812875 0.6546875796875 0.357812875 0.653124840625 0.359375 0.65 0.359375 0.648437259375 0.36093787499999996 0.6468751593750001 0.36093787499999996 0.6453124203125 0.359375 0.6437496796875 0.359375 0.6406248406249999 0.35625 0.635937259375 0.35625 0.634375159375 0.354687875 0.6328124203125001 0.354687875 0.6312496796875 0.35625 0.6296875796875 0.35625 0.6296875796875 0.357812875 0.628124840625 0.359375 0.628124840625 0.398437875 0.6296875796875 0.398437875 0.634375159375 0.403125 0.635937259375 0.403125 0.6375 0.40468787500000003 0.6406248406249999 0.40468787500000003 0.6421875796875 0.40625 0.6437496796875 0.40625 0.6453124203125 0.407812875 0.6468751593750001 0.407812875 0.648437259375 0.409375 0.65 0.409375 0.651562740625 0.410937875 0.6796875796874999 0.410937875 0.6812496796875 0.409375 0.6859372593749999 0.409375 0.6890627406250001 0.40625 0.690624840625 0.40625 0.6937496796875 0.409375 0.6953124203125001 0.409375 0.696875159375 0.410937875 0.7093751593750001 0.410937875 0.710937259375 0.4125 0.7171875796875 0.4125 0.7187503203125 0.410937875 0.7328124203125 0.410937875 0.7343751593750001 0.409375 0.735937259375 0.409375 0.739062740625 0.40625 0.740624840625 0.40625 0.7515627406250001 0.395312875 0.7515627406250001 0.31406287499999996 0.75 0.3125 0.75 0.307812875 0.7484372593749999 0.30625 0.7484372593749999 0.304687875 0.746875159375 0.303125 0.746875159375 0.301562875 0.7453124203125 0.301562875 0.7437496796875 0.3 0.7421875796874999 0.3 0.735937259375 0.29375 0.7343751593750001 0.29375 0.7328124203125 0.292187875 0.7312503203125 0.292187875 0.726562740625 0.2875 0.721875159375 0.2875 0.715624840625 0.28125 0.714062740625 0.28125 0.7093751593750001 0.276562875 0.7078124203125 0.276562875 0.7062496796875 0.275 0.7031248406249999 0.275 0.701562740625 0.273437875 0.7 0.273437875 0.698437259375 0.271875 0.696875159375 0.271875 0.6953124203125001 0.270312875 0.6859372593749999 0.270312875 0.684375159375 0.271875 0.6828124203125 0.271875 0.6812496796875 0.273437875 0.678124840625 0.273437875
35 0.389062740625 0.28125 0.3875 0.28281287499999996 0.385937259375 0.28281287499999996 0.384375159375 0.284375 0.38281242031249996 0.284375 0.3812503203125 0.285937875 0.3796875796875 0.285937875 0.378124840625 0.2875 0.375 0.2875 0.373437259375 0.289062875 0.371875159375 0.289062875 0.3703124203125 0.290625 0.3687496796875 0.290625 0.365624840625 0.29375 0.364062740625 0.29375 0.3562496796875 0.301562875 0.3562496796875 0.304687875 0.35468757968750003 0.30625 0.35468757968750003 0.307812875 0.35156274062500004 0.310937875 0.35156274062500004 0.3125 0.35 0.31406287499999996 0.35 0.315625 0.346875159375 0.31875 0.3453124203125 0.31875 0.34375032031249997 0.320312875 0.34375032031249997 0.321875 0.340624840625 0.325 0.340624840625 0.398437875 0.3453124203125 0.403125 0.3453124203125 0.40468787500000003 0.346875159375 0.40468787500000003 0.35156274062500004 0.409375 0.353124840625 0.409375 0.35468757968750003 0.410937875 0.3562496796875 0.410937875 0.3578124203125 0.4125 0.359375159375 0.4125 0.3625 0.415625 0.364062740625 0.415625 0.365624840625 0.41718787500000004 0.373437259375 0.41718787500000004 0.375 0.41875 0.3796875796875 0.41875 0.3812503203125 0.41718787500000004 0.384375159375 0.41718787500000004 0.390624840625 0.410937875 0.41406274062500004 0.410937875 0.41562484062499994 0.4125 0.4171875796875 0.4125 0.4187496796875 0.41406287500000005 0.4187496796875 0.415625 0.42031242031250005 0.415625 0.42187515937500003 0.41718787500000004 0.42812484062499995 0.41718787500000004 0.4296875796875 0.415625 0.4312496796875 0.415625 0.43437515937500004 0.4125 0.4375 0.4125 0.439062740625 0.410937875 0.4453124203125 0.410937875 0.44687515937500005 0.409375 0.448437259375 0.409375 0.45312484062499997 0.40468787500000003 0.45468757968749995 0.40468787500000003 0.45937515937500006 0.4 0.46093725937499996 0.4 0.4625 0.398437875 0.464062740625 0.398437875 0.46718757968749997 0.395312875 0.46718757968749997 0.326562875 0.465624840625 0.325 0.464062740625 0.325 0.46093725937499996 0.321875 0.46093725937499996 0.320312875 0.45937515937500006 0.31875 0.4578124203125 0.31875 0.45468757968749995 0.315625 0.45468757968749995 0.31406287499999996 0.45 0.309375 0.45 0.307812875 0.448437259375 0.30625 0.448437259375 0.301562875 0.44687515937500005 0.3 0.44687515937500005 0.29843787499999996 0.4421875796875 0.29375 0.439062740625 0.29375 0.4375 0.292187875 0.435937259375 0.292187875 0.43437515937500004 0.290625 0.4328124203125 0.290625 0.4312496796875 0.289062875 0.42812484062499995 0.289062875 0.426562740625 0.2875 0.425 0.2875 0.42031242031250005 0.28281287499999996 0.4171875796875 0.28281287499999996 0.41562484062499994 0.28125 0.40781242031250003 0.28125 0.40625032031249997 0.279687875 0.40468757968749997 0.279687875 0.403124840625 0.278125 0.4 0.278125 0.39843725937499996 0.279687875 0.3937496796875 0.279687875 0.3921875796875 0.28125 0.389062740625 0.28125
0 0.260937259375 0.567187875 0.259375159375 0.56875 0.2437496796875 0.56875 0.24218757968750002 0.570312875 0.23906274062500002 0.570312875 0.23906274062500002 0.571875 0.2375 0.573437875 0.23593725937499999 0.573437875 0.234375159375 0.575 0.226562740625 0.575 0.225 0.576562875 0.225 0.578125 0.221875159375 0.58125 0.22031242031249998 0.58125 0.21718757968750002 0.584375 0.21718757968750002 0.5875 0.21406274062500003 0.590625 0.21406274062500003 0.59375 0.2125 0.5953128750000001 0.2125 0.603125 0.20156274062500001 0.614062875 0.2 0.614062875 0.196875159375 0.617187875 0.196875159375 0.6875 0.20156274062500001 0.692187875 0.203124840625 0.692187875 0.209375159375 0.698437875 0.2125 0.698437875 0.21406274062500003 0.7 0.215624840625 0.7 0.22031242031249998 0.7046878750000001 0.221875159375 0.7046878750000001 0.22343725937499997 0.70625 0.225 0.70625 0.226562740625 0.707812875 0.226562740625 0.709375 0.228124840625 0.709375 0.22968757968750003 0.710937875 0.2328124203125 0.710937875 0.23906274062500002 0.717187875 0.240624840625 0.717187875 0.24531242031249997 0.721875 0.246875159375 0.721875 0.248437259375 0.723437875 0.2625 0.723437875 0.264062740625 0.721875 0.265624840625 0.721875 0.2687503203125 0.71875 0.27031242031249997 0.71875 0.271875159375 0.717187875 0.275 0.717187875 0.276562740625 0.715625 0.278124840625 0.715625 0.28125032031249997 0.7125 0.2828124203125 0.7125 0.284375159375 0.710937875 0.285937259375 0.710937875 0.290624840625 0.70625 0.2937496796875 0.70625 0.2953124203125 0.7046878750000001 0.298437259375 0.7046878750000001 0.3 0.703125 0.301562740625 0.703125 0.303124840625 0.701562875 0.303124840625 0.7 0.30468757968750004 0.698437875 0.30468757968750004 0.69375 0.3062496796875 0.692187875 0.3062496796875 0.6890628750000001 0.309375159375 0.685937875 0.309375159375 0.682812875 0.310937259375 0.68125 0.310937259375 0.671875 0.3125 0.670312875 0.3125 0.66875 0.3171875796875 0.664062875 0.3171875796875 0.660937875 0.321875159375 0.65625 0.321875159375 0.654687875 0.323437259375 0.653125 0.323437259375 0.60625 0.321875159375 0.604687875 0.321875159375 0.603125 0.3187496796875 0.6 0.3187496796875 0.598437875 0.3171875796875 0.596875 0.3171875796875 0.5953128750000001 0.309375159375 0.5875 0.3078124203125 0.5875 0.3062496796875 0.585937875 0.30468757968750004 0.585937875 0.3 0.58125 0.298437259375 0.58125 0.296875159375 0.5796878750000001 0.2953124203125 0.5796878750000001 0.290624840625 0.575 0.28906274062500004 0.575 0.2828124203125 0.56875 0.28125032031249997 0.56875 0.2796875796875 0.567187875 0.278124840625 0.567187875 0.276562740625 0.565625 0.275 0.565625 0.27343725937499996 0.5640628750000001 0.2687503203125 0.5640628750000001 0.2671875796875 0.565625 0.265624840625 0.565625 0.264062740625 0.567187875 0.260937259375 0.567187875
17 0.5953124203125 0.132812875 0.5953124203125 0.134375 0.5937503203125 0.135937875 0.5921875796875 0.135937875 0.590624840625 0.1375 0.589062740625 0.1375 0.5828124203125 0.14375 0.5812496796875 0.14375 0.5796875796875 0.145312875 0.5781248406249999 0.145312875 0.575 0.148437875 0.573437259375 0.148437875 0.571875159375 0.15 0.5703124203125001 0.15 0.5640627406250001 0.15625 0.5625 0.15625 0.5578124203125 0.160937875 0.5578124203125 0.1625 0.5562496796875 0.164062875 0.5562496796875 0.2 0.5546875796874999 0.20156287499999997 0.5546875796874999 0.210937875 0.553124840625 0.2125 0.553124840625 0.25 0.5546875796874999 0.25156287499999996 0.5546875796874999 0.253125 0.5562496796875 0.254687875 0.5578124203125 0.254687875 0.5640627406250001 0.260937875 0.565624840625 0.260937875 0.5671875796875 0.2625 0.5687503203125 0.2625 0.571875159375 0.265625 0.573437259375 0.265625 0.575 0.26718787499999996 0.5781248406249999 0.26718787499999996 0.5796875796875 0.26875 0.5812496796875 0.26875 0.5843751593750001 0.271875 0.585937259375 0.271875 0.5875 0.273437875 0.598437259375 0.273437875 0.6 0.271875 0.601562740625 0.271875 0.6046875796875 0.26875 0.6062496796875 0.26875 0.6078124203125 0.26718787499999996 0.628124840625 0.26718787499999996 0.634375159375 0.273437875 0.653124840625 0.273437875 0.6546875796875 0.271875 0.6562503203125 0.271875 0.659375159375 0.26875 0.660937259375 0.26875 0.6625 0.26718787499999996 0.6656248406249999 0.26718787499999996 0.678124840625 0.254687875 0.6796875796874999 0.254687875 0.6796875796874999 0.253125 0.6859372593749999 0.246875 0.6859372593749999 0.178125 0.684375159375 0.176562875 0.684375159375 0.17343787500000002 0.6828124203125 0.171875 0.6828124203125 0.170312875 0.6812496796875 0.16875 0.6812496796875 0.167187875 0.6796875796874999 0.165625 0.6796875796874999 0.164062875 0.6656248406249999 0.15 0.664062740625 0.15 0.6625 0.148437875 0.660937259375 0.148437875 0.6578124203125 0.145312875 0.6562503203125 0.145312875 0.6546875796875 0.14375 0.653124840625 0.14375 0.6468751593750001 0.1375 0.6421875796875 0.1375 0.6406248406249999 0.135937875 0.639062740625 0.135937875 0.628124840625 0.125 0.6078124203125 0.125 0.601562740625 0.13125 0.598437259375 0.13125 0.596875159375 0.132812875 0.5953124203125 0.132812875
2 0.2375 0.4125 0.2328124203125 0.41718787500000004 0.2328124203125 0.41875 0.23124967968750001 0.42031287500000003 0.23124967968750001 0.453125 0.2328124203125 0.454687875 0.234375159375 0.454687875 0.2375 0.457812875 0.2375 0.465625 0.23906274062500002 0.46718787500000003 0.278124840625 0.46718787500000003 0.2828124203125 0.4625 0.284375159375 0.4625 0.290624840625 0.45625 0.290624840625 0.442187875 0.285937259375 0.4375 0.2828124203125 0.4375 0.28125032031249997 0.43593787500000003 0.2796875796875 0.43593787500000003 0.27343725937499996 0.42968787500000005 0.27343725937499996 0.428125 0.2671875796875 0.421875 0.2671875796875 0.42031287500000003 0.265624840625 0.41875 0.264062740625 0.41875 0.260937259375 0.415625 0.260937259375 0.41406287500000005 0.259375159375 0.4125 0.25781242031249996 0.4125 0.2546875796875 0.409375 0.24531242031249997 0.409375 0.2437496796875 0.410937875 0.24218757968750002 0.410937875 0.240624840625 0.4125 0.2375 0.4125
17 0.326562740625 0.42031287500000003 0.321875159375 0.425 0.3171875796875 0.425 0.315624840625 0.426562875 0.3078124203125 0.426562875 0.303124840625 0.43125 0.301562740625 0.43125 0.301562740625 0.43281287500000004 0.2953124203125 0.439062875 0.2953124203125 0.442187875 0.2937496796875 0.44375 0.2937496796875 0.44843787500000004 0.29218757968750003 0.45 0.29218757968750003 0.453125 0.28906274062500004 0.45625 0.28906274062500004 0.457812875 0.278124840625 0.46875 0.276562740625 0.46875 0.271875159375 0.473437875 0.271875159375 0.54375 0.275 0.546875 0.275 0.5484378750000001 0.276562740625 0.5484378750000001 0.2828124203125 0.554687875 0.285937259375 0.554687875 0.2875 0.55625 0.28906274062500004 0.55625 0.2937496796875 0.560937875 0.296875159375 0.560937875 0.303124840625 0.567187875 0.30468757968750004 0.567187875 0.309375159375 0.571875 0.310937259375 0.571875 0.3125 0.573437875 0.314062740625 0.573437875 0.315624840625 0.575 0.3187496796875 0.575 0.32031242031249996 0.576562875 0.323437259375 0.576562875 0.325 0.578125 0.3312496796875 0.578125 0.33281242031249997 0.576562875 0.334375159375 0.576562875 0.33593725937499996 0.575 0.339062740625 0.575 0.340624840625 0.573437875 0.346875159375 0.573437875 0.348437259375 0.571875 0.35156274062500004 0.571875 0.353124840625 0.570312875 0.35468757968750003 0.570312875 0.3562496796875 0.56875 0.3578124203125 0.56875 0.359375159375 0.567187875 0.360937259375 0.567187875 0.365624840625 0.5625 0.36718757968750004 0.5625 0.3687496796875 0.560937875 0.371875159375 0.560937875 0.376562740625 0.55625 0.378124840625 0.55625 0.3796875796875 0.554687875 0.38281242031249996 0.554687875 0.389062740625 0.5484378750000001 0.390624840625 0.5484378750000001 0.3921875796875 0.546875 0.3921875796875 0.545312875 0.39843725937499996 0.539062875 0.39843725937499996 0.489062875 0.4 0.4875 0.4 0.47656287500000005 0.39843725937499996 0.475 0.39843725937499996 0.470312875 0.396875159375 0.46875 0.389062740625 0.46875 0.385937259375 0.465625 0.385937259375 0.46406287500000004 0.384375159375 0.4625 0.38281242031249996 0.4625 0.3796875796875 0.459375 0.3796875796875 0.45625 0.378124840625 0.454687875 0.378124840625 0.45156287500000003 0.376562740625 0.45 0.376562740625 0.446875 0.375 0.44531287500000005 0.375 0.44375 0.373437259375 0.442187875 0.373437259375 0.440625 0.3687496796875 0.43593787500000003 0.3687496796875 0.434375 0.36718757968750004 0.43281287500000004 0.36718757968750004 0.43125 0.365624840625 0.42968787500000005 0.364062740625 0.42968787500000005 0.3625 0.428125 0.3625 0.426562875 0.360937259375 0.425 0.359375159375 0.425 0.353124840625 0.41875 0.35156274062500004 0.41875 0.35 0.41718787500000004 0.3375 0.41718787500000004 0.33593725937499996 0.41875 0.3312496796875 0.41875 0.3296875796875 0.42031287500000003 0.326562740625 0.42031287500000003
31 0.4578124203125 0.317187875 0.45937515937500006 0.317187875 0.46093725937499996 0.31875 0.4625 0.31875 0.464062740625 0.320312875 0.48437515937500003 0.320312875 0.485937259375 0.31875 0.4875 0.31875 0.489062740625 0.317187875 0.49062484062499995 0.317187875 0.4921875796875 0.315625 0.4921875796875 0.31406287499999996 0.4953124203125 0.310937875 0.49687515937500004 0.310937875 0.49687515937500004 0.28281287499999996 0.4937496796875 0.279687875 0.4937496796875 0.278125 0.49062484062499995 0.275 0.489062740625 0.275 0.485937259375 0.271875 0.485937259375 0.270312875 0.48281242031250005 0.26718787499999996 0.4625 0.26718787499999996 0.4625 0.270312875 0.4562496796875 0.276562875 0.4562496796875 0.315625 0.4578124203125 0.317187875
36 0.45468757968749995 0.13125 0.451562740625 0.134375 0.45 0.134375 0.44687515937500005 0.1375 0.4437503203125 0.1375 0.4421875796875 0.139062875 0.44062484062499996 0.139062875 0.435937259375 0.14375 0.43437515937500004 0.14375 0.4312496796875 0.146875 0.4312496796875 0.148437875 0.4296875796875 0.15 0.4296875796875 0.151562875 0.42812484062499995 0.153125 0.42812484062499995 0.154687875 0.426562740625 0.15625 0.426562740625 0.160937875 0.425 0.1625 0.425 0.167187875 0.423437259375 0.16875 0.423437259375 0.170312875 0.4171875796875 0.176562875 0.41562484062499994 0.176562875 0.41562484062499994 0.24843787499999997 0.4187496796875 0.25156287499999996 0.4187496796875 0.254687875 0.425 0.260937875 0.42812484062499995 0.260937875 0.4312496796875 0.264062875 0.4328124203125 0.264062875 0.43437515937500004 0.265625 0.435937259375 0.265625 0.4375 0.26718787499999996 0.4437503203125 0.26718787499999996 0.4453124203125 0.26875 0.448437259375 0.26875 0.45 0.270312875 0.45312484062499997 0.270312875 0.45468757968749995 0.26875 0.4578124203125 0.26875 0.45937515937500006 0.26718787499999996 0.485937259375 0.26718787499999996 0.4875 0.26875 0.49062484062499995 0.26875 0.4937496796875 0.271875 0.49687515937500004 0.271875 0.5 0.26875 0.5015627406250001 0.26875 0.503124840625 0.26718787499999996 0.510937259375 0.26718787499999996 0.5125 0.265625 0.514062740625 0.265625 0.5171875796875 0.2625 0.5187496796875 0.2625 0.5203124203125 0.260937875 0.526562740625 0.260937875 0.528124840625 0.259375 0.5296875796875 0.259375 0.5296875796875 0.257812875 0.5328124203125 0.254687875 0.534375159375 0.254687875 0.535937259375 0.253125 0.535937259375 0.25156287499999996 0.5375 0.25 0.5375 0.24843787499999997 0.5406248406249999 0.24531287499999999 0.5406248406249999 0.24375 0.5421875796875 0.242187875 0.5421875796875 0.176562875 0.5406248406249999 0.175 0.5406248406249999 0.171875 0.539062740625 0.170312875 0.539062740625 0.16875 0.535937259375 0.165625 0.535937259375 0.164062875 0.534375159375 0.1625 0.5328124203125 0.1625 0.5296875796875 0.159375 0.5296875796875 0.15781287500000002 0.528124840625 0.15625 0.526562740625 0.15625 0.5218751593750001 0.151562875 0.5203124203125 0.151562875 0.5187496796875 0.15 0.5156248406249999 0.15 0.509375159375 0.14375 0.5078124203125001 0.14375 0.5015627406250001 0.1375 0.5 0.1375 0.498437259375 0.135937875 0.49687515937500004 0.135937875 0.4921875796875 0.13125 0.49062484062499995 0.13125 0.48437515937500003 0.125 0.465624840625 0.125 0.464062740625 0.12656287500000002 0.4625 0.12656287500000002 0.4578124203125 0.13125 0.45468757968749995 0.13125
12 0.309375159375 0.559375 0.310937259375 0.559375 0.3125 0.560937875 0.353124840625 0.560937875 0.359375159375 0.554687875 0.359375159375 0.49843787500000003 0.3562496796875 0.49531287500000004 0.3062496796875 0.49531287500000004 0.3062496796875 0.554687875 0.3078124203125 0.55625 0.3078124203125 0.557812875 0.309375159375 0.559375
36 0.3171875796875 0.13125 0.315624840625 0.132812875 0.314062740625 0.132812875 0.314062740625 0.134375 0.3125 0.135937875 0.310937259375 0.135937875 0.309375159375 0.1375 0.3078124203125 0.1375 0.303124840625 0.14218787500000002 0.301562740625 0.14218787500000002 0.3 0.14375 0.2953124203125 0.14375 0.2937496796875 0.145312875 0.29218757968750003 0.145312875 0.28906274062500004 0.148437875 0.28906274062500004 0.15 0.2875 0.151562875 0.2875 0.15625 0.285937259375 0.15781287500000002 0.285937259375 0.159375 0.2828124203125 0.1625 0.2828124203125 0.164062875 0.28125032031249997 0.165625 0.28125032031249997 0.16875 0.2796875796875 0.170312875 0.2796875796875 0.171875 0.278124840625 0.17343787500000002 0.276562740625 0.17343787500000002 0.275 0.175 0.27343725937499996 0.175 0.271875159375 0.176562875 0.271875159375 0.25156287499999996 0.275 0.254687875 0.276562740625 0.254687875 0.2828124203125 0.260937875 0.284375159375 0.260937875 0.285937259375 0.2625 0.2875 0.2625 0.290624840625 0.265625 0.29218757968750003 0.265625 0.2937496796875 0.26718787499999996 0.298437259375 0.26718787499999996 0.3 0.26875 0.303124840625 0.26875 0.30468757968750004 0.270312875 0.3062496796875 0.270312875 0.3078124203125 0.271875 0.309375159375 0.271875 0.314062740625 0.26718787499999996 0.3625 0.26718787499999996 0.364062740625 0.265625 0.365624840625 0.265625 0.3687496796875 0.2625 0.371875159375 0.2625 0.373437259375 0.260937875 0.378124840625 0.260937875 0.3796875796875 0.259375 0.3796875796875 0.257812875 0.38281242031249996 0.254687875 0.384375159375 0.254687875 0.3921875796875 0.246875 0.3921875796875 0.178125 0.3796875796875 0.165625 0.3796875796875 0.15781287500000002 0.378124840625 0.15625 0.378124840625 0.154687875 0.373437259375 0.15 0.373437259375 0.148437875 0.3687496796875 0.14375 0.36718757968750004 0.14375 0.365624840625 0.14218787500000002 0.364062740625 0.14218787500000002 0.359375159375 0.1375 0.3562496796875 0.1375 0.35156274062500004 0.132812875 0.35 0.132812875 0.346875159375 0.129687875 0.3453124203125 0.129687875 0.340624840625 0.125 0.326562740625 0.125 0.321875159375 0.129687875 0.32031242031249996 0.129687875 0.3187496796875 0.13125 0.3171875796875 0.13125
37 0.271875159375 0.8046878749999999 0.275 0.807812875 0.275 0.8109378749999999 0.276562740625 0.8125 0.276562740625 0.814062875 0.2796875796875 0.8171878749999999 0.2796875796875 0.81875 0.28125032031249997 0.8203128749999999 0.28125032031249997 0.829687875 0.2828124203125 0.83125 0.2828124203125 0.8328128749999999 0.284375159375 0.834375 0.284375159375 0.8359378749999999 0.285937259375 0.8375 0.285937259375 0.839062875 0.2875 0.840625 0.2875 0.845312875 0.290624840625 0.8484378749999999 0.2937496796875 0.8484378749999999 0.2953124203125 0.85 0.296875159375 0.85 0.298437259375 0.8515628749999999 0.3 0.8515628749999999 0.301562740625 0.853125 0.30468757968750004 0.853125 0.3062496796875 0.854687875 0.310937259375 0.854687875 0.315624840625 0.859375 0.3171875796875 0.859375 0.3187496796875 0.860937875 0.32031242031249996 0.860937875 0.326562740625 0.8671878749999999 0.3375 0.8671878749999999 0.339062740625 0.865625 0.340624840625 0.865625 0.3453124203125 0.860937875 0.348437259375 0.860937875 0.35 0.859375 0.35156274062500004 0.859375 0.3562496796875 0.854687875 0.359375159375 0.854687875 0.3625 0.8515628749999999 0.364062740625 0.8515628749999999 0.365624840625 0.85 0.3687496796875 0.85 0.3703124203125 0.8484378749999999 0.375 0.8484378749999999 0.376562740625 0.846875 0.378124840625 0.846875 0.378124840625 0.845312875 0.3796875796875 0.84375 0.3796875796875 0.839062875 0.3812503203125 0.8375 0.3812503203125 0.8328128749999999 0.384375159375 0.829687875 0.384375159375 0.825 0.385937259375 0.823437875 0.385937259375 0.81875 0.3875 0.8171878749999999 0.3875 0.814062875 0.3921875796875 0.809375 0.3921875796875 0.8 0.3937496796875 0.7984378750000001 0.3937496796875 0.759375 0.3921875796875 0.757812875 0.3921875796875 0.740625 0.390624840625 0.739062875 0.389062740625 0.739062875 0.3875 0.7375 0.384375159375 0.7375 0.38281242031249996 0.7359378750000001 0.3812503203125 0.7359378750000001 0.3796875796875 0.734375 0.3796875796875 0.732812875 0.378124840625 0.732812875 0.376562740625 0.73125 0.373437259375 0.73125 0.371875159375 0.729687875 0.3703124203125 0.729687875 0.365624840625 0.725 0.3625 0.725 0.359375159375 0.721875 0.3578124203125 0.721875 0.3562496796875 0.7203128750000001 0.353124840625 0.7203128750000001 0.35156274062500004 0.71875 0.35 0.71875 0.348437259375 0.717187875 0.346875159375 0.717187875 0.34375032031249997 0.714062875 0.3421875796875 0.714062875 0.340624840625 0.7125 0.33281242031249997 0.7125 0.323142125 0.712651196875 0.298437259375 0.73125 0.270123559375 0.747287425 0.271875159375 0.8046878749999999
17 0.2437496796875 0.276562875 0.240624840625 0.279687875 0.23906274062500002 0.279687875 0.2375 0.28125 0.234375159375 0.28125 0.228124840625 0.2875 0.226562740625 0.2875 0.225 0.289062875 0.225 0.290625 0.221875159375 0.29375 0.22031242031249998 0.29375 0.22031242031249998 0.295312875 0.2187503203125 0.296875 0.2187503203125 0.29843787499999996 0.21718757968750002 0.3 0.21718757968750002 0.303125 0.215624840625 0.304687875 0.215624840625 0.30625 0.21406274062500003 0.307812875 0.21406274062500003 0.310937875 0.2125 0.3125 0.2125 0.315625 0.209375159375 0.31875 0.20781242031249997 0.31875 0.20625032031249999 0.320312875 0.20625032031249999 0.321875 0.20156274062500001 0.326562875 0.20156274062500001 0.398437875 0.203124840625 0.398437875 0.20625032031249999 0.40156287500000004 0.20625032031249999 0.403125 0.20781242031249997 0.40468787500000003 0.2125 0.40468787500000003 0.21406274062500003 0.40625 0.215624840625 0.40625 0.2187503203125 0.409375 0.22031242031249998 0.409375 0.221875159375 0.410937875 0.25781242031249996 0.410937875 0.259375159375 0.4125 0.260937259375 0.4125 0.2625 0.41406287500000005 0.2625 0.415625 0.264062740625 0.41718787500000004 0.265624840625 0.41718787500000004 0.2671875796875 0.41875 0.2687503203125 0.41875 0.271875159375 0.421875 0.290624840625 0.421875 0.2953124203125 0.41718787500000004 0.298437259375 0.41718787500000004 0.301562740625 0.41406287500000005 0.303124840625 0.41406287500000005 0.3062496796875 0.410937875 0.309375159375 0.410937875 0.315624840625 0.40468787500000003 0.3171875796875 0.40468787500000003 0.3187496796875 0.403125 0.3187496796875 0.40156287500000004 0.321875159375 0.398437875 0.321875159375 0.32968787499999996 0.32031242031249996 0.328125 0.32031242031249996 0.326562875 0.3187496796875 0.326562875 0.3171875796875 0.325 0.315624840625 0.325 0.310937259375 0.320312875 0.310937259375 0.317187875 0.3062496796875 0.3125 0.3062496796875 0.310937875 0.30468757968750004 0.309375 0.30468757968750004 0.3 0.303124840625 0.29843787499999996 0.303124840625 0.295312875 0.301562740625 0.295312875 0.296875159375 0.290625 0.296875159375 0.289062875 0.2953124203125 0.289062875 0.2937496796875 0.2875 0.29218757968750003 0.2875 0.290624840625 0.285937875 0.28906274062500004 0.285937875 0.284375159375 0.28125 0.2796875796875 0.28125 0.278124840625 0.279687875 0.276562740625 0.279687875 0.27343725937499996 0.276562875 0.271875159375 0.276562875 0.27031242031249997 0.275 0.2562496796875 0.275 0.2546875796875 0.273437875 0.253124840625 0.273437875 0.251562740625 0.275 0.246875159375 0.275 0.24531242031249997 0.276562875 0.2437496796875 0.276562875
35 0.46093725937499996 0.7125 0.45937515937500006 0.714062875 0.4578124203125 0.714062875 0.45468757968749995 0.717187875 0.45312484062499997 0.717187875 0.451562740625 0.71875 0.45 0.71875 0.4453124203125 0.723437875 0.4437503203125 0.723437875 0.4421875796875 0.725 0.439062740625 0.725 0.4375 0.726562875 0.435937259375 0.726562875 0.4328124203125 0.729687875 0.4312496796875 0.729687875 0.4296875796875 0.73125 0.426562740625 0.73125 0.42187515937500003 0.7359378750000001 0.42031242031250005 0.7359378750000001 0.4171875796875 0.739062875 0.4171875796875 0.80625 0.4187496796875 0.807812875 0.4187496796875 0.814062875 0.42031242031250005 0.815625 0.42031242031250005 0.8171878749999999 0.423437259375 0.8203128749999999 0.423437259375 0.821875 0.425 0.823437875 0.425 0.8359378749999999 0.426562740625 0.8375 0.426562740625 0.840625 0.4296875796875 0.84375 0.4296875796875 0.845312875 0.43437515937500004 0.85 0.435937259375 0.85 0.4375 0.8515628749999999 0.4375 0.853125 0.439062740625 0.853125 0.44062484062499996 0.854687875 0.4453124203125 0.854687875 0.45 0.859375 0.451562740625 0.859375 0.45312484062499997 0.860937875 0.45468757968749995 0.860937875 0.46093725937499996 0.8671878749999999 0.4625 0.8671878749999999 0.464062740625 0.86875 0.465624840625 0.86875 0.46875032031249997 0.871875 0.475 0.871875 0.47656274062500004 0.870312875 0.47812484062499994 0.870312875 0.4796875796875 0.86875 0.4812496796875 0.86875 0.48281242031250005 0.8671878749999999 0.485937259375 0.8671878749999999 0.49062484062499995 0.8625 0.4921875796875 0.8625 0.4953124203125 0.859375 0.49687515937500004 0.859375 0.5015627406250001 0.854687875 0.503124840625 0.854687875 0.5046875796875 0.853125 0.5062503203125 0.853125 0.5078124203125001 0.8515628749999999 0.509375159375 0.8515628749999999 0.510937259375 0.85 0.5125 0.85 0.514062740625 0.8484378749999999 0.5171875796875 0.8484378749999999 0.5187496796875 0.846875 0.5203124203125 0.846875 0.525 0.8421878749999999 0.526562740625 0.8421878749999999 0.528124840625 0.840625 0.5296875796875 0.840625 0.5296875796875 0.839062875 0.5328124203125 0.8359378749999999 0.534375159375 0.8359378749999999 0.535937259375 0.834375 0.535937259375 0.8328128749999999 0.539062740625 0.829687875 0.5406248406249999 0.829687875 0.5406248406249999 0.757812875 0.539062740625 0.75625 0.539062740625 0.754687875 0.5375 0.753125 0.5375 0.75 0.535937259375 0.748437875 0.535937259375 0.745312875 0.534375159375 0.74375 0.534375159375 0.742187875 0.5312503203125 0.739062875 0.5296875796875 0.739062875 0.528124840625 0.7375 0.526562740625 0.7375 0.5218751593750001 0.732812875 0.5203124203125 0.732812875 0.5187496796875 0.73125 0.5156248406249999 0.73125 0.514062740625 0.729687875 0.5125 0.729687875 0.510937259375 0.728125 0.509375159375 0.728125 0.5078124203125001 0.726562875 0.5046875796875 0.726562875 0.503124840625 0.725 0.5015627406250001 0.725 0.48437515937500003 0.707812875 0.47031242031250003 0.707812875 0.46718757968749997 0.710937875 0.465624840625 0.710937875 0.464062740625 0.7125 0.46093725937499996 0.7125
37 0.7484372593749999 0.41875 0.746875159375 0.42031287500000003 0.7453124203125 0.42031287500000003 0.7453124203125 0.421875 0.7437496796875 0.423437875 0.7421875796874999 0.423437875 0.740624840625 0.425 0.739062740625 0.425 0.7375 0.426562875 0.7375 0.428125 0.735937259375 0.42968787500000005 0.7343751593750001 0.42968787500000005 0.7328124203125 0.43125 0.7312503203125 0.43125 0.725 0.4375 0.723437259375 0.4375 0.721875159375 0.439062875 0.7203124203125 0.439062875 0.7203124203125 0.440625 0.7187503203125 0.442187875 0.7187503203125 0.44375 0.7171875796875 0.44531287500000005 0.7171875796875 0.446875 0.7125 0.45156287500000003 0.7125 0.459375 0.7093751593750001 0.4625 0.7078124203125 0.4625 0.701562740625 0.46875 0.701562740625 0.540625 0.7093751593750001 0.5484378750000001 0.715624840625 0.5484378750000001 0.7171875796875 0.55 0.7203124203125 0.55 0.723437259375 0.553125 0.725 0.553125 0.726562740625 0.554687875 0.75 0.554687875 0.7515627406250001 0.553125 0.753124840625 0.553125 0.7546875796875 0.554687875 0.764062740625 0.554687875 0.7687496796875 0.559375 0.7703124203125 0.559375 0.7718751593750001 0.560937875 0.7906248406249999 0.560937875 0.7921875796875 0.559375 0.7937503203125 0.559375 0.7953124203125 0.557812875 0.7968751593750001 0.557812875 0.8 0.554687875 0.8078124203125 0.554687875 0.8093751593749999 0.553125 0.810937259375 0.553125 0.814062740625 0.55 0.8156248406250001 0.55 0.8234372593750001 0.542187875 0.8234372593750001 0.535937875 0.825 0.534375 0.825 0.526562875 0.8234372593750001 0.525 0.8234372593750001 0.509375 0.825 0.507812875 0.825 0.46718787500000003 0.8234372593750001 0.465625 0.8234372593750001 0.46406287500000004 0.821875159375 0.4625 0.8203124203125001 0.4625 0.8171875796875 0.459375 0.8171875796875 0.457812875 0.810937259375 0.45156287500000003 0.810937259375 0.44375 0.8093751593749999 0.442187875 0.8093751593749999 0.439062875 0.8015627406249999 0.43125 0.798437259375 0.43125 0.7968751593750001 0.42968787500000005 0.7953124203125 0.42968787500000005 0.7906248406249999 0.425 0.785937259375 0.425 0.784375159375 0.423437875 0.7828124203125 0.423437875 0.7812503203125 0.421875 0.7796875796875 0.421875 0.776562740625 0.41875 0.7718751593750001 0.41875 0.7703124203125 0.41718787500000004 0.7671875796875 0.41718787500000004 0.7656248406249999 0.415625 0.7578124203125001 0.415625 0.7562496796875 0.41718787500000004 0.7546875796875 0.41718787500000004 0.753124840625 0.41875 0.7484372593749999 0.41875
35 0.38281242031249996 0.565625 0.3796875796875 0.56875 0.378124840625 0.56875 0.376562740625 0.570312875 0.375 0.570312875 0.371875159375 0.573437875 0.3687496796875 0.573437875 0.36718757968750004 0.575 0.364062740625 0.575 0.3625 0.576562875 0.3625 0.578125 0.360937259375 0.5796878750000001 0.359375159375 0.5796878750000001 0.3578124203125 0.58125 0.3562496796875 0.58125 0.35468757968750003 0.582812875 0.353124840625 0.582812875 0.348437259375 0.5875 0.346875159375 0.5875 0.34375032031249997 0.590625 0.34375032031249997 0.592187875 0.3421875796875 0.59375 0.3421875796875 0.5953128750000001 0.340624840625 0.596875 0.340624840625 0.654687875 0.34375032031249997 0.6578128750000001 0.34375032031249997 0.659375 0.35 0.665625 0.35 0.676562875 0.35156274062500004 0.678125 0.35156274062500004 0.68125 0.35468757968750003 0.684375 0.35468757968750003 0.685937875 0.3562496796875 0.6875 0.3562496796875 0.692187875 0.3578124203125 0.69375 0.3578124203125 0.695312875 0.360937259375 0.698437875 0.3625 0.698437875 0.364062740625 0.7 0.365624840625 0.7 0.3687496796875 0.703125 0.3703124203125 0.703125 0.371875159375 0.7046878750000001 0.378124840625 0.7046878750000001 0.3796875796875 0.70625 0.38281242031249996 0.70625 0.384375159375 0.707812875 0.385937259375 0.707812875 0.3875 0.709375 0.3937496796875 0.709375 0.39531242031249997 0.710937875 0.401562740625 0.710937875 0.403124840625 0.7125 0.40468757968749997 0.7125 0.40625032031249997 0.714062875 0.409375159375 0.714062875 0.410937259375 0.7125 0.4125 0.7125 0.41406274062500004 0.710937875 0.4171875796875 0.710937875 0.4187496796875 0.709375 0.42187515937500003 0.709375 0.423437259375 0.707812875 0.425 0.707812875 0.426562740625 0.70625 0.42812484062499995 0.70625 0.4296875796875 0.7046878750000001 0.439062740625 0.7046878750000001 0.44062484062499996 0.703125 0.4421875796875 0.703125 0.4453124203125 0.7 0.448437259375 0.7 0.45 0.698437875 0.45312484062499997 0.698437875 0.45468757968749995 0.696875 0.45468757968749995 0.695312875 0.4578124203125 0.692187875 0.45937515937500006 0.692187875 0.46093725937499996 0.690625 0.46093725937499996 0.6890628750000001 0.464062740625 0.685937875 0.465624840625 0.685937875 0.465624840625 0.61875 0.464062740625 0.61875 0.4625 0.617187875 0.4625 0.615625 0.45468757968749995 0.607812875 0.45468757968749995 0.60625 0.45 0.601562875 0.45 0.6 0.448437259375 0.598437875 0.448437259375 0.5953128750000001 0.44687515937500005 0.59375 0.44687515937500005 0.590625 0.44062484062499996 0.584375 0.44062484062499996 0.582812875 0.439062740625 0.582812875 0.435937259375 0.5796878750000001 0.43437515937500004 0.5796878750000001 0.4328124203125 0.578125 0.4312496796875 0.578125 0.4296875796875 0.576562875 0.426562740625 0.576562875 0.425 0.575 0.423437259375 0.575 0.42031242031250005 0.571875 0.4187496796875 0.571875 0.41562484062499994 0.56875 0.41406274062500004 0.56875 0.40781242031250003 0.5625 0.396875159375 0.5625 0.39531242031249997 0.5640628750000001 0.385937259375 0.5640628750000001 0.384375159375 0.565625 0.38281242031249996 0.565625
36 0.6046875796875 0.710937875 0.601562740625 0.714062875 0.6 0.714062875 0.596875159375 0.717187875 0.5953124203125 0.717187875 0.5937503203125 0.71875 0.5921875796875 0.71875 0.590624840625 0.7203128750000001 0.589062740625 0.7203128750000001 0.585937259375 0.723437875 0.5843751593750001 0.723437875 0.5828124203125 0.725 0.5812496796875 0.725 0.5796875796875 0.726562875 0.5781248406249999 0.726562875 0.573437259375 0.73125 0.571875159375 0.73125 0.5703124203125001 0.732812875 0.5687503203125 0.732812875 0.5687503203125 0.734375 0.565624840625 0.7375 0.5640627406250001 0.7375 0.5609372593749999 0.740625 0.5609372593749999 0.742187875 0.5578124203125 0.745312875 0.5578124203125 0.746875 0.5562496796875 0.748437875 0.5562496796875 0.779687875 0.5546875796874999 0.78125 0.5546875796874999 0.828125 0.5562496796875 0.829687875 0.5562496796875 0.8328128749999999 0.559375159375 0.8359378749999999 0.5609372593749999 0.8359378749999999 0.5625 0.8375 0.5640627406250001 0.8375 0.5671875796875 0.840625 0.5687503203125 0.840625 0.5703124203125001 0.8421878749999999 0.571875159375 0.8421878749999999 0.5781248406249999 0.8484378749999999 0.5812496796875 0.8484378749999999 0.5828124203125 0.85 0.5843751593750001 0.85 0.589062740625 0.854687875 0.590624840625 0.854687875 0.596875159375 0.860937875 0.598437259375 0.860937875 0.601562740625 0.8640628749999999 0.601562740625 0.865625 0.6031248406249999 0.865625 0.6046875796875 0.8671878749999999 0.6062496796875 0.8671878749999999 0.610937259375 0.871875 0.6125 0.871875 0.614062740625 0.8734378749999999 0.621875159375 0.8734378749999999 0.6234372593749999 0.871875 0.625 0.871875 0.634375159375 0.8625 0.635937259375 0.8625 0.6375 0.860937875 0.639062740625 0.860937875 0.648437259375 0.8515628749999999 0.65 0.8515628749999999 0.651562740625 0.85 0.653124840625 0.85 0.6546875796875 0.8484378749999999 0.659375159375 0.8484378749999999 0.660937259375 0.846875 0.6625 0.846875 0.6671875796875 0.8421878749999999 0.6703124203125 0.8421878749999999 0.676562740625 0.8359378749999999 0.678124840625 0.8359378749999999 0.684375159375 0.829687875 0.684375159375 0.7625 0.678124840625 0.75625 0.676562740625 0.75625 0.673437259375 0.753125 0.673437259375 0.7515628750000001 0.6718751593750001 0.75 0.6703124203125 0.75 0.6671875796875 0.746875 0.6671875796875 0.74375 0.6656248406249999 0.742187875 0.6656248406249999 0.740625 0.6625 0.7375 0.6625 0.7359378750000001 0.660937259375 0.734375 0.660937259375 0.732812875 0.659375159375 0.73125 0.6578124203125 0.73125 0.651562740625 0.725 0.65 0.725 0.648437259375 0.723437875 0.6468751593750001 0.723437875 0.6453124203125 0.721875 0.6421875796875 0.721875 0.6406248406249999 0.7203128750000001 0.6375 0.7203128750000001 0.635937259375 0.71875 0.634375159375 0.71875 0.6328124203125001 0.717187875 0.6312496796875 0.717187875 0.6296875796875 0.715625 0.628124840625 0.715625 0.6203124203125 0.707812875 0.6171875796874999 0.707812875 0.615624840625 0.70625 0.614062740625 0.70625 0.6125 0.707812875 0.6093751593750001 0.707812875 0.6062496796875 0.710937875 0.6046875796875 0.710937875
37 0.1703124203125 0.42031287500000003 0.165624840625 0.425 0.1625 0.425 0.159375159375 0.428125 0.1578124203125 0.428125 0.1546875796875 0.43125 0.151562740625 0.43125 0.14374967968750002 0.439062875 0.14374967968750002 0.440625 0.1421875796875 0.442187875 0.1421875796875 0.44375 0.140624840625 0.44531287500000005 0.140624840625 0.446875 0.139062740625 0.44843787500000004 0.139062740625 0.45156287500000003 0.1375 0.453125 0.1375 0.459375 0.134375159375 0.4625 0.1312496796875 0.4625 0.126562740625 0.46718787500000003 0.126562740625 0.542187875 0.128124840625 0.542187875 0.1312496796875 0.545312875 0.1312496796875 0.546875 0.1328124203125 0.5484378750000001 0.1328124203125 0.55 0.135937259375 0.553125 0.1375 0.553125 0.139062740625 0.554687875 0.1453124203125 0.554687875 0.151562740625 0.560937875 0.1625 0.560937875 0.16406274062499998 0.5625 0.1671875796875 0.5625 0.16874967968750001 0.560937875 0.175 0.560937875 0.176562740625 0.559375 0.178124840625 0.559375 0.1828124203125 0.554687875 0.1937496796875 0.554687875 0.1953124203125 0.55625 0.196875159375 0.55625 0.2 0.559375 0.20156274062500001 0.559375 0.203124840625 0.560937875 0.22031242031249998 0.560937875 0.221875159375 0.559375 0.22343725937499997 0.559375 0.225 0.557812875 0.226562740625 0.557812875 0.228124840625 0.55625 0.22968757968750003 0.55625 0.23124967968750001 0.554687875 0.2375 0.554687875 0.23906274062500002 0.553125 0.240624840625 0.553125 0.24218757968750002 0.551562875 0.24218757968750002 0.55 0.248437259375 0.54375 0.248437259375 0.540625 0.25 0.539062875 0.25 0.528125 0.251562740625 0.526562875 0.251562740625 0.47968787500000004 0.25 0.478125 0.25 0.475 0.248437259375 0.473437875 0.248437259375 0.470312875 0.246875159375 0.46875 0.240624840625 0.46875 0.23593725937499999 0.46406287500000004 0.23593725937499999 0.46093787500000005 0.234375159375 0.459375 0.234375159375 0.457812875 0.22968757968750003 0.453125 0.22968757968750003 0.44531287500000005 0.228124840625 0.44375 0.228124840625 0.442187875 0.226562740625 0.440625 0.226562740625 0.439062875 0.225 0.4375 0.225 0.43593787500000003 0.21406274062500003 0.425 0.209375159375 0.425 0.20781242031249997 0.423437875 0.20625032031249999 0.423437875 0.2046875796875 0.421875 0.2046875796875 0.42031287500000003 0.203124840625 0.42031287500000003 0.20156274062500001 0.41875 0.1875 0.41875 0.185937259375 0.41718787500000004 0.184375159375 0.41718787500000004 0.1828124203125 0.41875 0.176562740625 0.41875 0.175 0.42031287500000003 0.1703124203125 0.42031287500000003
37 0.4578124203125 0.434375 0.4562496796875 0.43281287500000004 0.45 0.43281287500000004 0.448437259375 0.434375 0.44687515937500005 0.434375 0.4437503203125 0.4375 0.44062484062499996 0.4375 0.4312496796875 0.446875 0.4312496796875 0.44843787500000004 0.4296875796875 0.45 0.4296875796875 0.45156287500000003 0.426562740625 0.454687875 0.426562740625 0.45625 0.425 0.457812875 0.425 0.459375 0.41562484062499994 0.46875 0.41406274062500004 0.46875 0.4125 0.470312875 0.4125 0.471875 0.409375159375 0.475 0.409375159375 0.535937875 0.410937259375 0.5375 0.410937259375 0.539062875 0.4125 0.540625 0.4125 0.542187875 0.41406274062500004 0.54375 0.41562484062499994 0.54375 0.4187496796875 0.546875 0.4187496796875 0.5484378750000001 0.42031242031250005 0.5484378750000001 0.425 0.553125 0.426562740625 0.553125 0.42812484062499995 0.554687875 0.4328124203125 0.554687875 0.43437515937500004 0.55625 0.439062740625 0.55625 0.44062484062499996 0.557812875 0.4421875796875 0.557812875 0.4437503203125 0.559375 0.44687515937500005 0.559375 0.448437259375 0.560937875 0.4562496796875 0.560937875 0.4578124203125 0.559375 0.45937515937500006 0.559375 0.4625 0.55625 0.464062740625 0.55625 0.465624840625 0.554687875 0.48437515937500003 0.554687875 0.485937259375 0.55625 0.4875 0.55625 0.49062484062499995 0.559375 0.4921875796875 0.559375 0.4937496796875 0.560937875 0.4953124203125 0.560937875 0.5 0.565625 0.5015627406250001 0.565625 0.503124840625 0.567187875 0.5046875796875 0.565625 0.5078124203125001 0.565625 0.510937259375 0.5625 0.5125 0.5625 0.514062740625 0.560937875 0.5156248406249999 0.560937875 0.5171875796875 0.559375 0.5187496796875 0.559375 0.523437259375 0.554687875 0.525 0.554687875 0.5406248406249999 0.539062875 0.5406248406249999 0.470312875 0.539062740625 0.46875 0.5375 0.46875 0.5328124203125 0.46406287500000004 0.5312503203125 0.46406287500000004 0.5296875796875 0.4625 0.528124840625 0.4625 0.523437259375 0.457812875 0.523437259375 0.453125 0.5171875796875 0.446875 0.5171875796875 0.44531287500000005 0.509375159375 0.4375 0.5078124203125001 0.4375 0.5062503203125 0.43593787500000003 0.5046875796875 0.43593787500000003 0.5015627406250001 0.43281287500000004 0.5 0.43281287500000004 0.498437259375 0.43125 0.4953124203125 0.43125 0.4937496796875 0.42968787500000005 0.4921875796875 0.42968787500000005 0.489062740625 0.426562875 0.485937259375 0.426562875 0.48437515937500003 0.425 0.475 0.425 0.47031242031250003 0.42968787500000005 0.46875032031249997 0.42968787500000005 0.464062740625 0.434375 0.4578124203125 0.434375
33 0.6 0.278125 0.598437259375 0.279687875 0.598437259375 0.31406287499999996 0.6 0.315625 0.6 0.317187875 0.601562740625 0.317187875 0.6062496796875 0.321875 0.6312496796875 0.321875 0.634375159375 0.31875 0.634375159375 0.317187875 0.635937259375 0.315625 0.635937259375 0.31406287499999996 0.639062740625 0.310937875 0.6406248406249999 0.310937875 0.6406248406249999 0.285937875 0.639062740625 0.284375 0.639062740625 0.28281287499999996 0.6375 0.28125 0.6375 0.279687875 0.635937259375 0.278125 0.635937259375 0.276562875 0.634375159375 0.275 0.6328124203125001 0.275 0.6296875796875 0.271875 0.6296875796875 0.270312875 0.628124840625 0.26875 0.6265627406250001 0.26875 0.625 0.26718787499999996 0.6078124203125 0.26718787499999996 0.6062496796875 0.26875 0.6062496796875 0.270312875 0.6 0.276562875 0.6 0.278125
25 0.125 0.5625 0.1296875796875 0.567187875 0.1312496796875 0.567187875 0.1328124203125 0.56875 0.134375159375 0.56875 0.139062740625 0.573437875 0.140624840625 0.573437875 0.14374967968750002 0.576562875 0.14374967968750002 0.578125 0.1453124203125 0.5796878750000001 0.15 0.5796878750000001 0.151562740625 0.58125 0.153124840625 0.58125 0.1546875796875 0.582812875 0.1546875796875 0.584375 0.1562503203125 0.584375 0.1578124203125 0.585937875 0.165624840625 0.585937875 0.1671875796875 0.584375 0.1671875796875 0.56875 0.1625 0.5640628750000001 0.1625 0.5625 0.160937259375 0.560937875 0.160937259375 0.559375 0.159375159375 0.557812875 0.1578124203125 0.557812875 0.1562503203125 0.55625 0.153124840625 0.55625 0.146875159375 0.55 0.1453124203125 0.55 0.140624840625 0.545312875 0.139062740625 0.545312875 0.1375 0.54375 0.1203124203125 0.54375 0.1203124203125 0.560937875 0.121875159375 0.560937875 0.12343725937500001 0.5625 0.125 0.5625
6 0.5312503203125 0.567187875 0.528124840625 0.570312875 0.526562740625 0.570312875 0.523437259375 0.573437875 0.5218751593750001 0.573437875 0.5203124203125 0.575 0.5187496796875 0.575 0.510937259375 0.582812875 0.509375159375 0.582812875 0.509375159375 0.584375 0.5078124203125001 0.585937875 0.5078124203125001 0.5875 0.5062503203125 0.589062875 0.5062503203125 0.590625 0.5046875796875 0.592187875 0.5046875796875 0.59375 0.503124840625 0.5953128750000001 0.503124840625 0.596875 0.5015627406250001 0.598437875 0.5015627406250001 0.6 0.5 0.601562875 0.5 0.603125 0.498437259375 0.604687875 0.498437259375 0.60625 0.4937496796875 0.6109378750000001 0.4937496796875 0.6125 0.4875 0.61875 0.4875 0.690625 0.49062484062499995 0.69375 0.4921875796875 0.69375 0.4953124203125 0.696875 0.49687515937500004 0.696875 0.498437259375 0.698437875 0.5 0.698437875 0.5015627406250001 0.7 0.503124840625 0.7 0.5078124203125001 0.7046878750000001 0.509375159375 0.7046878750000001 0.510937259375 0.70625 0.5125 0.70625 0.5156248406249999 0.709375 0.5171875796875 0.709375 0.5187496796875 0.710937875 0.5203124203125 0.710937875 0.526562740625 0.717187875 0.528124840625 0.717187875 0.5328124203125 0.721875 0.535937259375 0.721875 0.5375 0.723437875 0.551562740625 0.723437875 0.553124840625 0.721875 0.5546875796874999 0.721875 0.559375159375 0.717187875 0.5625 0.717187875 0.5671875796875 0.7125 0.5687503203125 0.7125 0.5703124203125001 0.710937875 0.573437259375 0.710937875 0.576562740625 0.707812875 0.5781248406249999 0.707812875 0.5796875796875 0.70625 0.5812496796875 0.70625 0.5828124203125 0.7046878750000001 0.5843751593750001 0.7046878750000001 0.585937259375 0.703125 0.5875 0.703125 0.5921875796875 0.698437875 0.5937503203125 0.698437875 0.5953124203125 0.696875 0.596875159375 0.696875 0.610937259375 0.682812875 0.610937259375 0.68125 0.6125 0.679687875 0.6125 0.676562875 0.614062740625 0.675 0.614062740625 0.634375 0.6125 0.632812875 0.6125 0.61875 0.610937259375 0.617187875 0.610937259375 0.60625 0.6093751593750001 0.604687875 0.6093751593750001 0.603125 0.6046875796875 0.598437875 0.6031248406249999 0.598437875 0.5937503203125 0.589062875 0.5921875796875 0.589062875 0.590624840625 0.5875 0.589062740625 0.5875 0.5843751593750001 0.582812875 0.5828124203125 0.582812875 0.5812496796875 0.58125 0.5796875796875 0.58125 0.5781248406249999 0.5796878750000001 0.576562740625 0.5796878750000001 0.571875159375 0.575 0.5703124203125001 0.575 0.565624840625 0.570312875 0.5640627406250001 0.570312875 0.5625 0.56875 0.5609372593749999 0.56875 0.559375159375 0.567187875 0.5578124203125 0.567187875 0.553124840625 0.5625 0.539062740625 0.5625 0.5375 0.5640628750000001 0.535937259375 0.5640628750000001 0.5328124203125 0.567187875 0.5312503203125 0.567187875
31 0.175 0.271875 0.16874967968750001 0.278125 0.16874967968750001 0.301562875 0.1671875796875 0.303125 0.1671875796875 0.315625 0.16874967968750001 0.315625 0.1703124203125 0.317187875 0.171875159375 0.317187875 0.175 0.320312875 0.198437259375 0.320312875 0.20156274062500001 0.317187875 0.203124840625 0.317187875 0.2046875796875 0.315625 0.2046875796875 0.31406287499999996 0.20781242031249997 0.310937875 0.209375159375 0.310937875 0.209375159375 0.276562875 0.198437259375 0.265625 0.1812496796875 0.265625 0.178124840625 0.26875 0.176562740625 0.26875 0.175 0.270312875 0.175 0.271875
32 0.3875 0.41718787500000004 0.385937259375 0.41875 0.385937259375 0.42031287500000003 0.38281242031249996 0.423437875 0.38281242031249996 0.46093787500000005 0.384375159375 0.46093787500000005 0.3875 0.46406287500000004 0.3875 0.465625 0.389062740625 0.46718787500000003 0.41562484062499994 0.46718787500000003 0.4171875796875 0.465625 0.4171875796875 0.46406287500000004 0.42031242031250005 0.46093787500000005 0.42187515937500003 0.46093787500000005 0.423437259375 0.459375 0.423437259375 0.42031287500000003 0.42187515937500003 0.41875 0.42031242031250005 0.41875 0.4187496796875 0.41718787500000004 0.4171875796875 0.41718787500000004 0.41406274062500004 0.41406287500000005 0.4125 0.41406287500000005 0.410937259375 0.4125 0.40781242031250003 0.4125 0.40625032031249997 0.410937875 0.396875159375 0.410937875 0.39531242031249997 0.4125 0.389062740625 0.4125 0.3875 0.41406287500000005 0.3875 0.41718787500000004
31 0.16874967968750001 0.565625 0.16874967968750001 0.604687875 0.1703124203125 0.60625 0.1703124203125 0.607812875 0.171875159375 0.609375 0.173437259375 0.609375 0.175 0.6109378750000001 0.198437259375 0.6109378750000001 0.2 0.609375 0.20156274062500001 0.609375 0.20781242031249997 0.603125 0.209375159375 0.603125 0.209375159375 0.567187875 0.2046875796875 0.5625 0.203124840625 0.5625 0.198437259375 0.557812875 0.198437259375 0.554687875 0.176562740625 0.554687875 0.176562740625 0.55625 0.175 0.557812875 0.175 0.559375 0.16874967968750001 0.565625
28 0.725 0.7 0.723437259375 0.701562875 0.721875159375 0.701562875 0.715624840625 0.707812875 0.714062740625 0.707812875 0.714062740625 0.729687875 0.7171875796875 0.729687875 0.7187503203125 0.73125 0.721875159375 0.73125 0.723437259375 0.729687875 0.725 0.729687875 0.7296875796875 0.725 0.7312503203125 0.725 0.7328124203125 0.723437875 0.7343751593750001 0.723437875 0.735937259375 0.721875 0.735937259375 0.7203128750000001 0.739062740625 0.717187875 0.7421875796874999 0.717187875 0.7437496796875 0.715625 0.7453124203125 0.715625 0.75 0.710937875 0.7515627406250001 0.710937875 0.759375159375 0.703125 0.759375159375 0.6890628750000001 0.739062740625 0.6890628750000001 0.7343751593750001 0.69375 0.7328124203125 0.69375 0.726562740625 0.7 0.725 0.7
10 0.49687515937500004 0.8484378749999999 0.5 0.845312875 0.5 0.84375 0.5015627406250001 0.8421878749999999 0.5015627406250001 0.7875 0.451562740625 0.7875 0.45 0.789062875 0.45 0.846875 0.451562740625 0.8484378749999999 0.49687515937500004 0.8484378749999999
20 0.28564660625 0.868267215625 0.225672215625 0.868267215625 0.225672215625 0.955804640625 0.28564660625 0.955804640625 0.28564660625 0.868267215625
33 0.2437496796875 0.807812875 0.2437496796875 0.846875 0.25 0.853125 0.276562740625 0.853125 0.278124840625 0.8515628749999999 0.278124840625 0.85 0.2796875796875 0.8484378749999999 0.2796875796875 0.8109378749999999 0.278124840625 0.809375 0.278124840625 0.807812875 0.276562740625 0.807812875 0.27031242031249997 0.8015628749999999 0.25 0.8015628749999999 0.25 0.803125 0.246875159375 0.80625 0.24531242031249997 0.80625 0.2437496796875 0.807812875
13 0.6437496796875 0.84375 0.6453124203125 0.8421878749999999 0.6453124203125 0.7875 0.5953124203125 0.7875 0.5953124203125 0.8484378749999999 0.6406248406249999 0.8484378749999999 0.6437496796875 0.845312875 0.6437496796875 0.84375
26 0.28906274062500004 0.125 0.2875 0.12656287500000002 0.2875 0.128125 0.284375159375 0.13125 0.284375159375 0.148437875 0.296875159375 0.148437875 0.298437259375 0.146875 0.298437259375 0.145312875 0.301562740625 0.14218787500000002 0.3078124203125 0.14218787500000002 0.314062740625 0.135937875 0.315624840625 0.135937875 0.3171875796875 0.134375 0.3171875796875 0.132812875 0.32031242031249996 0.129687875 0.321875159375 0.129687875 0.323437259375 0.128125 0.323437259375 0.12656287500000002 0.326562740625 0.123437875 0.328124840625 0.123437875 0.3296875796875 0.121875 0.3296875796875 0.109375 0.3312496796875 0.107812875 0.3062496796875 0.107812875 0.2937496796875 0.12031287500000001 0.2937496796875 0.121875 0.290624840625 0.125 0.28906274062500004 0.125
28 0.8 0.553125 0.7968751593750001 0.55625 0.7953124203125 0.55625 0.7937503203125 0.557812875 0.7937503203125 0.559375 0.7906248406249999 0.5625 0.789062740625 0.5625 0.7875 0.5640628750000001 0.7875 0.565625 0.784375159375 0.56875 0.7812503203125 0.56875 0.7812503203125 0.58125 0.7828124203125 0.58125 0.784375159375 0.582812875 0.7968751593750001 0.582812875 0.8 0.5796878750000001 0.803124840625 0.5796878750000001 0.8093751593749999 0.573437875 0.810937259375 0.573437875 0.8156248406250001 0.56875 0.8171875796875 0.56875 0.8187496796874999 0.567187875 0.821875159375 0.567187875 0.8234372593750001 0.565625 0.8234372593750001 0.5640628750000001 0.8265627406249999 0.560937875 0.828124840625 0.560937875 0.8296875796875 0.559375 0.8296875796875 0.55625 0.8312496796875 0.554687875 0.8312496796875 0.553125 0.8328124203125 0.551562875 0.8328124203125 0.545312875 0.8093751593749999 0.545312875 0.8046875796874999 0.55 0.8015627406249999 0.55 0.8 0.551562875 0.8 0.553125
5 0.735937259375 0.5875 0.7375 0.589062875 0.7375 0.601562875 0.7437496796875 0.607812875 0.7437496796875 0.609375 0.7453124203125 0.609375 0.746875159375 0.6109378750000001 0.7796875796875 0.6109378750000001 0.7812503203125 0.609375 0.7828124203125 0.609375 0.784375159375 0.607812875 0.784375159375 0.60625 0.7875 0.603125 0.7875 0.596875 0.789062740625 0.5953128750000001 0.789062740625 0.592187875 0.7875 0.590625 0.7875 0.5875 0.785937259375 0.585937875 0.785937259375 0.582812875 0.784375159375 0.58125 0.784375159375 0.5796878750000001 0.7796875796875 0.575 0.778124840625 0.575 0.773437259375 0.570312875 0.773437259375 0.56875 0.7718751593750001 0.567187875 0.7718751593750001 0.565625 0.764062740625 0.557812875 0.7421875796874999 0.557812875 0.7375 0.5625 0.7375 0.5640628750000001 0.735937259375 0.565625 0.735937259375 0.5875
34 0.8171875796875 0.415625 0.8171875796875 0.41718787500000004 0.8156248406250001 0.41875 0.814062740625 0.41875 0.814062740625 0.453125 0.8187496796874999 0.457812875 0.8187496796874999 0.459375 0.8203124203125001 0.46093787500000005 0.821875159375 0.46093787500000005 0.8234372593750001 0.4625 0.825 0.4625 0.828124840625 0.465625 0.85 0.465625 0.853124840625 0.4625 0.853124840625 0.425 0.848437259375 0.42031287500000003 0.848437259375 0.41875 0.8468751593749999 0.41718787500000004 0.8468751593749999 0.415625 0.8406248406250001 0.409375 0.8203124203125001 0.409375 0.8203124203125001 0.410937875 0.8187496796874999 0.4125 0.8187496796874999 0.41406287500000005 0.8171875796875 0.415625
25 0.5218751593750001 0.257812875 0.5187496796875 0.260937875 0.5171875796875 0.260937875 0.5156248406249999 0.2625 0.514062740625 0.2625 0.5125 0.264062875 0.5125 0.265625 0.509375159375 0.26875 0.5078124203125001 0.26875 0.5062503203125 0.270312875 0.5062503203125 0.271875 0.503124840625 0.275 0.5015627406250001 0.275 0.5 0.276562875 0.5 0.278125 0.498437259375 0.279687875 0.498437259375 0.29843787499999996 0.503124840625 0.29843787499999996 0.5046875796875 0.296875 0.5046875796875 0.295312875 0.5078124203125001 0.292187875 0.5156248406249999 0.292187875 0.5171875796875 0.290625 0.5171875796875 0.289062875 0.5203124203125 0.285937875 0.5218751593750001 0.285937875 0.523437259375 0.284375 0.523437259375 0.28281287499999996 0.526562740625 0.279687875 0.528124840625 0.279687875 0.534375159375 0.273437875 0.5406248406249999 0.273437875 0.5421875796875 0.271875 0.5421875796875 0.26718787499999996 0.5437496796875 0.265625 0.5437496796875 0.264062875 0.5453124203125 0.2625 0.5453124203125 0.25625 0.5437496796875 0.254687875 0.5296875796875 0.254687875 0.528124840625 0.25625 0.525 0.25625 0.523437259375 0.257812875 0.5218751593750001 0.257812875
26 0.375 0.259375 0.371875159375 0.2625 0.3703124203125 0.2625 0.364062740625 0.26875 0.3625 0.26875 0.360937259375 0.270312875 0.359375159375 0.270312875 0.3578124203125 0.271875 0.3578124203125 0.273437875 0.3562496796875 0.275 0.3562496796875 0.29843787499999996 0.359375159375 0.29843787499999996 0.360937259375 0.296875 0.3625 0.296875 0.3625 0.295312875 0.364062740625 0.29375 0.36718757968750004 0.29375 0.3687496796875 0.292187875 0.371875159375 0.292187875 0.373437259375 0.290625 0.373437259375 0.289062875 0.376562740625 0.285937875 0.378124840625 0.285937875 0.3796875796875 0.284375 0.3796875796875 0.28281287499999996 0.38281242031249996 0.279687875 0.384375159375 0.279687875 0.385937259375 0.278125 0.385937259375 0.276562875 0.389062740625 0.273437875 0.390624840625 0.273437875 0.39843725937499996 0.265625 0.39843725937499996 0.264062875 0.4 0.2625 0.4 0.259375 0.401562740625 0.257812875 0.401562740625 0.254687875 0.3812503203125 0.254687875 0.3796875796875 0.25625 0.376562740625 0.25625 0.375 0.257812875 0.375 0.259375
25 0.22031242031249998 0.55625 0.2187503203125 0.557812875 0.2187503203125 0.559375 0.215624840625 0.5625 0.21406274062500003 0.5625 0.21406274062500003 0.5875 0.21718757968750002 0.5875 0.2187503203125 0.585937875 0.221875159375 0.585937875 0.22343725937499997 0.584375 0.22343725937499997 0.582812875 0.225 0.58125 0.226562740625 0.58125 0.228124840625 0.5796878750000001 0.2328124203125 0.5796878750000001 0.23906274062500002 0.573437875 0.240624840625 0.573437875 0.24218757968750002 0.571875 0.24218757968750002 0.570312875 0.24531242031249997 0.567187875 0.246875159375 0.567187875 0.248437259375 0.565625 0.248437259375 0.5640628750000001 0.251562740625 0.560937875 0.253124840625 0.560937875 0.2546875796875 0.559375 0.2546875796875 0.557812875 0.2562496796875 0.55625 0.2562496796875 0.554687875 0.25781242031249996 0.553125 0.25781242031249996 0.54375 0.23906274062500002 0.54375 0.2328124203125 0.55 0.228124840625 0.55 0.221875159375 0.55625 0.22031242031249998 0.55625
32 0.3875 0.12656287500000002 0.3875 0.129687875 0.385937259375 0.13125 0.385937259375 0.140625 0.384375159375 0.14218787500000002 0.384375159375 0.16875 0.389062740625 0.17343787500000002 0.41562484062499994 0.17343787500000002 0.4171875796875 0.171875 0.4187496796875 0.171875 0.42187515937500003 0.16875 0.42187515937500003 0.167187875 0.423437259375 0.165625 0.423437259375 0.132812875 0.42187515937500003 0.13125 0.42187515937500003 0.129687875 0.41562484062499994 0.123437875 0.41406274062500004 0.123437875 0.4125 0.121875 0.4125 0.12031287500000001 0.3937496796875 0.12031287500000001 0.3937496796875 0.121875 0.390624840625 0.125 0.389062740625 0.125 0.3875 0.12656287500000002
16 0.3125 0.26875 0.314062740625 0.270312875 0.3171875796875 0.270312875 0.3187496796875 0.26875 0.32031242031249996 0.26875 0.321875159375 0.26718787499999996 0.334375159375 0.26718787499999996 0.33593725937499996 0.26875 0.339062740625 0.26875 0.340624840625 0.270312875 0.348437259375 0.270312875 0.35 0.26875 0.35156274062500004 0.26875 0.353124840625 0.26718787499999996 0.3578124203125 0.26718787499999996 0.359375159375 0.265625 0.359375159375 0.20781287499999998 0.3078124203125 0.20781287499999998 0.3078124203125 0.26718787499999996 0.309375159375 0.26718787499999996 0.310937259375 0.26875 0.3125 0.26875
11 0.284375159375 0.7046878750000001 0.285937259375 0.703125 0.285937259375 0.645312875 0.284375159375 0.64375 0.2796875796875 0.64375 0.278124840625 0.6421878750000001 0.23593725937499999 0.6421878750000001 0.23593725937499999 0.703125 0.2375 0.703125 0.23906274062500002 0.7046878750000001 0.284375159375 0.7046878750000001
26 0.35156274062500004 0.135937875 0.353124840625 0.135937875 0.3562496796875 0.139062875 0.3562496796875 0.140625 0.3578124203125 0.14218787500000002 0.359375159375 0.14218787500000002 0.360937259375 0.14375 0.3625 0.14375 0.365624840625 0.146875 0.36718757968750004 0.146875 0.3687496796875 0.148437875 0.378124840625 0.148437875 0.3796875796875 0.146875 0.3796875796875 0.128125 0.373437259375 0.121875 0.373437259375 0.12031287500000001 0.371875159375 0.11875 0.3703124203125 0.11875 0.364062740625 0.1125 0.359375159375 0.1125 0.3578124203125 0.110937875 0.3562496796875 0.110937875 0.35468757968750003 0.109375 0.334375159375 0.109375 0.334375159375 0.115625 0.33593725937499996 0.11718787500000001 0.33593725937499996 0.12031287500000001 0.35156274062500004 0.135937875
27 0.284375159375 0.70625 0.278124840625 0.7125 0.276562740625 0.7125 0.275 0.714062875 0.275 0.715625 0.271875159375 0.71875 0.27031242031249997 0.71875 0.2687503203125 0.7203128750000001 0.2687503203125 0.739062875 0.27031242031249997 0.739062875 0.271875159375 0.7375 0.275 0.7375 0.276562740625 0.7359378750000001 0.284375159375 0.7359378750000001 0.290624840625 0.729687875 0.2937496796875 0.729687875 0.2953124203125 0.728125 0.296875159375 0.728125 0.301562740625 0.723437875 0.303124840625 0.723437875 0.30468757968750004 0.721875 0.30468757968750004 0.7203128750000001 0.3078124203125 0.717187875 0.309375159375 0.717187875 0.310937259375 0.715625 0.310937259375 0.714062875 0.314062740625 0.710937875 0.315624840625 0.710937875 0.3171875796875 0.709375 0.3171875796875 0.701562875 0.29218757968750003 0.701562875 0.290624840625 0.703125 0.28906274062500004 0.703125 0.285937259375 0.70625 0.284375159375 0.70625
27 0.3562496796875 0.715625 0.3578124203125 0.717187875 0.359375159375 0.717187875 0.365624840625 0.723437875 0.3687496796875 0.723437875 0.3703124203125 0.725 0.371875159375 0.725 0.373437259375 0.726562875 0.373437259375 0.728125 0.375 0.729687875 0.376562740625 0.729687875 0.38281242031249996 0.7359378750000001 0.39531242031249997 0.7359378750000001 0.39531242031249997 0.71875 0.390624840625 0.714062875 0.389062740625 0.714062875 0.3875 0.7125 0.385937259375 0.7125 0.384375159375 0.710937875 0.38281242031249996 0.710937875 0.3812503203125 0.709375 0.3812503203125 0.707812875 0.3796875796875 0.70625 0.378124840625 0.70625 0.376562740625 0.7046878750000001 0.375 0.7046878750000001 0.371875159375 0.701562875 0.35 0.701562875 0.35 0.710937875 0.353124840625 0.710937875 0.3562496796875 0.714062875 0.3562496796875 0.715625
28 0.7687496796875 0.415625 0.7703124203125 0.41718787500000004 0.7718751593750001 0.41718787500000004 0.778124840625 0.423437875 0.784375159375 0.423437875 0.7875 0.426562875 0.7875 0.428125 0.789062740625 0.42968787500000005 0.7906248406249999 0.42968787500000005 0.7953124203125 0.434375 0.7968751593750001 0.434375 0.798437259375 0.43593787500000003 0.8093751593749999 0.43593787500000003 0.810937259375 0.434375 0.810937259375 0.42031287500000003 0.803124840625 0.4125 0.8015627406249999 0.4125 0.7953124203125 0.40625 0.7937503203125 0.40625 0.789062740625 0.40156287500000004 0.7875 0.40156287500000004 0.785937259375 0.4 0.7625 0.4 0.7625 0.410937875 0.7656248406249999 0.410937875 0.7687496796875 0.41406287500000005 0.7687496796875 0.415625
27 0.371875159375 0.551562875 0.3687496796875 0.554687875 0.36718757968750004 0.554687875 0.365624840625 0.55625 0.364062740625 0.55625 0.3625 0.557812875 0.3625 0.559375 0.359375159375 0.5625 0.3578124203125 0.5625 0.3562496796875 0.5640628750000001 0.3562496796875 0.565625 0.353124840625 0.56875 0.35 0.56875 0.348437259375 0.570312875 0.3453124203125 0.570312875 0.3453124203125 0.571875 0.34375032031249997 0.573437875 0.3421875796875 0.573437875 0.340624840625 0.575 0.339062740625 0.575 0.339062740625 0.5953128750000001 0.340624840625 0.5953128750000001 0.3421875796875 0.59375 0.34375032031249997 0.59375 0.3453124203125 0.592187875 0.353124840625 0.592187875 0.35468757968750003 0.590625 0.35468757968750003 0.589062875 0.3578124203125 0.585937875 0.359375159375 0.585937875 0.364062740625 0.58125 0.365624840625 0.58125 0.36718757968750004 0.5796878750000001 0.3703124203125 0.5796878750000001 0.376562740625 0.573437875 0.378124840625 0.573437875 0.3796875796875 0.571875 0.3812503203125 0.571875 0.384375159375 0.56875 0.385937259375 0.56875 0.3875 0.567187875 0.389062740625 0.567187875 0.39531242031249997 0.560937875 0.396875159375 0.560937875 0.4 0.557812875 0.4 0.55625 0.401562740625 0.554687875 0.403124840625 0.554687875 0.403124840625 0.546875 0.3812503203125 0.546875 0.378124840625 0.55 0.375 0.55 0.373437259375 0.551562875 0.371875159375 0.551562875
32 0.3421875796875 0.321875 0.3421875796875 0.320312875 0.3453124203125 0.317187875 0.346875159375 0.317187875 0.348437259375 0.315625 0.348437259375 0.3125 0.35 0.310937875 0.35 0.30625 0.35156274062500004 0.304687875 0.35156274062500004 0.29843787499999996 0.35 0.296875 0.35 0.28125 0.348437259375 0.279687875 0.348437259375 0.275 0.3421875796875 0.26875 0.340624840625 0.26875 0.339062740625 0.26718787499999996 0.321875159375 0.26718787499999996 0.3125 0.276562875 0.3125 0.315625 0.3187496796875 0.321875 0.3421875796875 0.321875
28 0.7062496796875 0.5640628750000001 0.7062496796875 0.565625 0.7078124203125 0.567187875 0.7093751593750001 0.567187875 0.7125 0.570312875 0.7125 0.571875 0.714062740625 0.573437875 0.715624840625 0.573437875 0.7203124203125 0.578125 0.721875159375 0.578125 0.723437259375 0.5796878750000001 0.7296875796875 0.5796878750000001 0.7328124203125 0.576562875 0.7328124203125 0.575 0.7343751593750001 0.573437875 0.7343751593750001 0.5625 0.7281248406249999 0.55625 0.726562740625 0.55625 0.7203124203125 0.55 0.7187503203125 0.55 0.7171875796875 0.5484378750000001 0.715624840625 0.5484378750000001 0.7125 0.545312875 0.710937259375 0.545312875 0.7093751593750001 0.54375 0.6937496796875 0.54375 0.6937496796875 0.553125 0.701562740625 0.560937875 0.7031248406249999 0.560937875 0.7062496796875 0.5640628750000001
27 0.439062740625 0.7 0.4375 0.701562875 0.4375 0.703125 0.43437515937500004 0.70625 0.4296875796875 0.70625 0.42812484062499995 0.707812875 0.426562740625 0.707812875 0.42187515937500003 0.7125 0.42031242031250005 0.7125 0.4187496796875 0.714062875 0.4187496796875 0.715625 0.41562484062499994 0.71875 0.41406274062500004 0.71875 0.4125 0.7203128750000001 0.4125 0.721875 0.410937259375 0.723437875 0.410937259375 0.7359378750000001 0.42812484062499995 0.7359378750000001 0.43437515937500004 0.729687875 0.435937259375 0.729687875 0.439062740625 0.726562875 0.44062484062499996 0.726562875 0.4437503203125 0.723437875 0.4453124203125 0.723437875 0.44687515937500005 0.721875 0.448437259375 0.721875 0.448437259375 0.7203128750000001 0.451562740625 0.717187875 0.45312484062499997 0.717187875 0.45937515937500006 0.710937875 0.4625 0.710937875 0.464062740625 0.709375 0.465624840625 0.709375 0.46718757968749997 0.707812875 0.46718757968749997 0.70625 0.46875032031249997 0.7046878750000001 0.47031242031250003 0.7046878750000001 0.471875159375 0.703125 0.471875159375 0.701562875 0.473437259375 0.7 0.473437259375 0.692187875 0.45312484062499997 0.692187875 0.451562740625 0.69375 0.44687515937500005 0.69375 0.44062484062499996 0.7 0.439062740625 0.7
28 0.7281248406249999 0.407812875 0.723437259375 0.4125 0.721875159375 0.4125 0.7203124203125 0.41406287500000005 0.7187503203125 0.41406287500000005 0.7187503203125 0.415625 0.715624840625 0.41875 0.714062740625 0.41875 0.714062740625 0.4375 0.7187503203125 0.4375 0.7203124203125 0.43593787500000003 0.7281248406249999 0.43593787500000003 0.7343751593750001 0.42968787500000005 0.739062740625 0.42968787500000005 0.7453124203125 0.423437875 0.746875159375 0.423437875 0.7484372593749999 0.421875 0.7484372593749999 0.42031287500000003 0.7515627406250001 0.41718787500000004 0.753124840625 0.41718787500000004 0.7546875796875 0.415625 0.7546875796875 0.41406287500000005 0.7562496796875 0.4125 0.7562496796875 0.410937875 0.7578124203125001 0.409375 0.7578124203125001 0.403125 0.7375 0.403125 0.7343751593750001 0.40625 0.7312503203125 0.40625 0.7296875796875 0.407812875 0.7281248406249999 0.407812875
27 0.359375159375 0.85 0.353124840625 0.85625 0.35156274062500004 0.85625 0.3453124203125 0.8625 0.34375032031249997 0.8625 0.34375032031249997 0.8640628749999999 0.339062740625 0.86875 0.339062740625 0.884375 0.35468757968750003 0.884375 0.3578124203125 0.88125 0.359375159375 0.88125 0.360937259375 0.8796878749999999 0.3625 0.8796878749999999 0.364062740625 0.878125 0.365624840625 0.878125 0.376562740625 0.8671878749999999 0.378124840625 0.8671878749999999 0.3796875796875 0.865625 0.3796875796875 0.8640628749999999 0.38281242031249996 0.860937875 0.384375159375 0.860937875 0.385937259375 0.859375 0.385937259375 0.8578128749999999 0.3875 0.85625 0.3875 0.854687875 0.389062740625 0.853125 0.389062740625 0.846875 0.3687496796875 0.846875 0.36718757968750004 0.8484378749999999 0.365624840625 0.8484378749999999 0.364062740625 0.85 0.359375159375 0.85
25 0.20156274062500001 0.41875 0.203124840625 0.41875 0.20781242031249997 0.423437875 0.209375159375 0.423437875 0.215624840625 0.42968787500000005 0.21718757968750002 0.42968787500000005 0.2187503203125 0.43125 0.22031242031249998 0.43125 0.225 0.43593787500000003 0.228124840625 0.43593787500000003 0.22968757968750003 0.434375 0.22968757968750003 0.43125 0.23124967968750001 0.42968787500000005 0.23124967968750001 0.415625 0.228124840625 0.4125 0.226562740625 0.4125 0.22031242031249998 0.40625 0.2187503203125 0.40625 0.21718757968750002 0.40468787500000003 0.215624840625 0.40468787500000003 0.2125 0.40156287500000004 0.210937259375 0.40156287500000004 0.209375159375 0.4 0.1921875796875 0.4 0.1921875796875 0.40625 0.1937496796875 0.407812875 0.1937496796875 0.410937875 0.20156274062500001 0.41875
31 0.10624967968750001 0.41406287500000005 0.10624967968750001 0.415625 0.103124840625 0.41875 0.101562740625 0.41875 0.1 0.42031287500000003 0.1 0.43125 0.098437259375 0.43281287500000004 0.098437259375 0.434375 0.09687515937499999 0.43593787500000003 0.09687515937499999 0.46093787500000005 0.101562740625 0.465625 0.128124840625 0.465625 0.1328124203125 0.46093787500000005 0.134375159375 0.46093787500000005 0.135937259375 0.459375 0.135937259375 0.42031287500000003 0.1296875796875 0.41406287500000005 0.1296875796875 0.4125 0.128124840625 0.4125 0.12343725937500001 0.407812875 0.1125 0.407812875 0.1125 0.409375 0.109375159375 0.4125 0.1078124203125 0.4125 0.10624967968750001 0.41406287500000005
27 0.4187496796875 0.5640628750000001 0.4187496796875 0.565625 0.42031242031250005 0.567187875 0.42187515937500003 0.567187875 0.425 0.570312875 0.425 0.571875 0.426562740625 0.573437875 0.42812484062499995 0.573437875 0.43437515937500004 0.5796878750000001 0.439062740625 0.5796878750000001 0.4453124203125 0.585937875 0.45 0.585937875 0.45 0.567187875 0.448437259375 0.565625 0.448437259375 0.5640628750000001 0.44687515937500005 0.5625 0.4453124203125 0.5625 0.4421875796875 0.559375 0.4421875796875 0.557812875 0.44062484062499996 0.55625 0.435937259375 0.55625 0.43437515937500004 0.554687875 0.4328124203125 0.554687875 0.4312496796875 0.553125 0.4312496796875 0.551562875 0.4296875796875 0.55 0.42812484062499995 0.55 0.425 0.546875 0.40781242031250003 0.546875 0.40781242031250003 0.55625 0.4125 0.560937875 0.41562484062499994 0.560937875 0.4187496796875 0.5640628750000001
25 0.12343725937500001 0.470312875 0.125 0.46875 0.125 0.46718787500000003 0.1125 0.46718787500000003 0.1125 0.542187875 0.121875159375 0.542187875 0.12343725937500001 0.540625 0.12343725937500001 0.470312875
26 0.439062740625 0.407812875 0.439062740625 0.409375 0.4375 0.410937875 0.435937259375 0.410937875 0.4328124203125 0.41406287500000005 0.4312496796875 0.41406287500000005 0.4312496796875 0.415625 0.4296875796875 0.41718787500000004 0.4296875796875 0.442187875 0.435937259375 0.442187875 0.4375 0.440625 0.4375 0.439062875 0.439062740625 0.4375 0.44062484062499996 0.4375 0.4421875796875 0.43593787500000003 0.4453124203125 0.43593787500000003 0.451562740625 0.42968787500000005 0.45312484062499997 0.42968787500000005 0.45937515937500006 0.423437875 0.46093725937499996 0.423437875 0.4625 0.421875 0.464062740625 0.421875 0.465624840625 0.42031287500000003 0.465624840625 0.41875 0.46875032031249997 0.415625 0.46875032031249997 0.41406287500000005 0.47031242031250003 0.4125 0.471875159375 0.4125 0.471875159375 0.40156287500000004 0.45 0.40156287500000004 0.4453124203125 0.40625 0.4421875796875 0.40625 0.44062484062499996 0.407812875 0.439062740625 0.407812875
28 0.6234372593749999 0.407812875 0.625 0.409375 0.625 0.415625 0.6265627406250001 0.41718787500000004 0.628124840625 0.41718787500000004 0.6296875796875 0.41875 0.6312496796875 0.41875 0.6328124203125001 0.42031287500000003 0.6328124203125001 0.421875 0.634375159375 0.421875 0.635937259375 0.423437875 0.6406248406249999 0.423437875 0.6437496796875 0.426562875 0.6437496796875 0.428125 0.6453124203125 0.42968787500000005 0.6468751593750001 0.42968787500000005 0.653124840625 0.43593787500000003 0.664062740625 0.43593787500000003 0.6671875796875 0.43281287500000004 0.6671875796875 0.41875 0.6656248406249999 0.41718787500000004 0.6656248406249999 0.415625 0.664062740625 0.415625 0.660937259375 0.4125 0.6578124203125 0.4125 0.651562740625 0.40625 0.6468751593750001 0.40625 0.6421875796875 0.40156287500000004 0.6203124203125 0.40156287500000004 0.6203124203125 0.40468787500000003 0.621875159375 0.40468787500000003 0.6234372593749999 0.40625 0.6234372593749999 0.407812875
11 0.5937503203125 0.553125 0.5937503203125 0.559375 0.5953124203125 0.560937875 0.6406248406249999 0.560937875 0.6421875796875 0.559375 0.6421875796875 0.557812875 0.6453124203125 0.554687875 0.6453124203125 0.49843787500000003 0.6421875796875 0.49531287500000004 0.5937503203125 0.49531287500000004 0.5937503203125 0.496875 0.5921875796875 0.49843787500000003 0.5921875796875 0.551562875 0.5937503203125 0.553125
25 0.2671875796875 0.473437875 0.2562496796875 0.473437875 0.2562496796875 0.542187875 0.264062740625 0.542187875 0.2671875796875 0.539062875 0.2671875796875 0.473437875
25 0.151562740625 0.407812875 0.146875159375 0.4125 0.1453124203125 0.4125 0.14374967968750002 0.41406287500000005 0.14374967968750002 0.415625 0.1421875796875 0.41718787500000004 0.1421875796875 0.44375 0.146875159375 0.44375 0.14843725937500002 0.442187875 0.14843725937500002 0.440625 0.151562740625 0.4375 0.153124840625 0.4375 0.1546875796875 0.43593787500000003 0.1562503203125 0.43593787500000003 0.1578124203125 0.434375 0.159375159375 0.434375 0.16406274062499998 0.42968787500000005 0.165624840625 0.42968787500000005 0.1671875796875 0.428125 0.1671875796875 0.426562875 0.1703124203125 0.423437875 0.173437259375 0.423437875 0.185937259375 0.410937875 0.185937259375 0.4 0.1625 0.4 0.1562503203125 0.40625 0.1546875796875 0.40625 0.153124840625 0.407812875 0.151562740625 0.407812875
33 0.4578124203125 0.5625 0.4562496796875 0.5640628750000001 0.4562496796875 0.603125 0.464062740625 0.6109378750000001 0.48437515937500003 0.6109378750000001 0.485937259375 0.609375 0.4875 0.609375 0.4921875796875 0.604687875 0.4921875796875 0.601562875 0.4937496796875 0.6 0.4937496796875 0.598437875 0.4953124203125 0.596875 0.4953124203125 0.584375 0.4937496796875 0.582812875 0.4937496796875 0.578125 0.4921875796875 0.576562875 0.4921875796875 0.565625 0.485937259375 0.559375 0.485937259375 0.557812875 0.48437515937500003 0.55625 0.464062740625 0.55625 0.4625 0.557812875 0.4625 0.559375 0.45937515937500006 0.5625 0.4578124203125 0.5625
26 0.40468757968749997 0.253125 0.410937259375 0.246875 0.410937259375 0.182812875 0.409375159375 0.18125 0.396875159375 0.18125 0.396875159375 0.24843787499999997 0.4 0.25156287499999996 0.4 0.253125 0.40468757968749997 0.253125
28 0.575 0.4125 0.573437259375 0.41406287500000005 0.571875159375 0.41406287500000005 0.5703124203125001 0.415625 0.5703124203125001 0.4375 0.575 0.4375 0.576562740625 0.43593787500000003 0.5828124203125 0.43593787500000003 0.589062740625 0.42968787500000005 0.590624840625 0.42968787500000005 0.5921875796875 0.428125 0.5937503203125 0.428125 0.5937503203125 0.426562875 0.5953124203125 0.425 0.596875159375 0.425 0.598437259375 0.423437875 0.601562740625 0.423437875 0.6078124203125 0.41718787500000004 0.6093751593750001 0.41718787500000004 0.610937259375 0.415625 0.610937259375 0.41406287500000005 0.614062740625 0.410937875 0.614062740625 0.403125 0.5921875796875 0.403125 0.589062740625 0.40625 0.5843751593750001 0.40625 0.5781248406249999 0.4125 0.575 0.4125
15 0.209375159375 0.560937875 0.210937259375 0.559375 0.210937259375 0.557812875 0.215624840625 0.553125 0.215624840625 0.49531287500000004 0.16406274062499998 0.49531287500000004 0.16406274062499998 0.559375 0.165624840625 0.559375 0.1671875796875 0.560937875 0.209375159375 0.560937875
28 0.6921875796875 0.542187875 0.6937496796875 0.540625 0.6953124203125001 0.540625 0.696875159375 0.539062875 0.696875159375 0.46875 0.6828124203125 0.46875 0.6828124203125 0.540625 0.6859372593749999 0.540625 0.6875 0.542187875 0.6921875796875 0.542187875
26 0.2671875796875 0.182812875 0.265624840625 0.18125 0.25781242031249996 0.18125 0.2562496796875 0.179687875 0.2546875796875 0.179687875 0.2546875796875 0.24843787499999997 0.265624840625 0.24843787499999997 0.2671875796875 0.246875 0.2671875796875 0.182812875
7 0.2562496796875 0.41406287500000005 0.28125032031249997 0.41406287500000005 0.2828124203125 0.4125 0.284375159375 0.4125 0.284375159375 0.410937875 0.285937259375 0.409375 0.285937259375 0.364062875 0.2875 0.3625 0.2875 0.35625 0.285937259375 0.354687875 0.285937259375 0.351562875 0.23593725937499999 0.351562875 0.23593725937499999 0.4125 0.2375 0.410937875 0.253124840625 0.410937875 0.2562496796875 0.41406287500000005
27 0.2828124203125 0.860937875 0.28906274062500004 0.8671878749999999 0.290624840625 0.8671878749999999 0.296875159375 0.8734378749999999 0.3 0.8734378749999999 0.301562740625 0.875 0.303124840625 0.875 0.3062496796875 0.878125 0.3062496796875 0.8796878749999999 0.310937259375 0.884375 0.3125 0.884375 0.314062740625 0.885937875 0.323437259375 0.885937875 0.325 0.884375 0.326562740625 0.884375 0.326562740625 0.86875 0.325 0.8671878749999999 0.325 0.865625 0.315624840625 0.85625 0.314062740625 0.85625 0.3125 0.854687875 0.310937259375 0.854687875 0.3078124203125 0.8515628749999999 0.3062496796875 0.8515628749999999 0.30468757968750004 0.85 0.301562740625 0.85 0.298437259375 0.846875 0.278124840625 0.846875 0.278124840625 0.859375 0.2796875796875 0.859375 0.28125032031249997 0.860937875 0.2828124203125 0.860937875
25 0.1953124203125 0.325 0.1828124203125 0.325 0.1828124203125 0.396875 0.1921875796875 0.396875 0.1953124203125 0.39375 0.1953124203125 0.325
13 0.396875159375 0.410937875 0.403124840625 0.410937875 0.40468757968749997 0.4125 0.40625032031249997 0.4125 0.409375159375 0.415625 0.423437259375 0.415625 0.4296875796875 0.409375 0.4296875796875 0.351562875 0.378124840625 0.351562875 0.378124840625 0.41406287500000005 0.3796875796875 0.415625 0.3921875796875 0.415625 0.396875159375 0.410937875
27 0.40625032031249997 0.796875 0.40781242031250003 0.795312875 0.40781242031250003 0.740625 0.4 0.740625 0.4 0.8 0.40468757968749997 0.8 0.40625032031249997 0.7984378750000001 0.40625032031249997 0.796875
33 0.389062740625 0.80625 0.3875 0.807812875 0.3875 0.828125 0.385937259375 0.829687875 0.385937259375 0.85 0.3875 0.8515628749999999 0.396875159375 0.8515628749999999 0.39843725937499996 0.85 0.41406274062500004 0.85 0.41562484062499994 0.8484378749999999 0.42187515937500003 0.8484378749999999 0.423437259375 0.846875 0.423437259375 0.8171878749999999 0.42187515937500003 0.815625 0.42187515937500003 0.814062875 0.4171875796875 0.809375 0.4171875796875 0.807812875 0.409375159375 0.8 0.39531242031249997 0.8 0.3937496796875 0.8015628749999999 0.3937496796875 0.803125 0.390624840625 0.80625 0.389062740625 0.80625
28 0.7671875796875 0.620312875 0.7656248406249999 0.61875 0.7578124203125001 0.61875 0.7578124203125001 0.685937875 0.7656248406249999 0.685937875 0.7671875796875 0.684375 0.7671875796875 0.620312875
26 0.33593725937499996 0.326562875 0.3375 0.325 0.326562740625 0.325 0.326562740625 0.398437875 0.334375159375 0.398437875 0.33593725937499996 0.396875 0.33593725937499996 0.326562875
14 0.326562740625 0.8484378749999999 0.3453124203125 0.8484378749999999 0.346875159375 0.85 0.3562496796875 0.85 0.3578124203125 0.8484378749999999 0.359375159375 0.8484378749999999 0.359375159375 0.789062875 0.3062496796875 0.789062875 0.3062496796875 0.846875 0.309375159375 0.85 0.325 0.85 0.326562740625 0.8484378749999999
15 0.7375 0.5171878750000001 0.7375 0.554687875 0.739062740625 0.55625 0.739062740625 0.557812875 0.7421875796874999 0.557812875 0.7437496796875 0.55625 0.7546875796875 0.55625 0.7578124203125001 0.559375 0.759375159375 0.559375 0.760937259375 0.560937875 0.778124840625 0.560937875 0.7796875796875 0.559375 0.7812503203125 0.559375 0.785937259375 0.554687875 0.785937259375 0.523437875 0.7875 0.521875 0.7875 0.514062875 0.789062740625 0.5125 0.789062740625 0.50625 0.7875 0.504687875 0.7875 0.5015628750000001 0.785937259375 0.5 0.785937259375 0.49843787500000003 0.7828124203125 0.49531287500000004 0.7375 0.49531287500000004 0.7375 0.496875 0.735937259375 0.49843787500000003 0.735937259375 0.515625 0.7375 0.5171878750000001
12 0.6671875796875 0.4125 0.6703124203125 0.4125 0.6718751593750001 0.41406287500000005 0.673437259375 0.4125 0.6812496796875 0.4125 0.6828124203125 0.410937875 0.6953124203125001 0.410937875 0.696875159375 0.4125 0.698437259375 0.4125 0.7 0.41406287500000005 0.7 0.415625 0.710937259375 0.415625 0.7171875796875 0.409375 0.7171875796875 0.35625 0.715624840625 0.354687875 0.715624840625 0.353125 0.714062740625 0.351562875 0.6687503203125 0.351562875 0.6687503203125 0.353125 0.6656248406249999 0.35625 0.6656248406249999 0.410937875 0.6671875796875 0.4125
14 0.526562740625 0.410937875 0.5296875796875 0.410937875 0.5312503203125 0.4125 0.534375159375 0.4125 0.535937259375 0.410937875 0.548437259375 0.410937875 0.55 0.4125 0.551562740625 0.4125 0.553124840625 0.41406287500000005 0.5546875796874999 0.41406287500000005 0.5562496796875 0.415625 0.565624840625 0.415625 0.5703124203125001 0.410937875 0.571875159375 0.410937875 0.573437259375 0.409375 0.573437259375 0.354687875 0.571875159375 0.353125 0.571875159375 0.351562875 0.5218751593750001 0.351562875 0.5218751593750001 0.40468787500000003 0.523437259375 0.40625 0.523437259375 0.407812875 0.526562740625 0.410937875
16 0.42812484062499995 0.7046878750000001 0.4296875796875 0.703125 0.4296875796875 0.645312875 0.42812484062499995 0.64375 0.42031242031250005 0.64375 0.4187496796875 0.6421878750000001 0.3812503203125 0.6421878750000001 0.3796875796875 0.64375 0.378124840625 0.64375 0.378124840625 0.7046878750000001 0.42812484062499995 0.7046878750000001
29 0.6296875796875 0.326562875 0.625 0.33125 0.625 0.35 0.6265627406250001 0.348437875 0.628124840625 0.348437875 0.6328124203125001 0.353125 0.634375159375 0.353125 0.6375 0.35625 0.6375 0.357812875 0.639062740625 0.359375 0.639062740625 0.36093787499999996 0.6406248406249999 0.36093787499999996 0.6453124203125 0.365625 0.651562740625 0.365625 0.6562503203125 0.36093787499999996 0.6578124203125 0.36093787499999996 0.664062740625 0.354687875 0.6656248406249999 0.354687875 0.6671875796875 0.353125 0.6671875796875 0.334375 0.660937259375 0.328125 0.660937259375 0.326562875 0.659375159375 0.325 0.659375159375 0.321875 0.6546875796875 0.317187875 0.6546875796875 0.315625 0.65 0.310937875 0.635937259375 0.310937875 0.6312496796875 0.315625 0.6312496796875 0.31875 0.6296875796875 0.320312875 0.6296875796875 0.326562875
33 0.3171875796875 0.6625 0.315624840625 0.664062875 0.314062740625 0.664062875 0.314062740625 0.667187875 0.3125 0.66875 0.3125 0.7046878750000001 0.315624840625 0.7046878750000001 0.3171875796875 0.70625 0.32031242031249996 0.70625 0.321875159375 0.707812875 0.3453124203125 0.707812875 0.35156274062500004 0.701562875 0.35156274062500004 0.6890628750000001 0.35 0.6875 0.35 0.685937875 0.348437259375 0.684375 0.348437259375 0.664062875 0.346875159375 0.6625 0.3453124203125 0.6625 0.3421875796875 0.659375 0.3421875796875 0.6578128750000001 0.340624840625 0.65625 0.32031242031249996 0.65625 0.3187496796875 0.6578128750000001 0.3187496796875 0.659375 0.3171875796875 0.660937875 0.3171875796875 0.6625
8 0.45468757968749995 0.557812875 0.4562496796875 0.557812875 0.4578124203125 0.559375 0.45937515937500006 0.559375 0.46093725937499996 0.557812875 0.4625 0.557812875 0.464062740625 0.55625 0.46875032031249997 0.55625 0.47031242031250003 0.554687875 0.47812484062499994 0.554687875 0.4796875796875 0.55625 0.48281242031250005 0.55625 0.485937259375 0.559375 0.49687515937500004 0.559375 0.498437259375 0.557812875 0.498437259375 0.55625 0.5015627406250001 0.553125 0.5015627406250001 0.5 0.5 0.5 0.498437259375 0.49843787500000003 0.498437259375 0.496875 0.45 0.496875 0.45 0.554687875 0.451562740625 0.55625 0.45312484062499997 0.55625 0.45468757968749995 0.557812875
8 0.615624840625 0.265625 0.6171875796874999 0.26718787499999996 0.6296875796875 0.26718787499999996 0.6312496796875 0.26875 0.6375 0.26875 0.639062740625 0.26718787499999996 0.6406248406249999 0.26718787499999996 0.6453124203125 0.2625 0.6453124203125 0.2125 0.6437496796875 0.210937875 0.6437496796875 0.209375 0.6421875796875 0.20781287499999998 0.5921875796875 0.20781287499999998 0.5921875796875 0.265625 0.5937503203125 0.26718787499999996 0.614062740625 0.26718787499999996 0.615624840625 0.265625
27 0.4833546734375 0.6347305390625 0.48591549218749996 0.6160179640625 0.4673495515625 0.6152694609375 0.46862996093750003 0.6841317359375 0.47759282968749994 0.6901197609375 0.483994878125 0.681886228125 0.4833546734375 0.6347305390625
27 0.261843790625 0.7410179640625 0.25352112656250003 0.7470059874999999 0.25352112656250003 0.7971556890625 0.26888604374999997 0.8001497000000001 0.26888604374999997 0.7470059874999999 0.261843790625 0.7410179640625
27 0.617157490625 0.3989520953125 0.6209987203125 0.3989520953125 0.6267605640625 0.393712575 0.6280409734375 0.357035928125 0.6222791296875 0.3495508984375 0.6280409734375 0.3278443109375 0.6229193343749999 0.324101796875 0.6120358515625 0.3248503 0.60947503125 0.3278443109375 0.6139564656250001 0.3465568859375 0.6113956468749999 0.393712575 0.617157490625 0.3989520953125
9 0.47375160000000005 0.26347305312499997 0.4878361078125 0.2717065875 0.5019206140625 0.268712575 0.5044814343749999 0.229041915625 0.5038412296875 0.214820359375 0.5006402046875 0.2088323359375 0.45966709375 0.2065868265625 0.4513444296875 0.20958083906249997 0.449423815625 0.214820359375 0.4487836109375 0.2619760484375 0.45262484062499997 0.26946107812500003 0.4628681171875 0.270958084375 0.47375160000000005 0.26347305312499997
7 0.68822023125 0.699101796875 0.6927016640625 0.699101796875 0.7023047375 0.7065868265625 0.7106274 0.7065868265625 0.7176696546875 0.7020958078125 0.71959026875 0.6714071859375 0.7183098593749999 0.6467065875 0.7157490390625 0.643712575 0.6702944937499999 0.64221556875 0.6638924453125 0.6482035921875 0.663252240625 0.693113771875 0.666453265625 0.7050898203125 0.674775928125 0.7080838328125 0.68822023125 0.699101796875
20 0.5625 0.073437875 0.5640627406250001 0.075 0.565624840625 0.073437875 0.5671875796875 0.073437875 0.5687503203125 0.071875 0.5687503203125 0.001562875 0.5125 0.001562875 0.5125 0.075 0.5453124203125 0.075 0.5468751593750001 0.073437875 0.5625 0.073437875
18 0.084375159375 0.5796878750000001 0.084375159375 0.654687875 0.135937259375 0.654687875 0.135937259375 0.5796878750000001 0.084375159375 0.5796878750000001
22 0.9234372593750001 0.514062875 0.925 0.5125 0.9265627406249999 0.5125 0.928124840625 0.510937875 0.928124840625 0.43125 0.8718751593749999 0.43125 0.8718751593749999 0.5125 0.875 0.5125 0.876562740625 0.514062875 0.9234372593750001 0.514062875
18 0.28125032031249997 0.001562875 0.228124840625 0.001562875 0.228124840625 0.07968787499999999 0.2796875796875 0.07968787499999999 0.28125032031249997 0.078125 0.28125032031249997 0.001562875
19 0.5671875796875 0.870312875 0.514062740625 0.870312875 0.514062740625 0.946875 0.565624840625 0.946875 0.5671875796875 0.9453128749999999 0.5671875796875 0.870312875
21 0.0828124203125 0.285937875 0.0828124203125 0.370312875 0.1375 0.370312875 0.1375 0.285937875 0.0828124203125 0.285937875
18 0.726562740625 0.135937875 0.726562740625 0.225 0.785937259375 0.225 0.785937259375 0.135937875 0.726562740625 0.135937875
23 0.784375159375 0.723437875 0.7312503203125 0.723437875 0.7312503203125 0.803125 0.7812503203125 0.803125 0.784375159375 0.8 0.784375159375 0.723437875