36 0.621323684375 0.1470587796875 0.6139703953125 0.1544114578125 0.6084559203125 0.1544114578125 0.6066177625 0.15625 0.6047796046875 0.15625 0.5992644734375 0.16176488125 0.5955881578125 0.16176488125 0.59375 0.163602678125 0.5919118421875 0.163602678125 0.5863973687499999 0.169117559375 0.5827203953125 0.169117559375 0.5808822375 0.17095610156250002 0.5808822375 0.17279389843749998 0.5772059203125 0.1764702375 0.5753677625 0.1764702375 0.5735296046875 0.1783087796875 0.5735296046875 0.180147321875 0.571691446875 0.18198511875 0.571691446875 0.20955877968749997 0.5698532890625 0.211397321875 0.5698532890625 0.21323511874999998 0.5680144734375 0.2150736609375 0.5680144734375 0.26654389843750004 0.571691446875 0.2702202375 0.5735296046875 0.2702202375 0.5753677625 0.2720587796875 0.5772059203125 0.2720587796875 0.5808822375 0.27573511875 0.5827203953125 0.27573511875 0.584558553125 0.2775736609375 0.590073684375 0.2775736609375 0.597426315625 0.2849263390625 0.602941446875 0.2849263390625 0.6047796046875 0.28676488125 0.6066177625 0.28676488125 0.6121322375 0.2922797625 0.6139703953125 0.2922797625 0.6176473687499999 0.29595610156249996 0.6176473687499999 0.29779389843750004 0.6194855265625 0.29779389843750004 0.621323684375 0.299632440625 0.628676315625 0.299632440625 0.6323532890625 0.3033087796875 0.6323532890625 0.305147321875 0.634191446875 0.305147321875 0.6360296046875 0.30698511875 0.6397059203125 0.30698511875 0.6415440796875 0.305147321875 0.6433822375 0.305147321875 0.6488973687499999 0.299632440625 0.6544118421875 0.299632440625 0.65625 0.29779389843750004 0.6580881578125 0.29779389843750004 0.6636032890625 0.2922797625 0.665441446875 0.2922797625 0.6709559203125 0.28676488125 0.6727940796875 0.28676488125 0.6746322375 0.2849263390625 0.6801467109375 0.2849263390625 0.6875 0.2775736609375 0.6930144734375 0.2775736609375 0.7003677625 0.2702202375 0.7022059203125 0.2702202375 0.7040440796875 0.268382440625 0.7040440796875 0.26654389843750004 0.7058822375 0.26470610156249996 0.7058822375 0.1966912203125 0.7077203953125 0.194852678125 0.7077203953125 0.180147321875 0.7040440796875 0.1764702375 0.7022059203125 0.1764702375 0.6948532890625 0.169117559375 0.6930144734375 0.169117559375 0.691176315625 0.1672797625 0.6893381578125 0.1672797625 0.6856618421875 0.163602678125 0.683823684375 0.163602678125 0.6819855265625 0.16176488125 0.678308553125 0.16176488125 0.6727940796875 0.15625 0.6709559203125 0.15625 0.6691177625 0.1544114578125 0.665441446875 0.1544114578125 0.6636032890625 0.1525736609375 0.6617644734375 0.1525736609375 0.659926315625 0.15073511875 0.659926315625 0.148897321875 0.6580881578125 0.148897321875 0.65625 0.1470587796875 0.6544118421875 0.1470587796875 0.6488973687499999 0.14154389843749998 0.647058553125 0.14154389843749998 0.6452203953125 0.13970610156250002 0.6323532890625 0.13970610156250002 0.6305144734375 0.14154389843749998 0.628676315625 0.14154389843749998 0.6231618421875 0.1470587796875 0.621323684375 0.1470587796875
17 0.3933822375 0.580882440625 0.3915440796875 0.580882440625 0.384191446875 0.58823511875 0.37867631562500004 0.58823511875 0.37132368437499996 0.5955885421875 0.3694855265625 0.5955885421875 0.36764736875000004 0.5974263390625 0.365808553125 0.5974263390625 0.3621322375 0.601102678125 0.3602940796875 0.601102678125 0.3584559203125 0.6029412203125 0.3566177625 0.6029412203125 0.3566177625 0.625 0.3584559203125 0.6268385421875 0.3584559203125 0.6470587796875 0.3566177625 0.648897321875 0.3566177625 0.6672797625 0.3602940796875 0.6709561015625 0.3602940796875 0.6727938984375 0.3621322375 0.674632440625 0.36397039531250003 0.674632440625 0.36764736875000004 0.6783087796875 0.36764736875000004 0.7077202375 0.3694855265625 0.7095587796875 0.3694855265625 0.711397321875 0.3768381578125 0.71875 0.384191446875 0.71875 0.3915440796875 0.726102678125 0.397058553125 0.726102678125 0.39889736875000004 0.7279412203125 0.4007355265625 0.7279412203125 0.40625 0.7334561015625 0.4080881578125 0.7334561015625 0.4117644734375 0.737132440625 0.4117644734375 0.7389702375 0.4227940796875 0.7389702375 0.42830855312500005 0.7334561015625 0.43014736875 0.7334561015625 0.43382368437499996 0.7297797625 0.43382368437499996 0.7279412203125 0.4356618421875 0.726102678125 0.44117631562500004 0.726102678125 0.4430144734375 0.72426488125 0.44485263125 0.72426488125 0.4503677625 0.71875 0.4540440796875 0.71875 0.45955855312500005 0.71323511875 0.46139736875 0.71323511875 0.4632355265625 0.711397321875 0.46875 0.711397321875 0.47242631562500004 0.7077202375 0.4742644734375 0.7077202375 0.47794144687499995 0.7040438984375 0.4816177625 0.7040438984375 0.4834559203125 0.7022061015625 0.4834559203125 0.6985297625 0.4852940796875 0.6966912203125 0.4852940796875 0.6893385421875 0.4871322375 0.6875 0.4871322375 0.6838236609375 0.4852940796875 0.68198511875 0.4852940796875 0.632352678125 0.4871322375 0.63051488125 0.4871322375 0.6268385421875 0.4852940796875 0.6268385421875 0.4834559203125 0.625 0.4816177625 0.625 0.4742644734375 0.617647321875 0.47242631562500004 0.617647321875 0.46875 0.6139702375 0.46875 0.59926488125 0.4669118421875 0.5974263390625 0.4669118421875 0.5955885421875 0.45955855312500005 0.58823511875 0.4558822375 0.58823511875 0.4540440796875 0.586397321875 0.4522059203125 0.586397321875 0.44852960468749997 0.5827202375 0.44669144687499995 0.5827202375 0.44485263125 0.580882440625 0.4430144734375 0.580882440625 0.43014736875 0.56801488125 0.40625 0.56801488125 0.40625 0.569852678125 0.40257368437499996 0.5735297625 0.4007355265625 0.5735297625 0.3933822375 0.580882440625
31 0.47242631562500004 0.580882440625 0.4705881578125 0.5827202375 0.4705881578125 0.6139702375 0.47242631562500004 0.6158087796875 0.4742644734375 0.6158087796875 0.47794144687499995 0.61948511875 0.47794144687499995 0.6213236609375 0.5055144734375 0.6213236609375 0.5055144734375 0.61948511875 0.509191446875 0.6158087796875 0.5110296046875 0.6158087796875 0.5128677625 0.6139702375 0.5128677625 0.5827202375 0.5055144734375 0.575367559375 0.5055144734375 0.56801488125 0.4742644734375 0.56801488125 0.47610263125 0.569852678125 0.47610263125 0.575367559375 0.47242631562500004 0.5790438984375 0.47242631562500004 0.580882440625
17 0.46507368437499996 0.1525736609375 0.4632355265625 0.1544114578125 0.45772039531250003 0.1544114578125 0.4558822375 0.15625 0.4558822375 0.1580885421875 0.4522059203125 0.16176488125 0.4503677625 0.16176488125 0.44117631562500004 0.17095610156250002 0.44117631562500004 0.18198511875 0.4393381578125 0.1838236609375 0.4393381578125 0.1856614578125 0.4356618421875 0.1893385421875 0.43382368437499996 0.1893385421875 0.4319855265625 0.1911763390625 0.42830855312500005 0.1911763390625 0.42830855312500005 0.2702202375 0.43014736875 0.2720587796875 0.4319855265625 0.2720587796875 0.4375 0.2775736609375 0.44485263125 0.2775736609375 0.44852960468749997 0.28125 0.44852960468749997 0.2830885421875 0.4503677625 0.2849263390625 0.45955855312500005 0.2849263390625 0.4632355265625 0.288602678125 0.46875 0.288602678125 0.47242631562500004 0.2849263390625 0.47610263125 0.2849263390625 0.47794144687499995 0.2830885421875 0.47977960468749997 0.2830885421875 0.4834559203125 0.2794114578125 0.4852940796875 0.2794114578125 0.4871322375 0.2775736609375 0.49632368437499996 0.2775736609375 0.5018381578125 0.2830885421875 0.503676315625 0.2830885421875 0.5055144734375 0.2849263390625 0.5202203953125 0.2849263390625 0.522058553125 0.2830885421875 0.5238973687499999 0.2830885421875 0.527573684375 0.2794114578125 0.5294118421875 0.2794114578125 0.53125 0.2775736609375 0.5367644734375 0.2775736609375 0.5386026312500001 0.27573511875 0.540441446875 0.27573511875 0.5459559203125 0.2702202375 0.5477940796875 0.2702202375 0.5496322375 0.268382440625 0.5514703953125 0.268382440625 0.558823684375 0.2610297625 0.558823684375 0.25551488125 0.5606618421875 0.2536763390625 0.5606618421875 0.194852678125 0.558823684375 0.19301488125 0.558823684375 0.180147321875 0.5477940796875 0.169117559375 0.5459559203125 0.169117559375 0.5441177625 0.1672797625 0.5422796046875 0.1672797625 0.5386026312500001 0.163602678125 0.5367644734375 0.163602678125 0.534926315625 0.16176488125 0.53125 0.16176488125 0.5238973687499999 0.1544114578125 0.5202203953125 0.1544114578125 0.5183822375 0.1525736609375 0.5165440796875 0.1525736609375 0.5110296046875 0.1470587796875 0.509191446875 0.1470587796875 0.5018381578125 0.13970610156250002 0.4816177625 0.13970610156250002 0.4742644734375 0.1470587796875 0.47242631562500004 0.1470587796875 0.4669118421875 0.1525736609375 0.46507368437499996 0.1525736609375
17 0.24448552656250003 0.580882440625 0.2371322375 0.58823511875 0.2334559203125 0.58823511875 0.2316177625 0.5900736609375 0.22977960468749997 0.5900736609375 0.22426447343749997 0.5955885421875 0.222426315625 0.5955885421875 0.215073684375 0.6029412203125 0.21323552656250003 0.6029412203125 0.21139736875 0.6047797625 0.209558553125 0.6047797625 0.20772039531250003 0.606617559375 0.20772039531250003 0.6084561015625 0.2058822375 0.6102938984375 0.2058822375 0.612132440625 0.2040440796875 0.6139702375 0.2040440796875 0.6966912203125 0.2058822375 0.6985297625 0.2058822375 0.700367559375 0.209558553125 0.7040438984375 0.21323552656250003 0.7040438984375 0.215073684375 0.705882440625 0.21691184218749998 0.705882440625 0.222426315625 0.711397321875 0.22426447343749997 0.711397321875 0.22977960468749997 0.7169114578125 0.2316177625 0.7169114578125 0.2334559203125 0.71875 0.2371322375 0.71875 0.24448552656250003 0.726102678125 0.24816184218749998 0.726102678125 0.25 0.7279412203125 0.2518381578125 0.7279412203125 0.25735263124999996 0.7334561015625 0.26102960468749997 0.7334561015625 0.2647059203125 0.737132440625 0.2647059203125 0.7389702375 0.2665440796875 0.7408087796875 0.2757355265625 0.7408087796875 0.27757368437499996 0.7389702375 0.27757368437499996 0.737132440625 0.28125 0.7334561015625 0.2830881578125 0.7334561015625 0.290441446875 0.726102678125 0.2977940796875 0.726102678125 0.2996322375 0.72426488125 0.30147039531250003 0.72426488125 0.30514736875000004 0.7205885421875 0.3069855265625 0.7205885421875 0.30882368437499996 0.71875 0.3125 0.71875 0.3143381578125 0.7169114578125 0.3143381578125 0.7150736609375 0.3180144734375 0.711397321875 0.31985263124999996 0.711397321875 0.321691446875 0.7095587796875 0.321691446875 0.68198511875 0.32352960468749997 0.680147321875 0.32352960468749997 0.6783087796875 0.3290440796875 0.6727938984375 0.3290440796875 0.6709561015625 0.33272039531250003 0.6672797625 0.334558553125 0.6672797625 0.33639736875000004 0.6654412203125 0.33639736875000004 0.6102938984375 0.3290440796875 0.6029412203125 0.3272059203125 0.6029412203125 0.31985263124999996 0.5955885421875 0.3180144734375 0.5955885421875 0.31617631562500004 0.59375 0.3143381578125 0.59375 0.30882368437499996 0.58823511875 0.3069855265625 0.58823511875 0.30514736875000004 0.586397321875 0.303308553125 0.586397321875 0.30147039531250003 0.5845587796875 0.30147039531250003 0.5772061015625 0.2518381578125 0.5772061015625 0.25 0.5790438984375 0.24816184218749998 0.5790438984375 0.246323684375 0.580882440625 0.24448552656250003 0.580882440625
37 0.4834559203125 0.711397321875 0.4816177625 0.71323511875 0.47977960468749997 0.71323511875 0.47242631562500004 0.7205885421875 0.4705881578125 0.7205885421875 0.4669118421875 0.72426488125 0.46507368437499996 0.72426488125 0.46139736875 0.7279412203125 0.45772039531250003 0.7279412203125 0.4558822375 0.7297797625 0.4558822375 0.731617559375 0.4522059203125 0.7352938984375 0.44852960468749997 0.7352938984375 0.4430144734375 0.7408087796875 0.44117631562500004 0.7408087796875 0.4393381578125 0.742647321875 0.4356618421875 0.742647321875 0.43382368437499996 0.74448511875 0.43382368437499996 0.7463236609375 0.43014736875 0.75 0.42830855312500005 0.75 0.4246322375 0.7536763390625 0.4246322375 0.84375 0.42647039531250003 0.84375 0.42830855312500005 0.8455885421874999 0.43014736875 0.8455885421874999 0.4356618421875 0.851102678125 0.4375 0.851102678125 0.44485263125 0.8584561015625001 0.4503677625 0.8584561015625001 0.45772039531250003 0.8658087796875 0.45955855312500005 0.8658087796875 0.4669118421875 0.8731614578125001 0.4742644734375 0.8731614578125001 0.47794144687499995 0.8768385421874999 0.47794144687499995 0.8786763390625 0.47977960468749997 0.8805148812500001 0.48897039531250003 0.8805148812500001 0.49080855312500005 0.882352678125 0.49632368437499996 0.882352678125 0.4981618421875 0.8805148812500001 0.503676315625 0.8805148812500001 0.5055144734375 0.8786763390625 0.5055144734375 0.8768385421874999 0.509191446875 0.8731614578125001 0.5147059203125 0.8731614578125001 0.5165440796875 0.8713236609375 0.5183822375 0.8713236609375 0.5238973687499999 0.8658087796875 0.5257355265625 0.8658087796875 0.527573684375 0.8639709828125 0.527573684375 0.862132440625 0.5294118421875 0.8602938984374999 0.53125 0.8602938984374999 0.5330881578125 0.8584561015625001 0.540441446875 0.8584561015625001 0.5422796046875 0.856617559375 0.5422796046875 0.8547790171875 0.5459559203125 0.851102678125 0.5496322375 0.851102678125 0.5625 0.8382351187499999 0.5625 0.7720587796875 0.5606618421875 0.7720587796875 0.553308553125 0.7647061015625 0.5514703953125 0.7647061015625 0.5441177625 0.757352678125 0.5441177625 0.75551488125 0.5422796046875 0.7536763390625 0.5422796046875 0.7408087796875 0.540441446875 0.7389702375 0.540441446875 0.737132440625 0.5386026312500001 0.7352938984375 0.5367644734375 0.7352938984375 0.53125 0.7297797625 0.5294118421875 0.7297797625 0.527573684375 0.7279412203125 0.5238973687499999 0.7279412203125 0.5183822375 0.7224263390625 0.5165440796875 0.7224263390625 0.5147059203125 0.7205885421875 0.5128677625 0.7205885421875 0.5110296046875 0.71875 0.509191446875 0.71875 0.5073526312500001 0.7169114578125 0.5073526312500001 0.7150736609375 0.5055144734375 0.71323511875 0.503676315625 0.71323511875 0.5018381578125 0.711397321875 0.5 0.711397321875 0.4981618421875 0.7095587796875 0.4981618421875 0.7077202375 0.49080855312500005 0.7077202375 0.48897039531250003 0.7095587796875 0.4871322375 0.7095587796875 0.4852940796875 0.711397321875 0.4834559203125 0.711397321875
34 0.4742644734375 0.288602678125 0.47242631562500004 0.288602678125 0.47242631562500004 0.2904412203125 0.4705881578125 0.2922797625 0.4705881578125 0.32720610156249996 0.47242631562500004 0.32904389843750004 0.4742644734375 0.32904389843750004 0.47794144687499995 0.3327202375 0.5055144734375 0.3327202375 0.509191446875 0.32904389843750004 0.5110296046875 0.32904389843750004 0.5128677625 0.32720610156249996 0.5128677625 0.29595610156249996 0.503676315625 0.28676488125 0.5018381578125 0.28676488125 0.4981618421875 0.2830885421875 0.4981618421875 0.28125 0.49632368437499996 0.2794114578125 0.4852940796875 0.2794114578125 0.4852940796875 0.28125 0.47977960468749997 0.28676488125 0.47610263125 0.28676488125 0.4742644734375 0.288602678125
37 0.7003677625 0.5735297625 0.6985296046875 0.575367559375 0.6985296046875 0.5772061015625 0.696691446875 0.5790438984375 0.6948532890625 0.5790438984375 0.6930144734375 0.580882440625 0.6856618421875 0.580882440625 0.683823684375 0.5827202375 0.683823684375 0.5845587796875 0.6801467109375 0.58823511875 0.6764703953125 0.58823511875 0.6746322375 0.5900736609375 0.6727940796875 0.5900736609375 0.665441446875 0.5974263390625 0.6636032890625 0.5974263390625 0.6636032890625 0.59926488125 0.6617644734375 0.601102678125 0.6617644734375 0.6139702375 0.6580881578125 0.617647321875 0.65625 0.617647321875 0.6488973687499999 0.625 0.6433822375 0.625 0.6397059203125 0.6286763390625 0.6397059203125 0.700367559375 0.6415440796875 0.7022061015625 0.6415440796875 0.7040438984375 0.6433822375 0.7040438984375 0.6452203953125 0.705882440625 0.6488973687499999 0.705882440625 0.6544118421875 0.711397321875 0.6636032890625 0.711397321875 0.665441446875 0.71323511875 0.6672796046875 0.71323511875 0.6691177625 0.7150736609375 0.6691177625 0.7169114578125 0.6709559203125 0.71875 0.6746322375 0.71875 0.6764703953125 0.7205885421875 0.678308553125 0.7205885421875 0.6819855265625 0.72426488125 0.683823684375 0.72426488125 0.6856618421875 0.726102678125 0.6875 0.726102678125 0.6893381578125 0.7279412203125 0.691176315625 0.7279412203125 0.6930144734375 0.7297797625 0.6930144734375 0.731617559375 0.6948532890625 0.731617559375 0.696691446875 0.7334561015625 0.7003677625 0.7334561015625 0.7077203953125 0.7408087796875 0.7169118421875 0.7408087796875 0.7242644734375 0.7334561015625 0.7261032890625 0.7334561015625 0.727941446875 0.731617559375 0.7297796046875 0.731617559375 0.7334559203125 0.7279412203125 0.7352940796875 0.7279412203125 0.7371322375 0.726102678125 0.7389703953125 0.726102678125 0.740808553125 0.72426488125 0.7426467109375 0.72426488125 0.746323684375 0.7205885421875 0.7481618421875 0.7205885421875 0.75 0.71875 0.753676315625 0.71875 0.7555144734375 0.7169114578125 0.7555144734375 0.7150736609375 0.759191446875 0.711397321875 0.7665440796875 0.711397321875 0.7738967109375 0.7040438984375 0.7757355265625 0.7040438984375 0.777573684375 0.7022061015625 0.777573684375 0.69301488125 0.7794118421875 0.6911763390625 0.7794118421875 0.612132440625 0.7757355265625 0.6084561015625 0.7757355265625 0.606617559375 0.7738967109375 0.6047797625 0.772058553125 0.6047797625 0.7702203953125 0.6029412203125 0.7683822375 0.6029412203125 0.7610296046875 0.5955885421875 0.7573532890625 0.5955885421875 0.7518381578125 0.5900736609375 0.75 0.5900736609375 0.7481618421875 0.58823511875 0.7444855265625 0.58823511875 0.7389703953125 0.5827202375 0.7297796046875 0.5827202375 0.727941446875 0.580882440625 0.727941446875 0.5790438984375 0.7261032890625 0.5772061015625 0.7261032890625 0.5735297625 0.7242644734375 0.5716912203125 0.7242644734375 0.569852678125 0.715073684375 0.569852678125 0.7132355265625 0.5716912203125 0.7113967109375 0.5716912203125 0.709558553125 0.5735297625 0.7003677625 0.5735297625
28 0.6875 0.5588236609375 0.6801467109375 0.5661763390625 0.6746322375 0.5661763390625 0.6727940796875 0.56801488125 0.6709559203125 0.56801488125 0.665441446875 0.5735297625 0.6636032890625 0.5735297625 0.6617644734375 0.575367559375 0.659926315625 0.575367559375 0.659926315625 0.5974263390625 0.6617644734375 0.5974263390625 0.665441446875 0.59375 0.6727940796875 0.59375 0.678308553125 0.58823511875 0.6801467109375 0.58823511875 0.6819855265625 0.586397321875 0.6875 0.586397321875 0.6893381578125 0.5845587796875 0.6893381578125 0.5827202375 0.6930144734375 0.5790438984375 0.696691446875 0.5790438984375 0.6985296046875 0.5772061015625 0.7003677625 0.5772061015625 0.7040440796875 0.5735297625 0.7058822375 0.5735297625 0.7077203953125 0.5716912203125 0.709558553125 0.5716912203125 0.709558553125 0.555147321875 0.696691446875 0.555147321875 0.6948532890625 0.55698511875 0.6930144734375 0.55698511875 0.691176315625 0.5588236609375 0.6875 0.5588236609375
36 0.6194855265625 0.7205885421875 0.6139703953125 0.726102678125 0.6121322375 0.726102678125 0.6102940796875 0.7279412203125 0.6047796046875 0.7279412203125 0.602941446875 0.7297797625 0.602941446875 0.731617559375 0.5992644734375 0.7352938984375 0.597426315625 0.7352938984375 0.5882355265625 0.74448511875 0.5882355265625 0.75551488125 0.5863973687499999 0.757352678125 0.5863973687499999 0.7591912203125 0.5808822375 0.7647061015625 0.5772059203125 0.7647061015625 0.5698532890625 0.7720587796875 0.5698532890625 0.8400736609375 0.5735296046875 0.84375 0.5772059203125 0.84375 0.5808822375 0.8474263390625 0.5808822375 0.8492648812500001 0.5827203953125 0.851102678125 0.5882355265625 0.851102678125 0.590073684375 0.8529412203125 0.5919118421875 0.8529412203125 0.597426315625 0.8584561015625001 0.5992644734375 0.8584561015625001 0.6047796046875 0.8639709828125 0.6066177625 0.8639709828125 0.6139703953125 0.8713236609375 0.615808553125 0.8713236609375 0.6176473687499999 0.8731614578125001 0.621323684375 0.8731614578125001 0.628676315625 0.8805148812500001 0.647058553125 0.8805148812500001 0.6488973687499999 0.8786763390625 0.6507355265625 0.8786763390625 0.65625 0.8731614578125001 0.6580881578125 0.8731614578125001 0.6709559203125 0.8602938984374999 0.6727940796875 0.8602938984374999 0.6746322375 0.8584561015625001 0.6801467109375 0.8584561015625001 0.6856618421875 0.8529412203125 0.6875 0.8529412203125 0.6893381578125 0.851102678125 0.6930144734375 0.851102678125 0.7003677625 0.84375 0.7022059203125 0.84375 0.7040440796875 0.8419114578125001 0.7040440796875 0.8400736609375 0.7058822375 0.8382351187499999 0.7058822375 0.762867559375 0.7077203953125 0.7610297625 0.7058822375 0.7591912203125 0.7058822375 0.75551488125 0.7040440796875 0.7536763390625 0.7040440796875 0.7518385421875 0.7022059203125 0.75 0.7003677625 0.75 0.6930144734375 0.742647321875 0.6875 0.742647321875 0.6856618421875 0.7408087796875 0.683823684375 0.7408087796875 0.6819855265625 0.7389702375 0.6819855265625 0.737132440625 0.6801467109375 0.737132440625 0.678308553125 0.7352938984375 0.6764703953125 0.7352938984375 0.6709559203125 0.7297797625 0.6691177625 0.7297797625 0.6672796046875 0.7279412203125 0.6636032890625 0.7279412203125 0.6617644734375 0.726102678125 0.659926315625 0.726102678125 0.6544118421875 0.7205885421875 0.6544118421875 0.71875 0.652573684375 0.7169114578125 0.652573684375 0.7150736609375 0.6305144734375 0.7150736609375 0.6268381578125 0.71875 0.625 0.71875 0.6231618421875 0.7205885421875 0.6194855265625 0.7205885421875
37 0.753676315625 0.4411763390625 0.7481618421875 0.4466912203125 0.746323684375 0.4466912203125 0.7444855265625 0.44852976250000004 0.7426467109375 0.44852976250000004 0.7371322375 0.45404389843750004 0.7352940796875 0.45404389843750004 0.7334559203125 0.45588244062500005 0.7297796046875 0.45588244062500005 0.727941446875 0.45772023749999996 0.727941446875 0.4595587796875 0.7242644734375 0.46323511875 0.722426315625 0.46323511875 0.7205881578125 0.4650736609375 0.7205881578125 0.4669114578125 0.71875 0.46875 0.71875 0.4724263390625 0.7169118421875 0.47426488125 0.7169118421875 0.48713244062500005 0.71875 0.48897023749999996 0.71875 0.5036763390625 0.7169118421875 0.50551488125 0.7169118421875 0.55698511875 0.7205881578125 0.5606614578125 0.7205881578125 0.5625 0.722426315625 0.5625 0.7242644734375 0.5643385421875 0.7316177625 0.5643385421875 0.7389703953125 0.5716912203125 0.7444855265625 0.5716912203125 0.7518381578125 0.5790438984375 0.753676315625 0.5790438984375 0.759191446875 0.5845587796875 0.7610296046875 0.5845587796875 0.7628677625 0.586397321875 0.7683822375 0.586397321875 0.772058553125 0.5900736609375 0.772058553125 0.5919114578125 0.7738967109375 0.59375 0.7977940796875 0.59375 0.7996322375 0.5919114578125 0.7996322375 0.5900736609375 0.803308553125 0.586397321875 0.8069855265625 0.586397321875 0.8106618421875 0.5827202375 0.8125 0.5827202375 0.816176315625 0.5790438984375 0.8198532890625 0.5790438984375 0.8272059203125 0.5716912203125 0.8327203953125 0.5716912203125 0.840073684375 0.5643385421875 0.8419118421875 0.5643385421875 0.852941446875 0.5533087796875 0.852941446875 0.5514702375 0.8547796046875 0.549632440625 0.8547796046875 0.4705885421875 0.852941446875 0.46875 0.852941446875 0.4669114578125 0.8419118421875 0.45588244062500005 0.8363973687499999 0.45588244062500005 0.834558553125 0.45404389843750004 0.8327203953125 0.45404389843750004 0.8272059203125 0.44852976250000004 0.8235296046875 0.44852976250000004 0.821691446875 0.4466912203125 0.8198532890625 0.4466912203125 0.8180144734375 0.444852678125 0.8143381578125 0.444852678125 0.8125 0.44301488125 0.8106618421875 0.44301488125 0.808823684375 0.444852678125 0.8014703953125 0.444852678125 0.7996322375 0.44301488125 0.7977940796875 0.44301488125 0.7941177625 0.4393385421875 0.7922796046875 0.4393385421875 0.790441446875 0.4375 0.78125 0.4375 0.7794118421875 0.4393385421875 0.7757355265625 0.4393385421875 0.772058553125 0.4356614578125 0.7647059203125 0.4356614578125 0.7628677625 0.4375 0.7610296046875 0.4375 0.7573532890625 0.4411763390625 0.753676315625 0.4411763390625
34 0.6194855265625 0.5790438984375 0.6176473687499999 0.580882440625 0.6176473687499999 0.6139702375 0.6194855265625 0.6158087796875 0.621323684375 0.6158087796875 0.625 0.61948511875 0.625 0.6213236609375 0.652573684375 0.6213236609375 0.652573684375 0.61948511875 0.65625 0.6158087796875 0.6580881578125 0.6158087796875 0.659926315625 0.6139702375 0.659926315625 0.5827202375 0.6452203953125 0.56801488125 0.6452203953125 0.5661763390625 0.6323532890625 0.5661763390625 0.625 0.5735297625 0.6231618421875 0.5735297625 0.6194855265625 0.5772061015625 0.6194855265625 0.5790438984375
0 0.25 0.2922797625 0.24816184218749998 0.294117559375 0.246323684375 0.294117559375 0.23897039531250003 0.3014702375 0.2352940796875 0.3014702375 0.2334559203125 0.3033087796875 0.2316177625 0.3033087796875 0.22610263125 0.3088236609375 0.222426315625 0.3088236609375 0.215073684375 0.3161763390625 0.21323552656250003 0.3161763390625 0.21139736875 0.31801488125 0.209558553125 0.31801488125 0.20772039531250003 0.319852678125 0.20772039531250003 0.3216912203125 0.2058822375 0.3235297625 0.2058822375 0.4080885421875 0.20772039531250003 0.4099263390625 0.21139736875 0.4099263390625 0.21323552656250003 0.41176488125 0.215073684375 0.41176488125 0.21875 0.4154412203125 0.22058815781250002 0.4154412203125 0.222426315625 0.41727976250000004 0.22610263125 0.41727976250000004 0.2316177625 0.42279389843750004 0.2352940796875 0.42279389843750004 0.2371322375 0.42463244062500005 0.23897039531250003 0.42463244062500005 0.24448552656250003 0.430147321875 0.246323684375 0.430147321875 0.24816184218749998 0.43198511875 0.2518381578125 0.43198511875 0.25367631562500004 0.4338236609375 0.2555144734375 0.4338236609375 0.25735263124999996 0.4356614578125 0.25735263124999996 0.4375 0.259191446875 0.4375 0.2665440796875 0.444852678125 0.2794118421875 0.444852678125 0.28492631562500004 0.4393385421875 0.2867644734375 0.4393385421875 0.28860263124999996 0.4375 0.290441446875 0.4375 0.2941177625 0.4338236609375 0.2959559203125 0.4338236609375 0.2977940796875 0.43198511875 0.30514736875000004 0.43198511875 0.3069855265625 0.430147321875 0.30882368437499996 0.430147321875 0.3125 0.42647023749999996 0.3143381578125 0.42647023749999996 0.31617631562500004 0.42463244062500005 0.31985263124999996 0.42463244062500005 0.3253677625 0.41911755937499995 0.3272059203125 0.41911755937499995 0.3290440796875 0.41727976250000004 0.334558553125 0.41727976250000004 0.33639736875000004 0.4154412203125 0.33639736875000004 0.4099263390625 0.3382355265625 0.4080885421875 0.3382355265625 0.4025736609375 0.34007368437499996 0.40073511875 0.34007368437499996 0.34926488125 0.3382355265625 0.3474263390625 0.3382355265625 0.3419114578125 0.334558553125 0.33823511875 0.33272039531250003 0.33823511875 0.321691446875 0.32720610156249996 0.321691446875 0.3143385421875 0.31985263124999996 0.3125 0.31985263124999996 0.3106614578125 0.3143381578125 0.305147321875 0.3143381578125 0.3033087796875 0.3125 0.3014702375 0.30882368437499996 0.3014702375 0.3069855265625 0.299632440625 0.30514736875000004 0.299632440625 0.30147039531250003 0.29595610156249996 0.2996322375 0.29595610156249996 0.2977940796875 0.294117559375 0.2959559203125 0.294117559375 0.29227960468749997 0.2904412203125 0.29227960468749997 0.288602678125 0.290441446875 0.28676488125 0.28492631562500004 0.28676488125 0.2830881578125 0.2849263390625 0.28125 0.2849263390625 0.2794118421875 0.2830885421875 0.2794118421875 0.28125 0.2647059203125 0.28125 0.259191446875 0.28676488125 0.25735263124999996 0.28676488125 0.2518381578125 0.2922797625 0.25 0.2922797625
35 0.3143381578125 0.7297797625 0.3106618421875 0.7334561015625 0.30882368437499996 0.7334561015625 0.3069855265625 0.7352938984375 0.30514736875000004 0.7352938984375 0.303308553125 0.737132440625 0.30147039531250003 0.737132440625 0.2996322375 0.7389702375 0.2977940796875 0.7389702375 0.2959559203125 0.7408087796875 0.2941177625 0.7408087796875 0.29227960468749997 0.742647321875 0.28860263124999996 0.742647321875 0.2867644734375 0.74448511875 0.2867644734375 0.7463236609375 0.2830881578125 0.75 0.28125 0.75 0.27757368437499996 0.7536763390625 0.27757368437499996 0.84375 0.2794118421875 0.84375 0.28492631562500004 0.8492648812500001 0.2867644734375 0.8492648812500001 0.28860263124999996 0.851102678125 0.290441446875 0.851102678125 0.2941177625 0.8547790171875 0.2941177625 0.856617559375 0.2959559203125 0.8584561015625001 0.30514736875000004 0.8584561015625001 0.30882368437499996 0.862132440625 0.30882368437499996 0.8639709828125 0.3106618421875 0.8658087796875 0.3125 0.8658087796875 0.3180144734375 0.8713236609375 0.31985263124999996 0.8713236609375 0.321691446875 0.8731614578125001 0.3272059203125 0.8731614578125001 0.3308822375 0.8768385421874999 0.3308822375 0.8786763390625 0.33272039531250003 0.8805148812500001 0.3566177625 0.8805148812500001 0.36397039531250003 0.8731614578125001 0.37132368437499996 0.8731614578125001 0.3731618421875 0.8713236609375 0.3731618421875 0.8694851187499999 0.3768381578125 0.8658087796875 0.37867631562500004 0.8658087796875 0.384191446875 0.8602938984374999 0.38602960468749997 0.8602938984374999 0.3878677625 0.8584561015625001 0.3933822375 0.8584561015625001 0.39522039531250003 0.856617559375 0.39522039531250003 0.8547790171875 0.39889736875000004 0.851102678125 0.40257368437499996 0.851102678125 0.4044118421875 0.8492648812500001 0.40625 0.8492648812500001 0.40992631562500004 0.8455885421874999 0.40992631562500004 0.84375 0.4117644734375 0.8419114578125001 0.4117644734375 0.8400736609375 0.41360263125 0.8382351187499999 0.41360263125 0.8069851187499999 0.4117644734375 0.805147321875 0.4117644734375 0.788602678125 0.41360263125 0.78676488125 0.41360263125 0.78125 0.4117644734375 0.7794114578125 0.4117644734375 0.7720587796875 0.41360263125 0.7702209828125001 0.41360263125 0.7591912203125 0.4117644734375 0.757352678125 0.4117644734375 0.75551488125 0.40992631562500004 0.7536763390625 0.40992631562500004 0.7518385421875 0.4080881578125 0.7518385421875 0.39889736875000004 0.742647321875 0.3933822375 0.742647321875 0.38602960468749997 0.7352938984375 0.38235263124999996 0.7352938984375 0.3805144734375 0.7334561015625 0.37867631562500004 0.7334561015625 0.375 0.7297797625 0.3731618421875 0.7297797625 0.37132368437499996 0.7279412203125 0.3694855265625 0.7279412203125 0.36397039531250003 0.7224263390625 0.3621322375 0.7224263390625 0.3602940796875 0.7205885421875 0.3272059203125 0.7205885421875 0.31985263124999996 0.7279412203125 0.3180144734375 0.7279412203125 0.31617631562500004 0.7297797625 0.3143381578125 0.7297797625
35 0.3308822375 0.13970610156250002 0.3290440796875 0.14154389843749998 0.3272059203125 0.14154389843749998 0.321691446875 0.1470587796875 0.31985263124999996 0.1470587796875 0.3180144734375 0.148897321875 0.31617631562500004 0.148897321875 0.31617631562500004 0.15073511875 0.3125 0.1544114578125 0.3069855265625 0.1544114578125 0.30514736875000004 0.15625 0.303308553125 0.15625 0.2977940796875 0.16176488125 0.2959559203125 0.16176488125 0.2941177625 0.163602678125 0.29227960468749997 0.163602678125 0.2867644734375 0.169117559375 0.2830881578125 0.169117559375 0.2794118421875 0.17279389843749998 0.2794118421875 0.200367559375 0.27757368437499996 0.2022061015625 0.27757368437499996 0.262867559375 0.2794118421875 0.26470610156249996 0.2794118421875 0.268382440625 0.28125 0.2702202375 0.2830881578125 0.2702202375 0.2867644734375 0.273897321875 0.2867644734375 0.27573511875 0.28860263124999996 0.2775736609375 0.2941177625 0.2775736609375 0.2959559203125 0.2794114578125 0.2977940796875 0.2794114578125 0.303308553125 0.2849263390625 0.3125 0.2849263390625 0.3180144734375 0.2904412203125 0.32352960468749997 0.2904412203125 0.3253677625 0.288602678125 0.3272059203125 0.288602678125 0.3308822375 0.2849263390625 0.34007368437499996 0.2849263390625 0.3419118421875 0.2830885421875 0.35110263124999996 0.2830885421875 0.352941446875 0.2849263390625 0.375 0.2849263390625 0.3768381578125 0.2830885421875 0.37867631562500004 0.2830885421875 0.384191446875 0.2775736609375 0.3915440796875 0.2775736609375 0.39889736875000004 0.2702202375 0.40257368437499996 0.2702202375 0.4044118421875 0.268382440625 0.4080881578125 0.268382440625 0.40992631562500004 0.26654389843750004 0.40992631562500004 0.19301488125 0.4007355265625 0.1838236609375 0.39889736875000004 0.1838236609375 0.39522039531250003 0.180147321875 0.39522039531250003 0.1672797625 0.3933822375 0.1654412203125 0.3933822375 0.163602678125 0.3915440796875 0.16176488125 0.3897059203125 0.16176488125 0.38602960468749997 0.1580885421875 0.38602960468749997 0.15625 0.384191446875 0.15625 0.38235263124999996 0.1544114578125 0.37867631562500004 0.1544114578125 0.37132368437499996 0.1470587796875 0.36764736875000004 0.1470587796875 0.3621322375 0.14154389843749998 0.3602940796875 0.14154389843749998 0.3584559203125 0.13970610156250002 0.35477960468749997 0.13970610156250002 0.35110263124999996 0.1360297625 0.3382355265625 0.1360297625 0.33639736875000004 0.137867559375 0.334558553125 0.137867559375 0.33272039531250003 0.13970610156250002 0.3308822375 0.13970610156250002
36 0.6268381578125 0.4283087796875 0.621323684375 0.4338236609375 0.6194855265625 0.4338236609375 0.6176473687499999 0.4356614578125 0.615808553125 0.4356614578125 0.6102940796875 0.4411763390625 0.6066177625 0.4411763390625 0.6047796046875 0.44301488125 0.602941446875 0.44301488125 0.602941446875 0.444852678125 0.6011032890625 0.4466912203125 0.5992644734375 0.4466912203125 0.597426315625 0.44852976250000004 0.59375 0.44852976250000004 0.5919118421875 0.45036755937499995 0.590073684375 0.45036755937499995 0.584558553125 0.45588244062500005 0.5827203953125 0.45588244062500005 0.571691446875 0.4669114578125 0.571691446875 0.4705885421875 0.5698532890625 0.4724263390625 0.5698532890625 0.55698511875 0.5772059203125 0.5643385421875 0.5919118421875 0.5643385421875 0.597426315625 0.569852678125 0.6011032890625 0.569852678125 0.602941446875 0.5716912203125 0.6102940796875 0.5716912203125 0.6121322375 0.5735297625 0.6139703953125 0.5716912203125 0.615808553125 0.5716912203125 0.6176473687499999 0.569852678125 0.6194855265625 0.569852678125 0.621323684375 0.56801488125 0.625 0.56801488125 0.6268381578125 0.5661763390625 0.6305144734375 0.5661763390625 0.6323532890625 0.5643385421875 0.647058553125 0.5643385421875 0.6488973687499999 0.5661763390625 0.652573684375 0.5661763390625 0.6544118421875 0.56801488125 0.65625 0.56801488125 0.6580881578125 0.569852678125 0.6636032890625 0.569852678125 0.6672796046875 0.5661763390625 0.6691177625 0.5661763390625 0.6709559203125 0.5643385421875 0.6764703953125 0.5643385421875 0.678308553125 0.5625 0.6856618421875 0.5625 0.6893381578125 0.5588236609375 0.691176315625 0.5588236609375 0.6930144734375 0.55698511875 0.6948532890625 0.55698511875 0.7003677625 0.5514702375 0.7022059203125 0.5514702375 0.7040440796875 0.549632440625 0.7040440796875 0.50551488125 0.7058822375 0.5036763390625 0.7058822375 0.5 0.7040440796875 0.4981614578125 0.7040440796875 0.492647321875 0.7058822375 0.4908087796875 0.7058822375 0.4724263390625 0.7040440796875 0.4705885421875 0.7040440796875 0.4669114578125 0.7003677625 0.46323511875 0.6985296046875 0.46323511875 0.696691446875 0.461397321875 0.6948532890625 0.461397321875 0.6930144734375 0.4595587796875 0.691176315625 0.4595587796875 0.6893381578125 0.45772023749999996 0.6856618421875 0.45772023749999996 0.683823684375 0.45588244062500005 0.6819855265625 0.45588244062500005 0.6801467109375 0.45404389843750004 0.678308553125 0.45404389843750004 0.6764703953125 0.45220610156249996 0.6727940796875 0.45220610156249996 0.6709559203125 0.45036755937499995 0.6691177625 0.45036755937499995 0.665441446875 0.4466912203125 0.6617644734375 0.4466912203125 0.659926315625 0.444852678125 0.6580881578125 0.444852678125 0.6544118421875 0.4411763390625 0.6544118421875 0.4393385421875 0.6452203953125 0.430147321875 0.6452203953125 0.4283087796875 0.6433822375 0.42647023749999996 0.6397059203125 0.42647023749999996 0.6378677625 0.42463244062500005 0.634191446875 0.42463244062500005 0.6323532890625 0.42647023749999996 0.6305144734375 0.42647023749999996 0.628676315625 0.4283087796875 0.6268381578125 0.4283087796875
28 0.5330881578125 0.2794114578125 0.53125 0.2794114578125 0.5294118421875 0.28125 0.527573684375 0.28125 0.5238973687499999 0.2849263390625 0.522058553125 0.2849263390625 0.5202203953125 0.28676488125 0.5147059203125 0.28676488125 0.5128677625 0.288602678125 0.5128677625 0.3106614578125 0.5147059203125 0.3106614578125 0.5183822375 0.30698511875 0.5257355265625 0.30698511875 0.5330881578125 0.299632440625 0.540441446875 0.299632440625 0.5422796046875 0.29779389843750004 0.5422796046875 0.29595610156249996 0.5459559203125 0.2922797625 0.5514703953125 0.2922797625 0.553308553125 0.2904412203125 0.5551473687499999 0.2904412203125 0.5606618421875 0.2849263390625 0.5625 0.2849263390625 0.5643381578125 0.2830885421875 0.5643381578125 0.26654389843750004 0.5514703953125 0.26654389843750004 0.5514703953125 0.268382440625 0.5477940796875 0.2720587796875 0.540441446875 0.2720587796875 0.5330881578125 0.2794114578125
33 0.39889736875000004 0.1470587796875 0.39889736875000004 0.18198511875 0.40625 0.1893385421875 0.43014736875 0.1893385421875 0.4393381578125 0.180147321875 0.4393381578125 0.148897321875 0.4375 0.1470587796875 0.4356618421875 0.1470587796875 0.4319855265625 0.143382440625 0.4319855265625 0.14154389843749998 0.43014736875 0.13970610156250002 0.42647039531250003 0.13970610156250002 0.4246322375 0.137867559375 0.41360263125 0.137867559375 0.4117644734375 0.13970610156250002 0.4080881578125 0.13970610156250002 0.4007355265625 0.1470587796875 0.39889736875000004 0.1470587796875
0 0.53125 0.586397321875 0.5294118421875 0.58823511875 0.5257355265625 0.58823511875 0.5183822375 0.5955885421875 0.5165440796875 0.5955885421875 0.5147059203125 0.5974263390625 0.5147059203125 0.6139702375 0.5110296046875 0.617647321875 0.509191446875 0.617647321875 0.5073526312500001 0.61948511875 0.5055144734375 0.61948511875 0.5055144734375 0.6213236609375 0.503676315625 0.6231614578125 0.5018381578125 0.6231614578125 0.5 0.625 0.5 0.7022061015625 0.5018381578125 0.7022061015625 0.503676315625 0.7040438984375 0.5055144734375 0.7040438984375 0.5110296046875 0.7095587796875 0.5128677625 0.7095587796875 0.5147059203125 0.711397321875 0.522058553125 0.711397321875 0.5238973687499999 0.71323511875 0.527573684375 0.71323511875 0.53125 0.7169114578125 0.534926315625 0.7169114578125 0.5367644734375 0.7150736609375 0.5386026312500001 0.7150736609375 0.540441446875 0.71323511875 0.553308553125 0.71323511875 0.5551473687499999 0.711397321875 0.5625 0.711397321875 0.5643381578125 0.7095587796875 0.5698532890625 0.7095587796875 0.571691446875 0.711397321875 0.5772059203125 0.711397321875 0.5790440796875 0.7095587796875 0.5863973687499999 0.7095587796875 0.5882355265625 0.711397321875 0.5992644734375 0.711397321875 0.6011032890625 0.7095587796875 0.602941446875 0.7095587796875 0.6047796046875 0.7077202375 0.6066177625 0.7077202375 0.6084559203125 0.705882440625 0.6102940796875 0.705882440625 0.6121322375 0.7040438984375 0.615808553125 0.7040438984375 0.6176473687499999 0.7022061015625 0.621323684375 0.7022061015625 0.6268381578125 0.6966912203125 0.628676315625 0.6966912203125 0.6305144734375 0.694852678125 0.6323532890625 0.694852678125 0.6323532890625 0.6764702375 0.6305144734375 0.674632440625 0.6305144734375 0.6268385421875 0.628676315625 0.625 0.625 0.625 0.6231618421875 0.6231614578125 0.621323684375 0.6231614578125 0.615808553125 0.617647321875 0.615808553125 0.6139702375 0.6139703953125 0.612132440625 0.6139703953125 0.6047797625 0.6121322375 0.6029412203125 0.6121322375 0.601102678125 0.6102940796875 0.59926488125 0.6102940796875 0.5974263390625 0.6047796046875 0.5919114578125 0.602941446875 0.5919114578125 0.5992644734375 0.58823511875 0.597426315625 0.58823511875 0.5919118421875 0.5827202375 0.590073684375 0.5827202375 0.5882355265625 0.580882440625 0.5863973687499999 0.580882440625 0.584558553125 0.5790438984375 0.5827203953125 0.5790438984375 0.5808822375 0.5772061015625 0.5808822375 0.575367559375 0.5790440796875 0.5735297625 0.5477940796875 0.5735297625 0.540441446875 0.580882440625 0.5386026312500001 0.580882440625 0.5330881578125 0.586397321875 0.53125 0.586397321875
36 0.47610263125 0.4356614578125 0.47610263125 0.4375 0.47242631562500004 0.4411763390625 0.4705881578125 0.4411763390625 0.46875 0.44301488125 0.46507368437499996 0.44301488125 0.46139736875 0.4466912203125 0.45955855312500005 0.4466912203125 0.45772039531250003 0.44852976250000004 0.4522059203125 0.44852976250000004 0.4503677625 0.45036755937499995 0.44669144687499995 0.45036755937499995 0.4430144734375 0.45404389843750004 0.4430144734375 0.45588244062500005 0.44117631562500004 0.45772023749999996 0.44117631562500004 0.4669114578125 0.4393381578125 0.46875 0.4393381578125 0.4705885421875 0.4375 0.4724263390625 0.4356618421875 0.4724263390625 0.4356618421875 0.47426488125 0.4319855265625 0.4779412203125 0.43014736875 0.4779412203125 0.4246322375 0.48345610156249996 0.4246322375 0.555147321875 0.42647039531250003 0.55698511875 0.42830855312500005 0.55698511875 0.43014736875 0.5588236609375 0.4319855265625 0.5588236609375 0.4375 0.5643385421875 0.44485263125 0.5643385421875 0.4522059203125 0.5716912203125 0.46139736875 0.5716912203125 0.4632355265625 0.5735297625 0.46875 0.5735297625 0.4705881578125 0.5716912203125 0.47977960468749997 0.5716912203125 0.4871322375 0.5643385421875 0.49632368437499996 0.5643385421875 0.5 0.56801488125 0.5 0.569852678125 0.5018381578125 0.569852678125 0.503676315625 0.5716912203125 0.5183822375 0.5716912203125 0.5202203953125 0.569852678125 0.522058553125 0.569852678125 0.5257355265625 0.5661763390625 0.527573684375 0.5661763390625 0.5294118421875 0.5643385421875 0.5367644734375 0.5643385421875 0.5386026312500001 0.5625 0.540441446875 0.5625 0.5459559203125 0.55698511875 0.5477940796875 0.55698511875 0.5569855265625 0.5477938984375 0.5569855265625 0.4779412203125 0.558823684375 0.476102678125 0.558823684375 0.47426488125 0.5569855265625 0.4724263390625 0.5569855265625 0.4669114578125 0.553308553125 0.46323511875 0.5514703953125 0.46323511875 0.5477940796875 0.4595587796875 0.5422796046875 0.4595587796875 0.540441446875 0.45772023749999996 0.53125 0.45772023749999996 0.5294118421875 0.4595587796875 0.5238973687499999 0.4595587796875 0.5202203953125 0.45588244062500005 0.5183822375 0.45588244062500005 0.5128677625 0.45036755937499995 0.5110296046875 0.45036755937499995 0.5055144734375 0.444852678125 0.5055144734375 0.44301488125 0.503676315625 0.4411763390625 0.503676315625 0.4393385421875 0.49632368437499996 0.43198511875 0.4852940796875 0.43198511875 0.4834559203125 0.4338236609375 0.47977960468749997 0.4338236609375 0.47794144687499995 0.4356614578125 0.47610263125 0.4356614578125
25 0.5367644734375 0.5643385421875 0.534926315625 0.5661763390625 0.53125 0.5661763390625 0.5238973687499999 0.5735297625 0.5183822375 0.5735297625 0.5165440796875 0.575367559375 0.5147059203125 0.575367559375 0.5128677625 0.5772061015625 0.5128677625 0.5974263390625 0.5202203953125 0.5974263390625 0.5238973687499999 0.59375 0.5257355265625 0.59375 0.527573684375 0.5919114578125 0.5294118421875 0.5919114578125 0.5330881578125 0.58823511875 0.534926315625 0.58823511875 0.5367644734375 0.586397321875 0.540441446875 0.586397321875 0.5422796046875 0.5845587796875 0.5422796046875 0.5827202375 0.5459559203125 0.5790438984375 0.553308553125 0.5790438984375 0.5606618421875 0.5716912203125 0.5625 0.5716912203125 0.5643381578125 0.569852678125 0.5643381578125 0.5588236609375 0.5606618421875 0.555147321875 0.5514703953125 0.555147321875 0.5477940796875 0.5588236609375 0.5441177625 0.5588236609375 0.5386026312500001 0.5643385421875 0.5367644734375 0.5643385421875
6 0.6451703953125 0.330882440625 0.6451703953125 0.4099263390625 0.65068486875 0.4154412203125 0.6525230265624999 0.4154412203125 0.6543618421875 0.41727976250000004 0.6580381578125001 0.41727976250000004 0.6617144734375 0.42095610156249996 0.6617144734375 0.42279389843750004 0.66355263125 0.42463244062500005 0.6709059203125001 0.42463244062500005 0.6782585531249999 0.43198511875 0.6800967109375 0.43198511875 0.68745 0.4393385421875 0.6929644734375 0.4393385421875 0.7003171046875 0.4466912203125 0.7039940796875 0.4466912203125 0.7058322375 0.44852976250000004 0.7168618421875 0.44852976250000004 0.7187 0.4466912203125 0.7242144734375 0.4466912203125 0.7315671046875 0.4393385421875 0.7370822375 0.4393385421875 0.74443486875 0.43198511875 0.7481118421875 0.43198511875 0.753626315625 0.42647023749999996 0.7554644734375 0.42647023749999996 0.75730263125 0.42463244062500005 0.760978946875 0.42463244062500005 0.7683322375 0.41727976250000004 0.7738467109375 0.41727976250000004 0.7775230265624999 0.413602678125 0.7775230265624999 0.40073511875 0.7793618421875 0.398897321875 0.7793618421875 0.3474263390625 0.7775230265624999 0.3455885421875 0.7775230265624999 0.3327202375 0.77568486875 0.330882440625 0.77568486875 0.32904389843750004 0.753601315625 0.30898809531250004 0.71164736875 0.2808169640625 0.6833855265625 0.29914806562499996 0.6488467109375 0.3235297625 0.6470085531249999 0.325367559375 0.6470085531249999 0.32904389843750004 0.6451703953125 0.330882440625
25 0.34375 0.663602678125 0.3492644734375 0.663602678125 0.3492644734375 0.66176488125 0.352941446875 0.6580885421875 0.352941446875 0.617647321875 0.35110263124999996 0.6158087796875 0.35110263124999996 0.612132440625 0.3492644734375 0.6102938984375 0.3382355265625 0.6102938984375 0.3382355265625 0.6599263390625 0.34007368437499996 0.66176488125 0.3419118421875 0.66176488125 0.34375 0.663602678125
32 0.4044118421875 0.43198511875 0.40257368437499996 0.43198511875 0.4007355265625 0.4338236609375 0.39889736875000004 0.4338236609375 0.39889736875000004 0.47426488125 0.40257368437499996 0.47426488125 0.4044118421875 0.476102678125 0.43014736875 0.476102678125 0.4319855265625 0.47426488125 0.43382368437499996 0.47426488125 0.43382368437499996 0.4724263390625 0.4356618421875 0.4705885421875 0.4375 0.4705885421875 0.4375 0.46875 0.4393381578125 0.4669114578125 0.4393381578125 0.4356614578125 0.4375 0.4338236609375 0.4356618421875 0.4338236609375 0.4319855265625 0.430147321875 0.4319855265625 0.4283087796875 0.43014736875 0.42647023749999996 0.4044118421875 0.42647023749999996 0.40625 0.4283087796875 0.40625 0.430147321875 0.4044118421875 0.43198511875
33 0.5441177625 0.7224263390625 0.5441177625 0.7610297625 0.5459559203125 0.762867559375 0.553308553125 0.762867559375 0.5569855265625 0.7665438984375 0.571691446875 0.7665438984375 0.5735296046875 0.7647061015625 0.5753677625 0.7647061015625 0.5772059203125 0.762867559375 0.5827203953125 0.762867559375 0.5863973687499999 0.7591912203125 0.5863973687499999 0.726102678125 0.584558553125 0.72426488125 0.584558553125 0.7224263390625 0.5827203953125 0.7205885421875 0.5808822375 0.7205885421875 0.5790440796875 0.71875 0.5790440796875 0.7169114578125 0.5772059203125 0.7150736609375 0.5772059203125 0.71323511875 0.5514703953125 0.71323511875 0.5514703953125 0.7169114578125 0.5477940796875 0.7205885421875 0.5459559203125 0.7205885421875 0.5441177625 0.7224263390625
31 0.3308822375 0.6709561015625 0.3308822375 0.6727938984375 0.3272059203125 0.6764702375 0.3253677625 0.6764702375 0.32352960468749997 0.6783087796875 0.32352960468749997 0.711397321875 0.3253677625 0.711397321875 0.3308822375 0.7169114578125 0.3584559203125 0.7169114578125 0.365808553125 0.7095587796875 0.365808553125 0.6783087796875 0.36397039531250003 0.6764702375 0.3621322375 0.6764702375 0.3584559203125 0.6727938984375 0.3584559203125 0.6709561015625 0.3566177625 0.669117559375 0.35477960468749997 0.669117559375 0.35110263124999996 0.6654412203125 0.35110263124999996 0.663602678125 0.3382355265625 0.663602678125 0.3382355265625 0.6654412203125 0.334558553125 0.669117559375 0.33272039531250003 0.669117559375 0.3308822375 0.6709561015625
35 0.498325 0.413602678125 0.5185453953125 0.42463244062500005 0.5479572375 0.444852678125 0.5669769734375001 0.45582217187499996 0.5828835531250001 0.4411763390625 0.5975894734375 0.43198511875 0.6198552625 0.422584821875 0.6306782890625 0.413602678125 0.6341447375 0.4097209828125 0.6330250000000001 0.3241421125 0.567101315625 0.284359375 0.5171282890625 0.316789434375 0.5149256578125 0.3312395828125 0.5065203953124999 0.33825074375 0.4998881578125 0.33886011875 0.498325 0.413602678125
37 0.2938453953125 0.5641361609375 0.303036184375 0.57332738125 0.3250953953125 0.586194940625 0.3324480265625 0.591709078125 0.3469769734375 0.5999010421875 0.36185986875 0.586194940625 0.378403946875 0.5788415171875 0.39310986875 0.5714888390625 0.3986243421875 0.5641361609375 0.41149210468749997 0.5567827375000001 0.4133302625 0.5347239578125 0.41149210468749997 0.4850915171875 0.3943519734375 0.47435491093750004 0.3956046046875 0.4605974703125 0.3466578953125 0.425162946875 0.28324013125 0.46773883906249997 0.28097763124999997 0.5273712796875001 0.2864921046875 0.5328861609375 0.2920065796875 0.5457537203125 0.2938453953125 0.5641361609375
32 0.2555144734375 0.5294114578125 0.25367631562500004 0.5294114578125 0.2518381578125 0.53125 0.2518381578125 0.5716912203125 0.26102960468749997 0.5716912203125 0.2628677625 0.5735297625 0.2647059203125 0.5735297625 0.2665440796875 0.575367559375 0.2794118421875 0.575367559375 0.28125 0.5735297625 0.28492631562500004 0.5735297625 0.2867644734375 0.5716912203125 0.290441446875 0.5716912203125 0.29227960468749997 0.569852678125 0.29227960468749997 0.5349263390625 0.290441446875 0.5330885421875 0.290441446875 0.53125 0.28860263124999996 0.5294114578125 0.2867644734375 0.5294114578125 0.28492631562500004 0.5275736609375 0.28492631562500004 0.52573511875 0.28125 0.5220587796875 0.2628677625 0.5220587796875 0.2628677625 0.523897321875 0.259191446875 0.5275736609375 0.25735263124999996 0.5275736609375 0.2555144734375 0.5294114578125
35 0.13226513125 0.5533087796875 0.13226513125 0.555147321875 0.1341032890625 0.55698511875 0.135941446875 0.55698511875 0.1396177625 0.5606614578125 0.1396177625 0.5625 0.1414559203125 0.5643385421875 0.14329407968750002 0.5643385421875 0.14513223749999998 0.5661763390625 0.146971053125 0.5661763390625 0.1488092109375 0.56801488125 0.1488092109375 0.569852678125 0.1524855265625 0.569852678125 0.154323684375 0.5716912203125 0.158 0.5716912203125 0.161676315625 0.575367559375 0.161676315625 0.5772061015625 0.16351513125 0.5790438984375 0.1653532890625 0.5790438984375 0.167191446875 0.580882440625 0.1690296046875 0.580882440625 0.1727059203125 0.5845587796875 0.17454407968750002 0.5845587796875 0.17638223749999998 0.586397321875 0.1800592109375 0.586397321875 0.1837355265625 0.5900736609375 0.1837355265625 0.5919114578125 0.185573684375 0.59375 0.209471053125 0.59375 0.21130921093750002 0.5919114578125 0.21130921093750002 0.5900736609375 0.21498552656249997 0.586397321875 0.216823684375 0.586397321875 0.22233815781250002 0.580882440625 0.224176315625 0.580882440625 0.22601513125 0.5790438984375 0.2315296046875 0.5790438984375 0.248073684375 0.5625 0.248073684375 0.538602678125 0.255426315625 0.53125 0.255426315625 0.5294114578125 0.260941446875 0.523897321875 0.260941446875 0.476102678125 0.2591032890625 0.47426488125 0.197698684375 0.4274010421875 0.13226513125 0.47426488125 0.13226513125 0.48345610156249996 0.130426315625 0.48529389843750004 0.130426315625 0.5514702375 0.13226513125 0.5533087796875
27 0.384191446875 0.2794114578125 0.3768381578125 0.28676488125 0.37132368437499996 0.28676488125 0.3694855265625 0.288602678125 0.36764736875000004 0.288602678125 0.36764736875000004 0.3106614578125 0.3694855265625 0.3088236609375 0.37132368437499996 0.3088236609375 0.3731618421875 0.30698511875 0.37867631562500004 0.30698511875 0.3805144734375 0.305147321875 0.3805144734375 0.3033087796875 0.384191446875 0.299632440625 0.3933822375 0.299632440625 0.39522039531250003 0.29779389843750004 0.39522039531250003 0.29595610156249996 0.39889736875000004 0.2922797625 0.4007355265625 0.2922797625 0.40257368437499996 0.2904412203125 0.4044118421875 0.2904412203125 0.40992631562500004 0.2849263390625 0.41360263125 0.2849263390625 0.41727960468749997 0.28125 0.41727960468749997 0.26654389843750004 0.40625 0.26654389843750004 0.4007355265625 0.2720587796875 0.3933822375 0.2720587796875 0.38602960468749997 0.2794114578125 0.384191446875 0.2794114578125
33 0.3308822375 0.288602678125 0.3308822375 0.2904412203125 0.3272059203125 0.294117559375 0.3253677625 0.294117559375 0.3253677625 0.32904389843750004 0.3290440796875 0.3327202375 0.3602940796875 0.3327202375 0.365808553125 0.32720610156249996 0.365808553125 0.29595610156249996 0.3566177625 0.28676488125 0.35477960468749997 0.28676488125 0.35110263124999996 0.2830885421875 0.35110263124999996 0.28125 0.3382355265625 0.28125 0.3382355265625 0.2830885421875 0.334558553125 0.28676488125 0.33272039531250003 0.28676488125 0.3308822375 0.288602678125
27 0.6102940796875 0.7077202375 0.6084559203125 0.7077202375 0.6047796046875 0.711397321875 0.602941446875 0.711397321875 0.6011032890625 0.71323511875 0.597426315625 0.71323511875 0.5919118421875 0.71875 0.590073684375 0.71875 0.5882355265625 0.7205885421875 0.5882355265625 0.7389702375 0.5992644734375 0.7389702375 0.6047796046875 0.7334561015625 0.6066177625 0.7334561015625 0.6139703953125 0.726102678125 0.621323684375 0.726102678125 0.6231618421875 0.72426488125 0.6231618421875 0.7224263390625 0.6268381578125 0.71875 0.628676315625 0.71875 0.6305144734375 0.7169114578125 0.6323532890625 0.7169114578125 0.6360296046875 0.71323511875 0.6360296046875 0.700367559375 0.6176473687499999 0.700367559375 0.6176473687499999 0.7022061015625 0.6139703953125 0.705882440625 0.6121322375 0.705882440625 0.6102940796875 0.7077202375
16 0.3915440796875 0.3786763390625 0.3915440796875 0.42279389843750004 0.3933822375 0.42463244062500005 0.43382368437499996 0.42463244062500005 0.4356618421875 0.42647023749999996 0.4375 0.42463244062500005 0.4430144734375 0.42463244062500005 0.44485263125 0.42279389843750004 0.44485263125 0.367647321875 0.39889736875000004 0.367647321875 0.39889736875000004 0.36948511875 0.39522039531250003 0.3731614578125 0.39522039531250003 0.375 0.3915440796875 0.3786763390625
26 0.46139736875 0.41911755937499995 0.45955855312500005 0.41911755937499995 0.4522059203125 0.42647023749999996 0.44852960468749997 0.42647023749999996 0.4430144734375 0.43198511875 0.44117631562500004 0.43198511875 0.44117631562500004 0.45588244062500005 0.4430144734375 0.45404389843750004 0.4522059203125 0.45404389843750004 0.4540440796875 0.45220610156249996 0.4540440796875 0.45036755937499995 0.45772039531250003 0.4466912203125 0.46139736875 0.4466912203125 0.4669118421875 0.4411763390625 0.46875 0.4411763390625 0.4705881578125 0.4393385421875 0.4742644734375 0.4393385421875 0.47610263125 0.4375 0.47610263125 0.4356614578125 0.47977960468749997 0.43198511875 0.4816177625 0.43198511875 0.49080855312500005 0.42279389843750004 0.49080855312500005 0.413602678125 0.48897039531250003 0.41176488125 0.46875 0.41176488125 0.46875 0.413602678125 0.46507368437499996 0.41727976250000004 0.4632355265625 0.41727976250000004 0.46139736875 0.41911755937499995
26 0.21691184218749998 0.4393385421875 0.222426315625 0.4393385421875 0.22977960468749997 0.4466912203125 0.2316177625 0.4466912203125 0.23897039531250003 0.45404389843750004 0.246323684375 0.45404389843750004 0.25 0.45772023749999996 0.25 0.4595587796875 0.2518381578125 0.461397321875 0.25367631562500004 0.461397321875 0.2555144734375 0.46323511875 0.2647059203125 0.46323511875 0.2665440796875 0.461397321875 0.2683822375 0.461397321875 0.27022039531250003 0.4595587796875 0.27022039531250003 0.45036755937499995 0.26102960468749997 0.4411763390625 0.259191446875 0.4411763390625 0.2555144734375 0.4375 0.2555144734375 0.4356614578125 0.25367631562500004 0.4338236609375 0.25 0.4338236609375 0.24816184218749998 0.43198511875 0.246323684375 0.43198511875 0.240808553125 0.42647023749999996 0.2371322375 0.42647023749999996 0.2334559203125 0.42279389843750004 0.2334559203125 0.42095610156249996 0.2316177625 0.41911755937499995 0.22426447343749997 0.41911755937499995 0.21691184218749998 0.41176488125 0.2003677625 0.41176488125 0.2003677625 0.42463244062500005 0.20772039531250003 0.43198511875 0.209558553125 0.43198511875 0.21691184218749998 0.4393385421875
13 0.6672796046875 0.2224263390625 0.6139703953125 0.2224263390625 0.6139703953125 0.2830885421875 0.665441446875 0.2830885421875 0.6672796046875 0.28125 0.6672796046875 0.2224263390625
12 0.6893381578125 0.7150736609375 0.7334559203125 0.7150736609375 0.7371322375 0.711397321875 0.7389703953125 0.711397321875 0.740808553125 0.7095587796875 0.740808553125 0.6544114578125 0.7389703953125 0.6525736609375 0.6875 0.6525736609375 0.6856618421875 0.6544114578125 0.6856618421875 0.71323511875 0.6875 0.71323511875 0.6893381578125 0.7150736609375
13 0.4430144734375 0.711397321875 0.44485263125 0.711397321875 0.44669144687499995 0.7095587796875 0.44669144687499995 0.65625 0.44485263125 0.6544114578125 0.3915440796875 0.6544114578125 0.3915440796875 0.711397321875 0.39522039531250003 0.7150736609375 0.4393381578125 0.7150736609375 0.4430144734375 0.711397321875
14 0.37132368437499996 0.2794114578125 0.37132368437499996 0.2775736609375 0.3731618421875 0.27573511875 0.3731618421875 0.2224263390625 0.31985263124999996 0.2224263390625 0.31985263124999996 0.28125 0.321691446875 0.2830885421875 0.36764736875000004 0.2830885421875 0.37132368437499996 0.2794114578125
8 0.4834559203125 0.56801488125 0.4871322375 0.5643385421875 0.4944855265625 0.5643385421875 0.5 0.569852678125 0.5147059203125 0.569852678125 0.5183822375 0.5661763390625 0.5183822375 0.5110297625 0.46875 0.5110297625 0.4669118421875 0.512867559375 0.4669118421875 0.569852678125 0.4834559203125 0.569852678125 0.4834559203125 0.56801488125
27 0.4246322375 0.1985297625 0.4227940796875 0.1966912203125 0.4227940796875 0.19301488125 0.41727960468749997 0.19301488125 0.4117644734375 0.1985297625 0.4117644734375 0.26654389843750004 0.4246322375 0.26654389843750004 0.4246322375 0.1985297625
0 0.3915440796875 0.34375 0.3915440796875 0.3455885421875 0.3933822375 0.3455885421875 0.39522039531250003 0.3474263390625 0.39522039531250003 0.34926488125 0.40257368437499996 0.356617559375 0.40257368437499996 0.362132440625 0.39889736875000004 0.3658087796875 0.397058553125 0.3658087796875 0.39522039531250003 0.367647321875 0.3915440796875 0.367647321875 0.3897059203125 0.36948511875 0.3897059203125 0.3713236609375 0.3805144734375 0.38051488125 0.36764736875000004 0.38051488125 0.365808553125 0.3786763390625 0.36397039531250003 0.3786763390625 0.3621322375 0.3768385421875 0.3602940796875 0.3786763390625 0.3566177625 0.3786763390625 0.35477960468749997 0.38051488125 0.352941446875 0.38051488125 0.352941446875 0.382352678125 0.35110263124999996 0.3841912203125 0.35110263124999996 0.3860297625 0.3492644734375 0.387867559375 0.3492644734375 0.40625 0.352941446875 0.4099263390625 0.352941446875 0.41176488125 0.35477960468749997 0.41176488125 0.3602940796875 0.41727976250000004 0.36397039531250003 0.41727976250000004 0.3694855265625 0.42279389843750004 0.37132368437499996 0.42279389843750004 0.3731618421875 0.42463244062500005 0.384191446875 0.42463244062500005 0.38602960468749997 0.42647023749999996 0.3897059203125 0.42647023749999996 0.3933822375 0.430147321875 0.40257368437499996 0.430147321875 0.40625 0.42647023749999996 0.40992631562500004 0.42647023749999996 0.4117644734375 0.42463244062500005 0.42647039531250003 0.42463244062500005 0.42830855312500005 0.42647023749999996 0.4319855265625 0.42647023749999996 0.43382368437499996 0.4283087796875 0.4393381578125 0.4283087796875 0.44117631562500004 0.42647023749999996 0.44485263125 0.42647023749999996 0.44669144687499995 0.42463244062500005 0.4522059203125 0.42463244062500005 0.4540440796875 0.42279389843750004 0.4558822375 0.42279389843750004 0.45772039531250003 0.42095610156249996 0.45955855312500005 0.42095610156249996 0.46139736875 0.41911755937499995 0.4632355265625 0.41911755937499995 0.46507368437499996 0.41727976250000004 0.46875 0.41727976250000004 0.4742644734375 0.41176488125 0.47610263125 0.41176488125 0.47794144687499995 0.4099263390625 0.47977960468749997 0.4099263390625 0.4816177625 0.4080885421875 0.4834559203125 0.4080885421875 0.4852940796875 0.40625 0.4852940796875 0.367647321875 0.4834559203125 0.3658087796875 0.4834559203125 0.3400736609375 0.4816177625 0.33823511875 0.47977960468749997 0.33823511875 0.47794144687499995 0.336397321875 0.47610263125 0.336397321875 0.4705881578125 0.330882440625 0.3878677625 0.330882440625 0.3878677625 0.3327202375 0.3897059203125 0.3345587796875 0.3897059203125 0.3419114578125 0.3915440796875 0.34375
11 0.2996322375 0.42279389843750004 0.2996322375 0.36948511875 0.2959559203125 0.3658087796875 0.24816184218749998 0.3658087796875 0.246323684375 0.367647321875 0.246323684375 0.42463244062500005 0.2977940796875 0.42463244062500005 0.2996322375 0.42279389843750004
0 0.3897059203125 0.294117559375 0.3878677625 0.29595610156249996 0.38602960468749997 0.29595610156249996 0.3805144734375 0.3014702375 0.3768381578125 0.3014702375 0.3694855265625 0.3088236609375 0.3694855265625 0.3106614578125 0.36764736875000004 0.3125 0.36764736875000004 0.3216912203125 0.3694855265625 0.3235297625 0.3694855265625 0.325367559375 0.37132368437499996 0.32720610156249996 0.375 0.32720610156249996 0.3768381578125 0.32904389843750004 0.38235263124999996 0.32904389843750004 0.384191446875 0.330882440625 0.38602960468749997 0.330882440625 0.3878677625 0.3327202375 0.3878677625 0.3400736609375 0.3897059203125 0.3419114578125 0.4834559203125 0.3419114578125 0.4834559203125 0.3400736609375 0.4742644734375 0.330882440625 0.47242631562500004 0.330882440625 0.46875 0.32720610156249996 0.46875 0.31801488125 0.4669118421875 0.3161763390625 0.4669118421875 0.3125 0.4632355265625 0.3088236609375 0.4632355265625 0.30698511875 0.46139736875 0.305147321875 0.46139736875 0.3033087796875 0.45955855312500005 0.3014702375 0.45772039531250003 0.3014702375 0.4558822375 0.299632440625 0.4540440796875 0.299632440625 0.4503677625 0.29595610156249996 0.44852960468749997 0.29595610156249996 0.44669144687499995 0.294117559375 0.44485263125 0.294117559375 0.4375 0.28676488125 0.4356618421875 0.28676488125 0.43382368437499996 0.2849263390625 0.4080881578125 0.2849263390625 0.40625 0.28676488125 0.4007355265625 0.28676488125 0.3933822375 0.294117559375 0.3897059203125 0.294117559375
15 0.8125 0.5110297625 0.7610296046875 0.5110297625 0.7610296046875 0.5716912203125 0.8106618421875 0.5716912203125 0.8125 0.569852678125 0.8125 0.5110297625
26 0.2757355265625 0.4650736609375 0.2647059203125 0.4650736609375 0.2647059203125 0.518382440625 0.27757368437499996 0.518382440625 0.27757368437499996 0.4669114578125 0.2757355265625 0.4650736609375
15 0.22610263125 0.57003125 0.22610263125 0.5093690468750001 0.1746322375 0.5093690468750001 0.1727940796875 0.5112075890625001 0.1727940796875 0.5718690468750001 0.22426447343749997 0.5718690468750001 0.22610263125 0.57003125
29 0.3486842109375 0.360119046875 0.3532894734375 0.36607142812500004 0.3625 0.3645833328125 0.364473684375 0.3772321421875 0.36710526250000003 0.3802083328125 0.37894736875 0.3824404765625 0.3861842109375 0.3764880953125 0.3861842109375 0.36532738125 0.39736842031249997 0.3645833328125 0.40065789531249996 0.362351190625 0.40065789531249996 0.3578869046875 0.394078946875 0.34821428593750003 0.3875 0.344494046875 0.3875 0.33407738125 0.3763157890625 0.325148809375 0.375 0.325148809375 0.3625 0.33482142812500004 0.36118421093749997 0.344494046875 0.351973684375 0.35267857187499996 0.3486842109375 0.360119046875
10 0.46710526249999995 0.281994046875 0.4736842109375 0.2849702375 0.4802631578125 0.284226190625 0.4875 0.28125 0.49078947343749996 0.2760416671875 0.5013157890625 0.2834821421875 0.5085526312499999 0.28571428593750003 0.5197368421874999 0.28125 0.5203947375 0.22693452343749998 0.5151315796875 0.221726190625 0.51169013125 0.221726190625 0.47039473750000005 0.221726190625 0.46644736875000004 0.22395833281250002 0.4651315796875 0.2619047625 0.46710526249999995 0.281994046875
16 0.3197368421875 0.856398809375 0.325 0.860119046875 0.33486842031249997 0.859375 0.3381578953125 0.862351190625 0.3407894734375 0.860119046875 0.37105263125 0.858630953125 0.3736842109375 0.8541666671874999 0.3743421046875 0.8296130953124999 0.3723684203125 0.799851190625 0.3657894734375 0.796875 0.33026315781250004 0.796875 0.3256578953125 0.796875 0.32105263125 0.7983630953125 0.318421053125 0.8050595234375001 0.31776315781250003 0.8489583328125001 0.3197368421875 0.856398809375
9 0.46644736875000004 0.8578869046875001 0.47894736875 0.8616071421875 0.5098684203125 0.8608630953124999 0.518421053125 0.858630953125 0.5203947375 0.8549107140625001 0.5197368421874999 0.8013392859374999 0.5157894734374999 0.797619046875 0.480921053125 0.796130953125 0.4802631578125 0.796130953125 0.469078946875 0.797619046875 0.4657894734375 0.8005952375 0.464473684375 0.8519345234375001 0.46644736875000004 0.8578869046875001
14 0.5467105265625001 0.7165178578125 0.5546052625 0.7165178578125 0.5625 0.7113095234375 0.5802631578125 0.7172619046875 0.5881578953125 0.7165178578125 0.5927631578125 0.7135416671875 0.5947368421875 0.7083333328125 0.5927631578125 0.656994046875 0.5822368421874999 0.653273809375 0.5526315796875 0.653273809375 0.5493421046875 0.653273809375 0.5427631578125001 0.6540178578125 0.5388157890625 0.6577380953125 0.5388157890625 0.7105654765625 0.5467105265625001 0.7165178578125
11 0.6111842109375 0.5535714281249999 0.6125 0.5677083328125 0.6151315796875 0.5714285718750001 0.6236842109375 0.57217261875 0.6263157890625 0.5744047625 0.6355263156250001 0.565476190625 0.6401315796875 0.565476190625 0.65 0.5729166671875 0.6611842109375 0.57217261875 0.66644736875 0.5691964281249999 0.668421053125 0.561755953125 0.668421053125 0.5178571421875 0.6651315796875 0.5104166671875 0.6532894734375 0.5081845234375 0.6493421046875001 0.5081845234375 0.619078946875 0.5089285718750001 0.6131578953125 0.512648809375 0.6111842109375 0.5193452375 0.6111842109375 0.5535714281249999
8 0.6672796046875 0.7977938984375 0.6121322375 0.7977938984375 0.6121322375 0.8584561015625001 0.665441446875 0.8584561015625001 0.6672796046875 0.856617559375 0.6672796046875 0.7977938984375
7 0.29227960468749997 0.7150736609375 0.2959559203125 0.711397321875 0.2977940796875 0.711397321875 0.2996322375 0.7095587796875 0.2996322375 0.7022061015625 0.30147039531250003 0.700367559375 0.30147039531250003 0.6709561015625 0.2996322375 0.669117559375 0.2996322375 0.6544114578125 0.24448552656250003 0.6544114578125 0.24448552656250003 0.71323511875 0.246323684375 0.71323511875 0.24816184218749998 0.7150736609375 0.29227960468749997 0.7150736609375
7 0.5863973687499999 0.42647023749999996 0.5882355265625 0.42463244062500005 0.5919118421875 0.42463244062500005 0.59375 0.42279389843750004 0.59375 0.367647321875 0.540441446875 0.367647321875 0.540441446875 0.42463244062500005 0.5422796046875 0.42463244062500005 0.5441177625 0.42647023749999996 0.5863973687499999 0.42647023749999996
12 0.3731618421875 0.5091912203125 0.31985263124999996 0.5091912203125 0.31985263124999996 0.5716912203125 0.37132368437499996 0.5716912203125 0.3731618421875 0.569852678125 0.3731618421875 0.5091912203125
20 0.80625 0.73125 0.7515625 0.73125 0.7515625 0.8125 0.803125 0.8125 0.80625 0.809375 0.80625 0.73125
22 0.5859375 0.015625 0.5296875 0.015625 0.5296875 0.0921875 0.584375 0.0921875 0.5859375 0.090625 0.5859375 0.015625
18 0.80625 0.2265625 0.8046875 0.225 0.8046875 0.2078125 0.80625 0.20625 0.80625 0.15625 0.7515625 0.15625 0.7515625 0.234375 0.8046875 0.234375 0.8046875 0.228125 0.80625 0.2265625
18 0.29375 0.8796875 0.2359375 0.8796875 0.2359375 0.9578125 0.2921875 0.9578125 0.29375 0.95625 0.29375 0.8796875
18 0.953125 0.446875 0.8984375 0.446875 0.8984375 0.525 0.9515625 0.525 0.953125 0.5234375 0.953125 0.446875
19 0.1453125 0.3796875 0.1453125 0.2984375 0.090625 0.2984375 0.090625 0.38125 0.1390625 0.38125 0.140625 0.3796875 0.1453125 0.3796875
21 0.5453125 0.95625 0.546875 0.9546875 0.55 0.9546875 0.5515625 0.95625 0.5546875 0.95625 0.55625 0.9546875 0.584375 0.9546875 0.5859375 0.953125 0.5859375 0.878125 0.5328125 0.878125 0.5328125 0.9578125 0.534375 0.9578125 0.5359375 0.95625 0.5453125 0.95625
23 0.1515625 0.6703125 0.1515625 0.6296875 0.15 0.628125 0.15 0.625 0.1515625 0.6234375 0.1515625 0.590625 0.0890625 0.590625 0.0890625 0.6734375 0.15 0.6734375 0.15 0.671875 0.1515625 0.6703125