6 0.4531253265625 0.15 0.4484373375 0.15468759375000002 0.44687467343750004 0.15468759375000002 0.4453126625 0.15625037343749998 0.44375 0.15625037343749998 0.44218733749999994 0.15781240624999998 0.4406246734375 0.15781240624999998 0.43593733749999997 0.1625 0.4343746734375 0.1625 0.42812532656249996 0.1687503734375 0.4265626625 0.1687503734375 0.42031266250000004 0.175 0.41875 0.175 0.41093733749999994 0.18281240625 0.41093733749999994 0.18437518749999998 0.40781266250000003 0.1875 0.40781266250000003 0.2765627796875 0.41093733749999994 0.27968759374999996 0.4125 0.27968759374999996 0.4171873375 0.2843751875 0.41875 0.2843751875 0.42031266250000004 0.2859372203125 0.4218753265625 0.2859372203125 0.425 0.2890627796875 0.425 0.2906248125 0.4265626625 0.2906248125 0.42812532656249996 0.29218759375 0.43125 0.29218759375 0.43281266250000006 0.2937503734375 0.4343746734375 0.2937503734375 0.43906266250000003 0.2984372203125 0.4406246734375 0.2984372203125 0.44218733749999994 0.3 0.44375 0.3 0.4484373375 0.30468759375 0.45156266250000004 0.30468759375 0.4578126625 0.3109372203125 0.45937532656249996 0.3109372203125 0.46406266250000006 0.31562481249999996 0.475 0.31562481249999996 0.4765626625 0.3140627796875 0.47812467343750004 0.3140627796875 0.48125 0.3109372203125 0.4843753265625 0.3109372203125 0.4890626625 0.3062503734375 0.49062532656249996 0.3062503734375 0.4921873375 0.30468759375 0.49375 0.30468759375 0.49531266250000006 0.3031248125 0.4968746734375 0.3031248125 0.5015626625 0.2984372203125 0.5031246734375 0.2984372203125 0.5046873374999999 0.2968751875 0.50625 0.2968751875 0.5093746734375 0.2937503734375 0.5109373374999999 0.2937503734375 0.5125 0.29218759375 0.5140626625 0.29218759375 0.5156253265624999 0.2906248125 0.5171873375 0.2906248125 0.5171873375 0.2890627796875 0.5203126625000001 0.2859372203125 0.5234373375 0.2859372203125 0.5281246734375 0.2812503734375 0.5296873375 0.2812503734375 0.5359373374999999 0.275 0.5359373374999999 0.2718751875 0.5375 0.27031240625 0.5375 0.20468759374999998 0.5359373374999999 0.20312481249999997 0.5359373374999999 0.18593722031249998 0.5343746734375 0.18437518749999998 0.5343746734375 0.18281240625 0.5328126625 0.18281240625 0.5281246734375 0.1781248125 0.5281246734375 0.1765627796875 0.5265626625000001 0.1765627796875 0.525 0.175 0.5234373375 0.175 0.5218753265625 0.1734372203125 0.5203126625000001 0.1734372203125 0.5156253265624999 0.1687503734375 0.5140626625 0.1687503734375 0.5078126625 0.1625 0.50625 0.1625 0.5046873374999999 0.1609372203125 0.5031246734375 0.1609372203125 0.49843733749999997 0.15625037343749998 0.49531266250000006 0.15625037343749998 0.4875 0.1484372203125 0.48593733749999996 0.1484372203125 0.48281266250000004 0.14531240625 0.4625 0.14531240625 0.4609373375 0.1468751875 0.45937532656249996 0.1468751875 0.45625 0.15 0.4531253265625 0.15
35 0.6546873375 0.30937518750000004 0.6515626625000001 0.3125 0.65 0.3125 0.6453126625000001 0.31718759375 0.64375 0.31718759375 0.6421873375 0.3187503734375 0.6421873375 0.32031240625 0.6406253265624999 0.3218751875 0.6406253265624999 0.3234372203125 0.6390626625 0.325 0.6390626625 0.32968759375 0.6375 0.33125037343749997 0.6375 0.3343751875 0.6343746734375 0.3375 0.6328126625 0.3375 0.63125 0.3390627796875 0.63125 0.3406248125 0.6281246734375 0.3437503734375 0.6265626625 0.3437503734375 0.625 0.34531240625000004 0.625 0.3468751875 0.6234373375 0.3484372203125 0.6234373375 0.41875037343750005 0.625 0.42031240625 0.625 0.42187518749999997 0.6265626625 0.4234372203125 0.6281246734375 0.4234372203125 0.6328126625 0.4281248125 0.6343746734375 0.4281248125 0.6359373374999999 0.42968759375000004 0.6375 0.42968759375000004 0.6390626625 0.43125037343750006 0.6406253265624999 0.43125037343750006 0.6453126625000001 0.4359372203125 0.65 0.4359372203125 0.6515626625000001 0.4375 0.6531246734375 0.4375 0.6578126625 0.44218759375000005 0.6703126625 0.44218759375000005 0.6765626625000001 0.4359372203125 0.6796873375 0.4359372203125 0.68125 0.4343751875 0.6843753265625 0.4343751875 0.6875 0.43125037343750006 0.6953126625 0.43125037343750006 0.6968746734375 0.43281240624999995 0.6984373374999999 0.43281240624999995 0.7 0.4343751875 0.7015626625 0.4343751875 0.7031253265624999 0.4359372203125 0.7125 0.4359372203125 0.7140626625000001 0.4375 0.7156253265625 0.4375 0.7171873375 0.4359372203125 0.7218746734375 0.4359372203125 0.7234373374999999 0.4343751875 0.725 0.4343751875 0.7281246734375 0.43125037343750006 0.7328126625 0.43125037343750006 0.7343753265624999 0.42968759375000004 0.7390626625000001 0.42968759375000004 0.7453126625000001 0.4234372203125 0.7484373375 0.4234372203125 0.75 0.42187518749999997 0.7515626625 0.42187518749999997 0.7546873374999999 0.41875037343750005 0.7546873374999999 0.41718759375000003 0.75625 0.41562481250000005 0.75625 0.4125 0.7578126625 0.4109372203125 0.7578126625 0.3531248125 0.75625 0.3515627796875 0.75625 0.3375 0.7546873374999999 0.3359372203125 0.7546873374999999 0.33125037343749997 0.7531246734375 0.32968759375 0.7531246734375 0.3281248125 0.7515626625 0.3265627796875 0.75 0.3265627796875 0.7468753265625 0.3234372203125 0.7453126625000001 0.3234372203125 0.7421873375 0.32031240625 0.7406246734375 0.32031240625 0.7390626625000001 0.3187503734375 0.7375 0.3187503734375 0.7343753265624999 0.31562481249999996 0.7328126625 0.31562481249999996 0.73125 0.3140627796875 0.7265626625 0.3140627796875 0.7218746734375 0.30937518750000004 0.71875 0.30937518750000004 0.7171873375 0.30781240625 0.7109373375 0.30781240625 0.7093746734375 0.3062503734375 0.70625 0.30937518750000004 0.70625 0.3109372203125 0.7015626625 0.31562481249999996 0.7 0.3140627796875 0.6953126625 0.3140627796875 0.69375 0.3125 0.6906246734375 0.3125 0.6843753265625 0.3062503734375 0.675 0.3062503734375 0.6734373375 0.30781240625 0.6578126625 0.30781240625 0.65625 0.30937518750000004 0.6546873375 0.30937518750000004
17 0.2328126625 0.5812503734375001 0.2328126625 0.58281240625 0.22187532656250003 0.5937503734375 0.22031266249999998 0.5937503734375 0.21875 0.5953124062499999 0.21718733750000002 0.5953124062499999 0.2093746734375 0.6031248125 0.2078126625 0.6031248125 0.2046873375 0.6062503734375 0.2031253265625 0.6062503734375 0.1984373375 0.6109372203125 0.1968746734375 0.6109372203125 0.19375 0.6140627796875 0.19375 0.6156248125 0.1875 0.6218751874999999 0.1875 0.7109372203125 0.18906266249999998 0.7109372203125 0.19375 0.7156248125 0.19531266249999998 0.7156248125 0.1968746734375 0.7171875937500001 0.1984373375 0.7171875937500001 0.2 0.7187503734375 0.2015626625 0.7187503734375 0.2046873375 0.7218751875 0.20625 0.7218751875 0.2078126625 0.7234372203125 0.2093746734375 0.7234372203125 0.21562467343749997 0.72968759375 0.21875 0.72968759375 0.22031266249999998 0.7312503734375 0.22187532656250003 0.7312503734375 0.22656266249999998 0.7359372203125 0.22812467343749998 0.7359372203125 0.2343753265625 0.74218759375 0.2359373375 0.74218759375 0.2375 0.7437503734375001 0.2390626625 0.7437503734375001 0.24218733750000002 0.7468751874999999 0.24375 0.7468751874999999 0.2453126625 0.7484372203125 0.2593746734375 0.7484372203125 0.2640626625 0.7437503734375001 0.26562532656250004 0.7437503734375001 0.2671873375 0.74218759375 0.26875 0.74218759375 0.2734373375 0.7375 0.275 0.7375 0.2765626625 0.7359372203125 0.27812467343749997 0.7359372203125 0.28437532656250003 0.72968759375 0.2875 0.72968759375 0.2890626625 0.7281248125 0.2906246734375 0.7281248125 0.29375 0.725 0.29687532656250004 0.725 0.2984373375 0.7234372203125 0.3031246734375 0.7234372203125 0.3046873375 0.7218751875 0.30625 0.7218751875 0.30937467343749997 0.7187503734375 0.3109373375 0.7187503734375 0.3125 0.7171875937500001 0.3140626625 0.7171875937500001 0.3203126625 0.7109372203125 0.3203126625 0.6312503734375 0.31875 0.62968759375 0.31875 0.625 0.3171873375 0.6234372203125 0.3171873375 0.62031240625 0.3156246734375 0.6187503734375001 0.3156246734375 0.61718759375 0.3109373375 0.6125 0.30937467343749997 0.6125 0.3078126625 0.6109372203125 0.30625 0.6109372203125 0.30156266249999997 0.6062503734375 0.3 0.6062503734375 0.2953126625 0.6015627796875 0.29375 0.6015627796875 0.29218733750000003 0.6 0.2906246734375 0.6 0.28437532656250003 0.5937503734375 0.28125 0.5937503734375 0.275 0.5875 0.2734373375 0.5875 0.2671873375 0.5812503734375001 0.2640626625 0.5812503734375001 0.26093733750000003 0.5781248125 0.24375 0.5781248125 0.24218733750000002 0.57968759375 0.2375 0.57968759375 0.2359373375 0.5812503734375001 0.2328126625 0.5812503734375001
32 0.525 0.7343751875 0.525 0.7718751875 0.5265626625000001 0.7734372203125 0.5281246734375 0.7734372203125 0.5328126625 0.7781248125 0.5593746734375 0.7781248125 0.5593746734375 0.7765627796875 0.5625 0.7734372203125 0.5625 0.7718751875 0.5656246734375 0.7687503734375001 0.5656246734375 0.76718759375 0.5671873374999999 0.7656248125 0.5671873374999999 0.7437503734375001 0.5656246734375 0.74218759375 0.5656246734375 0.7390627796875 0.5609373375 0.7343751875 0.5609373375 0.73281240625 0.5593746734375 0.7312503734375 0.5578126625000001 0.7312503734375 0.5546873375 0.7281248125 0.5546873375 0.7265627796875 0.5531253265625 0.725 0.5515626625000001 0.725 0.55 0.7234372203125 0.5359373374999999 0.7234372203125 0.5343746734375 0.725 0.5328126625 0.725 0.5328126625 0.7265627796875 0.525 0.7343751875
35 0.3890626625 0.5937503734375 0.3875 0.5953124062499999 0.3828126625 0.5953124062499999 0.38125 0.5968751875 0.3796873375 0.5968751875 0.3765626625 0.6 0.3765626625 0.60468759375 0.3781246734375 0.6062503734375 0.3781246734375 0.6093751875 0.375 0.6125 0.3734373375 0.6125 0.37187467343749997 0.6140627796875 0.36875 0.6140627796875 0.3656253265625 0.6109372203125 0.3656253265625 0.6031248125 0.36406266249999997 0.6031248125 0.3625 0.60468759375 0.3609373375 0.60468759375 0.35937532656250004 0.6062503734375 0.3531246734375 0.6062503734375 0.3515626625 0.60781240625 0.35 0.60781240625 0.3484373375 0.6093751875 0.3468746734375 0.6093751875 0.3375 0.6187503734375001 0.3359373375 0.6187503734375001 0.3343753265625 0.62031240625 0.3343753265625 0.7109372203125 0.3359373375 0.7109372203125 0.3421873375 0.7171875937500001 0.3453126625 0.7171875937500001 0.35 0.7218751875 0.3515626625 0.7218751875 0.3531246734375 0.7234372203125 0.35625 0.7234372203125 0.3578126625 0.725 0.3609373375 0.725 0.36406266249999997 0.7281248125 0.3671873375 0.7281248125 0.36875 0.72968759375 0.3765626625 0.72968759375 0.3781246734375 0.7281248125 0.3796873375 0.7281248125 0.3843746734375 0.7234372203125 0.41875 0.7234372203125 0.42031266250000004 0.725 0.4218753265625 0.725 0.42343733749999996 0.7234372203125 0.43281266250000006 0.7234372203125 0.4343746734375 0.7218751875 0.43593733749999997 0.7218751875 0.43906266250000003 0.7187503734375 0.4406246734375 0.7187503734375 0.44218733749999994 0.7171875937500001 0.44687467343750004 0.7171875937500001 0.45156266250000004 0.7125 0.4531253265625 0.7125 0.45468733749999996 0.7109372203125 0.4578126625 0.7109372203125 0.45937532656249996 0.7093751875 0.4609373375 0.7093751875 0.4625 0.70781240625 0.4625 0.7062503734375001 0.46406266250000006 0.70468759375 0.46406266250000006 0.6234372203125 0.4625 0.6218751874999999 0.4625 0.62031240625 0.45468733749999996 0.6125 0.4531253265625 0.6125 0.4484373375 0.60781240625 0.44687467343750004 0.60781240625 0.4453126625 0.6062503734375 0.44218733749999994 0.6062503734375 0.4406246734375 0.60468759375 0.43906266250000003 0.60468759375 0.4343746734375 0.6 0.43125 0.6 0.4296873375 0.5984372203125 0.4265626625 0.5984372203125 0.425 0.5968751875 0.42343733749999996 0.5968751875 0.4218753265625 0.5953124062499999 0.41562467343750004 0.5953124062499999 0.4140626625 0.5937503734375 0.4125 0.5937503734375 0.41093733749999994 0.5921875937500001 0.4093746734375 0.5921875937500001 0.40781266250000003 0.5906248125 0.4031246734375 0.5906248125 0.40156266250000006 0.5921875937500001 0.39375 0.5921875937500001 0.3921873375 0.5937503734375 0.3890626625 0.5937503734375
35 0.30937467343749997 0.1484372203125 0.3078126625 0.15 0.30625 0.15 0.3046873375 0.1515627796875 0.3031246734375 0.1515627796875 0.3 0.15468759375000002 0.2984373375 0.15468759375000002 0.29687532656250004 0.15625037343749998 0.29375 0.15625037343749998 0.29218733750000003 0.15781240624999998 0.2906246734375 0.15781240624999998 0.2859373375 0.1625 0.2828126625 0.1625 0.28125 0.1640627796875 0.28125 0.1656248125 0.27812467343749997 0.1687503734375 0.2765626625 0.1687503734375 0.275 0.17031240625 0.2734373375 0.17031240625 0.2734373375 0.1718751875 0.2718746734375 0.1734372203125 0.27031266249999997 0.1734372203125 0.26875 0.175 0.26875 0.1765627796875 0.2640626625 0.1812503734375 0.2640626625 0.24843722031249998 0.2671873375 0.2515627796875 0.2671873375 0.25312481249999996 0.26875 0.25468759375 0.26875 0.2593751875 0.2734373375 0.2640627796875 0.2734373375 0.2656248125 0.275 0.26718759375 0.275 0.2906248125 0.28125 0.2968751875 0.2828126625 0.2968751875 0.28437532656250003 0.2984372203125 0.2875 0.2984372203125 0.2890626625 0.3 0.29218733750000003 0.3 0.2953126625 0.3031248125 0.29687532656250004 0.3031248125 0.2984373375 0.30468759375 0.30156266249999997 0.30468759375 0.3078126625 0.3109372203125 0.3109373375 0.3109372203125 0.3140626625 0.3140627796875 0.3156246734375 0.3140627796875 0.3171873375 0.31562481249999996 0.31875 0.31562481249999996 0.3203126625 0.31718759375 0.3296873375 0.31718759375 0.33125 0.31562481249999996 0.33281266249999997 0.31562481249999996 0.3359373375 0.3125 0.3375 0.3125 0.3390626625 0.3109372203125 0.34062467343749997 0.3109372203125 0.3468746734375 0.30468759375 0.35 0.30468759375 0.35468733750000003 0.3 0.35625 0.3 0.3578126625 0.2984372203125 0.35937532656250004 0.2984372203125 0.36406266249999997 0.2937503734375 0.3656253265625 0.2937503734375 0.3671873375 0.29218759375 0.37187467343749997 0.29218759375 0.3734373375 0.2906248125 0.3765626625 0.2906248125 0.3796873375 0.2875 0.38125 0.2875 0.3828126625 0.2859372203125 0.3843746734375 0.2859372203125 0.38593733750000003 0.2843751875 0.38593733750000003 0.28281240625000004 0.3890626625 0.27968759374999996 0.39062532656250004 0.27968759374999996 0.3921873375 0.2781248125 0.3921873375 0.2734372203125 0.39375 0.2718751875 0.39375 0.25781240625 0.3921873375 0.2562503734375 0.3921873375 0.18437518749999998 0.39062532656250004 0.18281240625 0.39062532656250004 0.1812503734375 0.3890626625 0.1812503734375 0.38593733750000003 0.1781248125 0.38593733750000003 0.1765627796875 0.3843746734375 0.1765627796875 0.3828126625 0.175 0.38125 0.175 0.3765626625 0.17031240625 0.375 0.17031240625 0.3734373375 0.1687503734375 0.3703126625 0.1687503734375 0.3671873375 0.1656248125 0.3671873375 0.1640627796875 0.3656253265625 0.1640627796875 0.36406266249999997 0.1625 0.3625 0.1625 0.3609373375 0.1609372203125 0.35937532656250004 0.1609372203125 0.35625 0.15781240624999998 0.35468733750000003 0.15781240624999998 0.3531246734375 0.15625037343749998 0.3515626625 0.15625037343749998 0.35 0.15468759375000002 0.3484373375 0.15468759375000002 0.34375 0.15 0.34062467343749997 0.15 0.3359373375 0.14531240625 0.3343753265625 0.14531240625 0.33281266249999997 0.1437503734375 0.3171873375 0.1437503734375 0.3156246734375 0.14531240625 0.3140626625 0.14531240625 0.3109373375 0.1484372203125 0.30937467343749997 0.1484372203125
37 0.3109373375 0.72968759375 0.30937467343749997 0.7312503734375 0.3078126625 0.7312503734375 0.3046873375 0.7343751875 0.3046873375 0.7359372203125 0.3031246734375 0.7375 0.30156266249999997 0.7375 0.29687532656250004 0.74218759375 0.2953126625 0.74218759375 0.29375 0.7437503734375001 0.29218733750000003 0.7437503734375001 0.2906246734375 0.74531240625 0.2890626625 0.74531240625 0.2859373375 0.7484372203125 0.28437532656250003 0.7484372203125 0.2828126625 0.75 0.28125 0.75 0.2765626625 0.75468759375 0.275 0.75468759375 0.2734373375 0.7562503734375 0.27031266249999997 0.7562503734375 0.2640626625 0.7625 0.2625 0.7625 0.26093733750000003 0.7640627796875 0.26093733750000003 0.8546875937499999 0.2625 0.8562496265625 0.2640626625 0.8562496265625 0.26875 0.8609372203125 0.27031266249999997 0.8609372203125 0.2718746734375 0.8625 0.2734373375 0.8625 0.275 0.8640627796875 0.275 0.8656248124999999 0.2765626625 0.86718759375 0.2796873375 0.86718759375 0.28125 0.8687503734375 0.2828126625 0.8687503734375 0.2875 0.8734372203125 0.2906246734375 0.8734372203125 0.29687532656250004 0.8796875937499999 0.3 0.8796875937499999 0.3046873375 0.8843751875000001 0.30625 0.8843751875000001 0.3078126625 0.8859372203125 0.30937467343749997 0.8859372203125 0.3125 0.8890627796875 0.3125 0.8906248124999999 0.3140626625 0.8906248124999999 0.3156246734375 0.8921875937499999 0.3171873375 0.8921875937499999 0.3203126625 0.8953124062500001 0.32812532656250004 0.8953124062500001 0.3296873375 0.8937503734375 0.33281266249999997 0.8937503734375 0.3343753265625 0.8921875937499999 0.3359373375 0.8921875937499999 0.3375 0.8906248124999999 0.3390626625 0.8906248124999999 0.34375 0.8859372203125 0.3453126625 0.8859372203125 0.3515626625 0.8796875937499999 0.35468733750000003 0.8796875937499999 0.35937532656250004 0.875 0.3609373375 0.875 0.3625 0.8734372203125 0.3656253265625 0.8734372203125 0.3703126625 0.8687503734375 0.37187467343749997 0.8687503734375 0.3734373375 0.86718759375 0.375 0.86718759375 0.3765626625 0.8656248124999999 0.3781246734375 0.8656248124999999 0.3843746734375 0.8593751875000001 0.38593733750000003 0.8593751875000001 0.38593733750000003 0.8578124062500001 0.3890626625 0.8546875937499999 0.39062532656250004 0.8546875937499999 0.39062532656250004 0.8531248124999999 0.3921873375 0.8515627796875 0.3921873375 0.7812503734375 0.3875 0.7765627796875 0.38593733750000003 0.7765627796875 0.3843746734375 0.775 0.3828126625 0.775 0.3796873375 0.7718751875 0.3796873375 0.77031240625 0.3734373375 0.7640627796875 0.3734373375 0.7531248125000001 0.37187467343749997 0.7515627796875 0.37187467343749997 0.75 0.3703126625 0.75 0.36406266249999997 0.7437503734375001 0.3609373375 0.7437503734375001 0.35937532656250004 0.74218759375 0.3578126625 0.74218759375 0.3531246734375 0.7375 0.3515626625 0.7375 0.3453126625 0.7312503734375 0.3421873375 0.7312503734375 0.34062467343749997 0.72968759375 0.3390626625 0.72968759375 0.3359373375 0.7265627796875 0.3343753265625 0.7265627796875 0.33281266249999997 0.725 0.31875 0.725 0.3171873375 0.7265627796875 0.3156246734375 0.7265627796875 0.3125 0.72968759375 0.3109373375 0.72968759375
17 0.5328126625 0.29531240625 0.5281246734375 0.3 0.5265626625000001 0.3 0.5218753265625 0.30468759375 0.5203126625000001 0.30468759375 0.5171873375 0.30781240625 0.5156253265624999 0.30781240625 0.5125 0.3109372203125 0.5109373374999999 0.3109372203125 0.5093746734375 0.3125 0.5078126625 0.3125 0.5015626625 0.3187503734375 0.5 0.3187503734375 0.49843733749999997 0.32031240625 0.4968746734375 0.32031240625 0.49375 0.3234372203125 0.4921873375 0.3234372203125 0.49062532656249996 0.325 0.4890626625 0.325 0.4875 0.3265627796875 0.48593733749999996 0.3265627796875 0.48281266250000004 0.32968759375 0.48281266250000004 0.4015627796875 0.48593733749999996 0.40468759375 0.4875 0.40468759375 0.4890626625 0.40625037343750003 0.49062532656249996 0.40625037343750003 0.49531266250000006 0.4109372203125 0.4968746734375 0.4109372203125 0.5 0.4140627796875 0.5 0.41718759375000003 0.5015626625 0.41875037343750005 0.5015626625 0.4343751875 0.5031246734375 0.4359372203125 0.5031246734375 0.4390627796875 0.50625 0.44218759375000005 0.5078126625 0.44218759375000005 0.5093746734375 0.44374962656249994 0.5109373374999999 0.44374962656249994 0.5125 0.44531240624999996 0.5140626625 0.44531240624999996 0.5156253265624999 0.4468751875 0.51875 0.4468751875 0.5203126625000001 0.4484372203125 0.5234373375 0.4484372203125 0.5265626625000001 0.4515627796875 0.5281246734375 0.4515627796875 0.53125 0.45468759375 0.5328126625 0.45468759375 0.5375 0.45937518749999995 0.5406246734375 0.45937518749999995 0.5421873374999999 0.4609372203125 0.5484373375 0.4609372203125 0.55 0.45937518749999995 0.5531253265625 0.45937518749999995 0.5578126625000001 0.45468759375 0.5593746734375 0.45468759375 0.5640626625 0.45 0.5656246734375 0.45 0.5671873374999999 0.4484372203125 0.5703126625 0.4484372203125 0.575 0.44374962656249994 0.5765626625 0.44374962656249994 0.5781253265624999 0.44218759375000005 0.5796873375 0.44218759375000005 0.58125 0.4406248125 0.5828126625000001 0.4406248125 0.5859373375 0.4375 0.5875 0.4375 0.5890626625000001 0.4359372203125 0.5921873375 0.4359372203125 0.5968746734375 0.43125037343750006 0.5984373374999999 0.43125037343750006 0.6 0.42968759375000004 0.6015626625 0.42968759375000004 0.6109373375 0.42031240625 0.6109373375 0.41562481250000005 0.6125 0.4140627796875 0.6125 0.39531240625 0.6109373375 0.39375037343749997 0.6109373375 0.37187518750000004 0.6125 0.37031240625 0.6125 0.3531248125 0.6109373375 0.3515627796875 0.6109373375 0.34531240625000004 0.6093753265624999 0.3437503734375 0.60625 0.3437503734375 0.6046873374999999 0.34218759374999996 0.6031246734375 0.34218759374999996 0.5968746734375 0.3359372203125 0.5968746734375 0.3343751875 0.59375 0.33125037343749997 0.59375 0.32968759375 0.5921873375 0.3281248125 0.5921873375 0.32031240625 0.5906246734375 0.3187503734375 0.5906246734375 0.31718759375 0.5859373375 0.3125 0.5843753265625 0.3125 0.5828126625000001 0.3109372203125 0.58125 0.3109372203125 0.5781253265624999 0.30781240625 0.5765626625 0.30781240625 0.575 0.3062503734375 0.5718746734375 0.3062503734375 0.5703126625 0.30468759375 0.56875 0.30468759375 0.5640626625 0.3 0.5625 0.3 0.5593746734375 0.2968751875 0.5578126625000001 0.2968751875 0.5546873375 0.2937503734375 0.5484373375 0.2937503734375 0.5468753265624999 0.29218759375 0.5453126625 0.2937503734375 0.5359373374999999 0.2937503734375 0.5343746734375 0.29531240625 0.5328126625 0.29531240625
32 0.6046873374999999 0.2937503734375 0.6 0.2984372203125 0.6 0.3015627796875 0.5984373374999999 0.3031248125 0.5984373374999999 0.3359372203125 0.6 0.3375 0.6 0.3390627796875 0.6031246734375 0.34218759374999996 0.6296873374999999 0.34218759374999996 0.63125 0.3406248125 0.6328126625 0.3406248125 0.6343746734375 0.3390627796875 0.6343746734375 0.3375 0.6359373374999999 0.3359372203125 0.6359373374999999 0.3281248125 0.6375 0.3265627796875 0.6375 0.325 0.6359373374999999 0.3234372203125 0.6359373374999999 0.3 0.6343746734375 0.2984372203125 0.6343746734375 0.2968751875 0.625 0.2875 0.6078126625 0.2875 0.60625 0.2890627796875 0.60625 0.2906248125 0.6046873374999999 0.29218759375 0.6046873374999999 0.2937503734375
2 0.44375 0.3984372203125 0.44218733749999994 0.4 0.44218733749999994 0.425 0.44375 0.4265627796875 0.44375 0.42968759375000004 0.4484373375 0.4343751875 0.4484373375 0.4359372203125 0.45 0.4375 0.45 0.4390627796875 0.4531253265625 0.44218759375000005 0.49062532656249996 0.44218759375000005 0.4921873375 0.4406248125 0.4921873375 0.4390627796875 0.49531266250000006 0.4359372203125 0.4968746734375 0.4359372203125 0.49843733749999997 0.4343751875 0.49843733749999997 0.43281240624999995 0.5031246734375 0.4281248125 0.5031246734375 0.4140627796875 0.5 0.4109372203125 0.49843733749999997 0.4109372203125 0.4968746734375 0.40937518749999996 0.4968746734375 0.40781240625 0.49062532656249996 0.40781240625 0.4890626625 0.40625037343750003 0.4843753265625 0.40625037343750003 0.48125 0.40312481250000004 0.48125 0.4015627796875 0.4796873375 0.4 0.4796873375 0.39531240625 0.475 0.3906248125 0.475 0.3890627796875 0.4718746734375 0.3859372203125 0.4718746734375 0.3843751875 0.45468733749999996 0.3843751875 0.45156266250000004 0.3875 0.45 0.3875 0.44375 0.39375037343749997 0.44375 0.3984372203125
37 0.7531246734375 0.4390627796875 0.75 0.44218759375000005 0.7484373375 0.44218759375000005 0.7468753265625 0.44374962656249994 0.7421873375 0.44374962656249994 0.7406246734375 0.44531240624999996 0.7390626625000001 0.44531240624999996 0.7343753265624999 0.45 0.7328126625 0.45 0.73125 0.4515627796875 0.7296873374999999 0.4515627796875 0.7281246734375 0.45312481250000003 0.7265626625 0.45312481250000003 0.7218746734375 0.45781240624999997 0.7203126625 0.45781240624999997 0.7203126625 0.45937518749999995 0.7171873375 0.4625 0.7171873375 0.46562481250000004 0.7140626625000001 0.46875037343750003 0.7140626625000001 0.4734372203125 0.7125 0.475 0.7125 0.48125037343750005 0.7109373375 0.48281240625 0.7109373375 0.48437518749999997 0.7093746734375 0.4859372203125 0.7078126625000001 0.4859372203125 0.70625 0.4875 0.7046873375 0.4875 0.7031253265624999 0.4890627796875 0.7015626625 0.4890627796875 0.7 0.4906248125 0.7 0.49218759375000004 0.6984373374999999 0.49375037343750006 0.6984373374999999 0.5656248125000001 0.7 0.56718759375 0.7 0.5687496265624999 0.7031253265624999 0.5718751875 0.7046873375 0.5718751875 0.7125 0.57968759375 0.7140626625000001 0.57968759375 0.7156253265625 0.5812503734375001 0.7171873375 0.5812503734375001 0.7218746734375 0.5859372203125 0.725 0.5859372203125 0.7265626625 0.5875 0.7281246734375 0.5875 0.7328126625 0.5921875937500001 0.7359373375 0.5921875937500001 0.7406246734375 0.5968751875 0.7421873375 0.5968751875 0.74375 0.5984372203125 0.7453126625000001 0.5984372203125 0.7468753265625 0.6 0.7484373375 0.6 0.7531246734375 0.60468759375 0.7578126625 0.60468759375 0.7593746734375 0.6062503734375 0.7671873375 0.6062503734375 0.76875 0.60468759375 0.7734373375 0.60468759375 0.775 0.6031248125 0.7765626625000001 0.6031248125 0.78125 0.5984372203125 0.7843746734375 0.5984372203125 0.7890626625 0.5937503734375 0.7906246734375 0.5937503734375 0.7921873374999999 0.5921875937500001 0.7953126625 0.5921875937500001 0.8015626625 0.5859372203125 0.8031246734374999 0.5859372203125 0.8093753265625001 0.57968759375 0.8140626624999999 0.57968759375 0.8203126624999999 0.5734372203125 0.8218746734375 0.5734372203125 0.8234373375 0.5718751875 0.8234373375 0.57031240625 0.8265626625 0.56718759375 0.8281253265625 0.56718759375 0.8296873375 0.5656248125000001 0.8296873375 0.55781240625 0.83125 0.5562503734375001 0.83125 0.5437503734375 0.8296873375 0.54218759375 0.8296873375 0.5015627796875 0.83125 0.5 0.83125 0.48281240625 0.8296873375 0.48125037343750005 0.8296873375 0.47187518749999996 0.8265626625 0.46875037343750003 0.825 0.46875037343750003 0.8218746734375 0.46562481250000004 0.8203126624999999 0.46562481250000004 0.81875 0.4640627796875 0.8171873375 0.4640627796875 0.8156246734374999 0.4625 0.8109373375000001 0.4625 0.8093753265625001 0.4609372203125 0.8078126625 0.4609372203125 0.8031246734374999 0.4562503734375 0.8015626625 0.4562503734375 0.8 0.45468759375 0.7984373375 0.45468759375 0.7953126625 0.4515627796875 0.79375 0.4515627796875 0.7921873374999999 0.45 0.7890626625 0.45 0.7843746734375 0.44531240624999996 0.7828126625 0.44531240624999996 0.78125 0.44374962656249994 0.7781253265625 0.44374962656249994 0.7734373375 0.4390627796875 0.7718746734375 0.4390627796875 0.7703126625000001 0.4375 0.7671873375 0.4375 0.7656253265624999 0.4359372203125 0.7640626625 0.4359372203125 0.7625 0.4375 0.7578126625 0.4375 0.75625 0.4390627796875 0.7531246734375 0.4390627796875
36 0.45 0.45 0.45 0.4515627796875 0.4453126625 0.4562503734375 0.44375 0.4562503734375 0.44218733749999994 0.45781240624999997 0.4406246734375 0.45781240624999997 0.43593733749999997 0.4625 0.4343746734375 0.4625 0.42812532656249996 0.46875037343750003 0.425 0.46875037343750003 0.42343733749999996 0.47031240625 0.42031266250000004 0.47031240625 0.4171873375 0.4734372203125 0.41562467343750004 0.4734372203125 0.41093733749999994 0.47812481250000005 0.41093733749999994 0.47968759375000003 0.4093746734375 0.48125037343750005 0.4093746734375 0.5296875937500001 0.41093733749999994 0.5312503734375 0.41093733749999994 0.5328124062499999 0.4125 0.5343751875 0.4125 0.5390627796875 0.4140626625 0.5406248125 0.4140626625 0.54218759375 0.41562467343750004 0.54218759375 0.41875 0.54531240625 0.41875 0.55781240625 0.42031266250000004 0.5593751874999999 0.42031266250000004 0.5609372203125 0.42343733749999996 0.5640627796875 0.42343733749999996 0.56718759375 0.425 0.5687496265624999 0.425 0.5765627796875 0.4265626625 0.5781248125 0.4265626625 0.57968759375 0.42812532656249996 0.57968759375 0.4343746734375 0.5859372203125 0.4375 0.5859372203125 0.43906266250000003 0.5875 0.4406246734375 0.5875 0.4453126625 0.5921875937500001 0.4484373375 0.5921875937500001 0.4531253265625 0.5968751875 0.45468733749999996 0.5968751875 0.45625 0.5984372203125 0.4578126625 0.5984372203125 0.45937532656249996 0.6 0.4609373375 0.6 0.46406266250000006 0.6031248125 0.46718733749999997 0.6031248125 0.46875 0.60468759375 0.4718746734375 0.60468759375 0.47343733749999994 0.6031248125 0.4765626625 0.6031248125 0.4796873375 0.6 0.48125 0.6 0.48281266250000004 0.5984372203125 0.4843753265625 0.5984372203125 0.4890626625 0.5937503734375 0.49062532656249996 0.5937503734375 0.4921873375 0.5921875937500001 0.49531266250000006 0.5921875937500001 0.5015626625 0.5859372203125 0.5031246734375 0.5859372203125 0.5046873374999999 0.5843751875 0.50625 0.5843751875 0.5093746734375 0.5812503734375001 0.5109373374999999 0.5812503734375001 0.5125 0.57968759375 0.5156253265624999 0.57968759375 0.5171873375 0.5781248125 0.51875 0.5781248125 0.5218753265625 0.575 0.5234373375 0.575 0.525 0.5734372203125 0.5265626625000001 0.5734372203125 0.5328126625 0.56718759375 0.5343746734375 0.56718759375 0.5359373374999999 0.5656248125000001 0.5359373374999999 0.5625 0.5375 0.5609372203125 0.5375 0.5593751874999999 0.5390626625 0.55781240625 0.5390626625 0.49218759375000004 0.5375 0.4906248125 0.5375 0.48281240625 0.5359373374999999 0.48125037343750005 0.5359373374999999 0.4765627796875 0.5343746734375 0.475 0.5328126625 0.475 0.5265626625000001 0.46875037343750003 0.525 0.46875037343750003 0.5234373375 0.46718759375 0.5218753265625 0.46718759375 0.5171873375 0.4625 0.5156253265624999 0.4625 0.5140626625 0.4609372203125 0.5125 0.4609372203125 0.5109373374999999 0.45937518749999995 0.5109373374999999 0.45781240624999997 0.5093746734375 0.4562503734375 0.5078126625 0.4562503734375 0.5046873374999999 0.45312481250000003 0.5046873374999999 0.45 0.5031246734375 0.4484372203125 0.5031246734375 0.44531240624999996 0.5046873374999999 0.44374962656249994 0.4578126625 0.44374962656249994 0.45625 0.44531240624999996 0.45468733749999996 0.44531240624999996 0.45 0.45
2 0.2984373375 0.39375037343749997 0.29687532656250004 0.39531240625 0.29687532656250004 0.4234372203125 0.3 0.4265627796875 0.3 0.4343751875 0.30156266249999997 0.4359372203125 0.3031246734375 0.4359372203125 0.30625 0.4390627796875 0.30625 0.4406248125 0.3078126625 0.44218759375000005 0.3468746734375 0.44218759375000005 0.3484373375 0.4406248125 0.3484373375 0.4390627796875 0.3515626625 0.4359372203125 0.3531246734375 0.4359372203125 0.35468733750000003 0.4343751875 0.35468733750000003 0.4140627796875 0.3484373375 0.40781240625 0.3468746734375 0.40781240625 0.3453126625 0.40625037343750003 0.3390626625 0.40625037343750003 0.3359373375 0.40312481250000004 0.3359373375 0.3984372203125 0.3343753265625 0.3968751875 0.3343753265625 0.39531240625 0.3296873375 0.3906248125 0.3296873375 0.3890627796875 0.32812532656250004 0.3875 0.3265626625 0.3875 0.32343733750000003 0.3843751875 0.3078126625 0.3843751875 0.3046873375 0.3875 0.3031246734375 0.3875 0.2984373375 0.39218759375 0.2984373375 0.39375037343749997
37 0.6093753265624999 0.7281248125 0.6078126625 0.72968759375 0.60625 0.72968759375 0.6046873374999999 0.7312503734375 0.6031246734375 0.7312503734375 0.6015626625 0.73281240625 0.6 0.73281240625 0.5953126625 0.7375 0.59375 0.7375 0.5890626625000001 0.74218759375 0.5875 0.74218759375 0.5859373375 0.7437503734375001 0.5843753265625 0.7437503734375001 0.5828126625000001 0.74531240625 0.58125 0.74531240625 0.58125 0.7468751874999999 0.5781253265624999 0.75 0.5765626625 0.75 0.5718746734375 0.75468759375 0.5703126625 0.75468759375 0.5703126625 0.7562503734375 0.56875 0.75781240625 0.56875 0.7656248125 0.5671873374999999 0.76718759375 0.5671873374999999 0.7687503734375001 0.5546873375 0.7812503734375 0.5546873375 0.8546875937499999 0.5609373375 0.8609372203125 0.5625 0.8609372203125 0.56875 0.86718759375 0.5703126625 0.86718759375 0.5718746734375 0.8687503734375 0.5734373374999999 0.8687503734375 0.575 0.8703124062500001 0.575 0.8718751875 0.5765626625 0.8718751875 0.5781253265624999 0.8734372203125 0.5796873375 0.8734372203125 0.58125 0.875 0.5828126625000001 0.875 0.5875 0.8796875937499999 0.5890626625000001 0.8796875937499999 0.5906246734375 0.8812503734374999 0.5921873375 0.8812503734374999 0.59375 0.88281240625 0.59375 0.8843751875000001 0.5953126625 0.8843751875000001 0.5968746734375 0.8859372203125 0.5984373374999999 0.8859372203125 0.6031246734375 0.8906248124999999 0.6046873374999999 0.8906248124999999 0.60625 0.8921875937499999 0.6078126625 0.8921875937499999 0.6093753265624999 0.8937503734375 0.6109373375 0.8937503734375 0.6125 0.8953124062500001 0.6234373375 0.8953124062500001 0.625 0.8937503734375 0.6265626625 0.8937503734375 0.6281246734375 0.8921875937499999 0.63125 0.8921875937499999 0.6328126625 0.8906248124999999 0.6343746734375 0.8906248124999999 0.6390626625 0.8859372203125 0.6406253265624999 0.8859372203125 0.6468746734375 0.8796875937499999 0.6484373375 0.8796875937499999 0.65 0.8781248125 0.6515626625000001 0.8781248125 0.65625 0.8734372203125 0.6578126625 0.8734372203125 0.6593746734375 0.8718751875 0.6609373374999999 0.8718751875 0.6656246734375 0.86718759375 0.6671873374999999 0.86718759375 0.66875 0.8656248124999999 0.6703126625 0.8656248124999999 0.675 0.8609372203125 0.6765626625000001 0.8609372203125 0.6781246734375 0.8593751875000001 0.6796873375 0.8593751875000001 0.6796873375 0.8578124062500001 0.6843753265625 0.8531248124999999 0.6843753265625 0.85 0.6859373375 0.8484372203125 0.6859373375 0.7718751875 0.6843753265625 0.77031240625 0.6843753265625 0.76718759375 0.6828126625000001 0.7656248125 0.6828126625000001 0.7640627796875 0.6765626625000001 0.75781240625 0.675 0.75781240625 0.6734373375 0.7562503734375 0.6718753265624999 0.7562503734375 0.6671873374999999 0.7515627796875 0.6656246734375 0.7515627796875 0.6640626625 0.75 0.6625 0.75 0.6578126625 0.74531240625 0.65625 0.74531240625 0.6546873375 0.7437503734375001 0.65 0.7437503734375001 0.6453126625000001 0.7390627796875 0.64375 0.7390627796875 0.6421873375 0.7375 0.6406253265624999 0.7375 0.6359373374999999 0.73281240625 0.6343746734375 0.73281240625 0.6328126625 0.7312503734375 0.6296873374999999 0.7312503734375 0.6281246734375 0.72968759375 0.6265626625 0.72968759375 0.6234373375 0.7265627796875 0.6171873375 0.7265627796875 0.6156246734375 0.725 0.6140626625000001 0.7265627796875 0.6125 0.7265627796875 0.6109373375 0.7281248125 0.6093753265624999 0.7281248125
0 0.16875 0.4406248125 0.1671873375 0.44218759375000005 0.16406266249999998 0.44218759375000005 0.1625 0.44374962656249994 0.1609373375 0.44374962656249994 0.1593746734375 0.44531240624999996 0.15625 0.44531240624999996 0.1531246734375 0.4484372203125 0.1515626625 0.4484372203125 0.15 0.45 0.1468746734375 0.45 0.1453126625 0.4515627796875 0.14375 0.4515627796875 0.1390626625 0.4562503734375 0.1359373375 0.4562503734375 0.1343753265625 0.45781240624999997 0.13281266249999998 0.45781240624999997 0.1281246734375 0.4625 0.12656266249999998 0.4625 0.12031266249999999 0.46875037343750003 0.11875 0.46875037343750003 0.11875 0.47031240625 0.1156246734375 0.4734372203125 0.1156246734375 0.475 0.1140626625 0.4765627796875 0.1140626625 0.56718759375 0.1156246734375 0.56718759375 0.11875 0.57031240625 0.11875 0.5718751875 0.12031266249999999 0.5734372203125 0.12343733750000001 0.5734372203125 0.125 0.575 0.12656266249999998 0.575 0.13125 0.57968759375 0.1343753265625 0.57968759375 0.1375 0.58281240625 0.1375 0.5843751875 0.1390626625 0.5843751875 0.14062532656249999 0.5859372203125 0.1421873375 0.5859372203125 0.14375 0.5875 0.1453126625 0.5875 0.14843733750000002 0.5906248125 0.15 0.5906248125 0.1515626625 0.5921875937500001 0.1531246734375 0.5921875937500001 0.1593746734375 0.5984372203125 0.16406266249999998 0.5984372203125 0.1656246734375 0.6 0.1671873375 0.6 0.16875 0.6015627796875 0.16875 0.6031248125 0.1703126625 0.6031248125 0.17187532656249999 0.60468759375 0.1875 0.60468759375 0.18906266249999998 0.6031248125 0.1906253265625 0.6031248125 0.19531266249999998 0.5984372203125 0.1968746734375 0.5984372203125 0.1984373375 0.5968751875 0.2 0.5968751875 0.2031253265625 0.5937503734375 0.2046873375 0.5937503734375 0.20625 0.5921875937500001 0.2078126625 0.5921875937500001 0.2093746734375 0.5906248125 0.21093733750000002 0.5906248125 0.21093733750000002 0.5890627796875 0.2125 0.5875 0.2140626625 0.5875 0.21562467343749997 0.5859372203125 0.22031266249999998 0.5859372203125 0.22187532656250003 0.5843751875 0.2234373375 0.5843751875 0.22656266249999998 0.5812503734375001 0.22812467343749998 0.5812503734375001 0.2296873375 0.57968759375 0.23125 0.57968759375 0.2328126625 0.5781248125 0.2343753265625 0.5781248125 0.2390626625 0.5734372203125 0.2406246734375 0.5734372203125 0.24218733750000002 0.5718751875 0.24218733750000002 0.5687496265624999 0.2453126625 0.5656248125000001 0.2453126625 0.49375037343750006 0.24375 0.49218759375000004 0.24375 0.48125037343750005 0.24218733750000002 0.47968759375000003 0.24218733750000002 0.4765627796875 0.2343753265625 0.46875037343750003 0.23125 0.46875037343750003 0.22812467343749998 0.46562481250000004 0.22656266249999998 0.46562481250000004 0.2234373375 0.4625 0.22187532656250003 0.4625 0.21718733750000002 0.45781240624999997 0.21562467343749997 0.45781240624999997 0.2140626625 0.4562503734375 0.2125 0.4562503734375 0.21093733750000002 0.45468759375 0.2093746734375 0.45468759375 0.20625 0.4515627796875 0.2046873375 0.4515627796875 0.2031253265625 0.45 0.2015626625 0.45 0.1984373375 0.4468751875 0.1984373375 0.44531240624999996 0.1968746734375 0.44531240624999996 0.19531266249999998 0.44374962656249994 0.19375 0.44374962656249994 0.18906266249999998 0.4390627796875 0.18593733750000002 0.4390627796875 0.1843746734375 0.4375 0.175 0.4375 0.1734373375 0.4390627796875 0.17187532656249999 0.4390627796875 0.1703126625 0.4406248125 0.16875 0.4406248125
0 0.6031246734375 0.44374962656249994 0.6015626625 0.44531240624999996 0.5984373374999999 0.44531240624999996 0.59375 0.45 0.59375 0.4515627796875 0.5921873375 0.45312481250000003 0.5906246734375 0.45312481250000003 0.5890626625000001 0.45468759375 0.5875 0.45468759375 0.5859373375 0.4562503734375 0.5828126625000001 0.4562503734375 0.5765626625 0.4625 0.575 0.4625 0.5734373374999999 0.4640627796875 0.5718746734375 0.4640627796875 0.5671873374999999 0.46875037343750003 0.5656246734375 0.46875037343750003 0.5640626625 0.47031240625 0.5625 0.47031240625 0.55625 0.4765627796875 0.55625 0.48437518749999997 0.5546873375 0.4859372203125 0.5546873375 0.4890627796875 0.5531253265625 0.4906248125 0.5531253265625 0.56718759375 0.5609373375 0.575 0.5625 0.575 0.5671873374999999 0.57968759375 0.5703126625 0.57968759375 0.5718746734375 0.5812503734375001 0.5734373374999999 0.5812503734375001 0.5781253265624999 0.5859372203125 0.5828126625000001 0.5859372203125 0.5843753265625 0.5875 0.5859373375 0.5875 0.5875 0.5890627796875 0.5875 0.5906248125 0.5890626625000001 0.5906248125 0.5906246734375 0.5921875937500001 0.59375 0.5921875937500001 0.5953126625 0.5937503734375 0.5968746734375 0.5937503734375 0.5984373374999999 0.5953124062499999 0.5984373374999999 0.5968751875 0.6 0.5968751875 0.6015626625 0.5984372203125 0.6031246734375 0.5984372203125 0.6046873374999999 0.6 0.60625 0.6 0.6078126625 0.6015627796875 0.6093753265624999 0.6015627796875 0.6109373375 0.6031248125 0.6125 0.6031248125 0.6140626625000001 0.60468759375 0.6218746734375 0.60468759375 0.6234373375 0.6031248125 0.625 0.6031248125 0.6281246734375 0.6 0.6296873374999999 0.6 0.63125 0.5984372203125 0.6343746734375 0.5984372203125 0.6375 0.5953124062499999 0.6390626625 0.5953124062499999 0.6406253265624999 0.5937503734375 0.6421873375 0.5937503734375 0.64375 0.5921875937500001 0.6468746734375 0.5921875937500001 0.6515626625000001 0.5875 0.6531246734375 0.5875 0.6546873375 0.5859372203125 0.6609373374999999 0.5859372203125 0.6625 0.5843751875 0.6640626625 0.5843751875 0.6671873374999999 0.5812503734375001 0.66875 0.5812503734375001 0.6703126625 0.57968759375 0.6718753265624999 0.57968759375 0.6734373375 0.5781248125 0.6734373375 0.5765627796875 0.675 0.575 0.6765626625000001 0.575 0.6796873375 0.5718751875 0.6796873375 0.57031240625 0.6843753265625 0.5656248125000001 0.6843753265625 0.49531240624999995 0.6828126625000001 0.49375037343750006 0.68125 0.49375037343750006 0.6765626625000001 0.4890627796875 0.675 0.4890627796875 0.6734373375 0.4875 0.6703126625 0.4875 0.6671873374999999 0.48437518749999997 0.6671873374999999 0.48125037343750005 0.6656246734375 0.47968759375000003 0.6656246734375 0.4765627796875 0.6640626625 0.475 0.6640626625 0.4734372203125 0.6625 0.47187518749999996 0.6625 0.46875037343750003 0.6609373374999999 0.46718759375 0.6609373374999999 0.4640627796875 0.6593746734375 0.4625 0.6593746734375 0.4609372203125 0.65625 0.45781240624999997 0.6546873375 0.45781240624999997 0.6531246734375 0.4562503734375 0.6515626625000001 0.4562503734375 0.65 0.45468759375 0.6484373375 0.45468759375 0.6453126625000001 0.4515627796875 0.64375 0.4515627796875 0.6421873375 0.45 0.6406253265624999 0.45 0.6343746734375 0.44374962656249994 0.6328126625 0.44374962656249994 0.63125 0.44218759375000005 0.6296873374999999 0.44218759375000005 0.6281246734375 0.4406248125 0.6265626625 0.4406248125 0.625 0.4390627796875 0.6171873375 0.4390627796875 0.6156246734375 0.4406248125 0.6078126625 0.4406248125 0.6046873374999999 0.44374962656249994 0.6031246734375 0.44374962656249994
36 0.2953126625 0.4562503734375 0.2906246734375 0.4609372203125 0.2890626625 0.4609372203125 0.2828126625 0.46718759375 0.28125 0.46718759375 0.2796873375 0.46875037343750003 0.27812467343749997 0.46875037343750003 0.2765626625 0.47031240625 0.275 0.47031240625 0.2718746734375 0.4734372203125 0.27031266249999997 0.4734372203125 0.26875 0.475 0.26562532656250004 0.475 0.2625 0.47812481250000005 0.2625 0.47968759375000003 0.26093733750000003 0.48125037343750005 0.26093733750000003 0.5593751874999999 0.2625 0.5609372203125 0.2625 0.5640627796875 0.26562532656250004 0.56718759375 0.2671873375 0.56718759375 0.2718746734375 0.5718751875 0.2734373375 0.5718751875 0.275 0.5734372203125 0.2765626625 0.5734372203125 0.28125 0.5781248125 0.2828126625 0.5781248125 0.28437532656250003 0.57968759375 0.2875 0.57968759375 0.2890626625 0.5812503734375001 0.2906246734375 0.5812503734375001 0.2953126625 0.5859372203125 0.2984373375 0.5859372203125 0.30156266249999997 0.5890627796875 0.3031246734375 0.5890627796875 0.30625 0.5921875937500001 0.3078126625 0.5921875937500001 0.3140626625 0.5984372203125 0.3171873375 0.5984372203125 0.31875 0.6 0.3218746734375 0.6 0.32343733750000003 0.6015627796875 0.3296873375 0.6015627796875 0.33125 0.6 0.3359373375 0.6 0.3375 0.5984372203125 0.34062467343749997 0.5984372203125 0.3453126625 0.5937503734375 0.3468746734375 0.5937503734375 0.3484373375 0.5921875937500001 0.3515626625 0.5921875937500001 0.3578126625 0.5859372203125 0.3609373375 0.5859372203125 0.3625 0.5843751875 0.36406266249999997 0.5843751875 0.36875 0.57968759375 0.3703126625 0.57968759375 0.3734373375 0.5765627796875 0.3734373375 0.55781240625 0.375 0.5562503734375001 0.375 0.55468759375 0.3781246734375 0.5515627796875 0.3781246734375 0.5484372203125 0.3796873375 0.5468751875 0.3796873375 0.54218759375 0.38125 0.5406248125 0.38125 0.5390627796875 0.38593733750000003 0.5343751875 0.38593733750000003 0.5328124062499999 0.3875 0.5312503734375 0.3875 0.5281248125 0.3890626625 0.5265627796875 0.3890626625 0.4890627796875 0.38593733750000003 0.4859372203125 0.38593733750000003 0.47968759375000003 0.3843746734375 0.47812481250000005 0.3843746734375 0.4765627796875 0.3765626625 0.46875037343750003 0.3703126625 0.46875037343750003 0.36406266249999997 0.4625 0.35937532656250004 0.4625 0.3578126625 0.4609372203125 0.35625 0.4609372203125 0.3531246734375 0.45781240624999997 0.35 0.45781240624999997 0.3484373375 0.4562503734375 0.3343753265625 0.4562503734375 0.33281266249999997 0.45468759375 0.3171873375 0.45468759375 0.3156246734375 0.45312481250000003 0.3046873375 0.45312481250000003 0.3031246734375 0.45468759375 0.3 0.45468759375 0.2984373375 0.4562503734375 0.2953126625 0.4562503734375
37 0.45937532656249996 0.73281240625 0.45625 0.7359372203125 0.45468733749999996 0.7359372203125 0.4531253265625 0.7375 0.45156266250000004 0.7375 0.45 0.7390627796875 0.4484373375 0.7390627796875 0.4453126625 0.74218759375 0.44218733749999994 0.74218759375 0.4406246734375 0.7437503734375001 0.4375 0.7437503734375001 0.43593733749999997 0.74531240625 0.4343746734375 0.74531240625 0.4296873375 0.75 0.42812532656249996 0.75 0.4265626625 0.7515627796875 0.4265626625 0.7531248125000001 0.425 0.75468759375 0.425 0.7593751875 0.42343733749999996 0.7609372203125 0.42343733749999996 0.7640627796875 0.42031266250000004 0.76718759375 0.42031266250000004 0.7687503734375001 0.41875 0.77031240625 0.41875 0.7718751875 0.41562467343750004 0.775 0.4140626625 0.775 0.4125 0.7765627796875 0.41093733749999994 0.7765627796875 0.40625 0.7812503734375 0.40625 0.8531248124999999 0.40781266250000003 0.8546875937499999 0.4093746734375 0.8546875937499999 0.4125 0.8578124062500001 0.4125 0.8593751875000001 0.4140626625 0.8609372203125 0.41562467343750004 0.8609372203125 0.4218753265625 0.86718759375 0.425 0.86718759375 0.4265626625 0.8687503734375 0.42812532656249996 0.8687503734375 0.43281266250000006 0.8734372203125 0.4343746734375 0.8734372203125 0.43593733749999997 0.875 0.4375 0.875 0.44218733749999994 0.8796875937499999 0.4453126625 0.8796875937499999 0.45156266250000004 0.8859372203125 0.45468733749999996 0.8859372203125 0.45937532656249996 0.8906248124999999 0.4609373375 0.8906248124999999 0.4625 0.8921875937499999 0.46718733749999997 0.8921875937499999 0.46875 0.8937503734375 0.4718746734375 0.8937503734375 0.475 0.8906248124999999 0.4765626625 0.8906248124999999 0.48125 0.8859372203125 0.48281266250000004 0.8859372203125 0.4890626625 0.8796875937499999 0.49062532656249996 0.8796875937499999 0.49531266250000006 0.875 0.4968746734375 0.875 0.49843733749999997 0.8734372203125 0.5015626625 0.8734372203125 0.5078126625 0.86718759375 0.5140626625 0.86718759375 0.5203126625000001 0.8609372203125 0.5234373375 0.8609372203125 0.525 0.8593751875000001 0.5265626625000001 0.8593751875000001 0.53125 0.8546875937499999 0.5343746734375 0.8546875937499999 0.5359373374999999 0.8531248124999999 0.5359373374999999 0.8515627796875 0.5375 0.85 0.5375 0.825 0.5359373374999999 0.8234372203125 0.5359373374999999 0.8171875937499999 0.5375 0.8156248125 0.5359373374999999 0.8140627796875 0.5359373374999999 0.7828124062499999 0.5281246734375 0.775 0.5265626625000001 0.775 0.5234373375 0.7718751875 0.5234373375 0.7687503734375001 0.5218753265625 0.76718759375 0.5218753265625 0.7640627796875 0.51875 0.7609372203125 0.51875 0.7593751875 0.5171873375 0.75781240625 0.5171873375 0.7562503734375 0.5156253265624999 0.75468759375 0.5156253265624999 0.7531248125000001 0.5109373374999999 0.7484372203125 0.5093746734375 0.7484372203125 0.50625 0.74531240625 0.5046873374999999 0.74531240625 0.5031246734375 0.7437503734375001 0.5015626625 0.7437503734375001 0.4968746734375 0.7390627796875 0.49531266250000006 0.7390627796875 0.4890626625 0.73281240625 0.48593733749999996 0.73281240625 0.4843753265625 0.7312503734375 0.4796873375 0.7312503734375 0.47812467343750004 0.72968759375 0.46875 0.72968759375 0.46718733749999997 0.7312503734375 0.4625 0.7312503734375 0.4609373375 0.73281240625 0.45937532656249996 0.73281240625
35 0.5406246734375 0.5906248125 0.5406246734375 0.5937503734375 0.5390626625 0.5953124062499999 0.5390626625 0.5968751875 0.5359373374999999 0.6 0.5359373374999999 0.6015627796875 0.5328126625 0.60468759375 0.5296873375 0.60468759375 0.5281246734375 0.6062503734375 0.5265626625000001 0.6062503734375 0.525 0.60781240625 0.5234373375 0.60781240625 0.5218753265625 0.6093751875 0.5203126625000001 0.6093751875 0.51875 0.6109372203125 0.5171873375 0.6109372203125 0.5140626625 0.6140627796875 0.5109373374999999 0.6140627796875 0.5093746734375 0.6156248125 0.50625 0.6156248125 0.5046873374999999 0.6140627796875 0.5015626625 0.6140627796875 0.5 0.6156248125 0.49843733749999997 0.6156248125 0.4968746734375 0.61718759375 0.49531266250000006 0.61718759375 0.49375 0.6187503734375001 0.4890626625 0.6187503734375001 0.4875 0.62031240625 0.48593733749999996 0.62031240625 0.48125 0.625 0.48125 0.6265627796875 0.4796873375 0.6281248125000001 0.4796873375 0.6359372203125 0.47812467343750004 0.6375 0.47812467343750004 0.7125 0.48281266250000004 0.7171875937500001 0.4843753265625 0.7171875937500001 0.48593733749999996 0.7187503734375 0.4875 0.7187503734375 0.49062532656249996 0.7218751875 0.4921873375 0.7218751875 0.49375 0.7234372203125 0.4968746734375 0.7234372203125 0.5015626625 0.7281248125 0.5046873374999999 0.7281248125 0.50625 0.72968759375 0.5109373374999999 0.72968759375 0.5125 0.7312503734375 0.5171873375 0.7312503734375 0.51875 0.73281240625 0.5218753265625 0.73281240625 0.525 0.72968759375 0.5281246734375 0.72968759375 0.5328126625 0.725 0.5343746734375 0.725 0.5359373374999999 0.7234372203125 0.5531253265625 0.7234372203125 0.5546873375 0.725 0.55625 0.725 0.5593746734375 0.7281248125 0.5609373375 0.7281248125 0.5625 0.72968759375 0.58125 0.72968759375 0.5828126625000001 0.7281248125 0.5843753265625 0.7281248125 0.5890626625000001 0.7234372203125 0.5921873375 0.7234372203125 0.59375 0.7218751875 0.5953126625 0.7218751875 0.5984373374999999 0.7187503734375 0.6 0.7187503734375 0.6015626625 0.7171875937500001 0.6031246734375 0.7171875937500001 0.6046873374999999 0.7156248125 0.6046873374999999 0.7140627796875 0.6078126625 0.7109372203125 0.6093753265624999 0.7109372203125 0.6109373375 0.7093751875 0.6109373375 0.7031248125 0.6125 0.7015627796875 0.6125 0.64218759375 0.6109373375 0.6406248125 0.6109373375 0.625 0.6093753265624999 0.6234372203125 0.6093753265624999 0.6218751874999999 0.60625 0.6187503734375001 0.6046873374999999 0.6187503734375001 0.6 0.6140627796875 0.5984373374999999 0.6140627796875 0.5968746734375 0.6125 0.5953126625 0.6125 0.59375 0.6109372203125 0.5921873375 0.6109372203125 0.5906246734375 0.6093751875 0.5890626625000001 0.6093751875 0.5859373375 0.6062503734375 0.5781253265624999 0.6062503734375 0.5765626625 0.60468759375 0.575 0.60468759375 0.5718746734375 0.6015627796875 0.5656246734375 0.6015627796875 0.5640626625 0.6 0.5625 0.6 0.5593746734375 0.5968751875 0.5593746734375 0.5953124062499999 0.5578126625000001 0.5937503734375 0.5578126625000001 0.5921875937500001 0.5546873375 0.5890627796875 0.5531253265625 0.5890627796875 0.5515626625000001 0.5875 0.55 0.5875 0.5484373375 0.5890627796875 0.54375 0.5890627796875 0.5421873374999999 0.5906248125 0.5406246734375 0.5906248125
36 0.6765626625000001 0.5859372203125 0.6703126625 0.5921875937500001 0.66875 0.5921875937500001 0.6656246734375 0.5953124062499999 0.6640626625 0.5953124062499999 0.6609373374999999 0.5984372203125 0.6593746734375 0.5984372203125 0.6531246734375 0.60468759375 0.6515626625000001 0.60468759375 0.65 0.6062503734375 0.6468746734375 0.6062503734375 0.6453126625000001 0.60781240625 0.64375 0.60781240625 0.64375 0.6093751875 0.6421873375 0.6109372203125 0.6406253265624999 0.6109372203125 0.6390626625 0.6125 0.6359373374999999 0.6125 0.6343746734375 0.6140627796875 0.6328126625 0.6140627796875 0.6281246734375 0.6187503734375001 0.6265626625 0.6187503734375001 0.6234373375 0.6218751874999999 0.6234373375 0.7031248125 0.625 0.70468759375 0.625 0.7093751875 0.6265626625 0.7109372203125 0.6281246734375 0.7109372203125 0.6343746734375 0.7171875937500001 0.6375 0.7171875937500001 0.6390626625 0.7187503734375 0.6406253265624999 0.7187503734375 0.6453126625000001 0.7234372203125 0.65 0.7234372203125 0.6515626625000001 0.725 0.6531246734375 0.725 0.6578126625 0.72968759375 0.6609373374999999 0.72968759375 0.6625 0.7312503734375 0.6640626625 0.7312503734375 0.66875 0.7359372203125 0.6718753265624999 0.7359372203125 0.6765626625000001 0.7406248125 0.6781246734375 0.7406248125 0.6796873375 0.74218759375 0.68125 0.74218759375 0.6828126625000001 0.7437503734375001 0.6843753265625 0.7437503734375001 0.6875 0.7468751874999999 0.6968746734375 0.7468751874999999 0.7 0.7437503734375001 0.7015626625 0.7437503734375001 0.7031253265624999 0.74218759375 0.7046873375 0.74218759375 0.70625 0.7406248125 0.7078126625000001 0.7406248125 0.7125 0.7359372203125 0.7156253265625 0.7359372203125 0.7171873375 0.7343751875 0.7171873375 0.73281240625 0.7203126625 0.72968759375 0.7234373374999999 0.72968759375 0.7281246734375 0.725 0.7296873374999999 0.725 0.73125 0.7234372203125 0.7343753265624999 0.7234372203125 0.7390626625000001 0.7187503734375 0.7406246734375 0.7187503734375 0.7421873375 0.7171875937500001 0.7453126625000001 0.7171875937500001 0.7468753265625 0.7156248125 0.7484373375 0.7156248125 0.7484373375 0.7140627796875 0.7515626625 0.7109372203125 0.7531246734375 0.7109372203125 0.7546873374999999 0.7093751875 0.7546873374999999 0.7062503734375001 0.75625 0.70468759375 0.75625 0.7015627796875 0.7578126625 0.7 0.7578126625 0.6437503734375001 0.75625 0.64218759375 0.75625 0.6265627796875 0.7546873374999999 0.625 0.7546873374999999 0.6218751874999999 0.7468753265625 0.6140627796875 0.7453126625000001 0.6140627796875 0.74375 0.6125 0.7421873375 0.6125 0.7406246734375 0.6109372203125 0.7390626625000001 0.6109372203125 0.7359373375 0.60781240625 0.7343753265624999 0.60781240625 0.7328126625 0.6062503734375 0.7281246734375 0.6062503734375 0.7203126625 0.5984372203125 0.71875 0.5984372203125 0.7140626625000001 0.5937503734375 0.7125 0.5937503734375 0.7031253265624999 0.5843751875 0.7015626625 0.5843751875 0.7 0.58281240625 0.6968746734375 0.58281240625 0.6953126625 0.5812503734375001 0.6843753265625 0.5812503734375001 0.6828126625000001 0.58281240625 0.68125 0.58281240625 0.6781246734375 0.5859372203125 0.6765626625000001 0.5859372203125
36 0.22187532656250003 0.30781240625 0.21718733750000002 0.3125 0.21562467343749997 0.3125 0.2125 0.31562481249999996 0.21093733750000002 0.31562481249999996 0.2078126625 0.3187503734375 0.20625 0.3187503734375 0.20625 0.32031240625 0.2015626625 0.325 0.2 0.325 0.1984373375 0.3265627796875 0.1968746734375 0.3265627796875 0.19531266249999998 0.3281248125 0.19531266249999998 0.32968759375 0.1921873375 0.33281240625 0.1921873375 0.3343751875 0.19375 0.3359372203125 0.2031253265625 0.3359372203125 0.2046873375 0.3375 0.2125 0.3375 0.2140626625 0.3390627796875 0.21562467343749997 0.3390627796875 0.21718733750000002 0.3406248125 0.21718733750000002 0.34218759374999996 0.21875 0.3437503734375 0.21875 0.34531240625000004 0.22031266249999998 0.3468751875 0.22031266249999998 0.3484372203125 0.2234373375 0.3515627796875 0.2234373375 0.3531248125 0.225 0.35468759375 0.225 0.35781240625 0.22656266249999998 0.3593751875 0.22656266249999998 0.3609372203125 0.2296873375 0.3640627796875 0.2296873375 0.37031240625 0.225 0.375 0.2234373375 0.375 0.22187532656250003 0.3765627796875 0.22031266249999998 0.3765627796875 0.22031266249999998 0.37812481249999996 0.21875 0.37968759375 0.21718733750000002 0.37968759375 0.21562467343749997 0.3812503734375 0.2140626625 0.3812503734375 0.2125 0.38281240625 0.21093733750000002 0.38281240625 0.2093746734375 0.3843751875 0.2015626625 0.3843751875 0.2 0.38281240625 0.1921873375 0.38281240625 0.1906253265625 0.3843751875 0.18906266249999998 0.3843751875 0.18906266249999998 0.3859372203125 0.1875 0.3875 0.1875 0.41718759375000003 0.2 0.42968759375000004 0.2031253265625 0.42968759375000004 0.2093746734375 0.4359372203125 0.21093733750000002 0.4359372203125 0.2125 0.4375 0.2140626625 0.4375 0.21875 0.44218759375000005 0.22187532656250003 0.44218759375000005 0.22812467343749998 0.4484372203125 0.2296873375 0.4484372203125 0.23125 0.45 0.2328126625 0.45 0.2375 0.45468759375 0.2406246734375 0.45468759375 0.2453126625 0.45937518749999995 0.2578126625 0.45937518749999995 0.26093733750000003 0.4562503734375 0.2625 0.4562503734375 0.2640626625 0.45468759375 0.2671873375 0.45468759375 0.26875 0.45312481250000003 0.27031266249999997 0.45312481250000003 0.2734373375 0.45 0.275 0.45 0.2765626625 0.4484372203125 0.27812467343749997 0.4484372203125 0.2796873375 0.4468751875 0.28125 0.4468751875 0.28125 0.44531240624999996 0.2828126625 0.44374962656249994 0.28437532656250003 0.44374962656249994 0.2859373375 0.44218759375000005 0.2890626625 0.44218759375000005 0.29218733750000003 0.4390627796875 0.29218733750000003 0.4359372203125 0.29375 0.4343751875 0.29375 0.4281248125 0.29218733750000003 0.4265627796875 0.29218733750000003 0.40312481250000004 0.29375 0.4015627796875 0.29375 0.3984372203125 0.2953126625 0.3968751875 0.2953126625 0.39531240625 0.2984373375 0.39218759375 0.2984373375 0.3890627796875 0.30156266249999997 0.3859372203125 0.3031246734375 0.3859372203125 0.30937467343749997 0.37968759375 0.3109373375 0.37968759375 0.3171873375 0.3734372203125 0.31875 0.3734372203125 0.3203126625 0.37187518750000004 0.3203126625 0.3359372203125 0.3109373375 0.3265627796875 0.30937467343749997 0.3265627796875 0.3078126625 0.325 0.30625 0.325 0.3046873375 0.3234372203125 0.3031246734375 0.3234372203125 0.2984373375 0.3187503734375 0.2953126625 0.3187503734375 0.2890626625 0.3125 0.2875 0.3125 0.2859373375 0.3109372203125 0.28437532656250003 0.3109372203125 0.2796873375 0.3062503734375 0.27812467343749997 0.3062503734375 0.2765626625 0.30468759375 0.2734373375 0.30468759375 0.2718746734375 0.3031248125 0.27031266249999997 0.3031248125 0.26875 0.30468759375 0.25312532656250003 0.30468759375 0.2515626625 0.3031248125 0.25 0.3031248125 0.24843733750000002 0.3015627796875 0.2328126625 0.3015627796875 0.22812467343749998 0.3062503734375 0.225 0.3062503734375 0.2234373375 0.30781240625 0.22187532656250003 0.30781240625
34 0.675 0.4390627796875 0.675 0.4406248125 0.6734373375 0.44218759375000005 0.6734373375 0.44374962656249994 0.6718753265624999 0.44531240624999996 0.6718753265624999 0.48437518749999997 0.6734373375 0.48437518749999997 0.675 0.4859372203125 0.7078126625000001 0.4859372203125 0.7109373375 0.48281240625 0.7109373375 0.44218759375000005 0.7093746734375 0.4406248125 0.7093746734375 0.4390627796875 0.7078126625000001 0.4390627796875 0.70625 0.4375 0.7031253265624999 0.4375 0.6984373374999999 0.43281240624999995 0.6984373374999999 0.43125037343750006 0.68125 0.43125037343750006 0.68125 0.4343751875 0.6781246734375 0.4375 0.6765626625000001 0.4375 0.675 0.4390627796875
34 0.38125 0.7265627796875 0.38125 0.72968759375 0.3796873375 0.7312503734375 0.3796873375 0.77031240625 0.3828126625 0.7734372203125 0.3875 0.7734372203125 0.3890626625 0.775 0.40781266250000003 0.775 0.4093746734375 0.7734372203125 0.41562467343750004 0.7734372203125 0.4171873375 0.7718751875 0.4171873375 0.76718759375 0.41875 0.7656248125 0.41875 0.7625 0.42031266250000004 0.7609372203125 0.42031266250000004 0.7562503734375 0.41875 0.75468759375 0.41875 0.75 0.4171873375 0.7484372203125 0.4171873375 0.73281240625 0.41562467343750004 0.7312503734375 0.41562467343750004 0.72968759375 0.40781266250000003 0.7218751875 0.3890626625 0.7218751875 0.38593733750000003 0.725 0.3843746734375 0.725 0.3828126625 0.7265627796875 0.38125 0.7265627796875
17 0.3656253265625 0.3062503734375 0.3609373375 0.3109372203125 0.35937532656250004 0.3109372203125 0.3515626625 0.3187503734375 0.3484373375 0.3187503734375 0.3468746734375 0.32031240625 0.3453126625 0.32031240625 0.34062467343749997 0.325 0.3390626625 0.325 0.33281266249999997 0.33125037343749997 0.33281266249999997 0.39375037343749997 0.3359373375 0.3968751875 0.3359373375 0.3984372203125 0.3375 0.4 0.3375 0.40312481250000004 0.3390626625 0.40468759375 0.34062467343749997 0.40468759375 0.3453126625 0.40937518749999996 0.3468746734375 0.40937518749999996 0.3484373375 0.4109372203125 0.35 0.4109372203125 0.35468733750000003 0.41562481250000005 0.35468733750000003 0.41718759375000003 0.35625 0.41875037343750005 0.35625 0.4265627796875 0.3578126625 0.4281248125 0.3578126625 0.42968759375000004 0.36406266249999997 0.4359372203125 0.3656253265625 0.4359372203125 0.3671873375 0.4375 0.36875 0.4375 0.3703126625 0.4390627796875 0.3703126625 0.4406248125 0.3734373375 0.4406248125 0.375 0.44218759375000005 0.3781246734375 0.44218759375000005 0.3828126625 0.4468751875 0.3843746734375 0.4468751875 0.38593733750000003 0.4484372203125 0.3875 0.4484372203125 0.3890626625 0.45 0.39062532656250004 0.45 0.39531266249999997 0.45468759375 0.4125 0.45468759375 0.4140626625 0.45312481250000003 0.41562467343750004 0.45312481250000003 0.42031266250000004 0.4484372203125 0.425 0.4484372203125 0.4265626625 0.4468751875 0.42812532656249996 0.4468751875 0.43281266250000006 0.44218759375000005 0.43593733749999997 0.44218759375000005 0.4406246734375 0.4375 0.4406246734375 0.4359372203125 0.44218733749999994 0.4343751875 0.44218733749999994 0.4234372203125 0.4406246734375 0.42187518749999997 0.4406246734375 0.4125 0.44218733749999994 0.4109372203125 0.44218733749999994 0.39531240625 0.4484373375 0.3890627796875 0.4484373375 0.3875 0.45 0.3859372203125 0.45156266250000004 0.3859372203125 0.4531253265625 0.3843751875 0.4531253265625 0.38281240625 0.45468733749999996 0.3812503734375 0.45468733749999996 0.37968759375 0.45625 0.37812481249999996 0.45625 0.3765627796875 0.4609373375 0.37187518750000004 0.4609373375 0.3343751875 0.45937532656249996 0.33281240625 0.45937532656249996 0.33125037343749997 0.44687467343750004 0.3187503734375 0.4453126625 0.3187503734375 0.4406246734375 0.3140627796875 0.43906266250000003 0.3140627796875 0.4375 0.3125 0.43593733749999997 0.3125 0.4343746734375 0.3109372203125 0.43281266250000006 0.3109372203125 0.42812532656249996 0.3062503734375 0.4265626625 0.3062503734375 0.42343733749999996 0.3031248125 0.42343733749999996 0.3015627796875 0.4218753265625 0.3 0.42031266250000004 0.3 0.4140626625 0.2937503734375 0.4125 0.2937503734375 0.41093733749999994 0.29218759375 0.3828126625 0.29218759375 0.38125 0.2937503734375 0.3796873375 0.2937503734375 0.3671873375 0.3062503734375 0.3656253265625 0.3062503734375
0 0.5921873375 0.15625037343749998 0.5906246734375 0.15781240624999998 0.5890626625000001 0.15781240624999998 0.5843753265625 0.1625 0.5828126625000001 0.1625 0.58125 0.1640627796875 0.5796873375 0.1640627796875 0.5796873375 0.1656248125 0.5781253265624999 0.16718759375 0.5765626625 0.16718759375 0.575 0.1687503734375 0.5718746734375 0.1687503734375 0.5656246734375 0.175 0.5640626625 0.175 0.5578126625000001 0.1812503734375 0.55625 0.1812503734375 0.55625 0.18281240625 0.5546873375 0.18437518749999998 0.5546873375 0.18593722031249998 0.5531253265625 0.1875 0.5531253265625 0.275 0.5578126625000001 0.27968759374999996 0.5593746734375 0.27968759374999996 0.5656246734375 0.2859372203125 0.5703126625 0.2859372203125 0.5734373374999999 0.2890627796875 0.575 0.2890627796875 0.5765626625 0.2906248125 0.5781253265624999 0.2906248125 0.5796873375 0.29218759375 0.5921873375 0.29218759375 0.59375 0.2937503734375 0.5968746734375 0.2937503734375 0.5984373374999999 0.29218759375 0.6078126625 0.29218759375 0.6093753265624999 0.2906248125 0.6109373375 0.2906248125 0.6140626625000001 0.2875 0.6171873375 0.2875 0.61875 0.2890627796875 0.6218746734375 0.2890627796875 0.6234373375 0.2906248125 0.6265626625 0.2906248125 0.6281246734375 0.29218759375 0.6421873375 0.29218759375 0.64375 0.2906248125 0.6468746734375 0.2906248125 0.6484373375 0.2890627796875 0.65 0.2890627796875 0.6515626625000001 0.2875 0.6531246734375 0.2875 0.6546873375 0.2859372203125 0.6640626625 0.2859372203125 0.6703126625 0.27968759374999996 0.6765626625000001 0.27968759374999996 0.6796873375 0.2765627796875 0.6796873375 0.275 0.68125 0.2734372203125 0.68125 0.25312481249999996 0.6796873375 0.2515627796875 0.6796873375 0.18437518749999998 0.6765626625000001 0.1812503734375 0.6734373375 0.1812503734375 0.6718753265624999 0.17968759375 0.6703126625 0.17968759375 0.6656246734375 0.175 0.6593746734375 0.175 0.6531246734375 0.1687503734375 0.6515626625000001 0.1687503734375 0.65 0.16718759375 0.6484373375 0.16718759375 0.6453126625000001 0.1640627796875 0.64375 0.1640627796875 0.6406253265624999 0.1609372203125 0.6390626625 0.1609372203125 0.6359373374999999 0.15781240624999998 0.6359373374999999 0.15625037343749998 0.6343746734375 0.15625037343749998 0.6296873374999999 0.1515627796875 0.6281246734375 0.1515627796875 0.6265626625 0.15 0.625 0.15 0.6218746734375 0.1468751875 0.60625 0.1468751875 0.6031246734375 0.15 0.6015626625 0.15 0.5953126625 0.15625037343749998 0.5921873375 0.15625037343749998
8 0.2796873375 0.6640627796875 0.22656266249999998 0.6640627796875 0.22656266249999998 0.7234372203125 0.27812467343749997 0.7234372203125 0.2796873375 0.7218751875 0.2796873375 0.6640627796875
25 0.35625 0.45468759375 0.35937532656250004 0.45468759375 0.3625 0.45781240624999997 0.3625 0.45937518749999995 0.36406266249999997 0.4609372203125 0.3656253265625 0.4609372203125 0.3671873375 0.4625 0.36875 0.4625 0.37187467343749997 0.46562481250000004 0.3734373375 0.46562481250000004 0.375 0.46718759375 0.3781246734375 0.46718759375 0.38125 0.47031240625 0.38125 0.47187518749999996 0.3828126625 0.4734372203125 0.39531266249999997 0.4734372203125 0.3984373375 0.47031240625 0.3984373375 0.45781240624999997 0.3968753265625 0.4562503734375 0.39531266249999997 0.4562503734375 0.39375 0.45468759375 0.3921873375 0.45468759375 0.3890626625 0.4515627796875 0.3875 0.4515627796875 0.38593733750000003 0.45 0.3828126625 0.45 0.3796873375 0.4468751875 0.3796873375 0.44531240624999996 0.3781246734375 0.44374962656249994 0.3765626625 0.44374962656249994 0.3734373375 0.4406248125 0.3734373375 0.4390627796875 0.37187467343749997 0.4375 0.3703126625 0.4375 0.36875 0.4359372203125 0.3671873375 0.4359372203125 0.3656253265625 0.4343751875 0.3656253265625 0.43281240624999995 0.3468746734375 0.43281240624999995 0.3468746734375 0.44374962656249994 0.35 0.4468751875 0.35 0.4484372203125 0.35625 0.45468759375
26 0.6296873374999999 0.1531248125 0.63125 0.15468759375000002 0.6343746734375 0.15468759375000002 0.6375 0.15781240624999998 0.6375 0.1593751875 0.6390626625 0.1609372203125 0.6421873375 0.1609372203125 0.64375 0.1625 0.6453126625000001 0.1625 0.6484373375 0.1656248125 0.65 0.1656248125 0.6515626625000001 0.16718759375 0.6531246734375 0.16718759375 0.65625 0.17031240625 0.65625 0.1718751875 0.6578126625 0.1734372203125 0.6609373374999999 0.1734372203125 0.6625 0.175 0.6640626625 0.175 0.6671873374999999 0.1781248125 0.66875 0.1781248125 0.6703126625 0.17968759375 0.6718753265624999 0.17968759375 0.675 0.18281240625 0.675 0.18437518749999998 0.6843753265625 0.18437518749999998 0.6890626625 0.17968759375 0.6890626625 0.1687503734375 0.6859373375 0.1656248125 0.6859373375 0.1640627796875 0.6843753265625 0.1625 0.6828126625000001 0.1625 0.6796873375 0.1593751875 0.6796873375 0.15781240624999998 0.6781246734375 0.15625037343749998 0.675 0.15625037343749998 0.6734373375 0.15468759375000002 0.6718753265624999 0.15468759375000002 0.6671873374999999 0.15 0.6640626625 0.15 0.6609373374999999 0.1468751875 0.6609373374999999 0.14531240625 0.6593746734375 0.1437503734375 0.65625 0.1437503734375 0.6546873375 0.14218759375 0.6531246734375 0.14218759375 0.6484373375 0.1375 0.6468746734375 0.1375 0.6406253265624999 0.13125037343749998 0.6390626625 0.13125037343749998 0.6375 0.12968759375 0.6203126625000001 0.12968759375 0.6203126625000001 0.1484372203125 0.6234373375 0.1484372203125 0.6281246734375 0.1531248125 0.6296873374999999 0.1531248125
7 0.3 0.2906248125 0.30156266249999997 0.29218759375 0.35 0.29218759375 0.3515626625 0.2906248125 0.3531246734375 0.2906248125 0.3531246734375 0.2890627796875 0.35468733750000003 0.2875 0.35468733750000003 0.23281240625000002 0.3515626625 0.22968759374999997 0.35 0.22968759374999997 0.3484373375 0.2281248125 0.3031246734375 0.2281248125 0.2984373375 0.23281240625000002 0.2984373375 0.2812503734375 0.3 0.28281240625000004 0.3 0.2906248125
28 0.7703126625000001 0.4359372203125 0.7765626625000001 0.44218759375000005 0.7781253265625 0.44218759375000005 0.78125 0.44531240624999996 0.78125 0.4468751875 0.7828126625 0.4484372203125 0.7890626625 0.4484372203125 0.7953126625 0.45468759375 0.7968753265624999 0.45468759375 0.8015626625 0.45937518749999995 0.8031246734374999 0.45937518749999995 0.8046873375000001 0.4609372203125 0.8078126625 0.4609372203125 0.8140626624999999 0.46718759375 0.8156246734374999 0.46718759375 0.81875 0.47031240625 0.83125 0.47031240625 0.8328126625 0.46875037343750003 0.8343746734374999 0.46875037343750003 0.8343746734374999 0.4562503734375 0.8265626625 0.4484372203125 0.825 0.4484372203125 0.8203126624999999 0.44374962656249994 0.8156246734374999 0.44374962656249994 0.8093753265625001 0.4375 0.80625 0.4375 0.8046873375000001 0.4359372203125 0.8031246734374999 0.4359372203125 0.7984373375 0.43125037343750006 0.7953126625 0.43125037343750006 0.7921873374999999 0.4281248125 0.7921873374999999 0.4265627796875 0.7906246734375 0.425 0.7875 0.425 0.7859373374999999 0.4234372203125 0.7828126625 0.4234372203125 0.78125 0.42187518749999997 0.7656253265624999 0.42187518749999997 0.7656253265624999 0.4343751875 0.7671873375 0.4343751875 0.76875 0.4359372203125 0.7703126625000001 0.4359372203125
12 0.5718746734375 0.4359372203125 0.5734373374999999 0.4343751875 0.5734373374999999 0.37812481249999996 0.5703126625 0.375 0.5640626625 0.375 0.5625 0.3734372203125 0.5203126625000001 0.3734372203125 0.51875 0.375 0.51875 0.4343751875 0.5203126625000001 0.4359372203125 0.5718746734375 0.4359372203125
33 0.2375 0.2515627796875 0.2375 0.25312481249999996 0.2343753265625 0.2562503734375 0.2343753265625 0.2875 0.2390626625 0.29218759375 0.27031266249999997 0.29218759375 0.2734373375 0.2890627796875 0.2734373375 0.2562503734375 0.2718746734375 0.25468759375 0.2718746734375 0.25312481249999996 0.2671873375 0.24843722031249998 0.2671873375 0.2468751875 0.2640626625 0.2437503734375 0.2625 0.2437503734375 0.26093733750000003 0.24218759374999999 0.24375 0.24218759374999999 0.24375 0.2437503734375 0.24218733750000002 0.24531240625 0.24218733750000002 0.2468751875 0.2375 0.2515627796875
28 0.44687467343750004 0.7140627796875 0.44375 0.7171875937500001 0.44218733749999994 0.7171875937500001 0.4406246734375 0.7187503734375 0.43906266250000003 0.7187503734375 0.43281266250000006 0.725 0.4296873375 0.725 0.42812532656249996 0.7265627796875 0.4265626625 0.7265627796875 0.4218753265625 0.7312503734375 0.42031266250000004 0.7312503734375 0.42031266250000004 0.7515627796875 0.4265626625 0.7515627796875 0.42812532656249996 0.75 0.4296873375 0.75 0.43125 0.7484372203125 0.4343746734375 0.7484372203125 0.4406246734375 0.74218759375 0.44218733749999994 0.74218759375 0.44687467343750004 0.7375 0.4484373375 0.7375 0.45 0.7359372203125 0.4531253265625 0.7359372203125 0.45468733749999996 0.7343751875 0.45468733749999996 0.73281240625 0.4578126625 0.72968759375 0.46406266250000006 0.72968759375 0.46718733749999997 0.7265627796875 0.46718733749999997 0.7234372203125 0.46875 0.7218751875 0.46875 0.7203124062499999 0.47031266250000003 0.7187503734375 0.47031266250000003 0.7140627796875 0.46718733749999997 0.7109372203125 0.4531253265625 0.7109372203125 0.45156266250000004 0.7125 0.45 0.7125 0.4484373375 0.7140627796875 0.44687467343750004 0.7140627796875
26 0.5140626625 0.8625 0.5125 0.8640627796875 0.5125 0.8656248124999999 0.5093746734375 0.8687503734375 0.5031246734375 0.8687503734375 0.4968746734375 0.875 0.49531266250000006 0.875 0.4890626625 0.8812503734374999 0.4843753265625 0.8812503734374999 0.47812467343750004 0.8875 0.4765626625 0.8875 0.4765626625 0.90468759375 0.47812467343750004 0.9062503734374999 0.48593733749999996 0.9062503734374999 0.4875 0.90468759375 0.4921873375 0.90468759375 0.49375 0.9031248125 0.49531266250000006 0.9031248125 0.49843733749999997 0.9 0.5 0.9 0.5015626625 0.8984372203125 0.5031246734375 0.8984372203125 0.5046873374999999 0.8968751875000001 0.5046873374999999 0.8953124062500001 0.5078126625 0.8921875937499999 0.5125 0.8921875937499999 0.5140626625 0.8906248124999999 0.5156253265624999 0.8906248124999999 0.5203126625000001 0.8859372203125 0.5218753265625 0.8859372203125 0.5281246734375 0.8796875937499999 0.53125 0.8796875937499999 0.5328126625 0.8781248125 0.5343746734375 0.8781248125 0.5343746734375 0.8765627796875 0.5375 0.8734372203125 0.5390626625 0.8734372203125 0.5406246734375 0.8718751875 0.5406246734375 0.8703124062500001 0.5421873374999999 0.8687503734375 0.5421873374999999 0.8562496265625 0.5265626625000001 0.8562496265625 0.5218753265625 0.8609372203125 0.5203126625000001 0.8609372203125 0.51875 0.8625 0.5140626625 0.8625
33 0.3843746734375 0.5390627796875 0.3828126625 0.5390627796875 0.3828126625 0.5406248125 0.38125 0.54218759375 0.38125 0.5468751875 0.3796873375 0.5484372203125 0.3796873375 0.5765627796875 0.3828126625 0.57968759375 0.38593733750000003 0.57968759375 0.3875 0.5812503734375001 0.39062532656250004 0.5812503734375001 0.39375 0.5843751875 0.41093733749999994 0.5843751875 0.4140626625 0.5812503734375001 0.41562467343750004 0.5812503734375001 0.4171873375 0.57968759375 0.4171873375 0.5781248125 0.41875 0.5765627796875 0.41875 0.5734372203125 0.42031266250000004 0.5718751875 0.42031266250000004 0.5687496265624999 0.41875 0.56718759375 0.41875 0.5656248125000001 0.4171873375 0.5640627796875 0.4171873375 0.54531240625 0.41562467343750004 0.5437503734375 0.41562467343750004 0.54218759375 0.41093733749999994 0.5375 0.41093733749999994 0.5359372203125 0.4093746734375 0.5343751875 0.4093746734375 0.5328124062499999 0.40781266250000003 0.5312503734375 0.3921873375 0.5312503734375 0.3921873375 0.5328124062499999 0.3875 0.5375 0.38593733750000003 0.5375 0.3843746734375 0.5390627796875
26 0.6640626625 0.2812503734375 0.6593746734375 0.2859372203125 0.6578126625 0.2859372203125 0.65625 0.2875 0.6515626625000001 0.2875 0.6406253265624999 0.2984372203125 0.6406253265624999 0.31718759375 0.6515626625000001 0.31718759375 0.6578126625 0.3109372203125 0.6593746734375 0.3109372203125 0.6656246734375 0.30468759375 0.6671873374999999 0.30468759375 0.66875 0.3031248125 0.6703126625 0.3031248125 0.6734373375 0.3 0.675 0.3 0.6765626625000001 0.2984372203125 0.6781246734375 0.2984372203125 0.6796873375 0.2968751875 0.6796873375 0.29531240625 0.6828126625000001 0.29218759375 0.6843753265625 0.29218759375 0.6859373375 0.2906248125 0.6859373375 0.2890627796875 0.6875 0.2875 0.6875 0.2859372203125 0.6890626625 0.2843751875 0.6890626625 0.27968759374999996 0.6875 0.2781248125 0.6875 0.275 0.6734373375 0.275 0.6718753265624999 0.2765627796875 0.6703126625 0.2765627796875 0.6656246734375 0.2812503734375 0.6640626625 0.2812503734375
12 0.3031246734375 0.8687503734375 0.3046873375 0.8703124062500001 0.3484373375 0.8703124062500001 0.3515626625 0.86718759375 0.3531246734375 0.86718759375 0.3531246734375 0.8125 0.3484373375 0.8078124062500001 0.3 0.8078124062500001 0.3 0.8656248124999999 0.30156266249999997 0.86718759375 0.30156266249999997 0.8687503734375 0.3031246734375 0.8687503734375
28 0.7390626625000001 0.425 0.7375 0.4265627796875 0.7375 0.4281248125 0.7343753265624999 0.43125037343750006 0.73125 0.43125037343750006 0.7296873374999999 0.43281240624999995 0.7281246734375 0.43281240624999995 0.725 0.4359372203125 0.7234373374999999 0.4359372203125 0.7218746734375 0.4375 0.7203126625 0.4375 0.7156253265625 0.44218759375000005 0.7156253265625 0.45937518749999995 0.725 0.45937518749999995 0.725 0.45781240624999997 0.7265626625 0.4562503734375 0.7281246734375 0.4562503734375 0.7296873374999999 0.45468759375 0.7328126625 0.45468759375 0.7343753265624999 0.45312481250000003 0.7359373375 0.45312481250000003 0.7359373375 0.4515627796875 0.7390626625000001 0.4484372203125 0.7421873375 0.4484372203125 0.7468753265625 0.44374962656249994 0.7484373375 0.44374962656249994 0.75 0.44218759375000005 0.7531246734375 0.44218759375000005 0.7546873374999999 0.4406248125 0.7546873374999999 0.4390627796875 0.7578126625 0.4359372203125 0.7593746734375 0.4359372203125 0.7609373374999999 0.4343751875 0.7609373374999999 0.43281240624999995 0.7625 0.43125037343750006 0.7625 0.4234372203125 0.7609373374999999 0.42187518749999997 0.7453126625000001 0.42187518749999997 0.74375 0.4234372203125 0.7421873375 0.4234372203125 0.7406246734375 0.425 0.7390626625000001 0.425
25 0.4765626625 0.3906248125 0.47812467343750004 0.3906248125 0.4796873375 0.3890627796875 0.4796873375 0.3281248125 0.4656246734375 0.3281248125 0.4656246734375 0.3812503734375 0.47031266250000003 0.3859372203125 0.4718746734375 0.3859372203125 0.4765626625 0.3906248125
8 0.49843733749999997 0.5218751875 0.49531266250000006 0.5187503734375001 0.4453126625 0.5187503734375001 0.4453126625 0.57968759375 0.4968746734375 0.57968759375 0.49843733749999997 0.5781248125 0.49843733749999997 0.5218751875
11 0.6671873374999999 0.4343751875 0.66875 0.4359372203125 0.6781246734375 0.4359372203125 0.6843753265625 0.42968759375000004 0.6968746734375 0.42968759375000004 0.7 0.43281240624999995 0.7 0.4343751875 0.7015626625 0.4359372203125 0.7140626625000001 0.4359372203125 0.7171873375 0.43281240624999995 0.7171873375 0.3765627796875 0.7156253265625 0.375 0.7140626625000001 0.375 0.7125 0.3734372203125 0.6656246734375 0.3734372203125 0.6640626625 0.375 0.6640626625 0.43281240624999995 0.6656246734375 0.4343751875 0.6671873374999999 0.4343751875
13 0.38593733750000003 0.4375 0.3875 0.4359372203125 0.4218753265625 0.4359372203125 0.4265626625 0.43125037343750006 0.4265626625 0.3812503734375 0.425 0.37968759375 0.425 0.37812481249999996 0.4218753265625 0.375 0.4140626625 0.375 0.4125 0.3734372203125 0.3796873375 0.3734372203125 0.3781246734375 0.375 0.3734373375 0.375 0.3734373375 0.4375 0.38593733750000003 0.4375
14 0.7906246734375 0.57968759375 0.7906246734375 0.52031240625 0.7890626625 0.5187503734375001 0.7390626625000001 0.5187503734375001 0.7375 0.52031240625 0.7375 0.5781248125 0.7390626625000001 0.57968759375 0.7906246734375 0.57968759375
26 0.6984373374999999 0.18281240625 0.6968746734375 0.1812503734375 0.6828126625000001 0.1812503734375 0.6828126625000001 0.2734372203125 0.6968746734375 0.2734372203125 0.6984373374999999 0.2718751875 0.6984373374999999 0.18281240625
27 0.40468733749999997 0.5281248125 0.40468733749999997 0.51718759375 0.40625 0.5156248125 0.40625 0.5031248125000001 0.40781266250000003 0.5015627796875 0.40781266250000003 0.48125037343750005 0.40468733749999997 0.47812481250000005 0.40468733749999997 0.4734372203125 0.39375 0.4734372203125 0.39375 0.5281248125 0.39531266249999997 0.5296875937500001 0.4031246734375 0.5296875937500001 0.40468733749999997 0.5281248125
26 0.5484373375 0.8531248124999999 0.5484373375 0.8515627796875 0.5531253265625 0.8468751875 0.5531253265625 0.7796875937500001 0.5375 0.7796875937500001 0.5375 0.8531248124999999 0.5390626625 0.8546875937499999 0.5468753265624999 0.8546875937499999 0.5484373375 0.8531248124999999
11 0.4093746734375 0.7234372203125 0.41093733749999994 0.725 0.4125 0.725 0.4140626625 0.7265627796875 0.41562467343750004 0.7265627796875 0.4171873375 0.725 0.41875 0.725 0.42031266250000004 0.7234372203125 0.4218753265625 0.7234372203125 0.42343733749999996 0.7218751875 0.42343733749999996 0.7156248125 0.425 0.7140627796875 0.425 0.67031240625 0.42343733749999996 0.6687503734375 0.42343733749999996 0.6640627796875 0.375 0.6640627796875 0.3734373375 0.6656248125 0.3734373375 0.7203124062499999 0.3765626625 0.7234372203125 0.4093746734375 0.7234372203125
7 0.5328126625 0.725 0.5343746734375 0.725 0.5359373374999999 0.7234372203125 0.5515626625000001 0.7234372203125 0.5531253265625 0.725 0.5546873375 0.725 0.5578126625000001 0.7281248125 0.5656246734375 0.7281248125 0.5703126625 0.7234372203125 0.5718746734375 0.7234372203125 0.5734373374999999 0.7218751875 0.5734373374999999 0.6687503734375 0.5718746734375 0.66718759375 0.5718746734375 0.6656248125 0.5703126625 0.6640627796875 0.56875 0.6640627796875 0.5671873374999999 0.6625 0.51875 0.6625 0.51875 0.7234372203125 0.5234373375 0.7281248125 0.5296873375 0.7281248125 0.5328126625 0.725
10 0.7171873375 0.7218751875 0.7171873375 0.6640627796875 0.6640626625 0.6640627796875 0.6640626625 0.7218751875 0.6656246734375 0.7234372203125 0.7156253265625 0.7234372203125 0.7171873375 0.7218751875
13 0.59375 0.86718759375 0.5953126625 0.8687503734375 0.6359373374999999 0.8687503734375 0.6375 0.86718759375 0.6406253265624999 0.86718759375 0.64375 0.8640627796875 0.64375 0.8625 0.6453126625000001 0.8609372203125 0.6453126625000001 0.8109372203125 0.6421873375 0.8078124062500001 0.59375 0.8078124062500001 0.5906246734375 0.8109372203125 0.5906246734375 0.8656248124999999 0.5921873375 0.86718759375 0.59375 0.86718759375
15 0.49531266250000006 0.8703124062500001 0.4968746734375 0.8687503734375 0.4968746734375 0.86718759375 0.49843733749999997 0.8656248124999999 0.49843733749999997 0.8140627796875 0.49375 0.8093751875 0.4453126625 0.8093751875 0.4453126625 0.86718759375 0.44687467343750004 0.86718759375 0.45 0.8703124062500001 0.49531266250000006 0.8703124062500001
27 0.2593746734375 0.24062481249999998 0.26093733750000003 0.2390627796875 0.26093733750000003 0.18437518749999998 0.24843733750000002 0.18437518749999998 0.24843733750000002 0.2390627796875 0.25 0.2390627796875 0.2515626625 0.24062481249999998 0.2593746734375 0.24062481249999998
29 0.19375 0.3484372203125 0.1921873375 0.35 0.1921873375 0.3531248125 0.1906253265625 0.35468759375 0.18906266249999998 0.35468759375 0.1875 0.3562503734375 0.1875 0.35781240625 0.18593733750000002 0.3593751875 0.18593733750000002 0.37187518750000004 0.1875 0.3734372203125 0.1906253265625 0.3734372203125 0.19375 0.3765627796875 0.19375 0.37812481249999996 0.2015626625 0.3859372203125 0.21562467343749997 0.3859372203125 0.21875 0.38281240625 0.21875 0.3812503734375 0.22031266249999998 0.37968759375 0.22187532656250003 0.37968759375 0.22812467343749998 0.3734372203125 0.23125 0.3734372203125 0.2328126625 0.37187518750000004 0.2343753265625 0.37187518750000004 0.2343753265625 0.3687503734375 0.2328126625 0.36718759375 0.2328126625 0.3656248125 0.23125 0.3640627796875 0.23125 0.3625 0.2296873375 0.3609372203125 0.2296873375 0.3593751875 0.2234373375 0.3531248125 0.2234373375 0.34531240625000004 0.22187532656250003 0.3437503734375 0.22187532656250003 0.34218759374999996 0.21875 0.3390627796875 0.21875 0.3375 0.21562467343749997 0.3343751875 0.21562467343749997 0.33281240625 0.2140626625 0.33281240625 0.2125 0.33125037343749997 0.21093733750000002 0.33125037343749997 0.2093746734375 0.32968759375 0.2078126625 0.32968759375 0.20625 0.3281248125 0.1968746734375 0.3281248125 0.19531266249999998 0.32968759375 0.19531266249999998 0.33281240625 0.19375 0.3343751875 0.19375 0.3484372203125
15 0.59398955625 0.2880381171875 0.59398955625 0.289600896875 0.59555221875 0.2911629296875 0.5971142296874999 0.2911629296875 0.5986768921875 0.29272570937500003 0.60648955625 0.29272570937500003 0.6080522187499999 0.2911629296875 0.6096142296875 0.2911629296875 0.61273955625 0.2880381171875 0.61430221875 0.2880381171875 0.6158642296875 0.286476084375 0.6174268921875 0.2880381171875 0.6221142296875 0.2880381171875 0.62523955625 0.2911629296875 0.62680221875 0.2911629296875 0.6283642296874999 0.29272570937500003 0.6408642296875 0.29272570937500003 0.6424268921875 0.2911629296875 0.6424268921875 0.2880381171875 0.64398955625 0.286476084375 0.64398955625 0.2833505234375 0.64555221875 0.281788490625 0.64555221875 0.2333505234375 0.6424268921875 0.23022570937500003 0.5971142296874999 0.23022570937500003 0.59555221875 0.231788490625 0.5924268921875 0.231788490625 0.5924268921875 0.286476084375 0.59398955625 0.2880381171875
14 0.3 0.5781248125 0.30156266249999997 0.57968759375 0.3531246734375 0.57968759375 0.3531246734375 0.5234372203125 0.3484373375 0.5187503734375001 0.3 0.5187503734375001 0.2984373375 0.52031240625 0.2984373375 0.55781240625 0.3 0.5593751874999999 0.3 0.5781248125
16 0.5946475203125 0.5814648734375 0.5992167109375 0.5814648734375 0.6024804171875 0.5844544093749999 0.6233681468750001 0.5844544093749999 0.6253263703124999 0.5822122578125 0.6298955609375 0.5844544093749999 0.644255875 0.5807174890625 0.6462140984375 0.5754857999999999 0.646866840625 0.553811659375 0.6455613578125 0.522421525 0.640339425 0.518684603125 0.6070496078125001 0.518684603125 0.6037859015625 0.518684603125 0.5946475203125 0.5201793718750001 0.5913838124999999 0.5246636765625 0.5913838124999999 0.5777279515625 0.5946475203125 0.5814648734375
16 0.22715404687500002 0.43273542656249997 0.23368146250000002 0.43796711562499996 0.2787206265625 0.43647234687500003 0.28133159218750003 0.43198804218750003 0.28133159218750003 0.37967115156250003 0.2741514359375 0.373692078125 0.251958225 0.37294469375 0.2513054828125 0.37294469375 0.23498694531250003 0.373692078125 0.229112271875 0.3781763828125 0.2258485640625 0.3863976078125 0.22715404687500002 0.43273542656249997
9 0.1592689296875 0.582959640625 0.185378590625 0.583707025 0.19190600468750002 0.5814648734375 0.2056135765625 0.5814648734375 0.20822454375000002 0.5777279515625 0.20887728437500003 0.5672645734375 0.20887728437500003 0.5306427499999999 0.20691905937500002 0.522421525 0.2030026109375 0.5194319875 0.1964751953125 0.518684603125 0.1618798953125 0.518684603125 0.16122715468749999 0.518684603125 0.1546997390625 0.521674140625 0.15339425625 0.5254110609375 0.154046996875 0.5792227203125 0.1592689296875 0.582959640625
22 0.9328126625 0.45468759375 0.8734373375000001 0.45468759375 0.8734373375000001 0.5359372203125 0.93125 0.5359372203125 0.9328126625 0.5343751875 0.9328126625 0.45468759375
21 0.7296873374999999 0.1640627796875 0.7296873374999999 0.2468751875 0.7859373374999999 0.2468751875 0.7859373374999999 0.1640627796875 0.7296873374999999 0.1640627796875
18 0.2734373375 0.0218751875 0.21875 0.0218751875 0.21875 0.1 0.2718746734375 0.1 0.2734373375 0.09843722031249999 0.2734373375 0.0218751875
18 0.1281246734375 0.6015627796875 0.0734373375 0.6015627796875 0.0734373375 0.6812503734375001 0.12656266249999998 0.6812503734375001 0.1281246734375 0.67968759375 0.1281246734375 0.6015627796875
18 0.5140626625 0.8906248124999999 0.5140626625 0.97031240625 0.5656246734375 0.97031240625 0.5656246734375 0.8906248124999999 0.5140626625 0.8906248124999999
18 0.1296873375 0.3109372203125 0.0703126625 0.3109372203125 0.0703126625 0.39218759375 0.1281246734375 0.39218759375 0.1296873375 0.3906248125 0.1296873375 0.3109372203125
19 0.5671873374999999 0.018750373437500002 0.5109373374999999 0.018750373437500002 0.5109373374999999 0.10156277968750001 0.5656246734375 0.10156277968750001 0.5671873374999999 0.1 0.5671873374999999 0.018750373437500002
23 0.7843746734375 0.825 0.7859373374999999 0.8234372203125 0.7875 0.8234372203125 0.7875 0.74531240625 0.7296873374999999 0.74531240625 0.7296873374999999 0.8265627796875 0.78125 0.8265627796875 0.7828126625 0.825 0.7843746734375 0.825
20 0.21875 0.8890627796875 0.21875 0.9718751875 0.2734373375 0.9718751875 0.2734373375 0.8890627796875 0.21875 0.8890627796875