32 0.3988972609375 0.23529407343750003 0.39705853125 0.2371325921875 0.39705853125 0.23897037031249999 0.393382315625 0.2426474078125 0.393382315625 0.2738970375 0.39705853125 0.27757333281249996 0.4007353671875 0.27757333281249996 0.40441158125000004 0.2812503703125 0.424632628125 0.2812503703125 0.4283088421875 0.27757333281249996 0.43014694843749995 0.27757333281249996 0.43198505625 0.27573555625 0.43198505625 0.2738970375 0.4338237859375 0.27205851875 0.4338237859375 0.25919111093749997 0.43198505625 0.2573525921875 0.43198505625 0.2444851859375 0.424632628125 0.2371325921875 0.424632628125 0.23345555624999997 0.42279389843750004 0.231617778125 0.42279389843750004 0.22977925937500002 0.420955790625 0.22794148125000002 0.4062503109375 0.22794148125000002 0.40441158125000004 0.22977925937500002 0.40441158125000004 0.231617778125 0.4007353671875 0.23529407343750003 0.3988972609375 0.23529407343750003
32 0.54044146875 0.4246325921875 0.5312503109375 0.433823703125 0.5312503109375 0.4613970375 0.5386027390625 0.46875037031250005 0.5643381078124999 0.46875037031250005 0.5661762140625 0.4669118515625 0.56801494375 0.4669118515625 0.5698530515625 0.46507333281249996 0.5698530515625 0.46323555625 0.5716911578125 0.4613970375 0.5716911578125 0.43566148125000004 0.55698505625 0.42095555625000003 0.55698505625 0.41911777812500006 0.5422795765624999 0.41911777812500006 0.544117684375 0.42095555625000003 0.544117684375 0.42279407343750003 0.5422795765624999 0.4246325921875 0.54044146875 0.4246325921875
32 0.2573530515625 0.23897037031249999 0.2573530515625 0.2444851859375 0.25551494375 0.246323703125 0.25551494375 0.2738970375 0.2591911578125 0.27757333281249996 0.261029265625 0.27757333281249996 0.26470610156249996 0.2812503703125 0.26470610156249996 0.28308814843749996 0.28308841875 0.28308814843749996 0.2886027390625 0.27757333281249996 0.29044146875 0.27757333281249996 0.29227957656250003 0.27573555625 0.29227957656250003 0.2738970375 0.295955790625 0.270220740625 0.29779389843750004 0.270220740625 0.29779389843750004 0.2573525921875 0.294117684375 0.25367629687500004 0.294117684375 0.25183851874999996 0.29227957656250003 0.25 0.29227957656250003 0.24080888906250003 0.29044146875 0.23897037031249999 0.29044146875 0.2371325921875 0.2886027390625 0.2371325921875 0.28492652500000004 0.23345555624999997 0.28492652500000004 0.231617778125 0.28308841875 0.22977925937500002 0.266544209375 0.22977925937500002 0.266544209375 0.231617778125 0.262867371875 0.23529407343750003 0.261029265625 0.23529407343750003 0.2573530515625 0.23897037031249999
6 0.4007353671875 0.5661762968749999 0.393382315625 0.5735296296875 0.391544209375 0.5735296296875 0.3841911578125 0.5808822218749999 0.38051494375 0.5808822218749999 0.3786762140625 0.582720740625 0.3768381078125 0.582720740625 0.3713237859375 0.58823555625 0.36948505625 0.58823555625 0.3676469484375 0.5900733328125 0.3676469484375 0.5919118515624999 0.363970734375 0.5955881484375001 0.36029389843750004 0.5955881484375001 0.358455790625 0.5974266671875 0.356617684375 0.5974266671875 0.3511027390625 0.60294148125 0.3511027390625 0.66176444375 0.35294146875 0.6636029625 0.35294146875 0.667279259375 0.35477957656250003 0.6691177781250001 0.35477957656250003 0.67095555625 0.356617684375 0.6727940734375 0.358455790625 0.6727940734375 0.36029389843750004 0.6746325921875 0.363970734375 0.6746325921875 0.375 0.68566148125 0.375 0.7022059265625 0.3768381078125 0.70404444375 0.386029265625 0.70404444375 0.38970610156249996 0.707720740625 0.38970610156249996 0.70955851875 0.391544209375 0.7113970375 0.393382315625 0.7113970375 0.39705853125 0.7150733328125 0.39705853125 0.7169118515624999 0.3988972609375 0.7187503703125 0.40257347499999996 0.7187503703125 0.40441158125000004 0.7205881484375001 0.4062503109375 0.7205881484375001 0.4117646328125 0.7261029625 0.4117646328125 0.72794148125 0.4136027390625 0.729779259375 0.4172795765625 0.729779259375 0.419117684375 0.72794148125 0.420955790625 0.72794148125 0.43014694843749995 0.7187503703125 0.43198505625 0.7187503703125 0.4411762140625 0.70955851875 0.44301494375 0.70955851875 0.4466911578125 0.7058822218749999 0.44852926562500006 0.7058822218749999 0.450367371875 0.70404444375 0.454044209375 0.70404444375 0.455882315625 0.7022059265625 0.45955853125 0.7022059265625 0.4632353671875 0.6985296296875 0.46507347499999996 0.6985296296875 0.46691158125000004 0.6966911109375 0.4687503109375 0.6966911109375 0.4761027390625 0.68933851875 0.4761027390625 0.604779259375 0.4742646328125 0.60294148125 0.4742646328125 0.6011029625 0.47058841874999996 0.5974266671875 0.4687503109375 0.5974266671875 0.46691158125000004 0.5955881484375001 0.46507347499999996 0.5955881484375001 0.4613972609375 0.5919118515624999 0.4613972609375 0.5900733328125 0.45955853125 0.58823555625 0.4577204234375 0.58823555625 0.450367371875 0.5808822218749999 0.44301494375 0.5808822218749999 0.43933810781249993 0.5772059265625 0.43933810781249993 0.5753674078125 0.4375 0.5735296296875 0.43566189218750007 0.5735296296875 0.4283088421875 0.5661762968749999 0.42647073437499994 0.5661762968749999 0.42279389843750004 0.5625 0.40808841874999996 0.5625 0.4062503109375 0.56433851875 0.40441158125000004 0.56433851875 0.40257347499999996 0.5661762968749999 0.4007353671875 0.5661762968749999
35 0.25 0.28676444375 0.2481618921875 0.2886029625 0.24632378593749998 0.2886029625 0.2426469484375 0.292279259375 0.2408088421875 0.292279259375 0.238970734375 0.294117778125 0.237132628125 0.294117778125 0.2297795765625 0.3014703703125 0.22610273906249997 0.3014703703125 0.22426463281250003 0.30330888906250003 0.222426525 0.30330888906250003 0.21323536718749997 0.3125 0.21323536718749997 0.40073555625 0.215073475 0.40257333281249996 0.21691158124999999 0.40257333281249996 0.22058841875000001 0.40625037031250005 0.22058841875000001 0.4080881484375 0.222426525 0.40992666718750004 0.22610273906249997 0.40992666718750004 0.22794146875000001 0.41176444375 0.2297795765625 0.41176444375 0.23345579062500002 0.41544148124999997 0.2352938984375 0.41544148124999997 0.237132628125 0.417279259375 0.238970734375 0.417279259375 0.2426469484375 0.42095555625000003 0.2426469484375 0.42279407343750003 0.24448505625 0.4246325921875 0.2536762140625 0.4246325921875 0.2573530515625 0.4283088890625 0.2573530515625 0.43014740781249994 0.2591911578125 0.4319851859375 0.261029265625 0.4319851859375 0.26470610156249996 0.43566148125000004 0.26470610156249996 0.4375 0.266544209375 0.43933851874999996 0.268382315625 0.43933851874999996 0.27022042343749997 0.441176296875 0.27205853125 0.441176296875 0.2738972609375 0.4430148140625 0.27757347499999996 0.4430148140625 0.27941158125 0.441176296875 0.28308841875 0.441176296875 0.28492652500000004 0.43933851874999996 0.2886027390625 0.43933851874999996 0.301470734375 0.4264703703125 0.3033088421875 0.4264703703125 0.3051469484375 0.4246325921875 0.3106618921875 0.4246325921875 0.31801494375 0.417279259375 0.3198530515625 0.417279259375 0.325367371875 0.41176444375 0.32720610156249996 0.41176444375 0.329044209375 0.40992666718750004 0.330882315625 0.40992666718750004 0.33272042343749997 0.4080881484375 0.33455853125 0.4080881484375 0.33455853125 0.40625037031250005 0.3363972609375 0.4044118515625 0.3363972609375 0.3180148140625 0.33455853125 0.31617629687500004 0.33272042343749997 0.31617629687500004 0.329044209375 0.3125 0.329044209375 0.31066148125000004 0.32720610156249996 0.30882370312499996 0.323529265625 0.30882370312499996 0.3198530515625 0.3051474078125 0.31801494375 0.3051474078125 0.3143381078125 0.3014703703125 0.3106618921875 0.3014703703125 0.3033088421875 0.294117778125 0.301470734375 0.294117778125 0.299632628125 0.292279259375 0.299632628125 0.29044148125 0.29779389843750004 0.2886029625 0.295955790625 0.2886029625 0.294117684375 0.28676444375 0.29227957656250003 0.28676444375 0.29044146875 0.28492666718750004 0.2886027390625 0.28492666718750004 0.28492652500000004 0.2812503703125 0.261029265625 0.2812503703125 0.2573530515625 0.28492666718750004 0.25551494375 0.28492666718750004 0.2536762140625 0.28676444375 0.25 0.28676444375
35 0.60294146875 0.1378674078125 0.6011027390625 0.1397059265625 0.5992646328125 0.1397059265625 0.59191158125 0.14705851875 0.590073475 0.14705851875 0.5882353671875 0.1488970375 0.5882353671875 0.15073555624999999 0.58455853125 0.15441185156249998 0.580882315625 0.15441185156249998 0.579044209375 0.1562503703125 0.575367371875 0.1562503703125 0.575367371875 0.15992666718749998 0.5735292656250001 0.16176444375000001 0.5735292656250001 0.1746325921875 0.5716911578125 0.17647037031249999 0.5716911578125 0.1783088890625 0.5661762140625 0.18382370312500002 0.5643381078124999 0.18382370312500002 0.5625 0.18566148124999998 0.5606618921875001 0.18566148124999998 0.5606618921875001 0.2610296296875 0.5625 0.2610296296875 0.5643381078124999 0.2628674078125 0.56801494375 0.2628674078125 0.575367371875 0.270220740625 0.5772061015625 0.270220740625 0.580882315625 0.2738970375 0.580882315625 0.27573555625 0.5827204234375001 0.27757333281249996 0.590073475 0.27757333281249996 0.597426525 0.28492666718750004 0.6047795765624999 0.28492666718750004 0.612132628125 0.27757333281249996 0.6286762140625 0.27757333281249996 0.6323530515625 0.2812503703125 0.6323530515625 0.28308814843749996 0.6341911578125 0.28492666718750004 0.6507353671875 0.28492666718750004 0.65808841875 0.27757333281249996 0.6654408468749999 0.27757333281249996 0.6672795765624999 0.27573555625 0.6672795765624999 0.2738970375 0.670955790625 0.270220740625 0.6727938984375 0.270220740625 0.68198505625 0.2610296296875 0.68198505625 0.17095555625 0.6801469484375 0.169117778125 0.6783088421875 0.169117778125 0.670955790625 0.16176444375000001 0.669117684375 0.16176444375000001 0.6672795765624999 0.15992666718749998 0.6654408468749999 0.15992666718749998 0.6617646328125 0.1562503703125 0.659926525 0.1562503703125 0.65808841875 0.15441185156249998 0.6562503109375 0.15441185156249998 0.652573475 0.15073555624999999 0.652573475 0.1488970375 0.6507353671875 0.14705851875 0.6488972609375 0.14705851875 0.6470591531250001 0.145220740625 0.6452204234375001 0.145220740625 0.643382315625 0.143382221875 0.643382315625 0.14154444375 0.641544209375 0.14154444375 0.6397061015625 0.1397059265625 0.637867371875 0.1397059265625 0.6360292656250001 0.1378674078125 0.6341911578125 0.1378674078125 0.6286762140625 0.1323525921875 0.6268381078124999 0.1323525921875 0.6231618921875001 0.12867629687499998 0.6176469484375 0.12867629687499998 0.6139707343749999 0.1323525921875 0.6102938984375 0.1323525921875 0.6047795765624999 0.1378674078125 0.60294146875 0.1378674078125
0 0.7297795765624999 0.433823703125 0.7187503109375 0.44485259218750006 0.72058841875 0.4466911109375 0.72058841875 0.45955851875000003 0.715073475 0.46507333281249996 0.715073475 0.4669118515625 0.704044209375 0.47794148124999997 0.7022061015625 0.47794148124999997 0.700367371875 0.479779259375 0.700367371875 0.542279259375 0.7022061015625 0.542279259375 0.705882315625 0.54595555625 0.705882315625 0.5477940734375 0.7077204234375001 0.5496325921875 0.7095591531250001 0.5496325921875 0.7132353671875 0.5533088890625 0.7132353671875 0.5551474078124999 0.715073475 0.5569851859375 0.7242646328125 0.5569851859375 0.7279408468749999 0.56066148125 0.7279408468749999 0.5625 0.7297795765624999 0.56433851875 0.7352938984375 0.56433851875 0.737132628125 0.5661762968749999 0.7389707343749999 0.56433851875 0.7426469484375 0.56433851875 0.74448505625 0.5625 0.7463237859375 0.5625 0.7518381078124999 0.5569851859375 0.7610292656250001 0.5569851859375 0.7647061015625 0.56066148125 0.7647061015625 0.5625 0.766544209375 0.56433851875 0.768382315625 0.56433851875 0.7702204234375001 0.5661762968749999 0.7720591531250001 0.5661762968749999 0.7738972609375 0.5680148140625 0.7757353671875 0.5680148140625 0.777573475 0.5661762968749999 0.77941158125 0.5661762968749999 0.7812503109375 0.56433851875 0.78308841875 0.56433851875 0.784926525 0.5625 0.7867646328125 0.5625 0.7904408468749999 0.5588237031250001 0.7922795765624999 0.5588237031250001 0.794117684375 0.5569851859375 0.7977938984375 0.5569851859375 0.799632628125 0.5551474078124999 0.799632628125 0.5533088890625 0.8033088421875 0.5496325921875 0.8069850562499999 0.5496325921875 0.8088237859375 0.5477940734375 0.8106618921875001 0.5477940734375 0.8143381078124999 0.5441177781250001 0.8161762140625 0.5441177781250001 0.8180149437500001 0.542279259375 0.8198530515625 0.542279259375 0.8198530515625 0.47794148124999997 0.8161762140625 0.47426444375 0.8161762140625 0.47242666718750004 0.8143381078124999 0.47242666718750004 0.8125 0.4705881484375 0.8106618921875001 0.4705881484375 0.8051469484375 0.46507333281249996 0.8051469484375 0.4613970375 0.8033088421875 0.45955851875000003 0.8033088421875 0.457720740625 0.801470734375 0.45588222187499994 0.801470734375 0.45220592656249997 0.799632628125 0.4503674078125 0.799632628125 0.4430148140625 0.7977938984375 0.441176296875 0.795955790625 0.441176296875 0.7904408468749999 0.43566148125000004 0.7886027390625 0.43566148125000004 0.7867646328125 0.433823703125 0.78308841875 0.433823703125 0.7757353671875 0.4264703703125 0.7738972609375 0.4264703703125 0.7702204234375001 0.42279407343750003 0.7702204234375001 0.41911777812500006 0.7518381078124999 0.41911777812500006 0.74448505625 0.4264703703125 0.7389707343749999 0.4264703703125 0.731617684375 0.433823703125 0.7297795765624999 0.433823703125
0 0.45955853125 0.433823703125 0.4577204234375 0.433823703125 0.455882315625 0.43566148125000004 0.455882315625 0.4375 0.45220610156249996 0.441176296875 0.44852926562500006 0.441176296875 0.4466911578125 0.4430148140625 0.44301494375 0.4430148140625 0.44301494375 0.4485296296875 0.4411762140625 0.4503674078125 0.4411762140625 0.45220592656249997 0.44301494375 0.45404444374999997 0.44301494375 0.45955851875000003 0.4411762140625 0.4613970375 0.4411762140625 0.46507333281249996 0.4338237859375 0.47242666718750004 0.43198505625 0.47242666718750004 0.4283088421875 0.4761029625 0.424632628125 0.4761029625 0.42279389843750004 0.47794148124999997 0.42279389843750004 0.542279259375 0.42647073437499994 0.54595555625 0.42647073437499994 0.5477940734375 0.4283088421875 0.5496325921875 0.43014694843749995 0.5496325921875 0.4338237859375 0.5533088890625 0.4338237859375 0.5551474078124999 0.43566189218750007 0.5569851859375 0.44485305156250005 0.5569851859375 0.44852926562500006 0.56066148125 0.44852926562500006 0.5625 0.450367371875 0.56433851875 0.45220610156249996 0.56433851875 0.454044209375 0.5661762968749999 0.455882315625 0.5661762968749999 0.45955853125 0.5698533328125001 0.4613972609375 0.5698533328125001 0.4632353671875 0.5716911109375 0.46691158125000004 0.5716911109375 0.47058841874999996 0.5753674078125 0.47058841874999996 0.5772059265625 0.47242652500000004 0.57904444375 0.4742646328125 0.57904444375 0.4797795765625 0.58455851875 0.4797795765625 0.5863970375 0.481617684375 0.5863970375 0.48897073437499994 0.57904444375 0.49264694843749995 0.57904444375 0.49448505625 0.5772059265625 0.4963237859375 0.5772059265625 0.5018381078124999 0.5716911109375 0.5036762140625 0.5716911109375 0.5091911578125 0.5661762968749999 0.5110292656250001 0.5661762968749999 0.512867371875 0.56433851875 0.518382315625 0.56433851875 0.5202204234375001 0.5625 0.5202204234375001 0.56066148125 0.52205853125 0.5588237031250001 0.5238972609375 0.5588237031250001 0.53308841875 0.5496325921875 0.5422795765624999 0.5496325921875 0.544117684375 0.5477940734375 0.544117684375 0.542279259375 0.5422795765624999 0.54044148125 0.5422795765624999 0.5386029625 0.544117684375 0.53676444375 0.544117684375 0.47242666718750004 0.5422795765624999 0.4705881484375 0.5386027390625 0.4705881484375 0.527573475 0.45955851875000003 0.527573475 0.4503674078125 0.5257353671875 0.4485296296875 0.5238972609375 0.4485296296875 0.5202204234375001 0.44485259218750006 0.5202204234375001 0.4430148140625 0.518382315625 0.441176296875 0.516544209375 0.441176296875 0.5147061015625 0.43933851874999996 0.512867371875 0.43933851874999996 0.5110292656250001 0.4375 0.5110292656250001 0.43566148125000004 0.5073530515625 0.43566148125000004 0.50551494375 0.433823703125 0.5018381078124999 0.433823703125 0.49816189218750007 0.43014740781249994 0.49816189218750007 0.4283088890625 0.4963237859375 0.4264703703125 0.49448505625 0.4264703703125 0.4908088421875 0.42279407343750003 0.4908088421875 0.42095555625000003 0.47794146875 0.42095555625000003 0.47794146875 0.42279407343750003 0.4742646328125 0.4264703703125 0.46691158125000004 0.4264703703125 0.45955853125 0.433823703125
35 0.60294146875 0.70955851875 0.5992646328125 0.71323555625 0.597426525 0.71323555625 0.59558841875 0.7150733328125 0.59558841875 0.7169118515624999 0.59191158125 0.7205881484375001 0.590073475 0.7205881484375001 0.5882353671875 0.7224266671875 0.5863972609375 0.7224266671875 0.5863972609375 0.72426444375 0.580882315625 0.729779259375 0.580882315625 0.7463237031250001 0.5772061015625 0.75 0.575367371875 0.75 0.5735292656250001 0.75183851875 0.5735292656250001 0.7536762968749999 0.5698530515625 0.7573533328125001 0.5625 0.7573533328125001 0.5606618921875001 0.7591911109375 0.5606618921875001 0.82904444375 0.5625 0.82904444375 0.5661762140625 0.832720740625 0.5661762140625 0.83455851875 0.56801494375 0.8363970374999999 0.575367371875 0.8363970374999999 0.5827204234375001 0.8437503703125 0.58455853125 0.8437503703125 0.5882353671875 0.8474266671875 0.5882353671875 0.8492644437499999 0.590073475 0.8511029625000001 0.59191158125 0.8511029625000001 0.5992646328125 0.85845555625 0.606617684375 0.85845555625 0.6102938984375 0.8621325921875 0.6102938984375 0.8639703703125001 0.612132628125 0.8658088890625001 0.6139707343749999 0.8658088890625001 0.6176469484375 0.8694851859374999 0.6176469484375 0.871323703125 0.6158088421875 0.87316148125 0.625 0.87316148125 0.63051494375 0.8676474078125 0.6323530515625 0.8676474078125 0.6341911578125 0.8658088890625001 0.6360292656250001 0.8658088890625001 0.637867371875 0.8639703703125001 0.637867371875 0.8621325921875 0.641544209375 0.85845555625 0.643382315625 0.85845555625 0.6452204234375001 0.856617778125 0.6470591531250001 0.856617778125 0.6507353671875 0.85294148125 0.652573475 0.85294148125 0.65441158125 0.8511029625000001 0.65808841875 0.8511029625000001 0.659926525 0.8492644437499999 0.659926525 0.8474266671875 0.6636027390625 0.8437503703125 0.6654408468749999 0.8437503703125 0.6727938984375 0.8363970374999999 0.6764707343749999 0.8363970374999999 0.6783088421875 0.83455851875 0.6801469484375 0.83455851875 0.68198505625 0.832720740625 0.68198505625 0.7591911109375 0.6801469484375 0.7573533328125001 0.6783088421875 0.7573533328125001 0.6672795765624999 0.7463237031250001 0.6672795765624999 0.7408088890625 0.6654408468749999 0.7389703703125 0.6654408468749999 0.7316177781250001 0.6636027390625 0.729779259375 0.6617646328125 0.729779259375 0.659926525 0.72794148125 0.6562503109375 0.72794148125 0.6488972609375 0.7205881484375001 0.6470591531250001 0.7205881484375001 0.643382315625 0.7169118515624999 0.641544209375 0.7169118515624999 0.6397061015625 0.7150733328125 0.637867371875 0.7150733328125 0.6360292656250001 0.71323555625 0.6341911578125 0.71323555625 0.63051494375 0.70955851875 0.63051494375 0.707720740625 0.6286762140625 0.7058822218749999 0.6268381078124999 0.7058822218749999 0.6231618921875001 0.7022059265625 0.6158088421875 0.7022059265625 0.612132628125 0.7058822218749999 0.6047795765624999 0.7058822218749999 0.60294146875 0.707720740625 0.60294146875 0.70955851875
36 0.3161762140625 0.4319851859375 0.3143381078125 0.433823703125 0.3125 0.433823703125 0.3051469484375 0.441176296875 0.301470734375 0.441176296875 0.294117684375 0.4485296296875 0.294117684375 0.4503674078125 0.2886027390625 0.45588222187499994 0.28676463281250003 0.45588222187499994 0.28492652500000004 0.457720740625 0.28308841875 0.457720740625 0.28308841875 0.45955851875000003 0.28492652500000004 0.4613970375 0.28492652500000004 0.46323555625 0.28676463281250003 0.46507333281249996 0.28676463281250003 0.47794148124999997 0.28492652500000004 0.479779259375 0.28676463281250003 0.48161777812500006 0.28676463281250003 0.5110296296875 0.28492652500000004 0.5128674078125 0.28492652500000004 0.5147059265625 0.28308841875 0.51654444375 0.28308841875 0.5183822218749999 0.28492652500000004 0.520220740625 0.28492652500000004 0.52205851875 0.28676463281250003 0.5238970375 0.28676463281250003 0.5330881484375001 0.2886027390625 0.5349266671875 0.29779389843750004 0.5349266671875 0.301470734375 0.5386029625 0.301470734375 0.54044148125 0.3033088421875 0.542279259375 0.3051469484375 0.542279259375 0.3088237859375 0.54595555625 0.3088237859375 0.5569851859375 0.3106618921875 0.5588237031250001 0.3106618921875 0.56066148125 0.3125 0.5625 0.3143381078125 0.5625 0.3161762140625 0.56433851875 0.3198530515625 0.56433851875 0.323529265625 0.5680148140625 0.323529265625 0.5698533328125001 0.325367371875 0.5716911109375 0.32720610156249996 0.5716911109375 0.330882315625 0.5753674078125 0.330882315625 0.5772059265625 0.33272042343749997 0.57904444375 0.35477957656250003 0.57904444375 0.36948505625 0.56433851875 0.3713237859375 0.56433851875 0.3786762140625 0.5569851859375 0.386029265625 0.5569851859375 0.387867371875 0.5551474078124999 0.387867371875 0.5533088890625 0.391544209375 0.5496325921875 0.39522042343749997 0.5496325921875 0.39705853125 0.5477940734375 0.3988972609375 0.5477940734375 0.40257347499999996 0.5441177781250001 0.40257347499999996 0.542279259375 0.40441158125000004 0.54044148125 0.40441158125000004 0.479779259375 0.39522042343749997 0.4705881484375 0.393382315625 0.4705881484375 0.38970610156249996 0.4669118515625 0.38970610156249996 0.46507333281249996 0.387867371875 0.46323555625 0.387867371875 0.45588222187499994 0.386029265625 0.45404444374999997 0.386029265625 0.45220592656249997 0.38051494375 0.4466911109375 0.38051494375 0.4430148140625 0.3786762140625 0.441176296875 0.3768381078125 0.441176296875 0.3731618921875 0.4375 0.3731618921875 0.43566148125000004 0.3713237859375 0.433823703125 0.36948505625 0.433823703125 0.363970734375 0.4283088890625 0.362132628125 0.4283088890625 0.36029389843750004 0.4264703703125 0.358455790625 0.4264703703125 0.356617684375 0.4246325921875 0.35477957656250003 0.4246325921875 0.35294146875 0.42279407343750003 0.35294146875 0.42095555625000003 0.3511027390625 0.41911777812500006 0.329044209375 0.41911777812500006 0.3216911578125 0.4264703703125 0.3216911578125 0.4283088890625 0.31801494375 0.4319851859375 0.3161762140625 0.4319851859375
36 0.6764707343749999 0.5698533328125001 0.6727938984375 0.5735296296875 0.6654408468749999 0.5735296296875 0.65808841875 0.5808822218749999 0.6562503109375 0.5808822218749999 0.65441158125 0.582720740625 0.65441158125 0.58455851875 0.6507353671875 0.58823555625 0.6488972609375 0.58823555625 0.6470591531250001 0.5900733328125 0.6470591531250001 0.5919118515624999 0.652573475 0.5974266671875 0.652573475 0.59926444375 0.6488972609375 0.60294148125 0.6488972609375 0.604779259375 0.6470591531250001 0.6066177781250001 0.6470591531250001 0.60845555625 0.6452204234375001 0.6102940734375 0.6452204234375001 0.6121325921875 0.641544209375 0.6158088890625 0.6397061015625 0.6158088890625 0.637867371875 0.6176474078124999 0.6286762140625 0.6176474078124999 0.6286762140625 0.68566148125 0.63051494375 0.6875 0.6323530515625 0.6875 0.6341911578125 0.68933851875 0.6360292656250001 0.68933851875 0.6397061015625 0.6930148140625 0.6397061015625 0.6948533328125001 0.641544209375 0.6966911109375 0.643382315625 0.6966911109375 0.6470591531250001 0.7003674078125 0.6470591531250001 0.7022059265625 0.6488972609375 0.70404444375 0.65808841875 0.70404444375 0.6636027390625 0.70955851875 0.6654408468749999 0.70955851875 0.6672795765624999 0.7113970375 0.6727938984375 0.7113970375 0.6801469484375 0.70404444375 0.6948530515625 0.70404444375 0.6985292656250001 0.707720740625 0.6985292656250001 0.70955851875 0.700367371875 0.7113970375 0.704044209375 0.7113970375 0.705882315625 0.71323555625 0.7113972609375 0.71323555625 0.7132353671875 0.7113970375 0.7187503109375 0.7113970375 0.72058841875 0.70955851875 0.7242646328125 0.70955851875 0.7297795765624999 0.70404444375 0.731617684375 0.70404444375 0.733455790625 0.7022059265625 0.733455790625 0.7003674078125 0.737132628125 0.6966911109375 0.7389707343749999 0.6966911109375 0.7408088421875 0.6948533328125001 0.7426469484375 0.6948533328125001 0.7536762140625 0.6838237031250001 0.7536762140625 0.6194851859375 0.7518381078124999 0.6176474078124999 0.75 0.6176474078124999 0.7352938984375 0.60294148125 0.7352938984375 0.6011029625 0.733455790625 0.59926444375 0.733455790625 0.5900733328125 0.7242646328125 0.5808822218749999 0.72058841875 0.5808822218749999 0.715073475 0.5753674078125 0.7132353671875 0.5753674078125 0.7113972609375 0.5735296296875 0.7077204234375001 0.5735296296875 0.704044209375 0.5698533328125001 0.704044209375 0.5680148140625 0.7022061015625 0.5661762968749999 0.700367371875 0.5661762968749999 0.6966911578125 0.5625 0.6838237859375 0.5625 0.6801469484375 0.5661762968749999 0.6783088421875 0.5661762968749999 0.6764707343749999 0.5680148140625 0.6764707343749999 0.5698533328125001
2 0.323529265625 0.6580881484375001 0.3198530515625 0.66176444375 0.31801494375 0.66176444375 0.31801494375 0.6966911109375 0.3198530515625 0.6966911109375 0.3216911578125 0.6985296296875 0.3216911578125 0.7003674078125 0.323529265625 0.7022059265625 0.323529265625 0.70955851875 0.363970734375 0.70955851875 0.36948505625 0.70404444375 0.3713237859375 0.70404444375 0.3731618921875 0.7022059265625 0.3731618921875 0.6819851859375 0.3713237859375 0.6801474078124999 0.3713237859375 0.6783088890625 0.36948505625 0.6783088890625 0.3676469484375 0.6764703703125 0.35477957656250003 0.6764703703125 0.35294146875 0.6746325921875 0.35294146875 0.6727940734375 0.3511027390625 0.67095555625 0.3511027390625 0.6636029625 0.34926463281250003 0.66176444375 0.34742652500000004 0.66176444375 0.3437503109375 0.6580881484375001 0.3437503109375 0.6562503703125 0.34007347499999996 0.6525733328125 0.329044209375 0.6525733328125 0.32720610156249996 0.6544118515624999 0.325367371875 0.6544118515624999 0.323529265625 0.6562503703125 0.323529265625 0.6580881484375001
17 0.2481618921875 0.5716911109375 0.24632378593749998 0.5735296296875 0.24448505625 0.5735296296875 0.2426469484375 0.5753674078125 0.2426469484375 0.5772059265625 0.238970734375 0.5808822218749999 0.237132628125 0.5808822218749999 0.2352938984375 0.582720740625 0.2352938984375 0.58455851875 0.23161768437500002 0.58823555625 0.22794146875000001 0.58823555625 0.22610273906249997 0.5900733328125 0.22426463281250003 0.5900733328125 0.22058841875000001 0.5937503703125 0.21875031093750003 0.5937503703125 0.21691158124999999 0.5955881484375001 0.215073475 0.5955881484375001 0.215073475 0.68933851875 0.21691158124999999 0.68933851875 0.22058841875000001 0.6930148140625 0.22058841875000001 0.6948533328125001 0.222426525 0.6966911109375 0.22426463281250003 0.6966911109375 0.2297795765625 0.7022059265625 0.23161768437500002 0.7022059265625 0.23345579062500002 0.70404444375 0.238970734375 0.70404444375 0.2426469484375 0.707720740625 0.2426469484375 0.70955851875 0.24448505625 0.7113970375 0.24632378593749998 0.7113970375 0.2536762140625 0.7187503703125 0.25551494375 0.7187503703125 0.261029265625 0.72426444375 0.262867371875 0.72426444375 0.26470610156249996 0.7261029625 0.268382315625 0.7261029625 0.27205853125 0.729779259375 0.27941158125 0.729779259375 0.28308841875 0.7261029625 0.2886027390625 0.7261029625 0.295955790625 0.7187503703125 0.29779389843750004 0.7187503703125 0.299632628125 0.7169118515624999 0.299632628125 0.7150733328125 0.3033088421875 0.7113970375 0.3088237859375 0.7113970375 0.3106618921875 0.70955851875 0.3125 0.70955851875 0.3125 0.707720740625 0.3143381078125 0.7058822218749999 0.3143381078125 0.6691177781250001 0.3198530515625 0.6636029625 0.3198530515625 0.66176444375 0.323529265625 0.6580881484375001 0.323529265625 0.6562503703125 0.325367371875 0.6544118515624999 0.32720610156249996 0.6544118515624999 0.329044209375 0.6525733328125 0.33272042343749997 0.6525733328125 0.3363972609375 0.6488970375 0.3363972609375 0.64705851875 0.33823536718749997 0.645220740625 0.33823536718749997 0.6213237031250001 0.3363972609375 0.6194851859375 0.3363972609375 0.6139703703125 0.33823536718749997 0.6121325921875 0.33823536718749997 0.60294148125 0.3363972609375 0.6011029625 0.3363972609375 0.59926444375 0.33272042343749997 0.5955881484375001 0.32720610156249996 0.5955881484375001 0.3198530515625 0.58823555625 0.31801494375 0.58823555625 0.3106618921875 0.5808822218749999 0.30698505625 0.5808822218749999 0.3051469484375 0.57904444375 0.3033088421875 0.57904444375 0.301470734375 0.5772059265625 0.301470734375 0.5753674078125 0.299632628125 0.5753674078125 0.29779389843750004 0.5735296296875 0.295955790625 0.5735296296875 0.294117684375 0.5716911109375 0.29227957656250003 0.5716911109375 0.29044146875 0.5698533328125001 0.28492652500000004 0.5698533328125001 0.28308841875 0.5716911109375 0.2812503109375 0.5698533328125001 0.27757347499999996 0.5698533328125001 0.27573536718749997 0.5680148140625 0.27022042343749997 0.5680148140625 0.268382315625 0.5698533328125001 0.266544209375 0.5680148140625 0.25551494375 0.5680148140625 0.2536762140625 0.5698533328125001 0.2518381078125 0.5698533328125001 0.25 0.5716911109375 0.2481618921875 0.5716911109375
34 0.608455790625 0.28308814843749996 0.606617684375 0.28492666718750004 0.6047795765624999 0.28492666718750004 0.6047795765624999 0.28676444375 0.60294146875 0.2886029625 0.60294146875 0.29595555625 0.6011027390625 0.29779407343750003 0.6011027390625 0.2996325921875 0.5992646328125 0.3014703703125 0.5992646328125 0.32169111093749997 0.6047795765624999 0.32720592656249997 0.6360292656250001 0.32720592656249997 0.637867371875 0.3253674078125 0.637867371875 0.3235296296875 0.641544209375 0.3198525921875 0.641544209375 0.30882370312499996 0.637867371875 0.3051474078125 0.637867371875 0.2886029625 0.6360292656250001 0.28676444375 0.6341911578125 0.28676444375 0.63051494375 0.28308814843749996 0.63051494375 0.2812503703125 0.6341911578125 0.27757333281249996 0.641544209375 0.27757333281249996 0.641544209375 0.27573555625 0.5992646328125 0.27573555625 0.6011027390625 0.27757333281249996 0.6047795765624999 0.27757333281249996 0.608455790625 0.2812503703125 0.608455790625 0.28308814843749996
37 0.1801469484375 0.433823703125 0.1783088421875 0.433823703125 0.176470734375 0.43566148125000004 0.176470734375 0.4375 0.174632628125 0.43933851874999996 0.17279389843749998 0.43933851874999996 0.170955790625 0.441176296875 0.1672795765625 0.441176296875 0.16544146875000001 0.4430148140625 0.1636027390625 0.4430148140625 0.15808841875 0.4485296296875 0.1562503109375 0.4485296296875 0.15441158125 0.4503674078125 0.15441158125 0.45220592656249997 0.1507353671875 0.45588222187499994 0.14338231562499998 0.45588222187499994 0.14338231562499998 0.5496325921875 0.14705853124999999 0.5496325921875 0.1488972609375 0.5514703703125 0.1507353671875 0.5514703703125 0.1562503109375 0.5569851859375 0.15808841875 0.5569851859375 0.16544146875000001 0.56433851875 0.1672795765625 0.56433851875 0.16911768437500002 0.5661762968749999 0.170955790625 0.5661762968749999 0.174632628125 0.5698533328125001 0.176470734375 0.5698533328125001 0.1783088421875 0.5716911109375 0.1801469484375 0.5716911109375 0.18382378593749998 0.5753674078125 0.18382378593749998 0.5772059265625 0.1856618921875 0.57904444375 0.1893381078125 0.57904444375 0.19117621406250002 0.5808822218749999 0.19301494375 0.5808822218749999 0.1966911578125 0.58455851875 0.198529265625 0.58455851875 0.200367371875 0.5863970375 0.2022061015625 0.5863970375 0.20404420937499998 0.58823555625 0.21323536718749997 0.58823555625 0.215073475 0.5863970375 0.21691158124999999 0.5863970375 0.21875031093750003 0.58455851875 0.21875031093750003 0.582720740625 0.222426525 0.57904444375 0.22610273906249997 0.57904444375 0.22794146875000001 0.5772059265625 0.2297795765625 0.5772059265625 0.2352938984375 0.5716911109375 0.237132628125 0.5716911109375 0.24448505625 0.56433851875 0.24632378593749998 0.56433851875 0.2481618921875 0.5625 0.2481618921875 0.5238970375 0.25 0.52205851875 0.25 0.520220740625 0.25551494375 0.5147059265625 0.2573530515625 0.5147059265625 0.2591911578125 0.5128674078125 0.261029265625 0.5128674078125 0.262867371875 0.5110296296875 0.262867371875 0.5091911109375 0.266544209375 0.5055148140625 0.266544209375 0.45588222187499994 0.26470610156249996 0.45588222187499994 0.262867371875 0.45404444374999997 0.261029265625 0.45404444374999997 0.25551494375 0.4485296296875 0.2536762140625 0.4485296296875 0.24632378593749998 0.441176296875 0.24448505625 0.441176296875 0.2408088421875 0.4375 0.2408088421875 0.43566148125000004 0.238970734375 0.433823703125 0.2352938984375 0.433823703125 0.23345579062500002 0.4319851859375 0.23161768437500002 0.4319851859375 0.22610273906249997 0.4264703703125 0.22426463281250003 0.4264703703125 0.222426525 0.4246325921875 0.22058841875000001 0.4246325921875 0.21875031093750003 0.42279407343750003 0.21875031093750003 0.42095555625000003 0.21691158124999999 0.41911777812500006 0.1948530515625 0.41911777812500006 0.1948530515625 0.42095555625000003 0.1893381078125 0.4264703703125 0.1875 0.4264703703125 0.1801469484375 0.433823703125
2 0.393382315625 0.8014703703125001 0.391544209375 0.8014703703125001 0.38970610156249996 0.8033088890625001 0.38970610156249996 0.8051474078125 0.387867371875 0.8069851859374999 0.387867371875 0.8382355562500001 0.38970610156249996 0.8400733328125 0.38970610156249996 0.8474266671875 0.393382315625 0.8511029625000001 0.4338237859375 0.8511029625000001 0.43566189218750007 0.8492644437499999 0.4375 0.8492644437499999 0.4375 0.8474266671875 0.43933810781249993 0.8455881484375001 0.43933810781249993 0.8400733328125 0.44301494375 0.8363970374999999 0.44301494375 0.8253674078125 0.4411762140625 0.8235296296874999 0.43933810781249993 0.8235296296874999 0.4338237859375 0.8180148140625001 0.43198505625 0.8180148140625001 0.43014694843749995 0.816176296875 0.4283088421875 0.816176296875 0.424632628125 0.8125 0.424632628125 0.81066148125 0.42279389843750004 0.808823703125 0.420955790625 0.808823703125 0.4172795765625 0.8051474078125 0.4172795765625 0.7996325921875 0.41544146875 0.7977940734375 0.41544146875 0.79595555625 0.4172795765625 0.7941177781250001 0.3988972609375 0.7941177781250001 0.39705853125 0.79595555625 0.39705853125 0.7977940734375 0.393382315625 0.8014703703125001
35 0.38970610156249996 0.28676444375 0.3841911578125 0.292279259375 0.3823530515625 0.292279259375 0.38051494375 0.294117778125 0.3768381078125 0.294117778125 0.375 0.29595555625 0.375 0.29779407343750003 0.3731618921875 0.2996325921875 0.3713237859375 0.2996325921875 0.35477957656250003 0.31617629687500004 0.35477957656250003 0.40257333281249996 0.356617684375 0.40257333281249996 0.36029389843750004 0.40625037031250005 0.36029389843750004 0.4080881484375 0.362132628125 0.40992666718750004 0.3713237859375 0.40992666718750004 0.375 0.4136029625 0.375 0.41544148124999997 0.3768381078125 0.417279259375 0.3786762140625 0.417279259375 0.38051494375 0.41911777812500006 0.3823530515625 0.41911777812500006 0.3841911578125 0.42095555625000003 0.3841911578125 0.42279407343750003 0.387867371875 0.42279407343750003 0.38970610156249996 0.42095555625000003 0.393382315625 0.42095555625000003 0.39705853125 0.417279259375 0.4136027390625 0.417279259375 0.420955790625 0.4246325921875 0.4375 0.4246325921875 0.43933810781249993 0.42279407343750003 0.43933810781249993 0.42095555625000003 0.4411762140625 0.41911777812500006 0.44301494375 0.41911777812500006 0.44485305156250005 0.417279259375 0.45220610156249996 0.417279259375 0.454044209375 0.41544148124999997 0.454044209375 0.4136029625 0.4577204234375 0.40992666718750004 0.46691158125000004 0.40992666718750004 0.4687503109375 0.4080881484375 0.4687503109375 0.40625037031250005 0.47242652500000004 0.40257333281249996 0.4742646328125 0.40257333281249996 0.4761027390625 0.40073555625 0.4761027390625 0.3180148140625 0.4742646328125 0.31617629687500004 0.47242652500000004 0.31617629687500004 0.46507347499999996 0.30882370312499996 0.4613972609375 0.30882370312499996 0.455882315625 0.30330888906250003 0.454044209375 0.30330888906250003 0.45220610156249996 0.3014703703125 0.450367371875 0.3014703703125 0.44485305156250005 0.29595555625 0.44301494375 0.29595555625 0.4411762140625 0.294117778125 0.4375 0.294117778125 0.43014694843749995 0.28676444375 0.4283088421875 0.28676444375 0.42647073437499994 0.28492666718750004 0.424632628125 0.28492666718750004 0.420955790625 0.2812503703125 0.4007353671875 0.2812503703125 0.39705853125 0.28492666718750004 0.39522042343749997 0.28492666718750004 0.393382315625 0.28676444375 0.38970610156249996 0.28676444375
0 0.52941158125 0.5716911109375 0.527573475 0.5735296296875 0.5238972609375 0.5735296296875 0.52205853125 0.5753674078125 0.52205853125 0.5772059265625 0.518382315625 0.5808822218749999 0.516544209375 0.5808822218749999 0.5147061015625 0.582720740625 0.5147061015625 0.58455851875 0.5110292656250001 0.58823555625 0.5073530515625 0.58823555625 0.50551494375 0.5900733328125 0.5036762140625 0.5900733328125 0.49816189218750007 0.5955881484375001 0.4963237859375 0.5955881484375001 0.4908088421875 0.6011029625 0.4908088421875 0.6875 0.49264694843749995 0.68933851875 0.49448505625 0.68933851875 0.5018381078124999 0.6966911109375 0.50551494375 0.6966911109375 0.5073530515625 0.6985296296875 0.5110292656250001 0.6985296296875 0.512867371875 0.7003674078125 0.5147061015625 0.7003674078125 0.516544209375 0.7022059265625 0.518382315625 0.7022059265625 0.52205853125 0.6985296296875 0.5257353671875 0.6985296296875 0.527573475 0.7003674078125 0.52941158125 0.7003674078125 0.5312503109375 0.7022059265625 0.53308841875 0.7022059265625 0.5367646328125 0.6985296296875 0.5422795765624999 0.6985296296875 0.544117684375 0.7003674078125 0.545955790625 0.7003674078125 0.5477938984375 0.7022059265625 0.5514707343749999 0.7022059265625 0.5533088421875 0.70404444375 0.55698505625 0.70404444375 0.5606618921875001 0.707720740625 0.5606618921875001 0.70955851875 0.5625 0.7113970375 0.5643381078124999 0.70955851875 0.5698530515625 0.70955851875 0.575367371875 0.70404444375 0.579044209375 0.70404444375 0.580882315625 0.7022059265625 0.5863972609375 0.7022059265625 0.5882353671875 0.7003674078125 0.59191158125 0.7003674078125 0.59558841875 0.6966911109375 0.5992646328125 0.6966911109375 0.606617684375 0.68933851875 0.6102938984375 0.68933851875 0.612132628125 0.6875 0.6139707343749999 0.6875 0.6139707343749999 0.62316148125 0.6102938984375 0.6194851859375 0.608455790625 0.6194851859375 0.606617684375 0.6176474078124999 0.6047795765624999 0.6176474078124999 0.59558841875 0.60845555625 0.59558841875 0.6066177781250001 0.5937503109375 0.604779259375 0.5937503109375 0.5974266671875 0.5863972609375 0.5900733328125 0.5863972609375 0.582720740625 0.58455853125 0.5808822218749999 0.5827204234375001 0.5808822218749999 0.579044209375 0.5772059265625 0.579044209375 0.5753674078125 0.5772061015625 0.5735296296875 0.575367371875 0.5735296296875 0.5735292656250001 0.5716911109375 0.5716911578125 0.5716911109375 0.5698530515625 0.5698533328125001 0.5698530515625 0.5680148140625 0.56801494375 0.5680148140625 0.5661762140625 0.5661762968749999 0.5606618921875001 0.5661762968749999 0.55698505625 0.5625 0.5422795765624999 0.5625 0.5386027390625 0.5661762968749999 0.5367646328125 0.5661762968749999 0.5312503109375 0.5716911109375 0.52941158125 0.5716911109375
8 0.5073530515625 0.5514703703125 0.5073530515625 0.54595555625 0.5091911578125 0.5441177781250001 0.5091911578125 0.5128674078125 0.5073530515625 0.5110296296875 0.5073530515625 0.5073525921875001 0.50551494375 0.5055148140625 0.50551494375 0.50183851875 0.45955853125 0.50183851875 0.45955853125 0.5625 0.50551494375 0.5625 0.50551494375 0.5533088890625 0.5073530515625 0.5514703703125
26 0.4908088421875 0.42279407343750003 0.49264694843749995 0.4246325921875 0.4963237859375 0.4246325921875 0.5 0.4283088890625 0.5 0.43014740781249994 0.5018381078124999 0.4319851859375 0.5036762140625 0.4319851859375 0.5073530515625 0.43566148125000004 0.5073530515625 0.4375 0.5091911578125 0.43933851874999996 0.516544209375 0.43933851874999996 0.5238972609375 0.4466911109375 0.5257353671875 0.4466911109375 0.52941158125 0.4430148140625 0.52941158125 0.43933851874999996 0.53308841875 0.43566148125000004 0.53308841875 0.4283088890625 0.5312503109375 0.4264703703125 0.52941158125 0.4264703703125 0.527573475 0.4246325921875 0.5257353671875 0.4246325921875 0.52205853125 0.42095555625000003 0.5202204234375001 0.42095555625000003 0.518382315625 0.41911777812500006 0.516544209375 0.41911777812500006 0.512867371875 0.41544148124999997 0.512867371875 0.4136029625 0.5110292656250001 0.41176444375 0.5091911578125 0.41176444375 0.5073530515625 0.40992666718750004 0.50551494375 0.40992666718750004 0.5018381078124999 0.40625037031250005 0.5 0.40625037031250005 0.49816189218750007 0.4044118515625 0.483455790625 0.4044118515625 0.483455790625 0.41911777812500006 0.48529389843750004 0.41911777812500006 0.48897073437499994 0.42279407343750003 0.4908088421875 0.42279407343750003
34 0.5367646328125 0.14154444375 0.5367646328125 0.143382221875 0.53308841875 0.14705851875 0.5312503109375 0.14705851875 0.5312503109375 0.1819851859375 0.53308841875 0.1819851859375 0.5367646328125 0.18566148124999998 0.5643381078124999 0.18566148124999998 0.5716911578125 0.1783088890625 0.5716911578125 0.1488970375 0.5698530515625 0.14705851875 0.56801494375 0.14705851875 0.5643381078124999 0.143382221875 0.5643381078124999 0.14154444375 0.5625 0.1397059265625 0.5606618921875001 0.1397059265625 0.55698505625 0.13602962968750001 0.55698505625 0.1341911109375 0.544117684375 0.1341911109375 0.544117684375 0.13602962968750001 0.54044146875 0.1397059265625 0.5386027390625 0.1397059265625 0.5367646328125 0.14154444375
34 0.7426469484375 0.5698533328125001 0.737132628125 0.5753674078125 0.737132628125 0.6066177781250001 0.7389707343749999 0.60845555625 0.7408088421875 0.60845555625 0.74448505625 0.6121325921875 0.7702204234375001 0.6121325921875 0.7738972609375 0.60845555625 0.7757353671875 0.60845555625 0.777573475 0.6066177781250001 0.777573475 0.5753674078125 0.7757353671875 0.5735296296875 0.7738972609375 0.5735296296875 0.7702204234375001 0.5698533328125001 0.7702204234375001 0.5680148140625 0.768382315625 0.5661762968749999 0.766544209375 0.5661762968749999 0.762867371875 0.5625 0.762867371875 0.56066148125 0.7610292656250001 0.5588237031250001 0.7536762140625 0.5588237031250001 0.7463237859375 0.5661762968749999 0.74448505625 0.5661762968749999 0.7426469484375 0.5680148140625 0.7426469484375 0.5698533328125001
28 0.5588237859375 0.2812503703125 0.5588237859375 0.28308814843749996 0.5606618921875001 0.28492666718750004 0.5625 0.28492666718750004 0.5643381078124999 0.28676444375 0.5661762140625 0.28676444375 0.5698530515625 0.29044148125 0.5716911578125 0.29044148125 0.5735292656250001 0.292279259375 0.5772061015625 0.292279259375 0.580882315625 0.29595555625 0.580882315625 0.29779407343750003 0.5827204234375001 0.2996325921875 0.5863972609375 0.2996325921875 0.590073475 0.30330888906250003 0.59558841875 0.30330888906250003 0.597426525 0.3014703703125 0.5992646328125 0.3014703703125 0.5992646328125 0.2996325921875 0.6011027390625 0.29779407343750003 0.6011027390625 0.2886029625 0.5992646328125 0.28676444375 0.597426525 0.28676444375 0.5937503109375 0.28308814843749996 0.5937503109375 0.2812503703125 0.59191158125 0.27941185156250004 0.590073475 0.27941185156250004 0.5882353671875 0.27757333281249996 0.5863972609375 0.27757333281249996 0.5827204234375001 0.2738970375 0.580882315625 0.2738970375 0.579044209375 0.27205851875 0.575367371875 0.27205851875 0.5716911578125 0.268382221875 0.5716911578125 0.26654444375 0.5698530515625 0.26470592656249997 0.56801494375 0.26470592656249997 0.5643381078124999 0.2610296296875 0.5514707343749999 0.2610296296875 0.5514707343749999 0.27573555625 0.5533088421875 0.27757333281249996 0.5551469484375 0.27757333281249996 0.5588237859375 0.2812503703125
36 0.5257353671875 0.28676444375 0.518382315625 0.294117778125 0.512867371875 0.294117778125 0.5110292656250001 0.29595555625 0.5091911578125 0.29595555625 0.5036762140625 0.3014703703125 0.5018381078124999 0.3014703703125 0.5 0.30330888906250003 0.5 0.3051474078125 0.4963237859375 0.30882370312499996 0.49448505625 0.30882370312499996 0.49264694843749995 0.31066148125000004 0.49264694843749995 0.3125 0.48897073437499994 0.31617629687500004 0.487132628125 0.31617629687500004 0.487132628125 0.395220740625 0.48897073437499994 0.39705851875 0.48897073437499994 0.3988970375 0.49264694843749995 0.40257333281249996 0.4963237859375 0.40257333281249996 0.5 0.40625037031250005 0.5 0.4080881484375 0.5018381078124999 0.40992666718750004 0.5036762140625 0.40992666718750004 0.5091911578125 0.41544148124999997 0.5110292656250001 0.41544148124999997 0.512867371875 0.417279259375 0.518382315625 0.417279259375 0.5257353671875 0.4246325921875 0.5386027390625 0.4246325921875 0.545955790625 0.417279259375 0.5551469484375 0.417279259375 0.5588237859375 0.42095555625000003 0.5588237859375 0.42279407343750003 0.5606618921875001 0.4246325921875 0.5661762140625 0.4246325921875 0.56801494375 0.4264703703125 0.5698530515625 0.4264703703125 0.5698530515625 0.4246325921875 0.5772061015625 0.417279259375 0.590073475 0.417279259375 0.597426525 0.40992666718750004 0.5992646328125 0.40992666718750004 0.6011027390625 0.4080881484375 0.6011027390625 0.40625037031250005 0.6047795765624999 0.40257333281249996 0.6102938984375 0.40257333281249996 0.6102938984375 0.330882221875 0.608455790625 0.32904444375 0.606617684375 0.32904444375 0.60294146875 0.3253674078125 0.60294146875 0.3235296296875 0.6011027390625 0.32169111093749997 0.6011027390625 0.3198525921875 0.5937503109375 0.3125 0.5937503109375 0.30330888906250003 0.59191158125 0.3014703703125 0.590073475 0.3014703703125 0.5827204234375001 0.294117778125 0.575367371875 0.294117778125 0.5716911578125 0.29044148125 0.5716911578125 0.2886029625 0.5698530515625 0.28676444375 0.56801494375 0.28676444375 0.5643381078124999 0.28308814843749996 0.5643381078124999 0.2812503703125 0.5625 0.27941185156250004 0.5606618921875001 0.27941185156250004 0.5588237859375 0.27757333281249996 0.534926525 0.27757333281249996 0.53308841875 0.27941185156250004 0.53308841875 0.2812503703125 0.527573475 0.28676444375 0.5257353671875 0.28676444375
37 0.44852926562500006 0.7205881484375001 0.44485305156250005 0.7205881484375001 0.4375 0.72794148125 0.4338237859375 0.72794148125 0.43014694843749995 0.7316177781250001 0.4283088421875 0.7316177781250001 0.42279389843750004 0.7371325921875 0.42279389843750004 0.8069851859374999 0.42647073437499994 0.81066148125 0.42647073437499994 0.8125 0.43566189218750007 0.8216911109374999 0.4375 0.8216911109374999 0.4411762140625 0.8253674078125 0.4411762140625 0.82904444375 0.44301494375 0.830882221875 0.44301494375 0.8419118515624999 0.4466911578125 0.8455881484375001 0.4466911578125 0.8474266671875 0.4577204234375 0.85845555625 0.45955853125 0.85845555625 0.4632353671875 0.8621325921875 0.4632353671875 0.8639703703125001 0.46507347499999996 0.8658088890625001 0.47242652500000004 0.8658088890625001 0.47794146875 0.871323703125 0.4908088421875 0.871323703125 0.4908088421875 0.8694851859374999 0.49448505625 0.8658088890625001 0.4963237859375 0.8658088890625001 0.5036762140625 0.85845555625 0.5091911578125 0.85845555625 0.516544209375 0.8511029625000001 0.518382315625 0.8511029625000001 0.5202204234375001 0.8492644437499999 0.5202204234375001 0.8474266671875 0.5238972609375 0.8437503703125 0.52941158125 0.8437503703125 0.5312503109375 0.8419118515624999 0.53308841875 0.8419118515624999 0.5386027390625 0.8363970374999999 0.54044146875 0.8363970374999999 0.5422795765624999 0.83455851875 0.5422795765624999 0.7591911109375 0.54044146875 0.7573533328125001 0.534926525 0.7573533328125001 0.53308841875 0.7555148140625 0.5312503109375 0.7555148140625 0.527573475 0.75183851875 0.527573475 0.7444851859375 0.5257353671875 0.7426474078124999 0.5257353671875 0.7408088890625 0.52205853125 0.7371325921875 0.52205853125 0.7352940734375 0.5202204234375001 0.73345555625 0.5202204234375001 0.7261029625 0.518382315625 0.72426444375 0.518382315625 0.7205881484375001 0.516544209375 0.7187503703125 0.516544209375 0.7169118515624999 0.5147061015625 0.7150733328125 0.512867371875 0.7150733328125 0.5110292656250001 0.71323555625 0.5091911578125 0.71323555625 0.5018381078124999 0.7058822218749999 0.5 0.7058822218749999 0.49816189218750007 0.70404444375 0.4963237859375 0.70404444375 0.4908088421875 0.6985296296875 0.47058841874999996 0.6985296296875 0.47058841874999996 0.7003674078125 0.45220610156249996 0.7187503703125 0.450367371875 0.7187503703125 0.44852926562500006 0.7205881484375001
36 0.5386027390625 0.27941185156250004 0.5367646328125 0.2812503703125 0.5367646328125 0.28308814843749996 0.53308841875 0.28676444375 0.5312503109375 0.28676444375 0.52941158125 0.2886029625 0.527573475 0.2886029625 0.5238972609375 0.292279259375 0.52205853125 0.292279259375 0.5202204234375001 0.294117778125 0.516544209375 0.294117778125 0.5091911578125 0.3014703703125 0.50551494375 0.3014703703125 0.5 0.3069851859375 0.49816189218750007 0.3069851859375 0.4963237859375 0.30882370312499996 0.49448505625 0.30882370312499996 0.49264694843749995 0.31066148125000004 0.49264694843749995 0.3125 0.48897073437499994 0.31617629687500004 0.48897073437499994 0.40257333281249996 0.49448505625 0.40257333281249996 0.5018381078124999 0.40992666718750004 0.5036762140625 0.40992666718750004 0.5110292656250001 0.417279259375 0.518382315625 0.417279259375 0.5202204234375001 0.41911777812500006 0.52205853125 0.41911777812500006 0.5257353671875 0.42279407343750003 0.5386027390625 0.42279407343750003 0.544117684375 0.417279259375 0.5551469484375 0.417279259375 0.5606618921875001 0.42279407343750003 0.5625 0.42279407343750003 0.5643381078124999 0.4246325921875 0.5698530515625 0.4246325921875 0.5716911578125 0.42279407343750003 0.5716911578125 0.42095555625000003 0.575367371875 0.417279259375 0.5882353671875 0.417279259375 0.590073475 0.41544148124999997 0.59191158125 0.41544148124999997 0.597426525 0.40992666718750004 0.5992646328125 0.40992666718750004 0.606617684375 0.40257333281249996 0.612132628125 0.40257333281249996 0.6139707343749999 0.40073555625 0.6139707343749999 0.332720740625 0.612132628125 0.330882221875 0.608455790625 0.330882221875 0.606617684375 0.32904444375 0.6047795765624999 0.32904444375 0.60294146875 0.32720592656249997 0.60294146875 0.3253674078125 0.6011027390625 0.3235296296875 0.6011027390625 0.3198525921875 0.5937503109375 0.3125 0.5937503109375 0.30330888906250003 0.59191158125 0.3014703703125 0.590073475 0.3014703703125 0.5882353671875 0.2996325921875 0.5863972609375 0.2996325921875 0.58455853125 0.29779407343750003 0.58455853125 0.29595555625 0.5827204234375001 0.29595555625 0.580882315625 0.294117778125 0.575367371875 0.294117778125 0.5716911578125 0.29044148125 0.5716911578125 0.2886029625 0.5698530515625 0.28676444375 0.56801494375 0.28676444375 0.5625 0.2812503703125 0.5606618921875001 0.2812503703125 0.5588237859375 0.27941185156250004 0.55698505625 0.27941185156250004 0.5514707343749999 0.2738970375 0.5422795765624999 0.2738970375 0.5422795765624999 0.27573555625 0.54044146875 0.27757333281249996 0.5386027390625 0.27757333281249996 0.5386027390625 0.27941185156250004
12 0.5386027390625 0.69691555625 0.5422795765624999 0.69691555625 0.544117684375 0.6987533328125 0.545955790625 0.6987533328125 0.549632628125 0.7024303703125 0.5514707343749999 0.7024303703125 0.5533088421875 0.7042681484375 0.5735292656250001 0.7042681484375 0.575367371875 0.7024303703125 0.5772061015625 0.7024303703125 0.5772061015625 0.6454451859375 0.527573475 0.6454451859375 0.527573475 0.7005918515625 0.52941158125 0.7024303703125 0.53308841875 0.7024303703125 0.5386027390625 0.69691555625
15 0.606617684375 0.2814666671875 0.608455790625 0.2796288890625 0.6102938984375 0.2796288890625 0.612132628125 0.2777903703125 0.643382315625 0.2777903703125 0.6452204234375001 0.2759525921875 0.6452204234375001 0.2171288890625 0.597426525 0.2171288890625 0.597426525 0.2777903703125 0.5992646328125 0.2777903703125 0.60294146875 0.2814666671875 0.606617684375 0.2814666671875
14 0.637867371875 0.8455881484375001 0.6397061015625 0.8437503703125 0.643382315625 0.8437503703125 0.6452204234375001 0.8419118515624999 0.6452204234375001 0.78676444375 0.643382315625 0.7849266671875 0.59558841875 0.7849266671875 0.59558841875 0.8437503703125 0.60294146875 0.8437503703125 0.6047795765624999 0.8455881484375001 0.637867371875 0.8455881484375001
14 0.4117646328125 0.417279259375 0.4136027390625 0.41911777812500006 0.43198505625 0.41911777812500006 0.4338237859375 0.417279259375 0.4375 0.417279259375 0.43933810781249993 0.41544148124999997 0.43933810781249993 0.36029407343750003 0.38970610156249996 0.36029407343750003 0.38970610156249996 0.41911777812500006 0.39522042343749997 0.41911777812500006 0.39705853125 0.417279259375 0.4117646328125 0.417279259375
17 0.606617684375 0.4264703703125 0.5992646328125 0.433823703125 0.597426525 0.433823703125 0.59558841875 0.43566148125000004 0.59558841875 0.4375 0.59191158125 0.441176296875 0.5827204234375001 0.441176296875 0.580882315625 0.4430148140625 0.5772061015625 0.4430148140625 0.5772061015625 0.44485259218750006 0.575367371875 0.4466911109375 0.575367371875 0.45220592656249997 0.579044209375 0.45588222187499994 0.579044209375 0.457720740625 0.580882315625 0.45955851875000003 0.580882315625 0.4613970375 0.5898922796875 0.4646251859375 0.5940236609375 0.4708059265625 0.592924034375 0.4807066671875 0.5977471984375 0.4833251859375 0.6020080953125 0.48649703750000006 0.603620175 0.48783407343749996 0.6076955171875 0.4971725921875 0.6025535484375 0.5010459265625 0.59072851875 0.50236444375 0.5900080953125 0.5137318515625 0.584462640625 0.51721851875 0.5812509343750001 0.5182651859375 0.573135740625 0.5173911109375 0.5686537984375 0.5102792593750001 0.5699396015625 0.5014888890625 0.562600871875 0.5033488890625 0.5582702359375 0.5030896296875 0.5588237859375 0.542279259375 0.5625 0.542279259375 0.5661762140625 0.54595555625 0.5661762140625 0.5477940734375 0.56801494375 0.5496325921875 0.5698530515625 0.5496325921875 0.5735292656250001 0.5533088890625 0.5735292656250001 0.5551474078124999 0.575367371875 0.5569851859375 0.58455853125 0.5569851859375 0.59191158125 0.56433851875 0.5937503109375 0.5625 0.597426525 0.5625 0.6011027390625 0.5588237031250001 0.60294146875 0.5588237031250001 0.6047795765624999 0.5569851859375 0.6176469484375 0.5569851859375 0.61948505625 0.5588237031250001 0.6213237859375 0.5588237031250001 0.6231618921875001 0.56066148125 0.6231618921875001 0.5625 0.625 0.56433851875 0.6268381078124999 0.56433851875 0.6286762140625 0.5661762968749999 0.6323530515625 0.5661762968749999 0.6341911578125 0.5680148140625 0.6360292656250001 0.5661762968749999 0.637867371875 0.5661762968749999 0.6397061015625 0.56433851875 0.6452204234375001 0.56433851875 0.6470591531250001 0.5625 0.6507353671875 0.5625 0.6507353671875 0.56066148125 0.65441158125 0.5569851859375 0.6636027390625 0.5569851859375 0.670955790625 0.5496325921875 0.6727938984375 0.5496325921875 0.674632628125 0.5477940734375 0.674632628125 0.54595555625 0.6783088421875 0.542279259375 0.6801469484375 0.542279259375 0.68198505625 0.54044148125 0.68198505625 0.479779259375 0.6801469484375 0.47794148124999997 0.6764707343749999 0.47794148124999997 0.674632628125 0.4761029625 0.6727938984375 0.4761029625 0.669117684375 0.47242666718750004 0.669117684375 0.4705881484375 0.6672795765624999 0.46875037031250005 0.6672795765624999 0.46507333281249996 0.6617646328125 0.45955851875000003 0.6617646328125 0.45588222187499994 0.659926525 0.45404444374999997 0.659926525 0.44485259218750006 0.652573475 0.4375 0.652573475 0.43566148125000004 0.6507353671875 0.433823703125 0.6488972609375 0.433823703125 0.641544209375 0.4264703703125 0.6397061015625 0.4264703703125 0.6360292656250001 0.42279407343750003 0.6341911578125 0.42279407343750003 0.63051494375 0.41911777812500006 0.6176469484375 0.41911777812500006 0.6158088421875 0.42095555625000003 0.6139707343749999 0.42095555625000003 0.608455790625 0.4264703703125 0.606617684375 0.4264703703125
25 0.42279389843750004 0.79595555625 0.42279389843750004 0.7426474078124999 0.420955790625 0.7426474078124999 0.419117684375 0.7408088890625 0.40808841874999996 0.7408088890625 0.40808841874999996 0.7996325921875 0.420955790625 0.7996325921875 0.420955790625 0.7977940734375 0.42279389843750004 0.79595555625
28 0.7022061015625 0.5661762968749999 0.7077204234375001 0.5716911109375 0.7095591531250001 0.5716911109375 0.7132353671875 0.5753674078125 0.7132353671875 0.5772059265625 0.715073475 0.57904444375 0.71691158125 0.57904444375 0.7187503109375 0.5808822218749999 0.72058841875 0.5808822218749999 0.7242646328125 0.58455851875 0.7261027390625 0.58455851875 0.7279408468749999 0.5863970375 0.731617684375 0.5863970375 0.733455790625 0.58455851875 0.7352938984375 0.58455851875 0.737132628125 0.582720740625 0.737132628125 0.5808822218749999 0.7389707343749999 0.57904444375 0.7389707343749999 0.5716911109375 0.733455790625 0.5661762968749999 0.7297795765624999 0.5661762968749999 0.7261027390625 0.5625 0.7261027390625 0.56066148125 0.7242646328125 0.5588237031250001 0.722426525 0.5588237031250001 0.71691158125 0.5533088890625 0.715073475 0.5533088890625 0.7132353671875 0.5514703703125 0.7095591531250001 0.5514703703125 0.704044209375 0.54595555625 0.69301494375 0.54595555625 0.69301494375 0.56433851875 0.6985292656250001 0.56433851875 0.700367371875 0.5661762968749999 0.7022061015625 0.5661762968749999
7 0.299632628125 0.6932318515625 0.301470734375 0.6913933328125 0.301470734375 0.6785259265625 0.3033088421875 0.6766874078125 0.3033088421875 0.6546288890625 0.301470734375 0.6527903703125 0.301470734375 0.6491140734374999 0.299632628125 0.64727555625 0.299632628125 0.645437778125 0.25 0.645437778125 0.25 0.70426148125 0.29779389843750004 0.70426148125 0.299632628125 0.7024229625 0.299632628125 0.6932318515625
11 0.49448505625 0.8455881484375001 0.4963237859375 0.8437503703125 0.5036762140625 0.8437503703125 0.50551494375 0.8419118515624999 0.50551494375 0.83455851875 0.5073530515625 0.832720740625 0.5073530515625 0.8014703703125001 0.5091911578125 0.7996325921875 0.5091911578125 0.7977940734375 0.5073530515625 0.79595555625 0.5073530515625 0.792279259375 0.50551494375 0.79044148125 0.50551494375 0.78676444375 0.4577204234375 0.78676444375 0.4577204234375 0.8437503703125 0.4742646328125 0.8437503703125 0.4761027390625 0.8455881484375001 0.49448505625 0.8455881484375001
26 0.294117684375 0.29044148125 0.295955790625 0.292279259375 0.29779389843750004 0.292279259375 0.299632628125 0.294117778125 0.301470734375 0.294117778125 0.3033088421875 0.29595555625 0.3033088421875 0.29779407343750003 0.30698505625 0.29779407343750003 0.3088237859375 0.2996325921875 0.3125 0.2996325921875 0.3161762140625 0.30330888906250003 0.3161762140625 0.3051474078125 0.31801494375 0.3069851859375 0.3198530515625 0.3069851859375 0.32720610156249996 0.31433851874999996 0.34191158125 0.31433851874999996 0.3437503109375 0.3125 0.3437503109375 0.30330888906250003 0.33455853125 0.294117778125 0.33272042343749997 0.294117778125 0.329044209375 0.29044148125 0.329044209375 0.2886029625 0.32720610156249996 0.28676444375 0.325367371875 0.28676444375 0.31801494375 0.27941185156250004 0.3161762140625 0.27941185156250004 0.3106618921875 0.2738970375 0.294117684375 0.2738970375 0.29044146875 0.27757333281249996 0.29044146875 0.28492666718750004 0.294117684375 0.2886029625 0.294117684375 0.29044148125
25 0.3713237859375 0.7187503703125 0.375 0.7224266671875 0.375 0.72426444375 0.3768381078125 0.7261029625 0.3786762140625 0.7261029625 0.386029265625 0.73345555625 0.393382315625 0.73345555625 0.39705853125 0.7371325921875 0.39705853125 0.7389703703125 0.3988972609375 0.7408088890625 0.40992652500000004 0.7408088890625 0.4117646328125 0.7389703703125 0.4117646328125 0.729779259375 0.40992652500000004 0.72794148125 0.40992652500000004 0.7224266671875 0.40808841874999996 0.7205881484375001 0.3988972609375 0.7205881484375001 0.39522042343749997 0.7169118515624999 0.39522042343749997 0.7150733328125 0.393382315625 0.71323555625 0.391544209375 0.71323555625 0.387867371875 0.70955851875 0.387867371875 0.707720740625 0.386029265625 0.7058822218749999 0.3841911578125 0.7058822218749999 0.38051494375 0.7022059265625 0.38051494375 0.7003674078125 0.36948505625 0.7003674078125 0.363970734375 0.7058822218749999 0.363970734375 0.7150733328125 0.3676469484375 0.7187503703125 0.3713237859375 0.7187503703125
37 0.323487546875 0.14705851875 0.31981133281249996 0.14705851875 0.31245828124999997 0.15441185156249998 0.310620175 0.15441185156249998 0.3032671234375 0.16176444375000001 0.301429015625 0.16176444375000001 0.29959028593750003 0.1636029625 0.2977521796875 0.1636029625 0.294075965625 0.167279259375 0.2922378578125 0.167279259375 0.290399128125 0.169117778125 0.28488480625 0.169117778125 0.28488480625 0.23529407343750003 0.2867229140625 0.2371325921875 0.2867229140625 0.23897037031249999 0.288561021875 0.24080888906250003 0.290399128125 0.24080888906250003 0.294075965625 0.2444851859375 0.294075965625 0.2573525921875 0.295914071875 0.25919111093749997 0.295914071875 0.2610296296875 0.301429015625 0.26654444375 0.301429015625 0.27205851875 0.3032671234375 0.2738970375 0.3032671234375 0.27573555625 0.3051052296875 0.27573555625 0.3069433375 0.27757333281249996 0.31245828124999997 0.27757333281249996 0.3161344953125 0.2812503703125 0.3161344953125 0.28308814843749996 0.317972603125 0.28492666718750004 0.3216494390625 0.28492666718750004 0.323487546875 0.28676444375 0.325325653125 0.28676444375 0.32900249062500003 0.29044148125 0.3308405984375 0.29044148125 0.3326787046875 0.292279259375 0.3345168125 0.292279259375 0.3381936484375 0.29595555625 0.3381936484375 0.29779407343750003 0.34003175625000004 0.2996325921875 0.3418698625 0.2996325921875 0.34554607656249997 0.30330888906250003 0.351061021875 0.30330888906250003 0.3547378578125 0.2996325921875 0.356575965625 0.2996325921875 0.363929015625 0.292279259375 0.3657671234375 0.292279259375 0.3676052296875 0.29044148125 0.3694433375 0.29044148125 0.373120175 0.28676444375 0.37495828124999997 0.28676444375 0.3767963890625 0.28492666718750004 0.3786344953125 0.28492666718750004 0.380472603125 0.28308814843749996 0.380472603125 0.2812503703125 0.38231133281249996 0.27941185156250004 0.3841494390625 0.27941185156250004 0.39150249062500003 0.27205851875 0.39150249062500003 0.270220740625 0.3933405984375 0.268382221875 0.3933405984375 0.25919111093749997 0.3951787046875 0.2573525921875 0.3951787046875 0.2444851859375 0.3970168125 0.2426474078125 0.3970168125 0.24080888906250003 0.4043698625 0.23345555624999997 0.4062079703125 0.23345555624999997 0.4080460765625 0.231617778125 0.4080460765625 0.1727940734375 0.4043698625 0.169117778125 0.40253175625 0.169117778125 0.3970168125 0.1636029625 0.3951787046875 0.1636029625 0.3933405984375 0.16176444375000001 0.39150249062500003 0.16176444375000001 0.387825653125 0.15808814843750002 0.387825653125 0.1562503703125 0.385987546875 0.15441185156249998 0.38231133281249996 0.15441185156249998 0.380472603125 0.15257333281250002 0.3786344953125 0.15257333281250002 0.373120175 0.14705851875 0.3694433375 0.14705851875 0.3657671234375 0.143382221875 0.3657671234375 0.14154444375 0.363929015625 0.1397059265625 0.36209028593750003 0.1397059265625 0.3547378578125 0.1323525921875 0.33635491875 0.1323525921875 0.33635491875 0.13602962968750001 0.3326787046875 0.1397059265625 0.3308405984375 0.1397059265625 0.323487546875 0.14705851875
28 0.299632628125 0.57904444375 0.3051469484375 0.57904444375 0.3088237859375 0.582720740625 0.3088237859375 0.58455851875 0.3106618921875 0.5863970375 0.31801494375 0.5863970375 0.325367371875 0.5937503703125 0.32720610156249996 0.5937503703125 0.330882315625 0.5974266671875 0.330882315625 0.59926444375 0.34191158125 0.59926444375 0.34191158125 0.5808822218749999 0.33823536718749997 0.5808822218749999 0.33455853125 0.5772059265625 0.33272042343749997 0.5772059265625 0.329044209375 0.5735296296875 0.325367371875 0.5735296296875 0.3216911578125 0.5698533328125001 0.3216911578125 0.5680148140625 0.3198530515625 0.5661762968749999 0.31801494375 0.5661762968749999 0.3143381078125 0.5625 0.3143381078125 0.56066148125 0.299632628125 0.56066148125 0.295955790625 0.56433851875 0.295955790625 0.5772059265625 0.29779389843750004 0.5772059265625 0.299632628125 0.57904444375
11 0.534926525 0.42095555625000003 0.5367646328125 0.41911777812500006 0.5422795765624999 0.41911777812500006 0.544117684375 0.417279259375 0.55698505625 0.417279259375 0.5606618921875001 0.42095555625000003 0.56801494375 0.42095555625000003 0.5698530515625 0.41911777812500006 0.5716911578125 0.41911777812500006 0.5735292656250001 0.417279259375 0.5772061015625 0.417279259375 0.5772061015625 0.36029407343750003 0.527573475 0.36029407343750003 0.527573475 0.41911777812500006 0.52941158125 0.41911777812500006 0.5312503109375 0.42095555625000003 0.534926525 0.42095555625000003
14 0.608455790625 0.8455881484375001 0.6102938984375 0.8474266671875 0.6323530515625 0.8474266671875 0.6341911578125 0.8455881484375001 0.637867371875 0.8455881484375001 0.6397061015625 0.8437503703125 0.643382315625 0.8437503703125 0.6452204234375001 0.8419118515624999 0.6452204234375001 0.78676444375 0.643382315625 0.7849266671875 0.59558841875 0.7849266671875 0.59558841875 0.8437503703125 0.6047795765624999 0.8437503703125 0.606617684375 0.8455881484375001 0.608455790625 0.8455881484375001
25 0.27022042343749997 0.457720740625 0.27022042343749997 0.5128674078125 0.28308841875 0.5128674078125 0.28308841875 0.457720740625 0.27022042343749997 0.457720740625
25 0.2658779578125 0.45851851874999994 0.2721046078125 0.4570370375 0.2758405984375 0.4533333328125 0.2758405984375 0.44592592656249996 0.27272727343750003 0.44148148125000003 0.21793275156249997 0.40444444375 0.2129514328125 0.40444444375 0.207347446875 0.4096296296875 0.20797011250000003 0.41777777812499994 0.2123287671875 0.42148148125 0.2658779578125 0.45851851874999994
25 0.1500622671875 0.45851851874999994 0.2067247828125 0.41925925937499997 0.20797011250000003 0.4096296296875 0.20049813125 0.40444444375 0.198007471875 0.40444444375 0.14072229218750001 0.442222221875 0.13823163125 0.4481481484375 0.1400996265625 0.456296296875 0.1500622671875 0.45851851874999994
28 0.6805728515625 0.5666666671875 0.6892901625000001 0.5599999999999999 0.6886674968750001 0.5496296296875001 0.6836861765625 0.5459259265624999 0.67870485625 0.5459259265624999 0.6332503109375 0.5770370375 0.6332503109375 0.580740740625 0.6519302609375 0.5851851859375 0.6805728515625 0.5666666671875
28 0.351805728125 0.6007407406249999 0.35616438281249996 0.6007407406249999 0.412204234375 0.56148148125 0.4128268984375 0.5496296296875001 0.4072229140625 0.5459259265624999 0.4041095890625 0.5459259265624999 0.3511830640625 0.58148148125 0.345579078125 0.5888888890625 0.34620174375 0.5970370375 0.351805728125 0.6007407406249999
28 0.4694894140625 0.59851851875 0.474470734375 0.6007407406249999 0.48132005 0.5962962968750001 0.4819427140625 0.5866666671874999 0.4788293890625 0.58148148125 0.4227895390625 0.54444444375 0.42092154375 0.54444444375 0.41469489375 0.5496296296875001 0.41469489375 0.557777778125 0.41656288906250005 0.56148148125 0.4694894140625 0.59851851875
28 0.4863013703125 0.5837037031250001 0.483810709375 0.5896296296875 0.48443337499999994 0.5970370375 0.48754670000000006 0.6 0.494396015625 0.6 0.5105853046875 0.5866666671874999 0.522415940625 0.58148148125 0.550435865625 0.560740740625 0.5498132 0.5503703703125 0.5460772109375001 0.5466666671875 0.542652553125 0.5466666671875 0.5392278953125 0.5466666671875 0.5136986296875 0.5629629625 0.49564134531250004 0.5785185187499999 0.4863013703125 0.5837037031250001
28 0.584682440625 0.5837037031250001 0.58530510625 0.5881481484375 0.58841843125 0.5903703703125001 0.594022415625 0.5674074078125 0.56039850625 0.54444444375 0.559775840625 0.54444444375 0.5523038609375 0.5503703703125 0.55417185625 0.560740740625 0.577833125 0.577777778125 0.584682440625 0.5837037031250001
28 0.7795765875 0.5881481484375 0.7826899125 0.5903703703125001 0.82440846875 0.562222221875 0.8275217937500001 0.5548148140625 0.8275217937500001 0.5503703703125 0.82440846875 0.5451851859375 0.8209838109375 0.5451851859375 0.8094645078125 0.5496296296875001 0.7814445828125 0.5688888890625 0.7777085921875 0.5733333328125 0.7795765875 0.5881481484375
27 0.8032378578125 0.44962962968750003 0.8063511828125 0.440740740625 0.8069738484375 0.4311111109375 0.7665006234375 0.403703703125 0.7652552921875 0.403703703125 0.758405978125 0.40888888906250004 0.7590286421875 0.41629629687499997 0.767745953125 0.4251851859375 0.8032378578125 0.44962962968750003
27 0.7204234125 0.4451851859375 0.7334993765625 0.43407407343750004 0.7440846828125001 0.42888888906249995 0.7577833125 0.41629629687499997 0.757160646875 0.4074074078125 0.750933996875 0.40444444375 0.7471980078125 0.40444444375 0.707347446875 0.43185185156249994 0.707347446875 0.43851851875000003 0.7135740968750001 0.44000000000000006 0.7204234125 0.4451851859375
27 0.6674968859375 0.7296296296875 0.6706102109375001 0.7170370375 0.6681195515625 0.7133333328125 0.6301369859375 0.6881481484374999 0.626400996875 0.6881481484374999 0.622042340625 0.6925925921875 0.62266500625 0.7029629625 0.6643835609375001 0.7318518515625 0.6674968859375 0.7296296296875
27 0.5834371109375 0.7259259265625 0.6139476968750001 0.7066666671874999 0.6201743468750001 0.7 0.6201743468750001 0.6925925921875 0.61643835625 0.6888888890625 0.610834371875 0.6888888890625 0.5709838109375001 0.7125925921875 0.5672478203125 0.7170370375 0.569115815625 0.722222221875 0.5834371109375 0.7259259265625
27 0.55417185625 0.8303703703125 0.5585305109375 0.8274074078125 0.559775840625 0.760740740625 0.547322540625 0.75851851875 0.5466998750000001 0.757777778125 0.5429638859375 0.7614814812499999 0.544209215625 0.82148148125 0.5466998750000001 0.8288888890624999 0.55417185625 0.8303703703125
27 0.5834371109375 0.8644444437500001 0.6089663765625 0.883703703125 0.6145703609375001 0.88444444375 0.61955168125 0.8807407406250001 0.6201743468750001 0.8711111109375 0.6183063515625 0.8681481484375 0.5610211703125 0.8296296296874999 0.5579078453124999 0.8296296296874999 0.553549190625 0.8340740734375001 0.553549190625 0.84148148125 0.56351183125 0.8525925921875 0.5834371109375 0.8644444437500001
26 0.2752179328125 0.2259259265625 0.28268991250000003 0.2296296296875 0.283312578125 0.2281481484375 0.28268991250000003 0.18148148125000002 0.2777085921875 0.1740740734375 0.2758405984375 0.1718518515625 0.27023661250000003 0.1748148140625 0.267745953125 0.18 0.2689912828125 0.2296296296875 0.2752179328125 0.2259259265625
26 0.277085928125 0.1725925921875 0.28268991250000003 0.17555555625000002 0.289539228125 0.1740740734375 0.3418430890625 0.13703703750000001 0.34433374843750003 0.13333333281249998 0.34433374843750003 0.1288888890625 0.339352428125 0.12222222187500001 0.33686176875 0.12222222187500001 0.3281444578125 0.12370370312500001 0.28268991250000003 0.15555555625 0.2777085921875 0.16148148125 0.277085928125 0.1725925921875
26 0.4732254046875 0.316296296875 0.4769613953125 0.316296296875 0.48256537968749996 0.3111111109375 0.4831880453125 0.3066666671875 0.478206725 0.299259259375 0.4420921546875 0.2733333328125 0.43648816874999996 0.2733333328125 0.43150685 0.276296296875 0.428393525 0.282222221875 0.4321295140625 0.2888888890625 0.4732254046875 0.316296296875
26 0.3387297640625 0.4029629625 0.34433374843750003 0.40592592656250004 0.3530510578125 0.400740740625 0.3511830640625 0.3770370375 0.3530510578125 0.363703703125 0.3530510578125 0.3266666671875 0.351805728125 0.31851851875000003 0.34620174375 0.3148148140625 0.3449564140625 0.3133333328125 0.3374844328125 0.32 0.33686176875 0.376296296875 0.33686176875 0.39703703749999997 0.3387297640625 0.4029629625
26 0.38356164375 0.44592592656249996 0.38667496875 0.42592592656250006 0.3661270234375 0.4103703703125 0.35242839375 0.4029629625 0.351805728125 0.4029629625 0.348692403125 0.40444444375 0.345579078125 0.4103703703125 0.34744707343750003 0.41925925937499997 0.38356164375 0.44592592656249996
26 0.44271481875 0.44444444375 0.44645080937500004 0.44444444375 0.46762142031250004 0.4296296296875 0.478206725 0.42148148125 0.4819427140625 0.41555555625 0.48132005 0.4074074078125 0.4738480703125 0.40444444375 0.4732254046875 0.40444444375 0.4420921546875 0.423703703125 0.43150685 0.43333333281249997 0.43150685 0.4370370375 0.44271481875 0.44444444375
26 0.618929015625 0.41851851875 0.61955168125 0.4096296296875 0.61332503125 0.40444444375 0.6089663765625 0.40444444375 0.572229140625 0.4296296296875 0.5703611453125 0.436296296875 0.5747198 0.45185185156249996 0.618929015625 0.41851851875
17 0.2808219171875 0.8311111109375 0.3281444578125 0.8651851859375 0.3449564140625 0.8725925921875 0.358032378125 0.8659259265625 0.387297634375 0.8422222218750001 0.382938978125 0.8222222218749999 0.3854296390625 0.8066666671875 0.38978829375 0.8 0.4041095890625 0.7896296296875 0.4041095890625 0.7688888890625 0.399750934375 0.757777778125 0.4034869234375 0.7525925921875001 0.40224159375 0.7429629624999999 0.365504359375 0.722222221875 0.35678704843750003 0.7133333328125 0.32752179375 0.7125925921875 0.317559153125 0.716296296875 0.2808219171875 0.743703703125 0.280199253125 0.7481481484375 0.283312578125 0.7548148140625 0.2808219171875 0.7659259265625 0.2808219171875 0.8311111109375
4 0.56973848125 0.7570370375000001 0.5809464515625 0.74444444375 0.57907845625 0.7274074078125 0.5647571609375001 0.7259259265625 0.5585305109375 0.7096296296875 0.5448318796875 0.699259259375 0.5305105859375 0.7066666671874999 0.5242839359375 0.719259259375 0.5230386046875 0.7340740734375 0.5323785796875 0.756296296875 0.5466998750000001 0.75851851875 0.56973848125 0.7570370375000001
33 0.7117061015624999 0.74444444375 0.707347446875 0.7170370375 0.6899128265625001 0.7 0.6843088421875 0.7022222218749999 0.6712328765625 0.716296296875 0.6681195515625 0.7311111109375 0.6674968859375 0.74444444375 0.6774595265625 0.75555555625 0.7023661265625 0.75555555625 0.7117061015624999 0.74444444375
5 0.6400996265625001 0.6148148140624999 0.6488169359375 0.6051851859374999 0.648194271875 0.5866666671874999 0.631382315625 0.580740740625 0.6270236609375 0.5681481484375001 0.6127023656249999 0.5570370375 0.6089663765625 0.5570370375 0.597135740625 0.5666666671875 0.5927770859375 0.5740740734374999 0.5909090906250001 0.5896296296875 0.59775840625 0.6088888890625 0.6046077203125 0.616296296875 0.6400996265625001 0.6148148140624999
3 0.427770859375 0.4703703703125 0.4321295140625 0.47259259218749994 0.44271481875 0.459259259375 0.44271481875 0.44592592656249996 0.43648816874999996 0.442222221875 0.42403486875 0.44148148125000003 0.4196762140625 0.42592592656250006 0.4066002484375 0.41555555625 0.4003735984375 0.41629629687499997 0.38978829375 0.42444444375 0.3854296390625 0.4370370375 0.3854296390625 0.45185185156249996 0.39227895468749996 0.46962962968750005 0.39726027343750003 0.47407407343749997 0.427770859375 0.4703703703125
33 0.848692403125 0.46296296249999996 0.8443337484375 0.4325925921875 0.8287671234375 0.4170370375 0.8231631374999999 0.41777777812499994 0.8138231625 0.4266666671875 0.80884184375 0.43185185156249994 0.8069738484375 0.439259259375 0.80572851875 0.45999999999999996 0.8150684937499999 0.4718518515625 0.83997509375 0.4711111109375 0.848692403125 0.46296296249999996
2 0.258405978125 0.5681481484375001 0.292652553125 0.5681481484375001 0.3044831875 0.5570370375 0.305105853125 0.5429629625 0.3032378578125 0.5377777781249999 0.292652553125 0.536296296875 0.2876712328125 0.53851851875 0.2845579078125 0.5340740734375 0.28268991250000003 0.52148148125 0.2689912828125 0.5088888890625001 0.252179328125 0.519259259375 0.247820671875 0.5296296296875 0.2471980078125 0.5451851859375 0.2515566625 0.5518518515624999 0.2546699875 0.56444444375 0.258405978125 0.5681481484375001
4 0.7098381078125 0.4703703703125 0.716687421875 0.46296296249999996 0.716687421875 0.4474074078125 0.7135740968750001 0.442222221875 0.70049813125 0.442222221875 0.6961394765625 0.42740740781250003 0.6830635125 0.41629629687499997 0.6774595265625 0.41629629687499997 0.6674968859375 0.42296296250000004 0.66313823125 0.4281481484375 0.6612702359375 0.43555555625000003 0.66002490625 0.44962962968750003 0.666874221875 0.4681481484375 0.6737235375 0.4733333328125 0.7098381078125 0.4703703703125
28 0.56039850625 0.257777778125 0.5585305109375 0.23407407343750003 0.559775840625 0.1911111109375 0.55417185625 0.1881481484375 0.5429638859375 0.19037037031249998 0.54358655 0.25851851875 0.5460772109375001 0.262222221875 0.553549190625 0.26444444375 0.56039850625 0.257777778125
37 0.46762142031250004 0.29407407343749997 0.4819427140625 0.30222222187500003 0.48754670000000006 0.30222222187500003 0.5080946453124999 0.2896296296875 0.5168119546875001 0.27999999999999997 0.5267745953125 0.27555555625 0.5417185546875001 0.26148148125000004 0.5423412203125 0.20518518593750001 0.5392278953125 0.1896296296875 0.528019925 0.1770370375 0.5273972609375 0.16148148125 0.500622665625 0.1481481484375 0.497509340625 0.14148148124999999 0.48754670000000006 0.13333333281249998 0.48256537968749996 0.1318518515625 0.478206725 0.137777778125 0.4694894140625 0.139259259375 0.45641345 0.15111111093750001 0.452677459375 0.15111111093750001 0.4252802 0.1696296296875 0.41843088437500003 0.1770370375 0.41780821875 0.2259259265625 0.43337484374999996 0.243703703125 0.43835616406250005 0.26888888906249997 0.46762142031250004 0.29407407343749997
36 0.6307596515625 0.3674074078125 0.6307596515625 0.3740740734375 0.626400996875 0.376296296875 0.626400996875 0.3874074078125 0.6301369859375 0.39481481406249996 0.628268990625 0.400740740625 0.6332503109375 0.4074074078125 0.6450809468750001 0.4148148140625 0.65068493125 0.41333333281250006 0.660647571875 0.41777777812499994 0.66313823125 0.42222222187499997 0.6843088421875 0.4148148140625 0.6948941468750001 0.42148148125 0.70049813125 0.43185185156249994 0.750933996875 0.400740740625 0.7534246578125 0.320740740625 0.749066003125 0.3133333328125 0.6961394765625 0.276296296875 0.6861768374999999 0.2770370375 0.64445828125 0.30444444375 0.6457036109375001 0.32444444375 0.626400996875 0.3340740734375 0.626400996875 0.3548148140625 0.6307596515625 0.3674074078125
29 0.556662515625 0.4888888890625 0.5547945203125 0.49555555625 0.5579078453124999 0.50148148125 0.5653798250000001 0.50148148125 0.56973848125 0.50444444375 0.569115815625 0.5118518515625 0.5709838109375001 0.51555555625 0.581569115625 0.5177777781249999 0.5890410953125 0.5140740734375 0.5921544203125 0.502222221875 0.60087173125 0.50148148125 0.603362390625 0.49851851875 0.603362390625 0.4940740734375 0.59775840625 0.48444444375 0.59153175625 0.48074074062500005 0.5896637609375001 0.46666666718750005 0.5809464515625 0.46074074062500003 0.57596513125 0.46074074062500003 0.56849315 0.46666666718750005 0.5660024906250001 0.4733333328125 0.5660024906250001 0.48074074062500005 0.556662515625 0.4888888890625
12 0.4582814453125 0.27555555625 0.46014943906249994 0.27777777812500004 0.474470734375 0.28148148125 0.505603984375 0.27925925937499996 0.5087173093749999 0.276296296875 0.5087173093749999 0.22296296249999997 0.5049813203125 0.21777777812500002 0.49315068437500004 0.2170370375 0.48983001249999997 0.2170370375 0.46326276406250005 0.2170370375 0.4570361140625 0.22296296249999997 0.4570361140625 0.263703703125 0.4582814453125 0.27555555625
9 0.250933996875 0.4148148140625 0.2534246578125 0.42000000000000004 0.25778331250000003 0.42222222187499997 0.2970112078125 0.42222222187499997 0.301992528125 0.41777777812499994 0.301992528125 0.36296296250000004 0.2963885421875 0.35925925937500003 0.2839352421875 0.3570370375 0.28268991250000003 0.35555555625 0.2758405984375 0.35851851875 0.257160646875 0.35925925937500003 0.2515566625 0.36296296250000004 0.250933996875 0.4148148140625
16 0.18430884218750002 0.56148148125 0.188667496875 0.5637037031250001 0.2278953921875 0.5637037031250001 0.2316313828125 0.56148148125 0.23349937656250003 0.536296296875 0.232254046875 0.503703703125 0.2278953921875 0.500740740625 0.1986301375 0.500740740625 0.19510149375000002 0.500740740625 0.185554171875 0.50148148125 0.18181818125 0.5066666671875 0.18181818125 0.5548148140625 0.18430884218750002 0.56148148125
10 0.6699875468750001 0.703703703125 0.67870485625 0.703703703125 0.68804483125 0.69851851875 0.6924034875 0.699259259375 0.69427148125 0.7029629625 0.6986301375 0.7051851859375 0.7135740968750001 0.703703703125 0.7160647578125 0.699259259375 0.7148194265625001 0.6466666671875 0.7085927765625 0.6429629625 0.68493150625 0.6429629625 0.6818181812499999 0.6429629625 0.66936488125 0.6429629625 0.6643835609375001 0.6466666671875 0.6643835609375001 0.69851851875 0.6699875468750001 0.703703703125
13 0.7378580328125001 0.5629629625 0.7484433375 0.5629629625 0.7559153171874999 0.5570370375 0.7714819421875 0.5637037031250001 0.7839352421875 0.559259259375 0.7839352421875 0.5051851859375 0.7789539234375 0.500740740625 0.760273971875 0.5 0.757160646875 0.5 0.7391033625000001 0.500740740625 0.7328767125 0.5059259265625 0.732254046875 0.5540740734375 0.7378580328125001 0.5629629625
7 0.299632628125 0.6930148140625 0.301470734375 0.6911762968749999 0.301470734375 0.6764703703125 0.3033088421875 0.6746325921875 0.3033088421875 0.6544118515624999 0.301470734375 0.6525733328125 0.301470734375 0.6488970375 0.299632628125 0.64705851875 0.299632628125 0.645220740625 0.25 0.645220740625 0.25 0.70404444375 0.29779389843750004 0.70404444375 0.299632628125 0.7022059265625 0.299632628125 0.6930148140625
8 0.36948505625 0.27757333281249996 0.36948505625 0.2205881484375 0.3676469484375 0.2187503703125 0.3198530515625 0.2187503703125 0.3198530515625 0.27941185156250004 0.323529265625 0.27941185156250004 0.325367371875 0.27757333281249996 0.36948505625 0.27757333281249996
13 0.3658088421875 0.56066148125 0.36948505625 0.5569851859375 0.36948505625 0.50183851875 0.3216911578125 0.50183851875 0.3216911578125 0.56433851875 0.363970734375 0.56433851875 0.3658088421875 0.5625 0.3658088421875 0.56066148125
15 0.32720610156249996 0.8455881484375001 0.329044209375 0.8474266671875 0.358455790625 0.8474266671875 0.36029389843750004 0.8455881484375001 0.362132628125 0.8455881484375001 0.363970734375 0.8437503703125 0.3676469484375 0.8437503703125 0.36948505625 0.8419118515624999 0.3713237859375 0.8419118515624999 0.3713237859375 0.78676444375 0.3198530515625 0.78676444375 0.3198530515625 0.8437503703125 0.3216911578125 0.8437503703125 0.323529265625 0.8455881484375001 0.32720610156249996 0.8455881484375001
7 0.670955790625 0.417279259375 0.6875 0.417279259375 0.6893381078124999 0.41911777812500006 0.6911762140625 0.41911777812500006 0.69301494375 0.42095555625000003 0.6948530515625 0.42095555625000003 0.6966911578125 0.41911777812500006 0.705882315625 0.41911777812500006 0.7077204234375001 0.417279259375 0.7113972609375 0.417279259375 0.7132353671875 0.41544148124999997 0.7132353671875 0.4136029625 0.71691158125 0.40992666718750004 0.71691158125 0.3676474078125 0.7132353671875 0.3639703703125 0.7132353671875 0.36029407343750003 0.6654408468749999 0.36029407343750003 0.6654408468749999 0.42279407343750003 0.6672795765624999 0.42279407343750003 0.6672795765624999 0.42095555625000003 0.670955790625 0.417279259375
16 0.5992646328125 0.56433851875 0.5992646328125 0.56066148125 0.6011027390625 0.5588237031250001 0.60294146875 0.5588237031250001 0.6047795765624999 0.5569851859375 0.6139707343749999 0.5569851859375 0.6213237859375 0.56433851875 0.643382315625 0.56433851875 0.6452204234375001 0.5625 0.6452204234375001 0.50183851875 0.597426525 0.50183851875 0.597426525 0.5036762968749999 0.59558841875 0.5055148140625 0.59558841875 0.56433851875 0.5992646328125 0.56433851875
20 0.5718748437500001 0.8656251859375 0.520312578125 0.8656251859375 0.520312578125 0.9421874078125001 0.570312578125 0.9421874078125001 0.5718748437500001 0.9406251859375001 0.5718748437500001 0.8656251859375
21 0.26406226718750003 0.9421874078125001 0.26562515625 0.9437503703125 0.29062515625 0.9437503703125 0.292187421875 0.9421874078125001 0.29375031093750004 0.9421874078125001 0.295312578125 0.9406251859375001 0.295312578125 0.864062221875 0.24375031093750002 0.864062221875 0.24375031093750002 0.9437503703125 0.25781257812499997 0.9437503703125 0.25937484375 0.9421874078125001 0.26406226718750003 0.9421874078125001
18 0.5734377328125 0.010937778125 0.5156251562499999 0.010937778125 0.5156251562499999 0.09062518593749999 0.5718748437500001 0.09062518593749999 0.5734377328125 0.089062221875 0.5734377328125 0.010937778125
18 0.77812515625 0.7218748140625 0.7234377328125 0.7218748140625 0.7234377328125 0.8 0.7765622671875 0.8 0.77812515625 0.798437778125 0.77812515625 0.7218748140625
18 0.8593748437500001 0.435937778125 0.8593748437500001 0.5156251859375 0.9187503109374999 0.5156251859375 0.9187503109374999 0.435937778125 0.8593748437500001 0.435937778125
18 0.157812578125 0.6562503703125 0.157812578125 0.5812503703125 0.1062503109375 0.5812503703125 0.1062503109375 0.6593748140625 0.1562503109375 0.6593748140625 0.1562503109375 0.6578125921875 0.157812578125 0.6562503703125
23 0.157812578125 0.2937503703125 0.1062503109375 0.2937503703125 0.1062503109375 0.376562221875 0.1562503109375 0.376562221875 0.157812578125 0.375 0.157812578125 0.2937503703125
19 0.29375031093750004 0.0875 0.295312578125 0.085937778125 0.295312578125 0.0171874078125 0.29375031093750004 0.0156251859375 0.295312578125 0.014062221875 0.295312578125 0.010937778125 0.24375031093750002 0.010937778125 0.24375031093750002 0.09062518593749999 0.292187421875 0.09062518593749999 0.29375031093750004 0.089062221875 0.29375031093750004 0.0875
22 0.7812503109375 0.2328125921875 0.7812503109375 0.1546874078125 0.72187484375 0.1546874078125 0.72187484375 0.235937778125 0.7796874218750001 0.235937778125 0.7796874218750001 0.2343748140625 0.7812503109375 0.2328125921875