32 0.49276067343749996 0.5698529406249999 0.49092237968749997 0.5716911765625 0.49092237968749997 0.6011029406249999 0.49276067343749996 0.6011029406249999 0.5001138421875 0.6084558828125 0.5258492890625 0.6084558828125 0.52768758125 0.606617646875 0.52768758125 0.6047794125 0.531364165625 0.6011029406249999 0.5332018109375001 0.6011029406249999 0.5350401031249999 0.59926470625 0.5350401031249999 0.575367646875 0.5332018109375001 0.5735294125 0.531364165625 0.5735294125 0.52768758125 0.5698529406249999 0.52768758125 0.56801470625 0.5221727031250001 0.5625 0.5221727031250001 0.5588235296875 0.5172930140625 0.55957720625 0.5129340234375 0.5542735296875 0.5009786546874999 0.5619 0.49643725781250003 0.5661764703125 0.494598965625 0.5661764703125 0.49276067343749996 0.56801470625 0.49276067343749996 0.5698529406249999
6 0.4191177234375 0.28125 0.4191177234375 0.2830882359375 0.4154411390625 0.28676470625 0.411764553125 0.28676470625 0.4062503234375 0.2922794125 0.40441203124999997 0.2922794125 0.40257373906250005 0.294117646875 0.39889715468750003 0.294117646875 0.3970588609375 0.2959558828125 0.3970588609375 0.2977941171875 0.3933822765625 0.3014705875 0.3897056921875 0.3014705875 0.38419146249999997 0.30698529375 0.38235316875 0.30698529375 0.3805148765625 0.30882352968750004 0.3768382921875 0.30882352968750004 0.3768382921875 0.40257352968750004 0.378676584375 0.40257352968750004 0.39154398437500004 0.4154411765625 0.3933822765625 0.4154411765625 0.39522056875 0.4172794125 0.39889715468750003 0.4172794125 0.4062503234375 0.424632353125 0.40808796875000003 0.424632353125 0.4154411390625 0.43198529375000005 0.41727943125 0.43198529375000005 0.4191177234375 0.43382352968750004 0.420956015625 0.43382352968750004 0.42463259999999997 0.4375 0.4264708921875 0.4375 0.4283085375 0.4393382359375 0.43014683125 0.4393382359375 0.43382341562500004 0.44301470624999995 0.44485316875 0.44301470624999995 0.4466914625 0.44117647031249996 0.4485291078125 0.44117647031249996 0.45036740000000003 0.4393382359375 0.45220569218750006 0.4393382359375 0.454043984375 0.4375 0.454043984375 0.4356617640625 0.45772056875 0.43198529375000005 0.4595588609375 0.43198529375000005 0.4613971546875 0.43014705937500003 0.463235446875 0.43014705937500003 0.4687503234375 0.424632353125 0.47242626093749995 0.424632353125 0.47977943125 0.4172794125 0.483456015625 0.4172794125 0.48529430781249994 0.4154411765625 0.4889708921875 0.4154411765625 0.4889708921875 0.41360294062499997 0.4908085375 0.41176470624999995 0.49264683125 0.41176470624999995 0.4944851234375 0.40992647031249996 0.49632341562500004 0.40992647031249996 0.5018382921875 0.4044117640625 0.503676584375 0.4044117640625 0.503676584375 0.40257352968750004 0.5055148765624999 0.40073529375000005 0.5055148765624999 0.3529411765625 0.50735316875 0.351102940625 0.50735316875 0.31617647031249996 0.5055148765624999 0.3143382359375 0.5055148765624999 0.3106617640625 0.5018382921875 0.30698529375 0.5 0.30698529375 0.49816170781249997 0.305147059375 0.49816170781249997 0.3033088234375 0.49632341562500004 0.3014705875 0.4944851234375 0.3014705875 0.4889708921875 0.2959558828125 0.48713259999999997 0.2959558828125 0.48529430781249994 0.294117646875 0.4816177234375 0.294117646875 0.474264553125 0.28676470625 0.47242626093749995 0.28676470625 0.46691203124999997 0.28125 0.46507373906250005 0.28125 0.463235446875 0.2794117640625 0.4613971546875 0.2794117640625 0.4595588609375 0.27757352968750004 0.45772056875 0.27757352968750004 0.454043984375 0.273897059375 0.4264708921875 0.273897059375 0.4264708921875 0.27573529375 0.42279430781249994 0.2794117640625 0.420956015625 0.2794117640625 0.4191177234375 0.28125
35 0.5606617078125 0.5588235296875 0.5533085375 0.5661764703125 0.5514708921875 0.5661764703125 0.5441177234375 0.5735294125 0.54227943125 0.5735294125 0.5404411390625 0.575367646875 0.5386028453125 0.575367646875 0.5386028453125 0.5790441171875 0.536764553125 0.580882353125 0.536764553125 0.5974264703125 0.5294120312499999 0.6047794125 0.5294120312499999 0.606617646875 0.525735446875 0.6102941171875 0.5238971546875 0.6102941171875 0.5220588609375 0.612132353125 0.52022056875 0.612132353125 0.52022056875 0.68198529375 0.5220588609375 0.6838235296875 0.5238971546875 0.6838235296875 0.5294120312499999 0.6893382359375 0.5312503234375 0.6893382359375 0.5386028453125 0.6966911765625 0.5404411390625 0.6966911765625 0.5477943078124999 0.7040441171875 0.5514708921875 0.7040441171875 0.5533085375 0.705882353125 0.55514683125 0.705882353125 0.5606617078125 0.7113970593750001 0.5625 0.7113970593750001 0.56985316875 0.71875 0.5716914625 0.71875 0.5772056921875001 0.72426470625 0.5863971546875 0.72426470625 0.5900737390625 0.7205882359375 0.5919120312499999 0.7205882359375 0.5937503234375 0.71875 0.599264553125 0.71875 0.6011028453125 0.7169117640625 0.6011028453125 0.7150735296875 0.6029411390625 0.71323529375 0.60477943125 0.71323529375 0.6066177234375 0.7113970593750001 0.6084560156250001 0.7113970593750001 0.6102943078124999 0.7095588234375 0.6121326 0.7095588234375 0.61764683125 0.7040441171875 0.6194851234375001 0.7040441171875 0.6268382921875 0.6966911765625 0.628676584375 0.6966911765625 0.6305148765624999 0.6948529406249999 0.6305148765624999 0.6672794125 0.63235316875 0.6654411765625 0.63235316875 0.6636029406249999 0.6360291078125 0.6599264703125 0.6378674 0.6599264703125 0.6378674 0.6580882359375 0.64522056875 0.65073529375 0.64522056875 0.6488970593750001 0.6470588609375 0.6470588234375 0.6470588609375 0.5955882359375 0.64522056875 0.59375 0.64522056875 0.5919117640625 0.6341914625 0.580882353125 0.6305148765624999 0.580882353125 0.625 0.575367646875 0.6231617078125 0.575367646875 0.621323415625 0.5735294125 0.6194851234375001 0.5735294125 0.6158085375 0.5698529406249999 0.6158085375 0.56801470625 0.6139708921875 0.56801470625 0.6121326 0.5661764703125 0.6102943078124999 0.5661764703125 0.60477943125 0.5606617640625 0.6029411390625 0.5606617640625 0.6011028453125 0.5588235296875 0.599264553125 0.5588235296875 0.5937503234375 0.5533088234375 0.5937503234375 0.5514705875 0.5919120312499999 0.549632353125 0.56985316875 0.549632353125 0.566176584375 0.5533088234375 0.566176584375 0.5551470593750001 0.5625 0.5588235296875 0.5606617078125 0.5588235296875
32 0.6343952140625 0.2895617640625 0.63235316875 0.319852940625 0.6341914625 0.3216911765625 0.6360291078125 0.3216911765625 0.6397056921875001 0.325367646875 0.66727943125 0.325367646875 0.6709560156250001 0.3216911765625 0.6727943078124999 0.3216911765625 0.6746326 0.319852940625 0.6746326 0.288602940625 0.6727943078124999 0.28676470625 0.6709560156250001 0.28676470625 0.66727943125 0.2830882359375 0.66727943125 0.28125 0.6552554984375 0.2711757359375 0.6397056921875001 0.28125 0.6397056921875001 0.2830882359375 0.6360291078125 0.28676470625 0.6341914625 0.28676470625 0.6343952140625 0.2895617640625
35 0.20404398437500001 0.419117646875 0.2022056921875 0.4209558828125 0.20036740000000003 0.4209558828125 0.19485316875 0.4264705875 0.1930148765625 0.4264705875 0.1875 0.43198529375000005 0.1856617078125 0.43198529375000005 0.183823415625 0.43382352968750004 0.1819851234375 0.43382352968750004 0.18014683125 0.4356617640625 0.1783085375 0.4356617640625 0.1727943078125 0.44117647031249996 0.170956015625 0.44117647031249996 0.1691177234375 0.44301470624999995 0.1691177234375 0.44485294062499997 0.16727943125 0.4466911765625 0.1654411390625 0.4466911765625 0.1636028453125 0.4485294125 0.161764553125 0.4485294125 0.1599262609375 0.450367646875 0.1599262609375 0.544117646875 0.161764553125 0.5459558828125 0.161764553125 0.5477941171875 0.1636028453125 0.5477941171875 0.1654411390625 0.549632353125 0.1727943078125 0.549632353125 0.1764708921875 0.5533088234375 0.1764708921875 0.5551470593750001 0.1783085375 0.55698529375 0.18014683125 0.55698529375 0.1819851234375 0.5588235296875 0.183823415625 0.5588235296875 0.1856617078125 0.5606617640625 0.1856617078125 0.5625 0.1875 0.5625 0.1893382921875 0.5643382359375 0.19485316875 0.5643382359375 0.20036740000000003 0.5698529406249999 0.2022056921875 0.5698529406249999 0.20772056874999997 0.5643382359375 0.2095588609375 0.5643382359375 0.21139715468750003 0.5625 0.21139715468750003 0.5606617640625 0.2150737390625 0.55698529375 0.2316177234375 0.55698529375 0.2389708921875 0.5643382359375 0.253676584375 0.5643382359375 0.2555148765625 0.5625 0.2555148765625 0.5606617640625 0.25919146249999997 0.55698529375 0.2610291078125 0.55698529375 0.2683822765625 0.549632353125 0.275735446875 0.549632353125 0.2775737390625 0.5477941171875 0.2775737390625 0.5459558828125 0.2812503234375 0.5422794125 0.28308796875 0.5422794125 0.2849262609375 0.5404411765625 0.286764553125 0.5404411765625 0.286764553125 0.5386029406249999 0.28860284531249997 0.53676470625 0.28860284531249997 0.4779411765625 0.286764553125 0.47610294062499997 0.286764553125 0.47426470624999995 0.2849262609375 0.47242647031249996 0.2849262609375 0.46875 0.2775737390625 0.46139705937500003 0.2775737390625 0.4577205875 0.275735446875 0.455882353125 0.275735446875 0.4540441171875 0.27389715468750003 0.4522058828125 0.27389715468750003 0.450367646875 0.2720588609375 0.4485294125 0.2720588609375 0.4466911765625 0.27022056875 0.44485294062499997 0.27022056875 0.4356617640625 0.2683822765625 0.43382352968750004 0.26654398437500004 0.43382352968750004 0.25919146249999997 0.4264705875 0.253676584375 0.4264705875 0.246323415625 0.419117646875 0.24264683125 0.419117646875 0.24080853750000003 0.4172794125 0.2389708921875 0.4172794125 0.2352943078125 0.41360294062499997 0.23345601562499999 0.41360294062499997 0.2316177234375 0.41176470624999995 0.22610284531249997 0.41176470624999995 0.224264553125 0.40992647031249996 0.22058796875 0.40992647031249996 0.21875032343749998 0.41176470624999995 0.2150737390625 0.41176470624999995 0.20772056874999997 0.419117646875 0.20404398437500001 0.419117646875
35 0.628676584375 0.13970588281250002 0.621323415625 0.1470588234375 0.6194851234375001 0.1470588234375 0.61764683125 0.148897059375 0.61764683125 0.15073529375 0.6139708921875 0.15441176406249998 0.6102943078124999 0.15441176406249998 0.6084560156250001 0.15625 0.6066177234375 0.15625 0.599264553125 0.163602940625 0.5974262609375 0.163602940625 0.5974262609375 0.1654411765625 0.5955879687500001 0.1672794125 0.5955879687500001 0.169117646875 0.5937503234375 0.17095588281250002 0.5937503234375 0.17279411718749998 0.5919120312499999 0.174632353125 0.5900737390625 0.174632353125 0.5900737390625 0.1764705875 0.588235446875 0.1783088234375 0.588235446875 0.2591911765625 0.5900737390625 0.2610294125 0.5919120312499999 0.2610294125 0.5937503234375 0.262867646875 0.5955879687500001 0.262867646875 0.6011028453125 0.268382353125 0.6029411390625 0.268382353125 0.60477943125 0.2702205875 0.6066177234375 0.2702205875 0.6102943078124999 0.273897059375 0.6102943078124999 0.27573529375 0.6121326 0.27757352968750004 0.61764683125 0.27757352968750004 0.6194851234375001 0.2794117640625 0.625 0.2794117640625 0.6268382921875 0.28125 0.628676584375 0.28125 0.6305148765624999 0.2794117640625 0.6341914625 0.2794117640625 0.6360291078125 0.27757352968750004 0.64522056875 0.27757352968750004 0.6470588609375 0.27573529375 0.6544120312499999 0.27573529375 0.6562503234375 0.27757352968750004 0.6654411390625 0.27757352968750004 0.6727943078124999 0.28492647031249996 0.6746326 0.2830882359375 0.68014683125 0.2830882359375 0.6819851234375001 0.28125 0.683823415625 0.28125 0.6856617078125 0.2794117640625 0.6875 0.2794117640625 0.6893382921875 0.27757352968750004 0.69485316875 0.27757352968750004 0.6966914625 0.27573529375 0.6966914625 0.273897059375 0.7003674 0.2702205875 0.7095588609375 0.2702205875 0.7113971546875 0.268382353125 0.7113971546875 0.2665441171875 0.7150737390625 0.262867646875 0.7169120312499999 0.262867646875 0.7187503234375 0.2610294125 0.7187503234375 0.25367647031249996 0.7205879687500001 0.2518382359375 0.7205879687500001 0.17279411718749998 0.7095588609375 0.16176470625 0.70772056875 0.16176470625 0.7022056921875001 0.15625 0.7003674 0.15625 0.6985297546875 0.15441176406249998 0.69485316875 0.15441176406249998 0.6875 0.1470588234375 0.6856617078125 0.1470588234375 0.68014683125 0.14154411718749998 0.6783085375 0.14154411718749998 0.6764702453125 0.13970588281250002 0.6727943078124999 0.13970588281250002 0.6654411390625 0.132352940625 0.6636028453125 0.132352940625 0.6599262609375 0.1286764703125 0.6470588609375 0.1286764703125 0.6433822765625 0.132352940625 0.6415439843749999 0.132352940625 0.6341914625 0.13970588281250002 0.628676584375 0.13970588281250002
35 0.33272056875 0.71323529375 0.3308822765625 0.7150735296875 0.3308822765625 0.7169117640625 0.32904398437500004 0.71875 0.3272056921875 0.71875 0.32536740000000003 0.7205882359375 0.31985316875 0.7205882359375 0.3125 0.7279411765625 0.3106617078125 0.7279411765625 0.30514683125 0.7334558828125 0.30514683125 0.8272058828125 0.3069851234375 0.8272058828125 0.308823415625 0.8290441171875 0.3106617078125 0.8290441171875 0.3180148765625 0.8363970593750001 0.31985316875 0.8363970593750001 0.3272056921875 0.84375 0.33272056875 0.84375 0.3400737390625 0.8511029406249999 0.34191203125 0.8511029406249999 0.3437503234375 0.8529411765624999 0.34558796875 0.8529411765624999 0.3474262609375 0.8547794124999999 0.3474262609375 0.856617646875 0.349264553125 0.856617646875 0.35110284531249997 0.8584558828125 0.3566177234375 0.8584558828125 0.3602943078125 0.862132353125 0.3602943078125 0.8639705875000001 0.36213259999999997 0.8658088234375001 0.3768382921875 0.8658088234375001 0.38419146249999997 0.8584558828125 0.3860291078125 0.8584558828125 0.38786740000000003 0.856617646875 0.38786740000000003 0.8547794124999999 0.39154398437500004 0.8511029406249999 0.3970588609375 0.8511029406249999 0.39889715468750003 0.84926470625 0.400735446875 0.84926470625 0.4062503234375 0.84375 0.40808796875000003 0.84375 0.40992626093749995 0.8419117640625 0.40992626093749995 0.8400735296875 0.4136028453125 0.8363970593750001 0.41727943125 0.8363970593750001 0.4191177234375 0.8345588234375001 0.420956015625 0.8345588234375001 0.42463259999999997 0.830882353125 0.4264708921875 0.830882353125 0.4283085375 0.8290441171875 0.43014683125 0.8290441171875 0.4319851234375 0.8272058828125 0.4319851234375 0.737132353125 0.42279430781249994 0.7279411765625 0.420956015625 0.7279411765625 0.4136028453125 0.7205882359375 0.40808796875000003 0.7205882359375 0.400735446875 0.71323529375 0.3970588609375 0.71323529375 0.39522056875 0.7113970593750001 0.3933822765625 0.7113970593750001 0.38786740000000003 0.705882353125 0.3639708921875 0.705882353125 0.36213259999999997 0.7040441171875 0.35110284531249997 0.7040441171875 0.349264553125 0.705882353125 0.3474262609375 0.705882353125 0.3400737390625 0.71323529375 0.33272056875 0.71323529375
0 0.7113971546875 0.5623536765625 0.7095588609375 0.5641919125 0.7058822765625 0.5641919125 0.7040439843749999 0.566030146875 0.7003674 0.566030146875 0.6985297546875 0.5678683828125 0.6985297546875 0.5697066171875 0.69485316875 0.5733830875 0.6930148765624999 0.5733830875 0.6875 0.5788977937500001 0.6856617078125 0.5788977937500001 0.683823415625 0.5807360296875 0.68014683125 0.5807360296875 0.6727943078124999 0.5880889703125 0.6709560156250001 0.5880889703125 0.6636028453125 0.5954419125 0.661764553125 0.5954419125 0.661764553125 0.6505889703125 0.6636028453125 0.65242720625 0.6654411390625 0.65242720625 0.6691177234375 0.6561036765625 0.6691177234375 0.6579419125 0.6709560156250001 0.659780146875 0.6727943078124999 0.659780146875 0.6764702453125 0.6634566171875 0.6764702453125 0.6855154406249999 0.683823415625 0.6928683828125 0.683823415625 0.6947066171875 0.6856617078125 0.696544853125 0.6930148765624999 0.696544853125 0.7003674 0.7038977937500001 0.7040439843749999 0.7038977937500001 0.7095588609375 0.7094125 0.7113971546875 0.7094125 0.713235446875 0.7112507359375 0.7169120312499999 0.7112507359375 0.7205879687500001 0.71492720625 0.7205879687500001 0.7167654406249999 0.7224262609375 0.7186036765625 0.724264553125 0.7186036765625 0.7279411390625 0.722280146875 0.7352943078124999 0.722280146875 0.7352943078124999 0.7204419125 0.7371326 0.7186036765625 0.7371326 0.7167654406249999 0.74264683125 0.7112507359375 0.7444851234375001 0.7112507359375 0.746323415625 0.7094125 0.7481617078125 0.7094125 0.7481617078125 0.7075742640625 0.7518382921875 0.7038977937500001 0.7555148765624999 0.7038977937500001 0.75735316875 0.7020595593750001 0.7591914625 0.7020595593750001 0.7628674 0.6983830875 0.7647056921875001 0.6983830875 0.7665439843749999 0.696544853125 0.7720588609375 0.696544853125 0.774769728125 0.6898764703125 0.7813292374999999 0.684852940625 0.787958603125 0.6813044125000001 0.79227943125 0.5991183828125 0.7904411390625 0.597280146875 0.7904411390625 0.5954419125 0.7886028453125 0.5954419125 0.7849262609375 0.5917654406249999 0.7849262609375 0.58992720625 0.7830879687500001 0.5880889703125 0.7812503234375 0.5880889703125 0.775735446875 0.5825742640625 0.7720588609375 0.5825742640625 0.77022056875 0.5807360296875 0.7665439843749999 0.5807360296875 0.7610297546875 0.5752213234375 0.7591914625 0.5752213234375 0.7555148765624999 0.571544853125 0.753676584375 0.571544853125 0.75 0.5678683828125 0.7481617078125 0.5678683828125 0.746323415625 0.566030146875 0.7444851234375001 0.566030146875 0.7371326 0.55867720625 0.7352943078124999 0.55867720625 0.7334560156250001 0.5568389703125 0.726949546875 0.5510632359375001 0.7150737390625 0.55867720625 0.713235446875 0.55867720625 0.7113971546875 0.5605154406249999 0.7113971546875 0.5623536765625
0 0.48713259999999997 0.143382353125 0.483456015625 0.1470588234375 0.47977943125 0.1470588234375 0.46691203124999997 0.1599264703125 0.46507373906250005 0.1599264703125 0.463235446875 0.16176470625 0.4613971546875 0.16176470625 0.4558822765625 0.1672794125 0.454043984375 0.1672794125 0.45220569218750006 0.169117646875 0.45036740000000003 0.169117646875 0.4466914625 0.17279411718749998 0.4466914625 0.2610294125 0.4485291078125 0.262867646875 0.45036740000000003 0.262867646875 0.45772056875 0.2702205875 0.4595588609375 0.2702205875 0.46507373906250005 0.27573529375 0.46691203124999997 0.27573529375 0.4687503234375 0.27757352968750004 0.474264553125 0.27757352968750004 0.4816177234375 0.28492647031249996 0.48713259999999997 0.28492647031249996 0.4944851234375 0.2922794125 0.49632341562500004 0.2922794125 0.5 0.2959558828125 0.5 0.2977941171875 0.5018382921875 0.299632353125 0.5055148765624999 0.299632353125 0.50735316875 0.3014705875 0.5128674 0.3014705875 0.5147056921875001 0.299632353125 0.5183822765625 0.299632353125 0.5238971546875 0.294117646875 0.525735446875 0.294117646875 0.5294120312499999 0.2904411765625 0.5312503234375 0.2904411765625 0.5349262609375 0.28676470625 0.536764553125 0.28676470625 0.5386028453125 0.28492647031249996 0.5404411390625 0.28492647031249996 0.5459560156250001 0.2794117640625 0.5477943078124999 0.2794117640625 0.5496326 0.27757352968750004 0.55514683125 0.27757352968750004 0.5569851234375001 0.27573529375 0.5569851234375001 0.273897059375 0.5606617078125 0.2702205875 0.5680148765624999 0.2702205875 0.5753674 0.262867646875 0.5772056921875001 0.262867646875 0.5772056921875001 0.194852940625 0.5753674 0.19301470625 0.5753674 0.1911764703125 0.5735291078125 0.18933823593750002 0.5735291078125 0.18198529375 0.5753674 0.180147059375 0.5735291078125 0.1783088234375 0.5735291078125 0.174632353125 0.5716914625 0.17279411718749998 0.5716914625 0.17095588281250002 0.56985316875 0.169117646875 0.5680148765624999 0.169117646875 0.5643382921875 0.1654411765625 0.5643382921875 0.163602940625 0.5625 0.16176470625 0.558823415625 0.16176470625 0.5496326 0.1525735296875 0.5477943078124999 0.1525735296875 0.54227943125 0.1470588234375 0.5386028453125 0.1470588234375 0.5312503234375 0.13970588281250002 0.5294120312499999 0.13970588281250002 0.5220588609375 0.132352940625 0.5018382921875 0.132352940625 0.4944851234375 0.13970588281250002 0.49264683125 0.13970588281250002 0.4889708921875 0.143382353125 0.48713259999999997 0.143382353125
37 0.54082535625 0.2954558828125 0.5316940484375 0.30212426406250004 0.5187664937500001 0.31016176406249996 0.5169282015625 0.31016176406249996 0.515089909375 0.312 0.515089909375 0.33405882343750004 0.5169282015625 0.3322205875 0.528372575 0.3388419125 0.5337535578125 0.317477940625 0.5459087968749999 0.32079264687500003 0.5527153953124999 0.33792573593749997 0.5622865453125 0.3404338234375 0.567865459375 0.3573786765625 0.5519721859375 0.3595985296875 0.5548408796875 0.36761176406249996 0.551274903125 0.371905146875 0.5408479953125 0.37623897031250003 0.5312975421874999 0.37277499999999997 0.5320705046875001 0.36370661718749997 0.5317994828125 0.3581419125 0.5261196640625 0.35611764687499997 0.524281371875 0.35611764687499997 0.524281371875 0.3579558828125 0.5165511 0.3593816171875 0.5187664937500001 0.361632353125 0.5169282015625 0.3634705875 0.515089909375 0.3634705875 0.515089909375 0.40207352968750004 0.5169282015625 0.4039117640625 0.5187664937500001 0.4039117640625 0.5224430796874999 0.4075882359375 0.5224430796874999 0.4094264703125 0.524281371875 0.4094264703125 0.5261196640625 0.41126470625 0.531634540625 0.41126470625 0.5389870640625001 0.418617646875 0.54082535625 0.418617646875 0.5426636484375 0.4204558828125 0.544501940625 0.4204558828125 0.5463402328125 0.4222941171875 0.5463402328125 0.424132353125 0.5500168171875 0.424132353125 0.551855109375 0.4259705875 0.56839909375 0.4259705875 0.5757516171875 0.418617646875 0.577589909375 0.418617646875 0.5794282015625 0.41677941250000006 0.586781371875 0.41677941250000006 0.5886196640625 0.418617646875 0.5922962484375 0.418617646875 0.5959721859375 0.4222941171875 0.5959721859375 0.424132353125 0.597810478125 0.4259705875 0.6014870640625001 0.4259705875 0.60332535625 0.424132353125 0.607001940625 0.424132353125 0.6088402328125 0.4222941171875 0.614355109375 0.4222941171875 0.61619275625 0.4204558828125 0.619869340625 0.4204558828125 0.6217076328125 0.418617646875 0.6253842171875 0.418617646875 0.627222509375 0.41677941250000006 0.6290608015625 0.41677941250000006 0.6345756796875001 0.41126470625 0.6419282015625 0.41126470625 0.6474430796874999 0.40575 0.6474430796874999 0.392882353125 0.6456047859375 0.3910441171875 0.6456047859375 0.3322205875 0.6437664937500001 0.330382353125 0.6437664937500001 0.3285441171875 0.6419282015625 0.3267058828125 0.640089909375 0.3267058828125 0.636413325 0.3230294125 0.6345756796875001 0.3230294125 0.6327373875 0.3211911765625 0.6327373875 0.31751470625 0.63089909375 0.3156764703125 0.63089909375 0.30280882343750004 0.6290608015625 0.3009705875 0.6290608015625 0.299132353125 0.623545925 0.29361764687499997 0.623545925 0.2917794125 0.6217076328125 0.2899411765625 0.619869340625 0.2899411765625 0.6180310484375 0.288102940625 0.614355109375 0.288102940625 0.607001940625 0.28075 0.60332535625 0.28075 0.6014870640625001 0.27891176406249996 0.596858990625 0.28096470625 0.5959721859375 0.2770735296875 0.5944327296874999 0.27443235312500003 0.5824689515625 0.27045661718749997 0.5720200515625 0.28096397031250003 0.5669294953125 0.2855132359375 0.55369275625 0.288102940625 0.54082535625 0.2954558828125
0 0.27941203125 0.56801470625 0.2775737390625 0.56801470625 0.27389715468750003 0.5716911765625 0.2720588609375 0.5716911765625 0.27022056875 0.5735294125 0.26654398437500004 0.5735294125 0.2647056921875 0.575367646875 0.2647056921875 0.5772058828125 0.2610291078125 0.580882353125 0.253676584375 0.580882353125 0.25 0.5845588234375 0.25 0.5974264703125 0.24816170781250002 0.59926470625 0.24816170781250002 0.6011029406249999 0.246323415625 0.6029411765625 0.2444851234375 0.6029411765625 0.24264683125 0.6047794125 0.24264683125 0.606617646875 0.24080853750000003 0.6084558828125 0.2389708921875 0.6084558828125 0.23713259999999997 0.6102941171875 0.23345601562499999 0.6102941171875 0.23345601562499999 0.6838235296875 0.2389708921875 0.6893382359375 0.24080853750000003 0.6893382359375 0.246323415625 0.6948529406249999 0.24816170781250002 0.6948529406249999 0.25 0.6966911765625 0.2518382921875 0.6966911765625 0.25919146249999997 0.7040441171875 0.2610291078125 0.7040441171875 0.26286740000000003 0.705882353125 0.2647056921875 0.705882353125 0.2683822765625 0.7095588234375 0.27022056875 0.7095588234375 0.2720588609375 0.7113970593750001 0.275735446875 0.7113970593750001 0.27941203125 0.7150735296875 0.27941203125 0.7169117640625 0.2812503234375 0.71875 0.28308796875 0.71875 0.2904411390625 0.7261029406249999 0.2977943078125 0.7261029406249999 0.30330853750000003 0.7205882359375 0.30514683125 0.7205882359375 0.3069851234375 0.71875 0.3106617078125 0.71875 0.3180148765625 0.7113970593750001 0.31985316875 0.7113970593750001 0.32169146249999997 0.7095588234375 0.3235291078125 0.7095588234375 0.3272056921875 0.705882353125 0.32904398437500004 0.705882353125 0.3308822765625 0.7040441171875 0.3345588609375 0.7040441171875 0.33639715468750003 0.7022058828125 0.33639715468750003 0.700367646875 0.3400737390625 0.6966911765625 0.34191203125 0.6966911765625 0.3437503234375 0.6948529406249999 0.3437503234375 0.6727941171875 0.34558796875 0.6709558828125 0.34558796875 0.669117646875 0.3474262609375 0.6672794125 0.349264553125 0.6672794125 0.349264553125 0.6654411765625 0.35110284531249997 0.6636029406249999 0.35110284531249997 0.6599264703125 0.3529411390625 0.6580882359375 0.3529411390625 0.65625 0.35477943125 0.6544117640625 0.3566177234375 0.6544117640625 0.3566177234375 0.6525735296875 0.35845601562499996 0.65073529375 0.35845601562499996 0.5974264703125 0.3566177234375 0.5955882359375 0.3566177234375 0.59375 0.35110284531249997 0.58823529375 0.349264553125 0.58823529375 0.34191203125 0.580882353125 0.3400737390625 0.580882353125 0.3345588609375 0.575367646875 0.33272056875 0.575367646875 0.3308822765625 0.5735294125 0.3272056921875 0.5735294125 0.31985316875 0.5661764703125 0.3180148765625 0.5661764703125 0.316176584375 0.5643382359375 0.3143382921875 0.5643382359375 0.3106617078125 0.5606617640625 0.286764553125 0.5606617640625 0.286764553125 0.5625 0.28308796875 0.5661764703125 0.2812503234375 0.5661764703125 0.27941203125 0.56801470625
36 0.34558796875 0.424632353125 0.34191203125 0.4283088234375 0.3400737390625 0.4283088234375 0.3345588609375 0.43382352968750004 0.33272056875 0.43382352968750004 0.3235291078125 0.44301470624999995 0.3235291078125 0.4522058828125 0.32169146249999997 0.4540441171875 0.32169146249999997 0.455882353125 0.308823415625 0.46875 0.308823415625 0.5422794125 0.3125 0.5422794125 0.316176584375 0.5459558828125 0.316176584375 0.5477941171875 0.3180148765625 0.549632353125 0.31985316875 0.549632353125 0.3235291078125 0.5533088234375 0.3235291078125 0.5551470593750001 0.32536740000000003 0.5551470593750001 0.3272056921875 0.55698529375 0.3308822765625 0.55698529375 0.33272056875 0.5588235296875 0.3345588609375 0.5588235296875 0.3400737390625 0.5643382359375 0.34191203125 0.5643382359375 0.35477943125 0.5772058828125 0.3805148765625 0.5772058828125 0.3933822765625 0.5643382359375 0.400735446875 0.5643382359375 0.4062503234375 0.5588235296875 0.40808796875000003 0.5588235296875 0.40992626093749995 0.55698529375 0.4136028453125 0.55698529375 0.4154411390625 0.5551470593750001 0.41727943125 0.5551470593750001 0.41727943125 0.5533088234375 0.420956015625 0.549632353125 0.42279430781249994 0.549632353125 0.42463259999999997 0.5477941171875 0.4264708921875 0.5477941171875 0.4319851234375 0.5422794125 0.4319851234375 0.49632352968750004 0.43382341562500004 0.49448529375000005 0.43382341562500004 0.4779411765625 0.4319851234375 0.47610294062499997 0.4319851234375 0.455882353125 0.42463259999999997 0.4485294125 0.420956015625 0.4485294125 0.41727943125 0.44485294062499997 0.41727943125 0.44301470624999995 0.4154411390625 0.44117647031249996 0.4136028453125 0.44117647031249996 0.40808796875000003 0.4356617640625 0.4062503234375 0.4356617640625 0.40441203124999997 0.43382352968750004 0.400735446875 0.43382352968750004 0.3933822765625 0.4264705875 0.39154398437500004 0.4264705875 0.3860291078125 0.4209558828125 0.3860291078125 0.419117646875 0.38419146249999997 0.419117646875 0.38235316875 0.4172794125 0.3529411390625 0.4172794125 0.35110284531249997 0.419117646875 0.35110284531249997 0.4209558828125 0.3474262609375 0.424632353125 0.34558796875 0.424632353125
37 0.7003674 0.28676470625 0.6966914625 0.28676470625 0.6875 0.2959558828125 0.6856617078125 0.2959558828125 0.6856617078125 0.2977941171875 0.6783085375 0.305147059375 0.6783085375 0.30698529375 0.6764702453125 0.30882352968750004 0.6764702453125 0.319852940625 0.6709560156250001 0.325367646875 0.6691177234375 0.325367646875 0.6636028453125 0.330882353125 0.6636028453125 0.40257352968750004 0.6654411390625 0.40257352968750004 0.66727943125 0.4044117640625 0.6691177234375 0.4044117640625 0.6727943078124999 0.4080882359375 0.6746326 0.4080882359375 0.6764702453125 0.40992647031249996 0.6783085375 0.40992647031249996 0.68014683125 0.41176470624999995 0.6819851234375001 0.41176470624999995 0.6875 0.4172794125 0.7022056921875001 0.4172794125 0.7040439843749999 0.419117646875 0.7113971546875 0.419117646875 0.713235446875 0.4172794125 0.7169120312499999 0.4172794125 0.7187503234375 0.4154411765625 0.7205879687500001 0.4154411765625 0.7224262609375 0.41360294062499997 0.724264553125 0.41360294062499997 0.7261028453125 0.4154411765625 0.7279411390625 0.4154411765625 0.72977943125 0.4172794125 0.7371326 0.4172794125 0.7389702453125 0.419117646875 0.7408085375 0.419117646875 0.74264683125 0.4209558828125 0.74264683125 0.4227941171875 0.7444851234375001 0.424632353125 0.746323415625 0.424632353125 0.753676584375 0.4172794125 0.7610297546875 0.4172794125 0.7628674 0.4154411765625 0.7628674 0.41360294062499997 0.7665439843749999 0.40992647031249996 0.7738971546875 0.40992647031249996 0.7812503234375 0.40257352968750004 0.7830879687500001 0.40257352968750004 0.7849262609375 0.40073529375000005 0.786764553125 0.40073529375000005 0.7904411390625 0.3970588234375 0.7904411390625 0.3952205875 0.79227943125 0.393382353125 0.79227943125 0.3125 0.7886028453125 0.30882352968750004 0.786764553125 0.30882352968750004 0.7812503234375 0.3033088234375 0.7794120312499999 0.3033088234375 0.7775737390625 0.3014705875 0.7738971546875 0.3014705875 0.77022056875 0.2977941171875 0.77022056875 0.2959558828125 0.7683822765625 0.294117646875 0.7665439843749999 0.294117646875 0.7647056921875001 0.2922794125 0.7628674 0.2922794125 0.7591914625 0.288602940625 0.75735316875 0.288602940625 0.7555148765624999 0.28676470625 0.7518382921875 0.28676470625 0.7444851234375001 0.2794117640625 0.74264683125 0.2794117640625 0.7408085375 0.27757352968750004 0.7389702453125 0.27757352968750004 0.7352943078124999 0.273897059375 0.713235446875 0.273897059375 0.713235446875 0.27573529375 0.7095588609375 0.2794117640625 0.70772056875 0.2794117640625 0.7003674 0.28676470625
33 0.27941203125 0.43014705937500003 0.275735446875 0.43382352968750004 0.275735446875 0.46139705937500003 0.27941203125 0.46507352968750004 0.27941203125 0.4669117640625 0.3143382921875 0.4669117640625 0.3143382921875 0.46507352968750004 0.3180148765625 0.46139705937500003 0.3180148765625 0.44117647031249996 0.316176584375 0.4393382359375 0.316176584375 0.4375 0.3143382921875 0.4356617640625 0.3143382921875 0.4283088234375 0.3125 0.4264705875 0.3106617078125 0.4264705875 0.3069851234375 0.4227941171875 0.3069851234375 0.4172794125 0.2849262609375 0.4172794125 0.286764553125 0.419117646875 0.286764553125 0.4209558828125 0.27941203125 0.4283088234375 0.27941203125 0.43014705937500003
36 0.6158085375 0.4375 0.6102943078124999 0.44301470624999995 0.6102943078124999 0.4522058828125 0.60477943125 0.4577205875 0.60477943125 0.4595588234375 0.5919120312499999 0.47242647031249996 0.5919120312499999 0.5386029406249999 0.5955879687500001 0.5422794125 0.599264553125 0.5422794125 0.6029411390625 0.5459558828125 0.6029411390625 0.5477941171875 0.60477943125 0.549632353125 0.6066177234375 0.549632353125 0.6139708921875 0.55698529375 0.621323415625 0.55698529375 0.6231617078125 0.5588235296875 0.625 0.5588235296875 0.63235316875 0.5661764703125 0.6341914625 0.5661764703125 0.6470588609375 0.5790441171875 0.6654411390625 0.5790441171875 0.6727943078124999 0.5716911765625 0.6746326 0.5716911765625 0.68014683125 0.5661764703125 0.6819851234375001 0.5661764703125 0.683823415625 0.5643382359375 0.6893382921875 0.5643382359375 0.691176584375 0.5625 0.6930148765624999 0.5625 0.6966914625 0.5588235296875 0.6985297546875 0.5588235296875 0.7003674 0.55698529375 0.7022056921875001 0.55698529375 0.7095588609375 0.549632353125 0.7113971546875 0.549632353125 0.713235446875 0.5477941171875 0.7150737390625 0.5477941171875 0.7169120312499999 0.5459558828125 0.7169120312499999 0.544117646875 0.7187503234375 0.5422794125 0.7187503234375 0.47242647031249996 0.7169120312499999 0.47242647031249996 0.7113971546875 0.4669117640625 0.7113971546875 0.46507352968750004 0.7095588609375 0.46323529375000005 0.70772056875 0.46323529375000005 0.7040439843749999 0.4595588234375 0.7040439843749999 0.4466911765625 0.7022056921875001 0.44485294062499997 0.7022056921875001 0.4356617640625 0.69485316875 0.4283088234375 0.6930148765624999 0.4283088234375 0.691176584375 0.4264705875 0.6875 0.4264705875 0.68014683125 0.419117646875 0.6764702453125 0.419117646875 0.6709560156250001 0.41360294062499997 0.6360291078125 0.41360294062499997 0.61764683125 0.43198529375000005 0.61764683125 0.43382352968750004 0.6158085375 0.4356617640625 0.6158085375 0.4375
17 0.4816177234375 0.4264705875 0.474264553125 0.43382352968750004 0.47242626093749995 0.43382352968750004 0.46507373906250005 0.44117647031249996 0.463235446875 0.44117647031249996 0.4613971546875 0.44301470624999995 0.4595588609375 0.44301470624999995 0.4558822765625 0.4466911765625 0.454043984375 0.4466911765625 0.45220569218750006 0.4485294125 0.45036740000000003 0.4485294125 0.44485316875 0.4540441171875 0.44485316875 0.5386029406249999 0.4466914625 0.5404411765625 0.4466914625 0.5422794125 0.4485291078125 0.544117646875 0.4485291078125 0.5477941171875 0.45036740000000003 0.549632353125 0.45772056875 0.549632353125 0.46507373906250005 0.55698529375 0.46691203124999997 0.55698529375 0.4687503234375 0.5588235296875 0.47058796875000003 0.5588235296875 0.474264553125 0.5625 0.4761028453125 0.5625 0.4779411390625 0.5643382359375 0.483456015625 0.5643382359375 0.48529430781249994 0.5661764703125 0.4889708921875 0.5661764703125 0.4908085375 0.5643382359375 0.49632341562500004 0.5643382359375 0.49816170781249997 0.5625 0.49816170781249997 0.5606617640625 0.5018382921875 0.55698529375 0.5183822765625 0.55698529375 0.525735446875 0.5643382359375 0.5404411390625 0.5643382359375 0.54227943125 0.5625 0.5477943078124999 0.5625 0.5477943078124999 0.5606617640625 0.5496326 0.5588235296875 0.5514708921875 0.5588235296875 0.5533085375 0.55698529375 0.55514683125 0.55698529375 0.5569851234375001 0.5551470593750001 0.558823415625 0.5551470593750001 0.5625 0.5514705875 0.5643382921875 0.5514705875 0.566176584375 0.549632353125 0.56985316875 0.549632353125 0.5716914625 0.5477941171875 0.5716914625 0.5459558828125 0.5735291078125 0.544117646875 0.5735291078125 0.5330882359375 0.5716914625 0.53125 0.5716914625 0.5294117640625 0.5735291078125 0.5275735296875 0.5735291078125 0.5238970593750001 0.5716914625 0.5220588234375 0.5716914625 0.5091911765625 0.5735291078125 0.5073529406249999 0.5735291078125 0.47242647031249996 0.5625 0.46139705937500003 0.5606617078125 0.46139705937500003 0.558823415625 0.4595588234375 0.558823415625 0.455882353125 0.5569851234375001 0.4540441171875 0.5569851234375001 0.44117647031249996 0.55514683125 0.4393382359375 0.55514683125 0.4375 0.5533085375 0.4356617640625 0.5514708921875 0.4356617640625 0.5477943078124999 0.43198529375000005 0.5459560156250001 0.43198529375000005 0.5441177234375 0.43014705937500003 0.5441177234375 0.4283088234375 0.54227943125 0.4283088234375 0.5404411390625 0.4264705875 0.5386028453125 0.4264705875 0.5349262609375 0.4227941171875 0.5349262609375 0.4209558828125 0.5330879687500001 0.419117646875 0.5238971546875 0.419117646875 0.52022056875 0.4154411765625 0.5 0.4154411765625 0.49816170781249997 0.4172794125 0.49632341562500004 0.4172794125 0.48713259999999997 0.4264705875 0.4816177234375 0.4264705875
7 0.2812503234375 0.6985294125 0.28308796875 0.700367646875 0.3069851234375 0.700367646875 0.308823415625 0.6985294125 0.3106617078125 0.6985294125 0.3125 0.6966911765625 0.31985316875 0.6966911765625 0.32169146249999997 0.6948529406249999 0.32169146249999997 0.6838235296875 0.3235291078125 0.68198529375 0.3235291078125 0.6764705875 0.32536740000000003 0.674632353125 0.32536740000000003 0.6525735296875 0.3235291078125 0.65073529375 0.3235291078125 0.6470588234375 0.32169146249999997 0.6452205875 0.32169146249999997 0.637867646875 0.2720588609375 0.637867646875 0.2720588609375 0.6966911765625 0.2775737390625 0.6966911765625 0.27941203125 0.6985294125 0.2812503234375 0.6985294125
37 0.6231617078125 0.7113970593750001 0.621323415625 0.71323529375 0.6194851234375001 0.71323529375 0.6121326 0.7205882359375 0.6066177234375 0.7205882359375 0.599264553125 0.7279411765625 0.5974262609375 0.7279411765625 0.5955879687500001 0.7297794125 0.5937503234375 0.7297794125 0.5937503234375 0.731617646875 0.5919120312499999 0.7334558828125 0.5900737390625 0.7334558828125 0.5900737390625 0.8235294124999999 0.5955879687500001 0.8290441171875 0.5974262609375 0.8290441171875 0.60477943125 0.8363970593750001 0.6066177234375 0.8363970593750001 0.6139708921875 0.84375 0.6194851234375001 0.84375 0.6268382921875 0.8511029406249999 0.628676584375 0.8511029406249999 0.6360291078125 0.8584558828125 0.6378674 0.8584558828125 0.6433822765625 0.8639705875000001 0.64522056875 0.8639705875000001 0.6470588609375 0.8658088234375001 0.6599262609375 0.8658088234375001 0.661764553125 0.8639705875000001 0.6654411390625 0.8639705875000001 0.6654411390625 0.862132353125 0.66727943125 0.8602941171875 0.6691177234375 0.8602941171875 0.6709560156250001 0.8584558828125 0.6727943078124999 0.8584558828125 0.6746326 0.856617646875 0.6746326 0.8547794124999999 0.6783085375 0.8511029406249999 0.6819851234375001 0.8511029406249999 0.683823415625 0.84926470625 0.6856617078125 0.84926470625 0.6893382921875 0.8455882359375 0.691176584375 0.8455882359375 0.6930148765624999 0.84375 0.69485316875 0.84375 0.6966914625 0.8419117640625 0.6966914625 0.8400735296875 0.7003674 0.8363970593750001 0.7040439843749999 0.8363970593750001 0.7058822765625 0.8345588234375001 0.70772056875 0.8345588234375001 0.713235446875 0.8290441171875 0.7169120312499999 0.8290441171875 0.7187503234375 0.8272058828125 0.7187503234375 0.8235294124999999 0.7205879687500001 0.8216911765624999 0.7205879687500001 0.8014705875000001 0.7187503234375 0.799632353125 0.7187503234375 0.7775735296875 0.7205879687500001 0.77573529375 0.7205879687500001 0.737132353125 0.7187503234375 0.7352941171875 0.713235446875 0.7352941171875 0.7113971546875 0.7334558828125 0.7095588609375 0.7334558828125 0.7058822765625 0.7297794125 0.7040439843749999 0.7297794125 0.7022056921875001 0.7279411765625 0.7003674 0.7279411765625 0.6966914625 0.72426470625 0.6966914625 0.7224264703125 0.69485316875 0.7224264703125 0.6930148765624999 0.7205882359375 0.6893382921875 0.7205882359375 0.6875 0.71875 0.6856617078125 0.71875 0.68014683125 0.71323529375 0.6783085375 0.71323529375 0.6746326 0.7095588234375 0.6746326 0.7077205875 0.6727943078124999 0.705882353125 0.6488971546875 0.705882353125 0.6470588609375 0.7040441171875 0.6341914625 0.7040441171875 0.6305148765624999 0.7077205875 0.628676584375 0.7077205875 0.625 0.7113970593750001 0.6231617078125 0.7113970593750001
25 0.2720588609375 0.5477941171875 0.2683822765625 0.5514705875 0.26654398437500004 0.5514705875 0.2647056921875 0.5533088234375 0.2647056921875 0.5551470593750001 0.2610291078125 0.5588235296875 0.253676584375 0.5588235296875 0.24816170781250002 0.5643382359375 0.24816170781250002 0.580882353125 0.25 0.5827205875 0.25 0.5845588234375 0.2555148765625 0.5845588234375 0.2555148765625 0.5827205875 0.25919146249999997 0.5790441171875 0.2610291078125 0.5790441171875 0.26286740000000003 0.5772058828125 0.2647056921875 0.5772058828125 0.2683822765625 0.5735294125 0.27022056875 0.5735294125 0.2720588609375 0.5716911765625 0.275735446875 0.5716911765625 0.2775737390625 0.5698529406249999 0.2775737390625 0.56801470625 0.2812503234375 0.5643382359375 0.28308796875 0.5643382359375 0.28860284531249997 0.5588235296875 0.2904411390625 0.5588235296875 0.29227943125 0.55698529375 0.2941177234375 0.55698529375 0.29595601562499996 0.5551470593750001 0.29595601562499996 0.544117646875 0.2941177234375 0.544117646875 0.29227943125 0.5422794125 0.2775737390625 0.5422794125 0.275735446875 0.544117646875 0.27389715468750003 0.544117646875 0.2720588609375 0.5459558828125 0.2720588609375 0.5477941171875
14 0.6744721859375 0.8400735296875 0.6781487703125 0.8363970593750001 0.6799870640625 0.8363970593750001 0.68182535625 0.8345588234375001 0.68182535625 0.78125 0.6799870640625 0.7794117640625 0.6285168171875 0.7794117640625 0.6285168171875 0.8363970593750001 0.6303544624999999 0.8363970593750001 0.6340310484375 0.8400735296875 0.6744721859375 0.8400735296875
34 0.566176584375 0.4283088234375 0.5625 0.43198529375000005 0.5625 0.46139705937500003 0.5643382921875 0.46139705937500003 0.566176584375 0.46323529375000005 0.5680148765624999 0.46323529375000005 0.56985316875 0.46507352968750004 0.5974262609375 0.46507352968750004 0.6011028453125 0.46139705937500003 0.6029411390625 0.46139705937500003 0.60477943125 0.4595588234375 0.60477943125 0.4466911765625 0.6011028453125 0.44301470624999995 0.6011028453125 0.4283088234375 0.599264553125 0.4264705875 0.5974262609375 0.4264705875 0.5937503234375 0.4227941171875 0.5937503234375 0.4209558828125 0.5919120312499999 0.419117646875 0.5900737390625 0.419117646875 0.5863971546875 0.4154411765625 0.5790439843749999 0.4154411765625 0.5772056921875001 0.4172794125 0.5753674 0.4172794125 0.566176584375 0.4264705875 0.566176584375 0.4283088234375
34 0.6397056921875001 0.65625 0.6397056921875001 0.6580882359375 0.6360291078125 0.66176470625 0.6341914625 0.66176470625 0.63235316875 0.6636029406249999 0.63235316875 0.6948529406249999 0.6341914625 0.6966911765625 0.6360291078125 0.6966911765625 0.6397056921875001 0.700367646875 0.66727943125 0.700367646875 0.6709560156250001 0.6966911765625 0.6727943078124999 0.6966911765625 0.6746326 0.6948529406249999 0.6746326 0.6893382359375 0.6764702453125 0.6875 0.6764702453125 0.6856617640625 0.6746326 0.6838235296875 0.6746326 0.6636029406249999 0.6727943078124999 0.66176470625 0.6709560156250001 0.66176470625 0.66727943125 0.6580882359375 0.66727943125 0.65625 0.6654411390625 0.6544117640625 0.6636028453125 0.6544117640625 0.6599262609375 0.65073529375 0.6599262609375 0.6488970593750001 0.6470588609375 0.6488970593750001 0.6470588609375 0.65073529375 0.6433822765625 0.6544117640625 0.6415439843749999 0.6544117640625 0.6397056921875001 0.65625
8 0.52022056875 0.55698529375 0.5220588609375 0.5588235296875 0.5275737390625 0.5588235296875 0.5294120312499999 0.55698529375 0.5330879687500001 0.55698529375 0.536764553125 0.5533088234375 0.536764553125 0.5514705875 0.5386028453125 0.549632353125 0.5404411390625 0.549632353125 0.5404411390625 0.5 0.5386028453125 0.4981617640625 0.48713259999999997 0.4981617640625 0.48713259999999997 0.5588235296875 0.4908085375 0.5588235296875 0.49264683125 0.55698529375 0.52022056875 0.55698529375
37 0.420956015625 0.5588235296875 0.4191177234375 0.5606617640625 0.4191177234375 0.5625 0.4154411390625 0.5661764703125 0.4136028453125 0.5661764703125 0.40808796875000003 0.5716911765625 0.4062503234375 0.5716911765625 0.40441203124999997 0.5735294125 0.39889715468750003 0.5735294125 0.3970588609375 0.575367646875 0.3970588609375 0.5772058828125 0.3933822765625 0.580882353125 0.3897056921875 0.580882353125 0.38419146249999997 0.5863970593750001 0.38235316875 0.5863970593750001 0.3805148765625 0.58823529375 0.378676584375 0.58823529375 0.378676584375 0.6544117640625 0.38235316875 0.6580882359375 0.38235316875 0.6599264703125 0.38419146249999997 0.6599264703125 0.38786740000000003 0.6636029406249999 0.38786740000000003 0.6654411765625 0.3897056921875 0.6672794125 0.3897056921875 0.69301470625 0.3933822765625 0.6966911765625 0.39522056875 0.6966911765625 0.400735446875 0.7022058828125 0.40257373906250005 0.7022058828125 0.40441203124999997 0.7040441171875 0.4062503234375 0.7040441171875 0.4136028453125 0.7113970593750001 0.4154411390625 0.7113970593750001 0.42279430781249994 0.71875 0.43014683125 0.71875 0.43382341562500004 0.7224264703125 0.43382341562500004 0.72426470625 0.43566170781249997 0.7261029406249999 0.44485316875 0.7261029406249999 0.4466914625 0.72426470625 0.4466914625 0.7224264703125 0.45036740000000003 0.71875 0.454043984375 0.71875 0.4558822765625 0.7169117640625 0.45772056875 0.7169117640625 0.463235446875 0.7113970593750001 0.46507373906250005 0.7113970593750001 0.47242626093749995 0.7040441171875 0.4761028453125 0.7040441171875 0.4779411390625 0.7022058828125 0.47977943125 0.7022058828125 0.483456015625 0.6985294125 0.48529430781249994 0.6985294125 0.48713259999999997 0.6966911765625 0.4889708921875 0.6966911765625 0.4908085375 0.6948529406249999 0.4908085375 0.69301470625 0.4944851234375 0.6893382359375 0.49816170781249997 0.6893382359375 0.5 0.6875 0.5018382921875 0.6875 0.503676584375 0.6856617640625 0.503676584375 0.612132353125 0.5018382921875 0.612132353125 0.4908085375 0.6011029406249999 0.4908085375 0.5974264703125 0.4889708921875 0.5955882359375 0.4889708921875 0.59375 0.48529430781249994 0.5900735296875 0.48529430781249994 0.58823529375 0.483456015625 0.5863970593750001 0.483456015625 0.5827205875 0.4761028453125 0.575367646875 0.4761028453125 0.5735294125 0.474264553125 0.5735294125 0.46691203124999997 0.5661764703125 0.46507373906250005 0.5661764703125 0.45772056875 0.5588235296875 0.454043984375 0.5588235296875 0.45220569218750006 0.55698529375 0.45036740000000003 0.55698529375 0.4466914625 0.5533088234375 0.4319851234375 0.5533088234375 0.4283085375 0.55698529375 0.4264708921875 0.55698529375 0.42463259999999997 0.5588235296875 0.420956015625 0.5588235296875
16 0.6819851234375001 0.2205882359375 0.68014683125 0.21875 0.68014683125 0.21507352968750001 0.628676584375 0.21507352968750001 0.628676584375 0.27573529375 0.68014683125 0.27573529375 0.6819851234375001 0.273897059375 0.6819851234375001 0.2205882359375
28 0.5753674 0.4705882359375 0.5753674 0.5422794125 0.5919120312499999 0.5422794125 0.5919120312499999 0.4705882359375 0.5753674 0.4705882359375
33 0.3529411390625 0.65826470625 0.3474262609375 0.6637794125 0.3474262609375 0.696867646875 0.349264553125 0.696867646875 0.3529411390625 0.7005441171875 0.3805148765625 0.7005441171875 0.38419146249999997 0.696867646875 0.3860291078125 0.696867646875 0.38786740000000003 0.6950294125 0.38786740000000003 0.6637794125 0.3860291078125 0.6619411765625001 0.38419146249999997 0.6619411765625001 0.3805148765625 0.65826470625 0.3805148765625 0.6564264703125 0.378676584375 0.6545882359374999 0.3768382921875 0.6545882359374999 0.3731617078125 0.6509117640625 0.3602943078125 0.6509117640625 0.3566177234375 0.6545882359374999 0.35477943125 0.6545882359374999 0.3529411390625 0.6564264703125 0.3529411390625 0.65826470625
28 0.6727943078124999 0.7113970593750001 0.68014683125 0.7113970593750001 0.683823415625 0.7150735296875 0.683823415625 0.7169117640625 0.6856617078125 0.71875 0.6875 0.71875 0.6930148765624999 0.72426470625 0.69485316875 0.72426470625 0.6966914625 0.7261029406249999 0.7022056921875001 0.7261029406249999 0.7058822765625 0.7297794125 0.7058822765625 0.731617646875 0.70772056875 0.7334558828125 0.724264553125 0.7334558828125 0.724264553125 0.7205882359375 0.7224262609375 0.7205882359375 0.7187503234375 0.7169117640625 0.7187503234375 0.7150735296875 0.7169120312499999 0.71323529375 0.7150737390625 0.71323529375 0.70772056875 0.705882353125 0.7003674 0.705882353125 0.6966914625 0.7022058828125 0.6966914625 0.700367646875 0.69485316875 0.6985294125 0.6930148765624999 0.6985294125 0.6893382921875 0.6948529406249999 0.6727943078124999 0.6948529406249999 0.6709560156250001 0.6966911765625 0.6691177234375 0.6966911765625 0.6691177234375 0.7077205875 0.6727943078124999 0.7113970593750001
36 0.286764553125 0.27573529375 0.28308796875 0.2794117640625 0.2812503234375 0.2794117640625 0.27941203125 0.28125 0.2775737390625 0.28125 0.2775737390625 0.2830882359375 0.275735446875 0.28492647031249996 0.27389715468750003 0.28492647031249996 0.2720588609375 0.28676470625 0.2683822765625 0.28676470625 0.2610291078125 0.294117646875 0.25919146249999997 0.294117646875 0.25735316875 0.2959558828125 0.2555148765625 0.2959558828125 0.2555148765625 0.2977941171875 0.253676584375 0.299632353125 0.2518382921875 0.299632353125 0.25 0.3014705875 0.2444851234375 0.3014705875 0.23713259999999997 0.30882352968750004 0.2352943078125 0.30882352968750004 0.23345601562499999 0.3106617640625 0.23345601562499999 0.40257352968750004 0.2389708921875 0.40257352968750004 0.24264683125 0.40625 0.24264683125 0.4080882359375 0.2444851234375 0.40992647031249996 0.253676584375 0.40992647031249996 0.25735316875 0.41360294062499997 0.25735316875 0.4154411765625 0.25919146249999997 0.4172794125 0.2683822765625 0.4172794125 0.27022056875 0.419117646875 0.2720588609375 0.419117646875 0.27389715468750003 0.4209558828125 0.2775737390625 0.4209558828125 0.27941203125 0.419117646875 0.2849262609375 0.419117646875 0.286764553125 0.4172794125 0.2941177234375 0.4172794125 0.29595601562499996 0.4154411765625 0.2977943078125 0.4154411765625 0.29963259999999997 0.4172794125 0.30514683125 0.4172794125 0.308823415625 0.4209558828125 0.308823415625 0.4227941171875 0.3106617078125 0.424632353125 0.3125 0.424632353125 0.3143382921875 0.4264705875 0.316176584375 0.4264705875 0.3180148765625 0.4283088234375 0.31985316875 0.4283088234375 0.32169146249999997 0.4264705875 0.3235291078125 0.4264705875 0.32536740000000003 0.424632353125 0.32904398437500004 0.424632353125 0.3308822765625 0.4227941171875 0.33272056875 0.4227941171875 0.338235446875 0.4172794125 0.34191203125 0.4172794125 0.3437503234375 0.4154411765625 0.3437503234375 0.41360294062499997 0.3474262609375 0.40992647031249996 0.349264553125 0.40992647031249996 0.3566177234375 0.40257352968750004 0.35845601562499996 0.40257352968750004 0.36213259999999997 0.398897059375 0.36213259999999997 0.31617647031249996 0.3602943078125 0.3143382359375 0.3602943078125 0.3125 0.349264553125 0.3014705875 0.3474262609375 0.3014705875 0.34558796875 0.299632353125 0.3437503234375 0.299632353125 0.3400737390625 0.2959558828125 0.338235446875 0.2959558828125 0.33639715468750003 0.294117646875 0.3345588609375 0.294117646875 0.3272056921875 0.28676470625 0.32536740000000003 0.28676470625 0.3235291078125 0.28492647031249996 0.32169146249999997 0.28492647031249996 0.316176584375 0.2794117640625 0.3143382921875 0.2794117640625 0.3125 0.27757352968750004 0.3106617078125 0.27757352968750004 0.308823415625 0.27573529375 0.308823415625 0.2720588234375 0.3069851234375 0.2702205875 0.29595601562499996 0.2702205875 0.2941177234375 0.2720588234375 0.28860284531249997 0.2720588234375 0.286764553125 0.273897059375 0.286764553125 0.27573529375
9 0.5349262609375 0.273897059375 0.5404411390625 0.268382353125 0.5404411390625 0.22242647031249999 0.5349262609375 0.2169117640625 0.48713259999999997 0.2169117640625 0.48713259999999997 0.27757352968750004 0.5330879687500001 0.27757352968750004 0.5349262609375 0.27573529375 0.5349262609375 0.273897059375
28 0.6727943078124999 0.7113970593750001 0.68014683125 0.7113970593750001 0.683823415625 0.7150735296875 0.683823415625 0.7169117640625 0.6856617078125 0.71875 0.6875 0.71875 0.6930148765624999 0.72426470625 0.69485316875 0.72426470625 0.6966914625 0.7261029406249999 0.7022056921875001 0.7261029406249999 0.7058822765625 0.7297794125 0.7058822765625 0.731617646875 0.70772056875 0.7334558828125 0.724264553125 0.7334558828125 0.724264553125 0.7205882359375 0.7224262609375 0.7205882359375 0.7187503234375 0.7169117640625 0.7187503234375 0.7150735296875 0.7169120312499999 0.71323529375 0.7150737390625 0.71323529375 0.70772056875 0.705882353125 0.7003674 0.705882353125 0.6966914625 0.7022058828125 0.6966914625 0.700367646875 0.69485316875 0.6985294125 0.6930148765624999 0.6985294125 0.6893382921875 0.6948529406249999 0.6727943078124999 0.6948529406249999 0.6709560156250001 0.6966911765625 0.6691177234375 0.6966911765625 0.6691177234375 0.7077205875 0.6727943078124999 0.7113970593750001
36 0.3318240625 0.15441176406249998 0.306597671875 0.1705882359375 0.30336351875 0.175 0.3020698578125 0.24926470625000002 0.30336351875 0.2588235296875 0.306597671875 0.26323529375 0.3693402328125 0.3036764703125 0.39391979374999997 0.2897058828125 0.40426908125 0.280147059375 0.43337645468749997 0.2610294125 0.435316946875 0.24926470625000002 0.435963778125 0.1779411765625 0.43208279374999997 0.1705882359375 0.390685640625 0.143382353125 0.379042690625 0.1389705875 0.36869340156249997 0.131617646875 0.36545925 0.131617646875 0.362871928125 0.1352941171875 0.34282018124999997 0.1470588234375 0.3376455375 0.1529411765625 0.3318240625 0.15441176406249998
17 0.4489003875 0.755882353125 0.44501940468749995 0.7720588234375 0.44501940468749995 0.8213235296875 0.4482535578125 0.8264705875 0.45924967656250004 0.831617646875 0.46571798124999997 0.83823529375 0.494178525 0.857352940625 0.5155239328125 0.8676470593750001 0.5297542046875 0.8544117640625 0.5465717984375 0.8455882359375 0.5763260031249999 0.825 0.578913325 0.8183823531250001 0.578913325 0.77426470625 0.5769728328125 0.7580882359375 0.578913325 0.7389705875 0.5737386796874999 0.7330882359374999 0.5323415265625 0.7080882359375 0.5122897796875 0.693382353125 0.51099611875 0.693382353125 0.4812419140625 0.71176470625 0.44631306562499995 0.7375 0.44501940468749995 0.744852940625 0.4489003875 0.755882353125
17 0.7619663640625001 0.44264705937500004 0.7516170765625 0.4463235296875 0.7496765843750001 0.45147058749999996 0.7496765843750001 0.46323529375000005 0.7399741265625 0.4705882359375 0.73027166875 0.4735294125 0.73027166875 0.4786764703125 0.7347994828125 0.4889705875 0.732858990625 0.49411764687500004 0.7341526515625 0.5117647062499999 0.7315653296875 0.5161764703125 0.7315653296875 0.5279411765625001 0.7367399734375 0.5463235296875 0.7574385515625 0.556617646875 0.7645536875000001 0.5639705875 0.7962483828125 0.5845588234375 0.800129365625 0.5845588234375 0.8143596375 0.5764705875 0.8602846046874999 0.5455882359374999 0.8661060796875001 0.5389705874999999 0.8641655890625 0.52573529375 0.8641655890625 0.4772058828125 0.8661060796875001 0.47205882343749994 0.8557567921875 0.4713235296875 0.8518758078124999 0.46544117656250006 0.847994825 0.4647058828125 0.8486416562500001 0.46985294062499994 0.8551099609374999 0.4735294125 0.85446313125 0.4786764703125 0.847994825 0.481617646875 0.8382923671875 0.47573529375 0.8363518765625001 0.4735294125 0.83699870625 0.46985294062499994 0.8447606734375 0.46323529375000005 0.8428201812499999 0.4477941171875 0.8221216046875 0.4330882359375 0.8143596375 0.43161764687500004 0.8065976718750001 0.42205882343749995 0.800129365625 0.418382353125 0.7968952140625001 0.418382353125 0.7826649421874999 0.4272058828125 0.7800776203125 0.43382352968750004 0.77554980625 0.43235294062499996 0.7619663640625001 0.44264705937500004
11 0.346054334375 0.5580882359375 0.3551099609375 0.5602941171875 0.39391979374999997 0.557352940625 0.396507115625 0.5536764703125 0.395860284375 0.5014705875 0.390685640625 0.49705882343749996 0.37257438593750003 0.49705882343749996 0.36610607968750003 0.49926470624999997 0.3635187578125 0.49705882343749996 0.359637775 0.49705882343749996 0.347994825 0.49705882343749996 0.34282018124999997 0.5014705875 0.34282018124999997 0.5551470593750001 0.346054334375 0.5580882359375
15 0.2095730921875 0.5610294125 0.22315653281249997 0.5522058828125 0.22703751562500002 0.5522058828125 0.23479948281250002 0.5588235296875 0.2516170765625 0.557352940625 0.2535575671875 0.5419117640625 0.25291073750000004 0.5014705875 0.24450194062500002 0.49705882343749996 0.2263906859375 0.49705882343749996 0.22315653281249997 0.49705882343749996 0.20439844687500003 0.4977941171875 0.199870634375 0.5022058828125 0.20051746406249998 0.555882353125 0.2095730921875 0.5610294125
13 0.6300129359375 0.556617646875 0.6338939203125 0.5588235296875 0.6752910734375 0.5595588234375 0.6798188875 0.5580882359375 0.6824062093750001 0.5544117640625 0.6817593796875 0.5014705875 0.6752910734375 0.49705882343749996 0.6610608015625 0.49705882343749996 0.65717981875 0.49705882343749996 0.6332470890625 0.4977941171875 0.62936610625 0.5014705875 0.628719275 0.5529411765625001 0.6300129359375 0.556617646875
7 0.7011642953125 0.4147058828125 0.7095730921875 0.42132352968750003 0.716041396875 0.418382353125 0.722509703125 0.4102941171875 0.73027166875 0.41176470624999995 0.73609314375 0.418382353125 0.7509702453125 0.4169117640625 0.7535575671875 0.41176470624999995 0.7542043984375 0.3970588234375 0.7529107374999999 0.3602941171875 0.7483829234375 0.356617646875 0.7076326 0.355882353125 0.7056921093749999 0.355882353125 0.7011642953125 0.3595588234375 0.699223803125 0.367647059375 0.699223803125 0.40514705937500006 0.7011642953125 0.4147058828125
13 0.347994825 0.8404411765625 0.390038809375 0.8404411765625 0.395860284375 0.8352941171875001 0.3952134546875 0.7823529406249999 0.390038809375 0.7786764703125 0.3699870640625 0.7786764703125 0.3693402328125 0.7779411765625001 0.34993531718750004 0.7786764703125 0.34282018124999997 0.7845588234374999 0.34217335000000004 0.8338235296875001 0.347994825 0.8404411765625
16 0.413324709375 0.680882353125 0.4146183703125 0.6955882359375 0.417852521875 0.6992647062499999 0.46248382968749996 0.7 0.46571798124999997 0.6970588234374999 0.4676584734375 0.692647059375 0.4676584734375 0.6455882359375 0.4650711515625 0.6397058828125 0.4547218625 0.6375 0.4514877109375 0.6375 0.435316946875 0.6397058828125 0.4197930140625 0.63823529375 0.4146183703125 0.6404411765625 0.413324709375 0.680882353125
11 0.7031047859374999 0.6985294125 0.710219921875 0.7 0.7509702453125 0.6985294125 0.7542043984375 0.692647059375 0.7542043984375 0.6470588234375 0.75226390625 0.6404411765625 0.7399741265625 0.6375 0.710219921875 0.6375 0.7095730921875 0.6375 0.701811125 0.6397058828125 0.6998706343750001 0.6463235296875001 0.7005174640625 0.6955882359375 0.7031047859374999 0.6985294125
12 0.5582147484375 0.6963235296875 0.564036221875 0.70073529375 0.6054333765625 0.7 0.609961190625 0.6955882359375 0.609961190625 0.6419117640625001 0.6054333765625 0.63823529375 0.586675290625 0.6375 0.5847348 0.6375 0.5614489 0.6389705875 0.5569210859375 0.6441176468750001 0.5569210859375 0.692647059375 0.5582147484375 0.6963235296875
31 0.2153945671875 0.6095588234375 0.2373868046875 0.6080882359374999 0.24773609375 0.5963235296875 0.24385510937500002 0.569117646875 0.2263906859375 0.5536764703125 0.22380336406249998 0.5536764703125 0.2095730921875 0.5654411765625 0.205045278125 0.57573529375 0.2031047859375 0.59926470625 0.2153945671875 0.6095588234375
31 0.7115135828125 0.4669117640625 0.716688228125 0.469117646875 0.73609314375 0.468382353125 0.7399741265625 0.4669117640625 0.7483829234375 0.457352940625 0.7457956015625 0.42941176406250003 0.727037515625 0.41323529375 0.7238033640625 0.41323529375 0.70827943125 0.4279411765625 0.7031047859374999 0.45294117656250005 0.7031047859374999 0.457352940625 0.7115135828125 0.4669117640625
31 0.8570504531250001 0.46764705937500006 0.8829236734375 0.46764705937500006 0.8919793015625 0.4588235296875 0.8887451484375 0.43161764687500004 0.8868046578125 0.4272058828125 0.87063389375 0.41323529375 0.8661060796875001 0.41323529375 0.8499353171875 0.4286764703125 0.8454075031249999 0.44558823593749997 0.846054334375 0.455882353125 0.8570504531250001 0.46764705937500006
26 0.648771021875 0.4014705875 0.654592496875 0.40294117656250006 0.659767140625 0.40073529375000005 0.66300129375 0.3904411765625 0.6617076328125 0.355882353125 0.6636481234375 0.3330882359375 0.6610608015625 0.3294117640625 0.65135834375 0.32867647031249997 0.6507115140625 0.3279411765625 0.6461837 0.330882353125 0.64553686875 0.33823529375 0.64553686875 0.393382353125 0.648771021875 0.4014705875
26 0.5135834406249999 0.6845588234375 0.519404915625 0.6794117640625 0.520051746875 0.6735294125 0.520051746875 0.6132352937500001 0.5122897796875 0.6095588234375 0.5071151359375 0.6095588234375 0.5019404921875 0.6125 0.503234153125 0.6705882359374999 0.5045278140625 0.680882353125 0.5135834406249999 0.6845588234375
27 0.2962483828125 0.544117646875 0.3020698578125 0.5419117640625 0.3053040109375 0.5360294125 0.305950840625 0.4727941171875 0.2988357046875 0.469117646875 0.29430789062499996 0.469117646875 0.2910737390625 0.46985294062499994 0.28913324687499997 0.4735294125 0.28913324687499997 0.53823529375 0.2962483828125 0.544117646875
27 0.3693402328125 0.6470588234375 0.37645536874999996 0.65 0.37645536874999996 0.6014705874999999 0.37451487656250004 0.5955882359375 0.371280725 0.593382353125 0.36739974062499997 0.593382353125 0.3609314359375 0.6 0.36157826718749997 0.6463235296875001 0.362871928125 0.64926470625 0.3693402328125 0.6470588234375
25 0.8454075031249999 0.44558823593749997 0.8492884859375 0.4286764703125 0.80918499375 0.4014705875 0.8040103500000001 0.4014705875 0.798188875 0.4044117640625 0.7988357046875 0.4154411765625 0.8376455375 0.44264705937500004 0.8454075031249999 0.44558823593749997
25 0.7503234156249999 0.44558823593749997 0.7542043984375 0.44485294062499997 0.7962483828125 0.4161764703125 0.79754204375 0.40735294062499994 0.794954721875 0.40294117656250006 0.7904269078125 0.40073529375000005 0.7884864171875 0.40073529375000005 0.7490297546875 0.425 0.7464424328125 0.4279411765625 0.7483829234375 0.44338235312499996 0.7503234156249999 0.44558823593749997
28 0.733505821875 0.7360294125 0.7399741265625 0.7345588234375 0.76390685625 0.7198529406249999 0.7826649421874999 0.705147059375 0.789133246875 0.7029411765625 0.7968952140625001 0.6955882359375 0.798188875 0.6904411765625 0.7962483828125 0.6852941171875 0.789780078125 0.681617646875 0.789133246875 0.681617646875 0.7296248390625 0.7198529406249999 0.7263906859375 0.7235294125 0.7257438546875 0.7308823531249999 0.733505821875 0.7360294125
14 0.5735291078125 0.419117646875 0.5753674 0.4172794125 0.5790439843749999 0.4172794125 0.5808822765625 0.4154411765625 0.5863971546875 0.4154411765625 0.588235446875 0.4172794125 0.6066177234375 0.4172794125 0.6084560156250001 0.4154411765625 0.6084560156250001 0.3584558828125 0.5569851234375001 0.3584558828125 0.5569851234375001 0.4172794125 0.5625 0.4172794125 0.5643382921875 0.419117646875 0.5735291078125 0.419117646875
15 0.8216914624999999 0.5533088234375 0.8235297546875 0.5514705875 0.8235297546875 0.50551470625 0.8216914624999999 0.5036764703125 0.8216914624999999 0.4981617640625 0.7720588609375 0.4981617640625 0.7720588609375 0.55698529375 0.8198531687499999 0.55698529375 0.8216914624999999 0.5551470593750001 0.8216914624999999 0.5533088234375
8 0.39522056875 0.21507352968750001 0.3437503234375 0.21507352968750001 0.3437503234375 0.27757352968750004 0.3933822765625 0.27757352968750004 0.39522056875 0.27573529375 0.39522056875 0.21507352968750001
10 0.4944851234375 0.83823529375 0.49632341562500004 0.8400735296875 0.5312503234375 0.8400735296875 0.536764553125 0.8345588234375001 0.536764553125 0.8327205875000001 0.5386028453125 0.830882353125 0.5386028453125 0.78676470625 0.536764553125 0.7849264703125 0.536764553125 0.7794117640625 0.48713259999999997 0.7794117640625 0.48713259999999997 0.8363970593750001 0.4908085375 0.8363970593750001 0.49264683125 0.83823529375 0.4944851234375 0.83823529375
12 0.27943078906249996 0.4205882359375 0.28719275624999996 0.418382353125 0.2923674 0.4110294125 0.2994825359375 0.41176470624999995 0.30336351875 0.4169117640625 0.30983182343750004 0.419117646875 0.316946959375 0.419117646875 0.322768434375 0.4161764703125 0.32535575625 0.40735294062499994 0.3240620953125 0.3610294125 0.3182406203125 0.356617646875 0.29172056875 0.356617646875 0.288324709375 0.356617646875 0.27554980625000003 0.357352940625 0.2710219921875 0.36176470625 0.2716688234375 0.4147058828125 0.27943078906249996 0.4205882359375
20 0.175 0.6515625 0.1765627421875 0.65 0.1765627421875 0.5765625 0.11718758124999999 0.5765625 0.11718758124999999 0.6546875 0.1734372578125 0.6546875 0.175 0.653125 0.175 0.6515625
23 0.81718758125 0.715625 0.76718758125 0.715625 0.76718758125 0.7953125 0.8156248390625 0.7953125 0.81718758125 0.79375 0.81718758125 0.715625
18 0.9062503234375001 0.4296875 0.9062503234375001 0.5125 0.9625 0.5125 0.9625 0.4296875 0.9062503234375001 0.4296875
18 0.175 0.340625 0.175 0.3375 0.1734372578125 0.3359375 0.1734372578125 0.334375 0.175 0.3328125 0.175 0.29375 0.1187503234375 0.29375 0.1187503234375 0.375 0.1734372578125 0.375 0.1734372578125 0.3421875 0.175 0.340625
18 0.6031248390624999 0.934375 0.6031248390624999 0.8578125 0.5515627421875 0.8578125 0.5515627421875 0.9359375 0.6 0.9359375 0.6015627421875 0.934375 0.6031248390624999 0.934375
18 0.31718758125 0.015625 0.2625 0.015625 0.2625 0.0921875 0.3156248390625 0.0921875 0.31718758125 0.090625 0.31718758125 0.015625
21 0.3187503234375 0.9328125 0.3187503234375 0.8578125 0.26406274218750003 0.8578125 0.26406274218750003 0.9359375 0.31718758125 0.9359375 0.31718758125 0.934375 0.3187503234375 0.9328125
22 0.8187503234375001 0.153125 0.7625 0.153125 0.7625 0.234375 0.81718758125 0.234375 0.8187503234375001 0.2328125 0.8187503234375001 0.153125
19 0.6031248390624999 0.0859375 0.6031248390624999 0.0140625 0.5484372578125 0.0140625 0.5484372578125 0.0875 0.57968758125 0.0875 0.5812503234374999 0.0859375 0.6031248390624999 0.0859375
29 0.5394566625 0.3735294125 0.5498059515625 0.369852940625 0.553686934375 0.3602941171875 0.5653298828125 0.3529411765625 0.564036221875 0.3463235296875 0.55627425625 0.33823529375 0.5510996125000001 0.3227941171875 0.5401034921875 0.3147058828125 0.5291073734375 0.3235294125 0.5271668828125 0.33602941249999996 0.5155239328125 0.34852941249999997 0.51681759375 0.355147059375 0.5271668828125 0.357352940625 0.531047865625 0.369852940625 0.5394566625 0.3735294125