32 0.525 0.7156253796875001 0.5203128171875 0.720312309375 0.5203128171875 0.754687690625 0.528125 0.7625 0.5296878171875 0.7625 0.53125 0.7640623093750001 0.546875 0.7640623093750001 0.5484378171875 0.7625 0.55 0.7625 0.5515628171875 0.7609376906249999 0.553125 0.7609376906249999 0.5546878171875 0.7593753796875 0.5546878171875 0.757812309375 0.5578128171875 0.754687690625 0.559375 0.754687690625 0.559375 0.7296876906249999 0.5578128171875 0.7281253796875 0.5578128171875 0.726562309375 0.55625 0.725 0.55625 0.720312309375 0.5546878171875 0.71875 0.5546878171875 0.7156253796875001 0.5484378171875 0.7093753796875 0.53125 0.7093753796875 0.528125 0.7125 0.5265628171875 0.7125 0.525 0.714062309375 0.525 0.7156253796875001
37 0.23125 0.282812309375 0.2296878171875 0.28437537968750004 0.228125 0.28437537968750004 0.2265628171875 0.285937690625 0.225 0.285937690625 0.2234378171875 0.2875 0.2203128171875 0.2875 0.21875 0.289062309375 0.2171878171875 0.289062309375 0.215625 0.2906253796875 0.2140628171875 0.2906253796875 0.2109378171875 0.29375 0.2078128171875 0.29375 0.203125 0.29843769062500003 0.2015628171875 0.29843769062500003 0.2 0.3 0.1984378171875 0.3 0.1921878171875 0.30625 0.1921878171875 0.307812309375 0.190625 0.3093753796875 0.190625 0.4 0.1921878171875 0.40156230937500004 0.1921878171875 0.4031253796875 0.1953128171875 0.40625 0.1953128171875 0.407812309375 0.1984378171875 0.41093769062499996 0.2 0.41093769062499996 0.2015628171875 0.4125 0.203125 0.4125 0.2078128171875 0.41718769062499994 0.2109378171875 0.41718769062499994 0.2125 0.41875 0.2140628171875 0.41875 0.2171878171875 0.4218753796875 0.21875 0.4218753796875 0.2203128171875 0.423437690625 0.221875 0.423437690625 0.2265628171875 0.42812537968750003 0.228125 0.42812537968750003 0.2296878171875 0.42968769062499995 0.23125 0.42968769062499995 0.2328128171875 0.43125 0.234375 0.43125 0.2390628171875 0.435937690625 0.240625 0.435937690625 0.246875 0.44218769062499996 0.2625 0.44218769062499996 0.2640628171875 0.44062537968750004 0.265625 0.44062537968750004 0.2703128171875 0.435937690625 0.271875 0.435937690625 0.2765628171875 0.43125 0.278125 0.43125 0.2796878171875 0.42968769062499995 0.2828128171875 0.42968769062499995 0.2875 0.425 0.2890628171875 0.425 0.290625 0.423437690625 0.2953128171875 0.423437690625 0.3046878171875 0.41406230937500005 0.3046878171875 0.39687537968750003 0.30625 0.395312309375 0.30625 0.3906253796875 0.309375 0.3875 0.309375 0.385937690625 0.3109378171875 0.3843753796875 0.3109378171875 0.38125 0.3125 0.379687690625 0.3125 0.37812537968750004 0.315625 0.375 0.315625 0.373437690625 0.3171878171875 0.3718753796875 0.3171878171875 0.370312309375 0.31875 0.36875 0.31875 0.367187690625 0.321875 0.364062309375 0.321875 0.314062309375 0.31875 0.310937690625 0.31875 0.3093753796875 0.309375 0.3 0.3078128171875 0.3 0.3015628171875 0.29375 0.2984378171875 0.29375 0.296875 0.292187690625 0.2953128171875 0.292187690625 0.2890628171875 0.285937690625 0.2875 0.285937690625 0.2859378171875 0.28437537968750004 0.2859378171875 0.282812309375 0.284375 0.282812309375 0.2765628171875 0.275 0.2390628171875 0.275 0.2375 0.276562309375 0.2375 0.2781253796875 0.2328128171875 0.282812309375 0.23125 0.282812309375
6 0.3671878171875 0.58125 0.365625 0.5828123093750001 0.3640628171875 0.5828123093750001 0.359375 0.5875 0.3578128171875 0.5875 0.35625 0.589062309375 0.35625 0.5906253796875001 0.353125 0.59375 0.35 0.59375 0.3484378171875 0.595312309375 0.346875 0.595312309375 0.3421878171875 0.6 0.340625 0.6 0.3375 0.6031253796875 0.3375 0.60625 0.3359378171875 0.6078123093750001 0.3359378171875 0.695312309375 0.340625 0.7 0.3421878171875 0.7 0.34375 0.7015623093750001 0.34375 0.7031253796875 0.3453128171875 0.7031253796875 0.346875 0.7046876906249999 0.3484378171875 0.7046876906249999 0.35 0.70625 0.3515628171875 0.70625 0.3546878171875 0.7093753796875 0.35625 0.7093753796875 0.3578128171875 0.710937690625 0.359375 0.710937690625 0.3640628171875 0.7156253796875001 0.365625 0.7156253796875001 0.3671878171875 0.717187690625 0.36875 0.717187690625 0.3734378171875 0.7218753796875 0.375 0.7218753796875 0.378125 0.725 0.3796878171875 0.725 0.3828128171875 0.7281253796875 0.384375 0.7281253796875 0.3859378171875 0.7296876906249999 0.3890628171875 0.7296876906249999 0.390625 0.73125 0.39375 0.73125 0.3953128171875 0.7328123093750001 0.396875 0.7328123093750001 0.3984378171875 0.73125 0.4015628171875 0.73125 0.403125 0.7296876906249999 0.4078128171875 0.7296876906249999 0.4109378171875 0.726562309375 0.4125 0.726562309375 0.415625 0.723437690625 0.41875 0.723437690625 0.421875 0.720312309375 0.4234378171875 0.720312309375 0.4265628171875 0.717187690625 0.4296878171875 0.717187690625 0.434375 0.7125 0.4375 0.7125 0.4390628171875 0.710937690625 0.4421878171875 0.710937690625 0.4453128171875 0.7078123093750001 0.446875 0.7078123093750001 0.45 0.7046876906249999 0.4515628171875 0.7046876906249999 0.453125 0.7031253796875 0.4546878171875 0.7031253796875 0.4546878171875 0.7015623093750001 0.45625 0.7 0.4578128171875 0.7 0.4609378171875 0.6968753796875 0.4609378171875 0.695312309375 0.4625 0.69375 0.4625 0.6906253796875 0.4640628171875 0.689062309375 0.4640628171875 0.632812309375 0.4625 0.63125 0.4625 0.61875 0.4609378171875 0.617187690625 0.4609378171875 0.60625 0.459375 0.6046876906249999 0.459375 0.6031253796875 0.45625 0.6 0.4546878171875 0.6 0.45 0.595312309375 0.4484378171875 0.595312309375 0.446875 0.59375 0.4453128171875 0.59375 0.44375 0.592187690625 0.4421878171875 0.592187690625 0.4375 0.5875 0.4359378171875 0.5875 0.434375 0.585937690625 0.4328128171875 0.585937690625 0.428125 0.58125 0.4265628171875 0.58125 0.421875 0.5765623093750001 0.4203128171875 0.5765623093750001 0.4171878171875 0.5734376906249999 0.4171878171875 0.5718753796875 0.4140628171875 0.56875 0.4125 0.56875 0.4078128171875 0.564062309375 0.4078128171875 0.5625 0.4046878171875 0.5593753796875001 0.3921878171875 0.5593753796875001 0.390625 0.560937690625 0.3890628171875 0.560937690625 0.36875 0.58125 0.3671878171875 0.58125
37 0.6859378171875 0.2875 0.6828128171875 0.2906253796875 0.68125 0.2906253796875 0.6796878171875 0.292187690625 0.6765628171875 0.292187690625 0.675 0.29375 0.671875 0.29375 0.6703128171875 0.29531230937499997 0.6671878171875 0.29531230937499997 0.665625 0.2968753796875 0.6640628171875 0.2968753796875 0.659375 0.292187690625 0.6578128171875 0.292187690625 0.65625 0.2906253796875 0.6546878171875 0.2906253796875 0.653125 0.289062309375 0.6515628171875 0.289062309375 0.65 0.2906253796875 0.6453128171875 0.2906253796875 0.6421878171875 0.29375 0.6375 0.29375 0.6359378171875 0.29531230937499997 0.634375 0.29531230937499997 0.6203128171875 0.3093753796875 0.6203128171875 0.310937690625 0.61875 0.3125 0.61875 0.40156230937500004 0.6203128171875 0.4031253796875 0.6203128171875 0.404687690625 0.621875 0.404687690625 0.6328128171875 0.4156253796875 0.634375 0.4156253796875 0.6359378171875 0.41718769062499994 0.6390628171875 0.41718769062499994 0.640625 0.41875 0.6421878171875 0.41875 0.64375 0.420312309375 0.64375 0.4218753796875 0.6453128171875 0.4218753796875 0.646875 0.423437690625 0.6484378171875 0.423437690625 0.65 0.425 0.6515628171875 0.425 0.6546878171875 0.42812537968750003 0.65625 0.42812537968750003 0.6578128171875 0.42968769062499995 0.659375 0.42968769062499995 0.665625 0.435937690625 0.6671878171875 0.435937690625 0.6703128171875 0.439062309375 0.671875 0.439062309375 0.6734378171875 0.44062537968750004 0.675 0.44062537968750004 0.6765628171875 0.44218769062499996 0.6859378171875 0.44218769062499996 0.6875 0.44062537968750004 0.6890628171875 0.44062537968750004 0.6921878171875 0.4375 0.69375 0.4375 0.6953128171875 0.435937690625 0.696875 0.435937690625 0.7015628171875 0.43125 0.703125 0.43125 0.7046878171875 0.42968769062499995 0.7078128171875 0.42968769062499995 0.7125 0.425 0.7140628171875 0.425 0.715625 0.423437690625 0.7203128171875 0.423437690625 0.725 0.41875 0.7265628171875 0.41875 0.728125 0.41718769062499994 0.7296878171875 0.41718769062499994 0.734375 0.4125 0.7359378171875 0.4125 0.7390628171875 0.40937537968750004 0.740625 0.40937537968750004 0.740625 0.407812309375 0.74375 0.404687690625 0.74375 0.4031253796875 0.746875 0.4 0.746875 0.314062309375 0.7421878171875 0.3093753796875 0.7421878171875 0.30625 0.7359378171875 0.3 0.734375 0.3 0.7328128171875 0.29843769062500003 0.73125 0.29843769062500003 0.728125 0.29531230937499997 0.7265628171875 0.29531230937499997 0.725 0.29375 0.721875 0.29375 0.715625 0.2875 0.7125 0.2875 0.7109378171875 0.285937690625 0.709375 0.285937690625 0.70625 0.282812309375 0.7046878171875 0.282812309375 0.703125 0.28125 0.7 0.28125 0.696875 0.2781253796875 0.696875 0.276562309375 0.69375 0.276562309375 0.6875 0.282812309375 0.6875 0.28437537968750004 0.6859378171875 0.285937690625 0.6859378171875 0.2875
35 0.3000602796875 0.4327386015625 0.2969352796875 0.4327386015625 0.2953724625 0.4343009125 0.2953724625 0.43586322187500004 0.2938102796875 0.43742553125 0.2922474625 0.43742553125 0.2875602796875 0.442113221875 0.2859974625 0.442113221875 0.2797474625 0.44836322187500005 0.2781852796875 0.44836322187500005 0.2766224625 0.44992553125 0.2750602796875 0.44992553125 0.2734974625 0.4514886015625 0.2719352796875 0.4514886015625 0.2719352796875 0.4530509125 0.2703724625 0.45461322187500003 0.2703724625 0.45773860156249996 0.2688102796875 0.4593009125 0.2859974625 0.4593009125 0.2875602796875 0.46086322187500006 0.2891224625 0.46086322187500006 0.2938102796875 0.4655509125 0.2938102796875 0.46711322187500004 0.2953724625 0.46867553125 0.2953724625 0.47023860156249997 0.2984974625 0.473363221875 0.2984974625 0.47648860156249995 0.3000602796875 0.4780509125 0.314346446875 0.48406230937499994 0.318331853125 0.49643617031250004 0.3084092640625 0.5043708203125 0.2953724625 0.5014886015625 0.30140164999999997 0.512439209375 0.292973984375 0.521796353125 0.27929632031249996 0.5203176296875001 0.27267702968749996 0.51311778125 0.2719352796875 0.5077386015625 0.2688102796875 0.5077386015625 0.2672474625 0.5093009125 0.2656852796875 0.5093009125 0.2625602796875 0.51242553125 0.2625602796875 0.54992553125 0.2672474625 0.5546132218750001 0.2688102796875 0.5546132218750001 0.2734974625 0.5593009125 0.2750602796875 0.5593009125 0.2766224625 0.560863221875 0.2781852796875 0.560863221875 0.2828724625 0.5655509125 0.2844352796875 0.5655509125 0.2859974625 0.567113221875 0.2906852796875 0.567113221875 0.2922474625 0.56867553125 0.2938102796875 0.56867553125 0.2969352796875 0.5718009125 0.2984974625 0.5718009125 0.3000602796875 0.573363221875 0.3016224625 0.573363221875 0.3031852796875 0.57492553125 0.3047474625 0.57492553125 0.3094352796875 0.5796132218750001 0.3109974625 0.5796132218750001 0.3125602796875 0.58117553125 0.3141224625 0.58117553125 0.3172474625 0.5843009125 0.3188102796875 0.5843009125 0.3203724625 0.5858632218750001 0.3328724625 0.5858632218750001 0.3344352796875 0.5843009125 0.3359974625 0.5843009125 0.3391224625 0.58117553125 0.3406852796875 0.58117553125 0.3422474625 0.5796132218750001 0.3438102796875 0.5796132218750001 0.3453724625 0.5780509125 0.3469352796875 0.5780509125 0.3516224625 0.573363221875 0.3531852796875 0.573363221875 0.3578724625 0.56867553125 0.3594352796875 0.56867553125 0.3609974625 0.567113221875 0.3641224625 0.567113221875 0.3688102796875 0.5624255312499999 0.3703724625 0.5624255312499999 0.3719352796875 0.560863221875 0.3750602796875 0.560863221875 0.3766224625 0.5593009125 0.3797474625 0.5593009125 0.3859974625 0.5530509125 0.3859974625 0.5514886015625 0.3875602796875 0.54992553125 0.3875602796875 0.5468009125 0.3891224625 0.5452386015624999 0.3891224625 0.4718009125 0.3875602796875 0.47023860156249997 0.3875602796875 0.46711322187500004 0.3859974625 0.4655509125 0.3859974625 0.45617553125 0.3844352796875 0.45461322187500003 0.3844352796875 0.4530509125 0.3828724625 0.4514886015625 0.3813102796875 0.4514886015625 0.3797474625 0.44992553125 0.3766224625 0.44992553125 0.3719352796875 0.44523860156249995 0.3703724625 0.44523860156249995 0.3688102796875 0.44367553125 0.3656852796875 0.44367553125 0.3641224625 0.442113221875 0.3625602796875 0.442113221875 0.3609974625 0.4405509125 0.3609974625 0.43898860156249997 0.3594352796875 0.43742553125 0.3563102796875 0.43742553125 0.3547474625 0.43586322187500004 0.3531852796875 0.43586322187500004 0.3500602796875 0.4327386015625 0.3484974625 0.4327386015625 0.3469352796875 0.43117553124999997 0.3438102796875 0.43117553124999997 0.3422474625 0.42961322187500006 0.3406852796875 0.42961322187500006 0.3391224625 0.4280509125 0.3375602796875 0.4280509125 0.3359974625 0.42648860156249996 0.3344352796875 0.42648860156249996 0.3328724625 0.42492553125 0.3078724625 0.42492553125 0.3078724625 0.42648860156249996 0.3031852796875 0.43117553124999997 0.3016224625 0.43117553124999997 0.3000602796875 0.4327386015625
37 0.446875 0.71875 0.4453128171875 0.71875 0.44375 0.720312309375 0.44375 0.7218753796875 0.4390628171875 0.726562309375 0.4375 0.726562309375 0.4375 0.7281253796875 0.4359378171875 0.7296876906249999 0.434375 0.7296876906249999 0.4328128171875 0.73125 0.43125 0.73125 0.4296878171875 0.7328123093750001 0.428125 0.7328123093750001 0.4234378171875 0.7375 0.4203128171875 0.7375 0.4140628171875 0.74375 0.4125 0.74375 0.4109378171875 0.745312309375 0.409375 0.745312309375 0.4078128171875 0.7468753796875001 0.4078128171875 0.748437690625 0.40625 0.75 0.40625 0.8093753796875 0.4078128171875 0.8109376906250001 0.409375 0.8109376906250001 0.4125 0.8140623093749999 0.4125 0.820312309375 0.4140628171875 0.8218753796874999 0.4140628171875 0.823437690625 0.4171878171875 0.826562309375 0.4171878171875 0.829687690625 0.41875 0.83125 0.41875 0.8453123093749999 0.425 0.851562309375 0.425 0.8531253796874999 0.4265628171875 0.8531253796874999 0.4296878171875 0.85625 0.43125 0.85625 0.4328128171875 0.857812309375 0.4328128171875 0.8593753796874999 0.4359378171875 0.8593753796874999 0.4375 0.860937690625 0.440625 0.860937690625 0.4421878171875 0.8625 0.44375 0.8625 0.4484378171875 0.867187690625 0.4515628171875 0.867187690625 0.45625 0.8718753796875 0.4578128171875 0.8718753796875 0.459375 0.8734376906250001 0.4609378171875 0.8734376906250001 0.4640628171875 0.8765623093749999 0.4640628171875 0.8781253796874999 0.465625 0.8781253796874999 0.4671878171875 0.8796876906250001 0.46875 0.8796876906250001 0.4703128171875 0.88125 0.475 0.88125 0.4765628171875 0.8796876906250001 0.4796878171875 0.8796876906250001 0.48125 0.8781253796874999 0.484375 0.8781253796874999 0.484375 0.8765623093749999 0.4859378171875 0.875 0.4875 0.875 0.4890628171875 0.8734376906250001 0.490625 0.8734376906250001 0.4921878171875 0.8718753796875 0.4921878171875 0.8703123093749999 0.49375 0.86875 0.4953128171875 0.86875 0.503125 0.860937690625 0.5046878171875 0.860937690625 0.50625 0.8593753796874999 0.5078128171875 0.8593753796874999 0.5109378171875 0.85625 0.5125 0.85625 0.5140628171875 0.854687690625 0.515625 0.854687690625 0.5171878171875 0.8531253796874999 0.51875 0.8531253796874999 0.5234378171875 0.8484376906250001 0.5265628171875 0.8484376906250001 0.5296878171875 0.8453123093749999 0.5296878171875 0.8421876906250001 0.5328128171875 0.8390623093749999 0.5328128171875 0.8375 0.534375 0.835937690625 0.534375 0.76875 0.528125 0.7625 0.5265628171875 0.7625 0.5171878171875 0.7531253796875 0.5171878171875 0.745312309375 0.5125 0.7406253796875 0.5125 0.7390623093750001 0.509375 0.7359376906249999 0.509375 0.7343753796875 0.5078128171875 0.7328123093750001 0.50625 0.7328123093750001 0.5046878171875 0.73125 0.503125 0.73125 0.496875 0.725 0.4953128171875 0.725 0.4921878171875 0.7218753796875 0.4921878171875 0.720312309375 0.490625 0.71875 0.4875 0.71875 0.4859378171875 0.717187690625 0.484375 0.717187690625 0.4796878171875 0.7125 0.4796878171875 0.710937690625 0.478125 0.710937690625 0.475 0.7078123093750001 0.4578128171875 0.7078123093750001 0.4578128171875 0.7093753796875 0.45 0.717187690625 0.4484378171875 0.717187690625 0.446875 0.71875
36 0.6 0.717187690625 0.5984378171875 0.71875 0.596875 0.71875 0.5953128171875 0.720312309375 0.59375 0.720312309375 0.5890628171875 0.725 0.5859378171875 0.725 0.584375 0.726562309375 0.5828128171875 0.726562309375 0.5796878171875 0.7296876906249999 0.578125 0.7296876906249999 0.5765628171875 0.73125 0.575 0.73125 0.5734378171875 0.7328123093750001 0.571875 0.7328123093750001 0.5703128171875 0.7343753796875 0.5703128171875 0.7359376906249999 0.5671878171875 0.7390623093750001 0.5671878171875 0.7406253796875 0.5625 0.745312309375 0.5625 0.751562309375 0.55625 0.757812309375 0.55625 0.7593753796875 0.553125 0.7625 0.5515628171875 0.7625 0.5484378171875 0.7656253796875 0.5484378171875 0.8390623093749999 0.55 0.8406253796875 0.55 0.8421876906250001 0.55625 0.8484376906250001 0.5578128171875 0.8484376906250001 0.5640628171875 0.854687690625 0.5671878171875 0.854687690625 0.571875 0.8593753796874999 0.5734378171875 0.8593753796874999 0.575 0.860937690625 0.5765628171875 0.860937690625 0.5828128171875 0.867187690625 0.584375 0.867187690625 0.5875 0.8703123093749999 0.5875 0.8718753796875 0.5890628171875 0.8734376906250001 0.5921878171875 0.8734376906250001 0.596875 0.8781253796874999 0.5984378171875 0.8781253796874999 0.6 0.8796876906250001 0.6015628171875 0.8796876906250001 0.603125 0.88125 0.6046878171875 0.88125 0.60625 0.882812309375 0.6140628171875 0.882812309375 0.615625 0.88125 0.6171878171875 0.88125 0.61875 0.8796876906250001 0.6203128171875 0.8796876906250001 0.625 0.875 0.6265628171875 0.875 0.6296878171875 0.8718753796875 0.63125 0.8718753796875 0.6375 0.8656253796875 0.6390628171875 0.8656253796875 0.64375 0.860937690625 0.646875 0.860937690625 0.653125 0.854687690625 0.6546878171875 0.854687690625 0.65625 0.8531253796874999 0.6578128171875 0.8531253796874999 0.6609378171875 0.85 0.6625 0.85 0.6640628171875 0.8484376906250001 0.665625 0.8484376906250001 0.671875 0.8421876906250001 0.6734378171875 0.8421876906250001 0.6734378171875 0.8406253796875 0.6765628171875 0.8375 0.6765628171875 0.75625 0.675 0.754687690625 0.675 0.7531253796875 0.671875 0.75 0.6703128171875 0.75 0.6640628171875 0.74375 0.659375 0.74375 0.6578128171875 0.742187690625 0.65625 0.742187690625 0.6546878171875 0.7406253796875 0.6546878171875 0.7390623093750001 0.653125 0.7390623093750001 0.6515628171875 0.7375 0.646875 0.7375 0.640625 0.73125 0.6390628171875 0.73125 0.6328128171875 0.725 0.6296878171875 0.725 0.628125 0.723437690625 0.6265628171875 0.723437690625 0.625 0.7218753796875 0.625 0.720312309375 0.6234378171875 0.720312309375 0.621875 0.71875 0.6203128171875 0.71875 0.615625 0.714062309375 0.6140628171875 0.714062309375 0.6125 0.7125 0.6078128171875 0.7125 0.60625 0.714062309375 0.6046878171875 0.714062309375 0.6015628171875 0.717187690625 0.6 0.717187690625
35 0.24375 0.56875 0.240625 0.5718753796875 0.2390628171875 0.5718753796875 0.2359378171875 0.575 0.234375 0.575 0.2296878171875 0.5796876906249999 0.228125 0.5796876906249999 0.2265628171875 0.58125 0.2234378171875 0.58125 0.221875 0.5828123093750001 0.2203128171875 0.5828123093750001 0.21875 0.5843753796875 0.21875 0.585937690625 0.2171878171875 0.5875 0.215625 0.5875 0.2109378171875 0.592187690625 0.209375 0.592187690625 0.2078128171875 0.59375 0.20625 0.59375 0.203125 0.5968753796875 0.2015628171875 0.5968753796875 0.1984378171875 0.6 0.196875 0.6 0.1953128171875 0.601562309375 0.1953128171875 0.6031253796875 0.19375 0.6046876906249999 0.19375 0.6078123093750001 0.1921878171875 0.6093753796875 0.1921878171875 0.6125 0.190625 0.6140623093750001 0.190625 0.695312309375 0.1984378171875 0.7031253796875 0.2 0.7031253796875 0.2015628171875 0.7046876906249999 0.203125 0.7046876906249999 0.209375 0.710937690625 0.2125 0.710937690625 0.2171878171875 0.7156253796875001 0.21875 0.7156253796875001 0.2203128171875 0.717187690625 0.221875 0.717187690625 0.228125 0.723437690625 0.2296878171875 0.723437690625 0.23125 0.725 0.2328128171875 0.725 0.2375 0.7296876906249999 0.240625 0.7296876906249999 0.24375 0.7328123093750001 0.2453128171875 0.7328123093750001 0.246875 0.7343753796875 0.25 0.7343753796875 0.2515628171875 0.7359376906249999 0.259375 0.7359376906249999 0.2609378171875 0.7343753796875 0.2625 0.7343753796875 0.265625 0.73125 0.2671878171875 0.73125 0.26875 0.7296876906249999 0.2703128171875 0.7296876906249999 0.275 0.725 0.2765628171875 0.725 0.278125 0.723437690625 0.2796878171875 0.723437690625 0.284375 0.71875 0.2859378171875 0.71875 0.2875 0.717187690625 0.2890628171875 0.717187690625 0.2953128171875 0.710937690625 0.3 0.710937690625 0.3015628171875 0.7093753796875 0.303125 0.7093753796875 0.3078128171875 0.7046876906249999 0.309375 0.7046876906249999 0.31875 0.695312309375 0.31875 0.69375 0.321875 0.6906253796875 0.321875 0.6125 0.3203128171875 0.6109376906249999 0.3203128171875 0.6093753796875 0.31875 0.6078123093750001 0.31875 0.60625 0.3171878171875 0.6046876906249999 0.3171878171875 0.6031253796875 0.3140628171875 0.6 0.3125 0.6 0.309375 0.5968753796875 0.3078128171875 0.5968753796875 0.3046878171875 0.59375 0.303125 0.59375 0.3015628171875 0.592187690625 0.3 0.592187690625 0.2984378171875 0.5906253796875001 0.2984378171875 0.589062309375 0.296875 0.589062309375 0.2953128171875 0.5875 0.29375 0.5875 0.2890628171875 0.5828123093750001 0.2875 0.5828123093750001 0.2859378171875 0.58125 0.284375 0.58125 0.278125 0.575 0.2765628171875 0.575 0.2703128171875 0.56875 0.26875 0.56875 0.2671878171875 0.567187690625 0.265625 0.567187690625 0.2640628171875 0.5656253796875 0.2625 0.5656253796875 0.2609378171875 0.564062309375 0.2515628171875 0.564062309375 0.2484378171875 0.567187690625 0.246875 0.567187690625 0.2453128171875 0.56875 0.24375 0.56875
0 0.5890628171875 0.13125 0.584375 0.135937690625 0.5828128171875 0.135937690625 0.58125 0.1375 0.578125 0.1375 0.5765628171875 0.139062309375 0.575 0.139062309375 0.575 0.1406253796875 0.571875 0.14375 0.56875 0.14375 0.5671878171875 0.145312309375 0.565625 0.145312309375 0.5609378171875 0.15 0.559375 0.15 0.553125 0.15625 0.5515628171875 0.15625 0.5515628171875 0.2218753796875 0.55625 0.226562309375 0.55625 0.23437537968750002 0.5578128171875 0.235937690625 0.5578128171875 0.239062309375 0.5609378171875 0.242187690625 0.5609378171875 0.24375 0.5625 0.24531230937499998 0.5625 0.2656253796875 0.5703128171875 0.273437690625 0.571875 0.273437690625 0.5734378171875 0.275 0.575 0.275 0.578125 0.2781253796875 0.5796878171875 0.2781253796875 0.58125 0.279687690625 0.584375 0.279687690625 0.5890628171875 0.28437537968750004 0.590625 0.28437537968750004 0.5921878171875 0.285937690625 0.596875 0.285937690625 0.5984378171875 0.2875 0.6 0.2875 0.603125 0.2906253796875 0.6046878171875 0.2906253796875 0.60625 0.292187690625 0.6171878171875 0.292187690625 0.61875 0.2906253796875 0.6203128171875 0.2906253796875 0.6234378171875 0.2875 0.625 0.2875 0.6265628171875 0.285937690625 0.6296878171875 0.285937690625 0.6328128171875 0.282812309375 0.634375 0.282812309375 0.6359378171875 0.28125 0.6375 0.28125 0.6390628171875 0.279687690625 0.640625 0.279687690625 0.6421878171875 0.2781253796875 0.64375 0.2781253796875 0.646875 0.275 0.6484378171875 0.275 0.65 0.273437690625 0.6546878171875 0.273437690625 0.65625 0.27187537968750003 0.6578128171875 0.27187537968750003 0.6609378171875 0.26875 0.6625 0.26875 0.6640628171875 0.26718769062500003 0.665625 0.26718769062500003 0.6734378171875 0.2593753796875 0.6734378171875 0.25625 0.675 0.254687690625 0.675 0.170312309375 0.6734378171875 0.16875 0.6734378171875 0.1625 0.671875 0.16093769062500002 0.671875 0.15937537968749999 0.665625 0.1531253796875 0.665625 0.15156230937499998 0.6640628171875 0.15156230937499998 0.6625 0.15 0.659375 0.15 0.653125 0.14375 0.65 0.14375 0.6453128171875 0.139062309375 0.64375 0.139062309375 0.6421878171875 0.1375 0.640625 0.1375 0.6390628171875 0.135937690625 0.6375 0.135937690625 0.6359378171875 0.1343753796875 0.6359378171875 0.132812309375 0.634375 0.132812309375 0.6328128171875 0.13125 0.63125 0.13125 0.625 0.125 0.6234378171875 0.125 0.621875 0.12343769062500001 0.6203128171875 0.12343769062500001 0.6171878171875 0.120312309375 0.603125 0.120312309375 0.5984378171875 0.125 0.596875 0.125 0.590625 0.13125 0.5890628171875 0.13125
35 0.1703128171875 0.41875 0.1671878171875 0.4218753796875 0.165625 0.4218753796875 0.1625 0.425 0.1609378171875 0.425 0.159375 0.42656230937500006 0.1578128171875 0.42656230937500006 0.153125 0.43125 0.1515628171875 0.43125 0.146875 0.435937690625 0.1453128171875 0.435937690625 0.14375 0.4375 0.1421878171875 0.4375 0.140625 0.439062309375 0.1390628171875 0.439062309375 0.134375 0.44375 0.1328128171875 0.44375 0.1265628171875 0.45 0.125 0.45 0.12343781718749999 0.451562309375 0.12343781718749999 0.4531253796875 0.121875 0.454687690625 0.121875 0.5531253796875 0.12343781718749999 0.554687690625 0.1265628171875 0.554687690625 0.1328128171875 0.560937690625 0.134375 0.560937690625 0.1390628171875 0.5656253796875 0.140625 0.5656253796875 0.1421878171875 0.567187690625 0.1453128171875 0.567187690625 0.1515628171875 0.5734376906249999 0.153125 0.5734376906249999 0.1578128171875 0.5781253796875 0.159375 0.5781253796875 0.1609378171875 0.5796876906249999 0.1625 0.5796876906249999 0.1640628171875 0.58125 0.165625 0.58125 0.1703128171875 0.585937690625 0.171875 0.585937690625 0.1734378171875 0.5875 0.175 0.5875 0.178125 0.5906253796875001 0.1875 0.5906253796875001 0.1890628171875 0.589062309375 0.190625 0.589062309375 0.19375 0.585937690625 0.1953128171875 0.585937690625 0.196875 0.5843753796875 0.1984378171875 0.5843753796875 0.203125 0.5796876906249999 0.2046878171875 0.5796876906249999 0.20625 0.5781253796875 0.2078128171875 0.5781253796875 0.2109378171875 0.575 0.2125 0.575 0.2140628171875 0.5734376906249999 0.215625 0.5734376906249999 0.2203128171875 0.56875 0.221875 0.56875 0.2234378171875 0.567187690625 0.228125 0.567187690625 0.234375 0.560937690625 0.2375 0.560937690625 0.2390628171875 0.5593753796875001 0.240625 0.5593753796875001 0.246875 0.5531253796875 0.246875 0.5515623093750001 0.2484378171875 0.55 0.2484378171875 0.532812309375 0.25 0.53125 0.25 0.4656253796875 0.2484378171875 0.46406230937500004 0.2484378171875 0.45937537968750003 0.2453128171875 0.45625 0.24375 0.45625 0.2421878171875 0.454687690625 0.240625 0.454687690625 0.2359378171875 0.45 0.234375 0.45 0.2328128171875 0.44843769062499994 0.23125 0.44843769062499994 0.228125 0.44531230937500005 0.2265628171875 0.44531230937500005 0.2203128171875 0.439062309375 0.21875 0.439062309375 0.2171878171875 0.4375 0.215625 0.4375 0.2046878171875 0.42656230937500006 0.2046878171875 0.425 0.203125 0.423437690625 0.2015628171875 0.423437690625 0.2 0.4218753796875 0.2 0.420312309375 0.196875 0.41718769062499994 0.1953128171875 0.41718769062499994 0.1921878171875 0.41406230937500005 0.178125 0.41406230937500005 0.175 0.41718769062499994 0.1734378171875 0.41718769062499994 0.171875 0.41875 0.1703128171875 0.41875
17 0.5265628171875 0.279687690625 0.525 0.28125 0.5234378171875 0.28125 0.521875 0.282812309375 0.5203128171875 0.282812309375 0.51875 0.28437537968750004 0.5171878171875 0.28437537968750004 0.515625 0.285937690625 0.5140628171875 0.285937690625 0.5125 0.2875 0.5109378171875 0.2875 0.509375 0.289062309375 0.5078128171875 0.289062309375 0.503125 0.29375 0.5015628171875 0.29375 0.5 0.29531230937499997 0.4984378171875 0.29531230937499997 0.4953128171875 0.29843769062500003 0.49375 0.29843769062500003 0.4921878171875 0.3 0.490625 0.3 0.4890628171875 0.301562309375 0.4875 0.301562309375 0.4796878171875 0.3093753796875 0.4796878171875 0.310937690625 0.478125 0.3125 0.4765628171875 0.3125 0.4765628171875 0.314062309375 0.475 0.31562537968750004 0.475 0.40156230937500004 0.478125 0.404687690625 0.4796878171875 0.404687690625 0.4859378171875 0.41093769062499996 0.4890628171875 0.41093769062499996 0.4953128171875 0.41718769062499994 0.5 0.41718769062499994 0.5015628171875 0.41875 0.503125 0.41875 0.5078128171875 0.423437690625 0.509375 0.423437690625 0.5109378171875 0.425 0.5125 0.425 0.5171878171875 0.42968769062499995 0.51875 0.42968769062499995 0.5203128171875 0.43125 0.521875 0.43125 0.5265628171875 0.435937690625 0.5296878171875 0.435937690625 0.53125 0.4375 0.5328128171875 0.4375 0.534375 0.439062309375 0.5375 0.439062309375 0.5390628171875 0.44062537968750004 0.540625 0.44062537968750004 0.5421878171875 0.439062309375 0.54375 0.439062309375 0.5453128171875 0.4375 0.5484378171875 0.4375 0.55 0.435937690625 0.553125 0.435937690625 0.5578128171875 0.43125 0.559375 0.43125 0.5609378171875 0.42968769062499995 0.5625 0.42968769062499995 0.5640628171875 0.42812537968750003 0.565625 0.42812537968750003 0.5703128171875 0.423437690625 0.571875 0.423437690625 0.5734378171875 0.4218753796875 0.575 0.4218753796875 0.578125 0.41875 0.5796878171875 0.41875 0.58125 0.41718769062499994 0.584375 0.41718769062499994 0.5859378171875 0.4156253796875 0.5875 0.4156253796875 0.590625 0.4125 0.5921878171875 0.4125 0.59375 0.41093769062499996 0.5953128171875 0.41093769062499996 0.603125 0.4031253796875 0.603125 0.40156230937500004 0.6046878171875 0.4 0.6046878171875 0.310937690625 0.603125 0.3093753796875 0.603125 0.307812309375 0.6015628171875 0.30625 0.6 0.30625 0.59375 0.3 0.5921878171875 0.3 0.590625 0.29843769062500003 0.5890628171875 0.29843769062500003 0.584375 0.29375 0.5796878171875 0.29375 0.5734378171875 0.2875 0.571875 0.2875 0.5703128171875 0.285937690625 0.56875 0.285937690625 0.565625 0.282812309375 0.5609378171875 0.282812309375 0.559375 0.28125 0.5453128171875 0.28125 0.54375 0.279687690625 0.5421878171875 0.279687690625 0.540625 0.2781253796875 0.5375 0.2781253796875 0.5359378171875 0.276562309375 0.5328128171875 0.276562309375 0.53125 0.2781253796875 0.5296878171875 0.2781253796875 0.528125 0.279687690625 0.5265628171875 0.279687690625
36 0.646875 0.5875 0.64375 0.5906253796875001 0.6421878171875 0.5906253796875001 0.640625 0.592187690625 0.6375 0.592187690625 0.6359378171875 0.59375 0.6328128171875 0.59375 0.6296878171875 0.5968753796875 0.628125 0.5968753796875 0.6265628171875 0.598437690625 0.625 0.598437690625 0.6234378171875 0.6 0.621875 0.6 0.61875 0.6031253796875 0.61875 0.6046876906249999 0.6140628171875 0.6093753796875 0.6140628171875 0.6906253796875 0.615625 0.6906253796875 0.6171878171875 0.692187690625 0.6203128171875 0.692187690625 0.625 0.6968753796875 0.6265628171875 0.6968753796875 0.628125 0.6984376906249999 0.6296878171875 0.6984376906249999 0.634375 0.7031253796875 0.6359378171875 0.7031253796875 0.6375 0.7046876906249999 0.640625 0.7046876906249999 0.646875 0.710937690625 0.6515628171875 0.710937690625 0.653125 0.7125 0.6546878171875 0.7125 0.6578128171875 0.7156253796875001 0.659375 0.7156253796875001 0.6609378171875 0.717187690625 0.665625 0.717187690625 0.6703128171875 0.7218753796875 0.671875 0.7218753796875 0.675 0.725 0.6765628171875 0.725 0.68125 0.7296876906249999 0.6921878171875 0.7296876906249999 0.69375 0.7281253796875 0.696875 0.7281253796875 0.7015628171875 0.723437690625 0.703125 0.723437690625 0.709375 0.717187690625 0.7109378171875 0.717187690625 0.7125 0.7156253796875001 0.7140628171875 0.7156253796875001 0.7171878171875 0.7125 0.71875 0.7125 0.7203128171875 0.710937690625 0.721875 0.710937690625 0.7234378171875 0.7093753796875 0.725 0.7093753796875 0.728125 0.70625 0.7296878171875 0.70625 0.73125 0.7046876906249999 0.7328128171875 0.7046876906249999 0.7390628171875 0.6984376906249999 0.740625 0.6984376906249999 0.746875 0.692187690625 0.746875 0.6906253796875 0.7484378171875 0.689062309375 0.7484378171875 0.6156253796875 0.746875 0.6140623093750001 0.746875 0.6093753796875 0.7390628171875 0.601562309375 0.7375 0.601562309375 0.7359378171875 0.6 0.734375 0.6 0.7328128171875 0.598437690625 0.73125 0.598437690625 0.728125 0.595312309375 0.7265628171875 0.595312309375 0.725 0.59375 0.715625 0.59375 0.7140628171875 0.592187690625 0.7109378171875 0.592187690625 0.709375 0.5906253796875001 0.70625 0.5906253796875001 0.7046878171875 0.592187690625 0.6984378171875 0.592187690625 0.696875 0.5906253796875001 0.690625 0.5906253796875001 0.684375 0.5843753796875 0.6796878171875 0.5843753796875 0.678125 0.585937690625 0.675 0.585937690625 0.6734378171875 0.5875 0.6703128171875 0.5875 0.66875 0.585937690625 0.6671878171875 0.585937690625 0.6640628171875 0.5828123093750001 0.65625 0.5828123093750001 0.6546878171875 0.5843753796875 0.6515628171875 0.5843753796875 0.6484378171875 0.5875 0.646875 0.5875
0 0.7296878171875 0.425 0.7296878171875 0.42656230937500006 0.725 0.43125 0.721875 0.43125 0.709375 0.44375 0.70625 0.44375 0.7015628171875 0.44843769062499994 0.7 0.44843769062499994 0.6984378171875 0.45 0.696875 0.45 0.69375 0.4531253796875 0.69375 0.51875 0.6953128171875 0.5203123093750001 0.6953128171875 0.5218753796875 0.7 0.526562309375 0.7 0.532812309375 0.7015628171875 0.5343753796875 0.7015628171875 0.5406253796875 0.7046878171875 0.54375 0.7046878171875 0.5468753796875 0.70625 0.5484376906249999 0.70625 0.554687690625 0.7078128171875 0.55625 0.7078128171875 0.557812309375 0.7125 0.5625 0.7125 0.564062309375 0.715625 0.567187690625 0.7171878171875 0.567187690625 0.7203128171875 0.570312309375 0.721875 0.570312309375 0.725 0.5734376906249999 0.7265628171875 0.5734376906249999 0.728125 0.575 0.7296878171875 0.575 0.734375 0.5796876906249999 0.7359378171875 0.5796876906249999 0.7375 0.58125 0.7390628171875 0.58125 0.7421878171875 0.5843753796875 0.74375 0.5843753796875 0.7453128171875 0.585937690625 0.7484378171875 0.585937690625 0.75 0.5875 0.759375 0.5875 0.7609378171875 0.585937690625 0.7640628171875 0.585937690625 0.76875 0.58125 0.7703128171875 0.58125 0.771875 0.5796876906249999 0.7734378171875 0.5796876906249999 0.775 0.5781253796875 0.7765628171875 0.5781253796875 0.78125 0.5734376906249999 0.784375 0.5734376906249999 0.7859378171875 0.5718753796875 0.7859378171875 0.570312309375 0.7890628171875 0.567187690625 0.7921878171875 0.567187690625 0.796875 0.5625 0.7984378171875 0.5625 0.8 0.560937690625 0.803125 0.560937690625 0.8046878171875 0.5593753796875001 0.8046878171875 0.557812309375 0.80625 0.55625 0.8078128171875001 0.55625 0.809375 0.554687690625 0.8109378171875001 0.554687690625 0.8171878171875001 0.5484376906249999 0.8171878171875001 0.4656253796875 0.815625 0.46406230937500004 0.815625 0.45937537968750003 0.8109378171875001 0.454687690625 0.8109378171875001 0.4531253796875 0.8078128171875001 0.45 0.80625 0.45 0.8015628171875001 0.44531230937500005 0.8 0.44531230937500005 0.7984378171875 0.44375 0.796875 0.44375 0.790625 0.4375 0.7890628171875 0.4375 0.784375 0.43281230937500004 0.7828128171875 0.43281230937500004 0.78125 0.43125 0.7796878171875 0.43125 0.7734378171875 0.425 0.771875 0.425 0.7703128171875 0.423437690625 0.76875 0.423437690625 0.7671878171875 0.4218753796875 0.7671878171875 0.420312309375 0.765625 0.420312309375 0.7640628171875 0.41875 0.7625 0.41875 0.7609378171875 0.41718769062499994 0.7421878171875 0.41718769062499994 0.740625 0.41875 0.734375 0.41875 0.734375 0.420312309375 0.7296878171875 0.425
37 0.51875 0.58125 0.5171878171875 0.58125 0.515625 0.5828123093750001 0.5078128171875 0.5828123093750001 0.503125 0.5875 0.5015628171875 0.5875 0.4984378171875 0.5906253796875001 0.496875 0.5906253796875001 0.4953128171875 0.592187690625 0.49375 0.592187690625 0.4921878171875 0.59375 0.4890628171875 0.59375 0.4875 0.595312309375 0.4859378171875 0.595312309375 0.4765628171875 0.6046876906249999 0.4765628171875 0.6984376906249999 0.478125 0.6984376906249999 0.48125 0.7015623093750001 0.48125 0.7031253796875 0.4828128171875 0.7031253796875 0.484375 0.7046876906249999 0.4859378171875 0.7046876906249999 0.4890628171875 0.7078123093750001 0.490625 0.7078123093750001 0.4921878171875 0.7093753796875 0.49375 0.7093753796875 0.4953128171875 0.710937690625 0.496875 0.710937690625 0.4984378171875 0.7125 0.5 0.7125 0.503125 0.7156253796875001 0.5046878171875 0.7156253796875001 0.50625 0.717187690625 0.521875 0.717187690625 0.528125 0.710937690625 0.55625 0.710937690625 0.5578128171875 0.7125 0.565625 0.7125 0.5671878171875 0.710937690625 0.575 0.710937690625 0.5765628171875 0.7093753796875 0.578125 0.7093753796875 0.5828128171875 0.7046876906249999 0.5890628171875 0.7046876906249999 0.5953128171875 0.6984376906249999 0.5984378171875 0.6984376906249999 0.6 0.6968753796875 0.603125 0.6968753796875 0.603125 0.695312309375 0.6046878171875 0.69375 0.6046878171875 0.692187690625 0.60625 0.6906253796875 0.60625 0.679687690625 0.6046878171875 0.6781253796875 0.6046878171875 0.6078123093750001 0.5984378171875 0.601562309375 0.596875 0.601562309375 0.5953128171875 0.6 0.5921878171875 0.6 0.590625 0.598437690625 0.5890628171875 0.598437690625 0.5875 0.5968753796875 0.5859378171875 0.5968753796875 0.584375 0.595312309375 0.5828128171875 0.595312309375 0.58125 0.59375 0.578125 0.59375 0.571875 0.5875 0.5703128171875 0.5875 0.56875 0.585937690625 0.5671878171875 0.585937690625 0.565625 0.5843753796875 0.565625 0.5828123093750001 0.5515628171875 0.5828123093750001 0.55 0.58125 0.546875 0.58125 0.5453128171875 0.5796876906249999 0.54375 0.5796876906249999 0.5390628171875 0.575 0.534375 0.575 0.53125 0.5718753796875 0.525 0.5718753796875 0.525 0.5734376906249999 0.521875 0.5765623093750001 0.521875 0.5781253796875 0.51875 0.58125
0 0.315625 0.720312309375 0.3046878171875 0.73125 0.3015628171875 0.73125 0.3 0.7328123093750001 0.2984378171875 0.7328123093750001 0.29375 0.7375 0.2921878171875 0.7375 0.290625 0.7390623093750001 0.2890628171875 0.7390623093750001 0.2875 0.7406253796875 0.2859378171875 0.7406253796875 0.284375 0.742187690625 0.2828128171875 0.742187690625 0.28125 0.74375 0.2796878171875 0.74375 0.278125 0.745312309375 0.2765628171875 0.745312309375 0.2734378171875 0.748437690625 0.271875 0.748437690625 0.2671878171875 0.7531253796875 0.2671878171875 0.754687690625 0.265625 0.75625 0.265625 0.757812309375 0.2640628171875 0.7593753796875 0.2640628171875 0.84375 0.26875 0.8484376906250001 0.271875 0.8484376906250001 0.278125 0.854687690625 0.28125 0.854687690625 0.2859378171875 0.8593753796874999 0.2875 0.8593753796874999 0.2890628171875 0.860937690625 0.290625 0.860937690625 0.2953128171875 0.8656253796875 0.296875 0.8656253796875 0.2984378171875 0.867187690625 0.3015628171875 0.867187690625 0.3078128171875 0.8734376906250001 0.309375 0.8734376906250001 0.315625 0.8796876906250001 0.3171878171875 0.8796876906250001 0.321875 0.8843753796874999 0.3296878171875 0.8843753796874999 0.3328128171875 0.88125 0.334375 0.88125 0.3359378171875 0.8796876906250001 0.3375 0.8796876906250001 0.3390628171875 0.8781253796874999 0.340625 0.8781253796874999 0.3453128171875 0.8734376906250001 0.346875 0.8734376906250001 0.3515628171875 0.86875 0.353125 0.86875 0.3546878171875 0.867187690625 0.35625 0.867187690625 0.3578128171875 0.8656253796875 0.359375 0.8656253796875 0.3640628171875 0.860937690625 0.3671878171875 0.860937690625 0.371875 0.85625 0.371875 0.854687690625 0.3734378171875 0.8531253796874999 0.3734378171875 0.83125 0.375 0.829687690625 0.375 0.826562309375 0.378125 0.823437690625 0.378125 0.8218753796874999 0.3796878171875 0.820312309375 0.3796878171875 0.8156253796874999 0.3859378171875 0.8093753796875 0.3859378171875 0.8078123093749999 0.3890628171875 0.804687690625 0.3890628171875 0.76875 0.3875 0.7671876906249999 0.3875 0.757812309375 0.3859378171875 0.75625 0.3859378171875 0.751562309375 0.3828128171875 0.748437690625 0.38125 0.748437690625 0.3796878171875 0.7468753796875001 0.3796878171875 0.745312309375 0.378125 0.745312309375 0.3765628171875 0.74375 0.375 0.74375 0.3734378171875 0.742187690625 0.371875 0.742187690625 0.3703128171875 0.7406253796875 0.36875 0.7406253796875 0.3671878171875 0.7390623093750001 0.3640628171875 0.7390623093750001 0.3625 0.7375 0.3578128171875 0.7375 0.35625 0.7359376906249999 0.353125 0.7359376906249999 0.35 0.7328123093750001 0.35 0.73125 0.3484378171875 0.7296876906249999 0.3484378171875 0.7281253796875 0.3390628171875 0.71875 0.3375 0.71875 0.3328128171875 0.714062309375 0.325 0.714062309375 0.321875 0.717187690625 0.3203128171875 0.717187690625 0.3171878171875 0.720312309375 0.315625 0.720312309375
17 0.446875 0.13125 0.440625 0.1375 0.4375 0.1375 0.434375 0.1406253796875 0.4328128171875 0.1406253796875 0.4296878171875 0.14375 0.428125 0.14375 0.4265628171875 0.145312309375 0.425 0.145312309375 0.4140628171875 0.15625 0.4125 0.15625 0.4125 0.157812309375 0.4078128171875 0.1625 0.4078128171875 0.22343769062500002 0.409375 0.22343769062500002 0.4109378171875 0.225 0.4109378171875 0.226562309375 0.4125 0.22812537968750002 0.4125 0.23437537968750002 0.4140628171875 0.235937690625 0.4140628171875 0.24062537968750003 0.4171878171875 0.24375 0.4171878171875 0.2468753796875 0.41875 0.248437690625 0.41875 0.260937690625 0.4203128171875 0.2625 0.4203128171875 0.2656253796875 0.421875 0.26718769062500003 0.4234378171875 0.26718769062500003 0.4265628171875 0.270312309375 0.4265628171875 0.27187537968750003 0.428125 0.27187537968750003 0.4296878171875 0.273437690625 0.4328128171875 0.273437690625 0.434375 0.275 0.4359378171875 0.275 0.4375 0.276562309375 0.4375 0.2781253796875 0.4390628171875 0.279687690625 0.4421878171875 0.279687690625 0.44375 0.28125 0.4453128171875 0.28125 0.45 0.285937690625 0.453125 0.285937690625 0.4546878171875 0.2875 0.45625 0.2875 0.459375 0.2906253796875 0.4625 0.2906253796875 0.4640628171875 0.292187690625 0.4734378171875 0.292187690625 0.475 0.2906253796875 0.478125 0.2906253796875 0.48125 0.2875 0.4828128171875 0.2875 0.484375 0.285937690625 0.4890628171875 0.285937690625 0.490625 0.28437537968750004 0.4921878171875 0.28437537968750004 0.4953128171875 0.28125 0.496875 0.28125 0.4984378171875 0.279687690625 0.5015628171875 0.279687690625 0.503125 0.2781253796875 0.5046878171875 0.2781253796875 0.5046878171875 0.276562309375 0.50625 0.275 0.5078128171875 0.275 0.509375 0.273437690625 0.5125 0.273437690625 0.5140628171875 0.27187537968750003 0.515625 0.27187537968750003 0.515625 0.270312309375 0.5171878171875 0.26875 0.5171878171875 0.25 0.51875 0.248437690625 0.51875 0.24375 0.5203128171875 0.242187690625 0.5203128171875 0.24062537968750003 0.521875 0.239062309375 0.521875 0.235937690625 0.5234378171875 0.23437537968750002 0.5234378171875 0.226562309375 0.5265628171875 0.22343769062500002 0.528125 0.22343769062500002 0.5296878171875 0.2218753796875 0.5296878171875 0.164062309375 0.521875 0.15625 0.5203128171875 0.15625 0.51875 0.154687690625 0.5171878171875 0.154687690625 0.5140628171875 0.15156230937499998 0.5109378171875 0.15156230937499998 0.509375 0.15 0.5078128171875 0.15 0.5015628171875 0.14375 0.4984378171875 0.14375 0.4953128171875 0.1406253796875 0.49375 0.1406253796875 0.490625 0.1375 0.4890628171875 0.1375 0.484375 0.132812309375 0.4828128171875 0.132812309375 0.48125 0.13125 0.4703128171875 0.13125 0.46875 0.12968769062500002 0.465625 0.12968769062500002 0.4640628171875 0.12812537968749999 0.4578128171875 0.12812537968749999 0.45625 0.12968769062500002 0.4515628171875 0.12968769062500002 0.45 0.13125 0.446875 0.13125
34 0.4578128171875 0.075 0.45625 0.076562309375 0.45625 0.0781253796875 0.453125 0.08125 0.4515628171875 0.08125 0.45 0.082812309375 0.45 0.092187690625 0.4484378171875 0.09375 0.4484378171875 0.11875 0.45 0.120312309375 0.45 0.1218753796875 0.4515628171875 0.12343769062500001 0.4625 0.12343769062500001 0.4640628171875 0.125 0.4671878171875 0.125 0.46875 0.12343769062500001 0.4703128171875 0.12343769062500001 0.471875 0.125 0.475 0.125 0.4765628171875 0.126562309375 0.478125 0.125 0.4796878171875 0.125 0.48125 0.12343769062500001 0.484375 0.12343769062500001 0.4859378171875 0.1218753796875 0.4859378171875 0.120312309375 0.490625 0.1156253796875 0.490625 0.09843769062499999 0.4875 0.095312309375 0.4875 0.09375 0.4859378171875 0.092187690625 0.4859378171875 0.082812309375 0.484375 0.08125 0.4828128171875 0.08125 0.4796878171875 0.0781253796875 0.4796878171875 0.076562309375 0.478125 0.075 0.4765628171875 0.075 0.4734378171875 0.07187537968749999 0.4734378171875 0.070312309375 0.471875 0.06875 0.4640628171875 0.06875 0.4625 0.070312309375 0.4625 0.07187537968749999 0.459375 0.075 0.4578128171875 0.075
36 0.303125 0.132812309375 0.3 0.135937690625 0.2984378171875 0.135937690625 0.296875 0.1375 0.2953128171875 0.1375 0.29375 0.139062309375 0.2921878171875 0.139062309375 0.2875 0.14375 0.284375 0.14375 0.278125 0.15 0.2765628171875 0.15 0.2703128171875 0.15625 0.26875 0.15625 0.265625 0.15937537968749999 0.265625 0.22343769062500002 0.26875 0.226562309375 0.26875 0.22812537968750002 0.271875 0.23125 0.271875 0.232812309375 0.2734378171875 0.23437537968750002 0.2734378171875 0.235937690625 0.275 0.2375 0.275 0.25312537968750004 0.2765628171875 0.254687690625 0.2765628171875 0.257812309375 0.278125 0.2593753796875 0.278125 0.260937690625 0.28125 0.26406230937499997 0.28125 0.2656253796875 0.2890628171875 0.273437690625 0.290625 0.273437690625 0.2921878171875 0.275 0.29375 0.275 0.296875 0.2781253796875 0.2984378171875 0.2781253796875 0.3 0.279687690625 0.303125 0.279687690625 0.3046878171875 0.28125 0.30625 0.28125 0.309375 0.28437537968750004 0.3109378171875 0.28437537968750004 0.3125 0.285937690625 0.315625 0.285937690625 0.3171878171875 0.2875 0.31875 0.2875 0.321875 0.2906253796875 0.3328128171875 0.2906253796875 0.3359378171875 0.2875 0.3375 0.2875 0.3390628171875 0.285937690625 0.340625 0.285937690625 0.3421878171875 0.28437537968750004 0.34375 0.28437537968750004 0.346875 0.28125 0.3484378171875 0.28125 0.35 0.279687690625 0.353125 0.279687690625 0.3546878171875 0.2781253796875 0.3546878171875 0.276562309375 0.3578128171875 0.273437690625 0.3609378171875 0.273437690625 0.3625 0.27187537968750003 0.3640628171875 0.27187537968750003 0.3671878171875 0.26875 0.36875 0.26875 0.3734378171875 0.26406230937499997 0.3734378171875 0.24531230937499998 0.3765628171875 0.242187690625 0.3765628171875 0.24062537968750003 0.378125 0.239062309375 0.378125 0.2375 0.3796878171875 0.235937690625 0.3796878171875 0.23125 0.38125 0.229687690625 0.38125 0.22812537968750002 0.3859378171875 0.22343769062500002 0.3859378171875 0.2218753796875 0.3875 0.220312309375 0.3875 0.21875 0.3890628171875 0.217187690625 0.3890628171875 0.176562309375 0.3875 0.175 0.3875 0.173437690625 0.3859378171875 0.1718753796875 0.3859378171875 0.1625 0.384375 0.16093769062500002 0.384375 0.15937537968749999 0.3828128171875 0.157812309375 0.38125 0.157812309375 0.3796878171875 0.15625 0.378125 0.15625 0.3765628171875 0.154687690625 0.3734378171875 0.154687690625 0.3703128171875 0.15156230937499998 0.36875 0.15156230937499998 0.3671878171875 0.15 0.365625 0.15 0.3640628171875 0.148437690625 0.3625 0.148437690625 0.3609378171875 0.1468753796875 0.3609378171875 0.145312309375 0.359375 0.145312309375 0.3578128171875 0.14375 0.3546878171875 0.14375 0.353125 0.142187690625 0.3515628171875 0.142187690625 0.346875 0.1375 0.34375 0.1375 0.3421878171875 0.135937690625 0.340625 0.135937690625 0.3375 0.132812309375 0.3359378171875 0.132812309375 0.334375 0.13125 0.33125 0.13125 0.3296878171875 0.12968769062500002 0.3140628171875 0.12968769062500002 0.3125 0.13125 0.30625 0.13125 0.3046878171875 0.132812309375 0.303125 0.132812309375
35 0.459375 0.42968769062499995 0.4578128171875 0.43125 0.45625 0.43125 0.4546878171875 0.43281230937500004 0.453125 0.43281230937500004 0.4515628171875 0.4343753796875 0.45 0.4343753796875 0.4484378171875 0.435937690625 0.4484378171875 0.4375 0.4421878171875 0.44375 0.440625 0.44375 0.4375 0.4468753796875 0.4359378171875 0.4468753796875 0.434375 0.44843769062499994 0.428125 0.44843769062499994 0.4265628171875 0.45 0.4203128171875 0.45 0.41875 0.451562309375 0.415625 0.451562309375 0.409375 0.45781230937500006 0.409375 0.5531253796875 0.4125 0.55625 0.4140628171875 0.55625 0.41875 0.560937690625 0.4203128171875 0.560937690625 0.421875 0.5625 0.4234378171875 0.5625 0.428125 0.567187690625 0.43125 0.567187690625 0.4328128171875 0.56875 0.434375 0.56875 0.4390628171875 0.5734376906249999 0.440625 0.5734376906249999 0.4453128171875 0.5781253796875 0.446875 0.5781253796875 0.4484378171875 0.5796876906249999 0.45 0.5796876906249999 0.4515628171875 0.58125 0.453125 0.58125 0.45625 0.5843753796875 0.4578128171875 0.5843753796875 0.459375 0.585937690625 0.46875 0.585937690625 0.4703128171875 0.5875 0.471875 0.585937690625 0.478125 0.585937690625 0.484375 0.5796876906249999 0.4875 0.5796876906249999 0.4890628171875 0.5781253796875 0.490625 0.5781253796875 0.4953128171875 0.5734376906249999 0.4984378171875 0.5734376906249999 0.5 0.5718753796875 0.5015628171875 0.5718753796875 0.5046878171875 0.56875 0.5078128171875 0.56875 0.509375 0.567187690625 0.5109378171875 0.567187690625 0.515625 0.5625 0.515625 0.5593753796875001 0.5171878171875 0.557812309375 0.5171878171875 0.539062309375 0.51875 0.5375 0.51875 0.5343753796875 0.521875 0.53125 0.521875 0.529687690625 0.5234378171875 0.5281253796875001 0.5234378171875 0.526562309375 0.5296878171875 0.5203123093750001 0.5296878171875 0.5156253796875 0.534375 0.5109376906249999 0.534375 0.4625 0.5265628171875 0.454687690625 0.525 0.454687690625 0.5234378171875 0.4531253796875 0.5234378171875 0.451562309375 0.521875 0.451562309375 0.5203128171875 0.45 0.5171878171875 0.45 0.515625 0.44843769062499994 0.5140628171875 0.44843769062499994 0.5109378171875 0.44531230937500005 0.509375 0.44531230937500005 0.5078128171875 0.44375 0.5015628171875 0.44375 0.496875 0.439062309375 0.4953128171875 0.439062309375 0.49375 0.4375 0.4921878171875 0.4375 0.4875 0.43281230937500004 0.4859378171875 0.43281230937500004 0.4828128171875 0.42968769062499995 0.48125 0.42968769062499995 0.478125 0.42656230937500006 0.465625 0.42656230937500006 0.4640628171875 0.42812537968750003 0.4625 0.42812537968750003 0.4609378171875 0.42968769062499995 0.459375 0.42968769062499995
17 0.365625 0.2875 0.359375 0.29375 0.3578128171875 0.29375 0.35625 0.29531230937499997 0.3546878171875 0.29531230937499997 0.3515628171875 0.29843769062500003 0.35 0.29843769062500003 0.3484378171875 0.3 0.346875 0.3 0.340625 0.30625 0.3390628171875 0.30625 0.3375 0.307812309375 0.3375 0.3093753796875 0.334375 0.3125 0.334375 0.367187690625 0.3359378171875 0.36875 0.3359378171875 0.370312309375 0.3421878171875 0.376562309375 0.3421878171875 0.37812537968750004 0.34375 0.379687690625 0.34375 0.3843753796875 0.3453128171875 0.385937690625 0.3453128171875 0.3906253796875 0.3484378171875 0.39375 0.3484378171875 0.395312309375 0.35 0.39687537968750003 0.35 0.404687690625 0.3515628171875 0.40625 0.3515628171875 0.407812309375 0.359375 0.4156253796875 0.3609378171875 0.4156253796875 0.3625 0.41718769062499994 0.365625 0.41718769062499994 0.3671878171875 0.41875 0.36875 0.41875 0.371875 0.4218753796875 0.3734378171875 0.4218753796875 0.375 0.423437690625 0.3765628171875 0.423437690625 0.378125 0.425 0.3796878171875 0.425 0.38125 0.42656230937500006 0.38125 0.42812537968750003 0.3828128171875 0.42812537968750003 0.384375 0.42968769062499995 0.3859378171875 0.42968769062499995 0.390625 0.4343753796875 0.3921878171875 0.4343753796875 0.39375 0.435937690625 0.409375 0.435937690625 0.4109378171875 0.4343753796875 0.4125 0.4343753796875 0.415625 0.43125 0.4171878171875 0.43125 0.41875 0.42968769062499995 0.4203128171875 0.42968769062499995 0.425 0.425 0.4265628171875 0.425 0.428125 0.423437690625 0.4296878171875 0.423437690625 0.43125 0.4218753796875 0.4328128171875 0.4218753796875 0.4359378171875 0.41875 0.4375 0.41875 0.4390628171875 0.41718769062499994 0.440625 0.41718769062499994 0.4421878171875 0.4156253796875 0.44375 0.4156253796875 0.446875 0.4125 0.4484378171875 0.4125 0.45 0.41093769062499996 0.4515628171875 0.41093769062499996 0.4578128171875 0.404687690625 0.459375 0.404687690625 0.459375 0.4031253796875 0.4609378171875 0.40156230937500004 0.4609378171875 0.4 0.4625 0.398437690625 0.4625 0.325 0.4609378171875 0.323437690625 0.4609378171875 0.3125 0.459375 0.310937690625 0.459375 0.3093753796875 0.45625 0.30625 0.4546878171875 0.30625 0.45 0.301562309375 0.4484378171875 0.301562309375 0.4453128171875 0.29843769062500003 0.44375 0.29843769062500003 0.4421878171875 0.2968753796875 0.4421878171875 0.29531230937499997 0.440625 0.29531230937499997 0.4375 0.292187690625 0.4359378171875 0.292187690625 0.434375 0.2906253796875 0.434375 0.289062309375 0.4328128171875 0.289062309375 0.428125 0.28437537968750004 0.4265628171875 0.28437537968750004 0.4234378171875 0.28125 0.4203128171875 0.28125 0.4171878171875 0.2781253796875 0.415625 0.2781253796875 0.4140628171875 0.276562309375 0.38125 0.276562309375 0.3765628171875 0.28125 0.3734378171875 0.28125 0.3671878171875 0.2875 0.365625 0.2875
34 0.525 0.226562309375 0.525 0.22812537968750002 0.5203128171875 0.232812309375 0.5203128171875 0.2656253796875 0.521875 0.26718769062500003 0.5234378171875 0.26718769062500003 0.5265628171875 0.270312309375 0.5265628171875 0.27187537968750003 0.5296878171875 0.27187537968750003 0.53125 0.273437690625 0.553125 0.273437690625 0.5546878171875 0.27187537968750003 0.5546878171875 0.270312309375 0.5578128171875 0.26718769062500003 0.559375 0.26718769062500003 0.5609378171875 0.2656253796875 0.5609378171875 0.239062309375 0.559375 0.2375 0.559375 0.23437537968750002 0.55625 0.23125 0.55625 0.229687690625 0.5546878171875 0.22812537968750002 0.5546878171875 0.226562309375 0.553125 0.225 0.5515628171875 0.225 0.5484378171875 0.2218753796875 0.5484378171875 0.21875 0.53125 0.21875 0.53125 0.2218753796875 0.5296878171875 0.22343769062500002 0.528125 0.22343769062500002 0.525 0.226562309375
36 0.5984378171875 0.420312309375 0.596875 0.4218753796875 0.596875 0.423437690625 0.59375 0.42656230937500006 0.59375 0.42812537968750003 0.5921878171875 0.42968769062499995 0.590625 0.42968769062499995 0.5890628171875 0.43125 0.5875 0.43125 0.5859378171875 0.43281230937500004 0.584375 0.43281230937500004 0.578125 0.439062309375 0.5765628171875 0.439062309375 0.5765628171875 0.44062537968750004 0.575 0.44218769062499996 0.5734378171875 0.44218769062499996 0.571875 0.44375 0.5703128171875 0.44375 0.565625 0.44843769062499994 0.5640628171875 0.44843769062499994 0.5625 0.45 0.559375 0.45 0.553125 0.45625 0.5515628171875 0.45625 0.5453128171875 0.4625 0.5453128171875 0.5109376906249999 0.546875 0.5109376906249999 0.5484378171875 0.5125 0.5484378171875 0.5140623093750001 0.55 0.5156253796875 0.55 0.5171876906249999 0.5546878171875 0.5218753796875 0.5546878171875 0.523437690625 0.55625 0.525 0.55625 0.526562309375 0.5578128171875 0.5281253796875001 0.5578128171875 0.529687690625 0.5609378171875 0.532812309375 0.5609378171875 0.535937690625 0.5625 0.5375 0.5625 0.5515623093750001 0.5640628171875 0.5531253796875 0.5640628171875 0.554687690625 0.565625 0.554687690625 0.56875 0.557812309375 0.56875 0.5593753796875001 0.5765628171875 0.567187690625 0.5828128171875 0.567187690625 0.584375 0.56875 0.5859378171875 0.56875 0.590625 0.5734376906249999 0.59375 0.5734376906249999 0.5984378171875 0.5781253796875 0.6 0.5781253796875 0.6015628171875 0.5796876906249999 0.603125 0.5796876906249999 0.6078128171875 0.5843753796875 0.609375 0.5843753796875 0.6109378171875 0.585937690625 0.615625 0.585937690625 0.6171878171875 0.5843753796875 0.61875 0.5843753796875 0.6203128171875 0.5828123093750001 0.621875 0.5828123093750001 0.6234378171875 0.58125 0.625 0.58125 0.6265628171875 0.5796876906249999 0.628125 0.5796876906249999 0.6328128171875 0.575 0.634375 0.575 0.6359378171875 0.5734376906249999 0.640625 0.5734376906249999 0.64375 0.570312309375 0.6453128171875 0.570312309375 0.6484378171875 0.567187690625 0.65 0.567187690625 0.653125 0.564062309375 0.653125 0.560937690625 0.6546878171875 0.5593753796875001 0.6546878171875 0.554687690625 0.65625 0.5531253796875 0.65625 0.5515623093750001 0.6609378171875 0.5468753796875 0.6609378171875 0.529687690625 0.6625 0.5281253796875001 0.6625 0.526562309375 0.6671878171875 0.5218753796875 0.6671878171875 0.5156253796875 0.671875 0.5109376906249999 0.671875 0.45625 0.665625 0.45 0.6640628171875 0.45 0.659375 0.44531230937500005 0.6578128171875 0.44531230937500005 0.65625 0.44375 0.653125 0.44375 0.646875 0.4375 0.6453128171875 0.4375 0.64375 0.435937690625 0.6421878171875 0.435937690625 0.6375 0.43125 0.6359378171875 0.43125 0.634375 0.42968769062499995 0.6328128171875 0.42968769062499995 0.6296878171875 0.42656230937500006 0.6296878171875 0.425 0.6234378171875 0.41875 0.621875 0.41875 0.6171878171875 0.41406230937500005 0.615625 0.41406230937500005 0.6140628171875 0.4125 0.609375 0.4125 0.6078128171875 0.41406230937500005 0.60625 0.41406230937500005 0.6 0.420312309375 0.5984378171875 0.420312309375
31 0.6640628171875 0.525 0.6625 0.526562309375 0.6625 0.560937690625 0.6671878171875 0.5656253796875 0.66875 0.5656253796875 0.6703128171875 0.567187690625 0.6953128171875 0.567187690625 0.7 0.5625 0.7 0.560937690625 0.7015628171875 0.5593753796875001 0.703125 0.5593753796875001 0.703125 0.54375 0.7015628171875 0.5421876906249999 0.7015628171875 0.5406253796875 0.7 0.539062309375 0.7 0.532812309375 0.6984378171875 0.53125 0.6984378171875 0.5203123093750001 0.696875 0.51875 0.6953128171875 0.51875 0.6921878171875 0.5156253796875 0.6921878171875 0.5140623093750001 0.6703128171875 0.5140623093750001 0.66875 0.5156253796875 0.66875 0.51875 0.6640628171875 0.523437690625 0.6640628171875 0.525
32 0.2390628171875 0.225 0.2375 0.226562309375 0.2375 0.270312309375 0.2390628171875 0.27187537968750003 0.240625 0.27187537968750003 0.2421878171875 0.273437690625 0.271875 0.273437690625 0.2734378171875 0.27187537968750003 0.2734378171875 0.270312309375 0.275 0.26875 0.275 0.26718769062500003 0.278125 0.26406230937499997 0.278125 0.248437690625 0.2765628171875 0.2468753796875 0.2765628171875 0.24375 0.275 0.242187690625 0.275 0.23437537968750002 0.2734378171875 0.232812309375 0.2734378171875 0.22812537968750002 0.2703128171875 0.225 0.26875 0.225 0.2640628171875 0.220312309375 0.246875 0.220312309375 0.24375 0.22343769062500002 0.2421878171875 0.22343769062500002 0.240625 0.225 0.2390628171875 0.225
12 0.278125 0.41718769062499994 0.2796878171875 0.4156253796875 0.28125 0.4156253796875 0.2828128171875 0.41406230937500005 0.2828128171875 0.3593753796875 0.278125 0.354687690625 0.2328128171875 0.354687690625 0.2296878171875 0.35781230937499997 0.2296878171875 0.4156253796875 0.23125 0.41718769062499994 0.278125 0.41718769062499994
34 0.3796878171875 0.85625 0.38125 0.857812309375 0.38125 0.8593753796874999 0.3828128171875 0.860937690625 0.409375 0.860937690625 0.4171878171875 0.8531253796874999 0.4171878171875 0.8218753796874999 0.4109378171875 0.8156253796874999 0.4109378171875 0.8140623093749999 0.4046878171875 0.8078123093749999 0.3875 0.8078123093749999 0.38125 0.8140623093749999 0.38125 0.8171876906250001 0.3796878171875 0.81875 0.3796878171875 0.85625
8 0.4921878171875 0.564062309375 0.49375 0.5625 0.49375 0.560937690625 0.4953128171875 0.5593753796875001 0.4953128171875 0.50625 0.49375 0.504687690625 0.49375 0.5031253796875 0.4921878171875 0.501562309375 0.44375 0.501562309375 0.44375 0.5625 0.446875 0.5656253796875 0.4921878171875 0.5656253796875 0.4921878171875 0.564062309375
16 0.5671878171875 0.4156253796875 0.5671878171875 0.35781230937499997 0.5640628171875 0.354687690625 0.515625 0.354687690625 0.5140628171875 0.35625 0.5140628171875 0.41718769062499994 0.565625 0.41718769062499994 0.5671878171875 0.4156253796875
28 0.4875 0.1343753796875 0.4890628171875 0.135937690625 0.490625 0.135937690625 0.49375 0.139062309375 0.49375 0.1406253796875 0.4953128171875 0.142187690625 0.5015628171875 0.142187690625 0.5078128171875 0.148437690625 0.509375 0.148437690625 0.5125 0.15156230937499998 0.5125 0.1531253796875 0.5140628171875 0.154687690625 0.515625 0.154687690625 0.521875 0.16093769062500002 0.534375 0.16093769062500002 0.5359378171875 0.15937537968749999 0.5359378171875 0.157812309375 0.5390628171875 0.154687690625 0.5390628171875 0.15 0.5359378171875 0.1468753796875 0.5359378171875 0.145312309375 0.528125 0.1375 0.5265628171875 0.1375 0.5234378171875 0.1343753796875 0.5234378171875 0.132812309375 0.521875 0.13125 0.5171878171875 0.13125 0.515625 0.12968769062500002 0.5140628171875 0.12968769062500002 0.509375 0.125 0.5078128171875 0.125 0.5046878171875 0.1218753796875 0.5046878171875 0.11718769062500001 0.503125 0.1156253796875 0.4859378171875 0.1156253796875 0.484375 0.11718769062500001 0.484375 0.12968769062500002 0.4875 0.132812309375 0.4875 0.1343753796875
31 0.3125 0.375 0.3078128171875 0.379687690625 0.3078128171875 0.41406230937500005 0.309375 0.4156253796875 0.3109378171875 0.4156253796875 0.3125 0.41718769062499994 0.325 0.41718769062499994 0.3265628171875 0.41875 0.3375 0.41875 0.3390628171875 0.41718769062499994 0.340625 0.41718769062499994 0.3484378171875 0.40937537968750004 0.3484378171875 0.385937690625 0.346875 0.3843753796875 0.346875 0.382812309375 0.3421878171875 0.37812537968750004 0.3421878171875 0.376562309375 0.33125 0.36562537968750003 0.3203128171875 0.36562537968750003 0.3171878171875 0.36875 0.315625 0.36875 0.3125 0.3718753796875 0.3125 0.375
28 0.41875 0.8703123093749999 0.41875 0.8718753796875 0.4203128171875 0.8734376906250001 0.421875 0.8734376906250001 0.428125 0.8796876906250001 0.4328128171875 0.8796876906250001 0.4390628171875 0.885937690625 0.440625 0.885937690625 0.44375 0.889062309375 0.44375 0.8906253796874999 0.4453128171875 0.892187690625 0.446875 0.892187690625 0.4515628171875 0.8968753796875 0.4671878171875 0.8968753796875 0.4671878171875 0.8781253796874999 0.4640628171875 0.875 0.4609378171875 0.875 0.45625 0.8703123093749999 0.4546878171875 0.8703123093749999 0.453125 0.86875 0.4515628171875 0.86875 0.4484378171875 0.8656253796875 0.4484378171875 0.864062309375 0.446875 0.8625 0.4453128171875 0.8625 0.4390628171875 0.85625 0.4125 0.85625 0.4125 0.8625 0.4171878171875 0.867187690625 0.4171878171875 0.86875 0.41875 0.8703123093749999
27 0.334375 0.125 0.3390628171875 0.12968769062500002 0.340625 0.12968769062500002 0.34375 0.132812309375 0.34375 0.1343753796875 0.3453128171875 0.135937690625 0.3484378171875 0.135937690625 0.35 0.1375 0.3515628171875 0.1375 0.3546878171875 0.1406253796875 0.35625 0.1406253796875 0.3578128171875 0.142187690625 0.359375 0.142187690625 0.3625 0.145312309375 0.3625 0.1468753796875 0.3640628171875 0.148437690625 0.3671878171875 0.148437690625 0.3703128171875 0.15156230937499998 0.371875 0.15156230937499998 0.375 0.154687690625 0.378125 0.154687690625 0.38125 0.157812309375 0.38125 0.15937537968749999 0.3828128171875 0.16093769062500002 0.390625 0.16093769062500002 0.3921878171875 0.15937537968749999 0.39375 0.15937537968749999 0.39375 0.157812309375 0.3953128171875 0.15625 0.3953128171875 0.145312309375 0.3890628171875 0.139062309375 0.3875 0.139062309375 0.3859378171875 0.1375 0.3828128171875 0.1375 0.3796878171875 0.1343753796875 0.3796878171875 0.132812309375 0.378125 0.13125 0.3765628171875 0.13125 0.3703128171875 0.125 0.36875 0.125 0.3671878171875 0.12343769062500001 0.365625 0.12343769062500001 0.3609378171875 0.11875 0.3578128171875 0.11875 0.3546878171875 0.1156253796875 0.3546878171875 0.11406230937499999 0.346875 0.10625 0.3296878171875 0.10625 0.3296878171875 0.12343769062500001 0.33125 0.12343769062500001 0.3328128171875 0.125 0.334375 0.125
25 0.3453128171875 0.42968769062499995 0.3484378171875 0.42968769062499995 0.35 0.43125 0.3515628171875 0.43125 0.3546878171875 0.4343753796875 0.35625 0.4343753796875 0.3578128171875 0.435937690625 0.359375 0.435937690625 0.3625 0.439062309375 0.3625 0.44062537968750004 0.3640628171875 0.44218769062499996 0.365625 0.44218769062499996 0.3703128171875 0.4468753796875 0.371875 0.4468753796875 0.3734378171875 0.44843769062499994 0.3765628171875 0.44843769062499994 0.3828128171875 0.454687690625 0.3953128171875 0.454687690625 0.396875 0.4531253796875 0.396875 0.439062309375 0.3953128171875 0.4375 0.39375 0.4375 0.3921878171875 0.435937690625 0.390625 0.435937690625 0.3859378171875 0.43125 0.3828128171875 0.43125 0.3796878171875 0.42812537968750003 0.3796878171875 0.42656230937500006 0.378125 0.425 0.375 0.425 0.3734378171875 0.423437690625 0.371875 0.423437690625 0.3671878171875 0.41875 0.365625 0.41875 0.3640628171875 0.41718769062499994 0.3625 0.41718769062499994 0.3609378171875 0.4156253796875 0.3609378171875 0.41406230937500005 0.359375 0.4125 0.3421878171875 0.4125 0.3421878171875 0.423437690625 0.34375 0.425 0.34375 0.42812537968750003 0.3453128171875 0.42968769062499995
16 0.3515628171875 0.854687690625 0.353125 0.854687690625 0.353125 0.8 0.3484378171875 0.7953123093750001 0.3015628171875 0.7953123093750001 0.3015628171875 0.854687690625 0.30625 0.8593753796874999 0.346875 0.8593753796874999 0.3515628171875 0.854687690625
27 0.5625 0.5765623093750001 0.5625 0.5781253796875 0.5640628171875 0.5796876906249999 0.565625 0.5796876906249999 0.56875 0.5828123093750001 0.56875 0.5843753796875 0.5703128171875 0.585937690625 0.575 0.585937690625 0.5765628171875 0.5875 0.578125 0.5875 0.5828128171875 0.592187690625 0.584375 0.592187690625 0.5875 0.595312309375 0.5875 0.5968753796875 0.5890628171875 0.598437690625 0.59375 0.598437690625 0.5953128171875 0.6 0.596875 0.6 0.5984378171875 0.601562309375 0.6046878171875 0.601562309375 0.60625 0.6 0.60625 0.5875 0.6046878171875 0.585937690625 0.6046878171875 0.5828123093750001 0.603125 0.58125 0.6015628171875 0.58125 0.5953128171875 0.575 0.59375 0.575 0.5890628171875 0.570312309375 0.5875 0.570312309375 0.5859378171875 0.56875 0.5828128171875 0.56875 0.5765628171875 0.5625 0.55625 0.5625 0.55625 0.5718753796875 0.5578128171875 0.5734376906249999 0.559375 0.5734376906249999 0.5625 0.5765623093750001
26 0.6203128171875 0.717187690625 0.621875 0.717187690625 0.6234378171875 0.71875 0.625 0.71875 0.6296878171875 0.723437690625 0.6328128171875 0.723437690625 0.6390628171875 0.7296876906249999 0.640625 0.7296876906249999 0.646875 0.7359376906249999 0.6515628171875 0.7359376906249999 0.6578128171875 0.742187690625 0.659375 0.742187690625 0.665625 0.748437690625 0.678125 0.748437690625 0.6796878171875 0.7468753796875001 0.6796878171875 0.7328123093750001 0.678125 0.73125 0.678125 0.7296876906249999 0.6734378171875 0.725 0.671875 0.725 0.665625 0.71875 0.6640628171875 0.71875 0.6625 0.717187690625 0.6609378171875 0.717187690625 0.6578128171875 0.714062309375 0.65625 0.714062309375 0.6546878171875 0.7125 0.6515628171875 0.7125 0.6484378171875 0.7093753796875 0.6484378171875 0.7078123093750001 0.646875 0.70625 0.64375 0.70625 0.640625 0.7031253796875 0.6390628171875 0.7031253796875 0.6359378171875 0.7 0.634375 0.7 0.6328128171875 0.6984376906249999 0.615625 0.6984376906249999 0.615625 0.7093753796875 0.61875 0.7125 0.61875 0.7156253796875001 0.6203128171875 0.717187690625
25 0.6890628171875 0.45625 0.6875 0.454687690625 0.6765628171875 0.454687690625 0.6765628171875 0.5109376906249999 0.6859378171875 0.5109376906249999 0.6890628171875 0.507812309375 0.6890628171875 0.45625
28 0.54375 0.15937537968749999 0.534375 0.15937537968749999 0.534375 0.2156253796875 0.546875 0.2156253796875 0.546875 0.1625 0.54375 0.15937537968749999
26 0.5859378171875 0.7015623093750001 0.5828128171875 0.7046876906249999 0.58125 0.7046876906249999 0.5796878171875 0.70625 0.5765628171875 0.70625 0.575 0.7078123093750001 0.575 0.7093753796875 0.571875 0.7125 0.56875 0.7125 0.5671878171875 0.714062309375 0.565625 0.714062309375 0.5625 0.717187690625 0.5609378171875 0.717187690625 0.5609378171875 0.7390623093750001 0.5671878171875 0.7390623093750001 0.5703128171875 0.7359376906249999 0.5734378171875 0.7359376906249999 0.575 0.7343753796875 0.5765628171875 0.7343753796875 0.5796878171875 0.73125 0.58125 0.73125 0.5828128171875 0.7296876906249999 0.584375 0.7296876906249999 0.5859378171875 0.7281253796875 0.5859378171875 0.726562309375 0.5890628171875 0.723437690625 0.590625 0.723437690625 0.5921878171875 0.7218753796875 0.59375 0.7218753796875 0.5984378171875 0.717187690625 0.6015628171875 0.717187690625 0.6046878171875 0.714062309375 0.6046878171875 0.7125 0.6078128171875 0.7093753796875 0.609375 0.7093753796875 0.609375 0.6984376906249999 0.59375 0.6984376906249999 0.5921878171875 0.7 0.5890628171875 0.7 0.5875 0.7015623093750001 0.5859378171875 0.7015623093750001
12 0.6328128171875 0.5656253796875 0.634375 0.564062309375 0.634375 0.5625 0.6359378171875 0.560937690625 0.6359378171875 0.501562309375 0.5875 0.501562309375 0.584375 0.504687690625 0.584375 0.5625 0.5875 0.5656253796875 0.6328128171875 0.5656253796875
27 0.4046878171875 0.2156253796875 0.4046878171875 0.15937537968749999 0.3921878171875 0.15937537968749999 0.3921878171875 0.2156253796875 0.39375 0.217187690625 0.403125 0.217187690625 0.4046878171875 0.2156253796875
7 0.4453128171875 0.26718769062500003 0.49375 0.26718769062500003 0.4953128171875 0.2656253796875 0.496875 0.2656253796875 0.496875 0.210937690625 0.49375 0.207812309375 0.44375 0.207812309375 0.44375 0.20937537968750003 0.4421878171875 0.210937690625 0.4421878171875 0.26406230937499997 0.4453128171875 0.26718769062500003
25 0.4046878171875 0.5453123093750001 0.4046878171875 0.45625 0.403125 0.454687690625 0.39375 0.454687690625 0.39375 0.5468753796875 0.3953128171875 0.5484376906249999 0.4015628171875 0.5484376906249999 0.4046878171875 0.5453123093750001
33 0.525 0.5203123093750001 0.525 0.5218753796875 0.5234378171875 0.523437690625 0.5234378171875 0.525 0.521875 0.526562309375 0.521875 0.5625 0.5265628171875 0.567187690625 0.5546878171875 0.567187690625 0.55625 0.5656253796875 0.5578128171875 0.5656253796875 0.559375 0.564062309375 0.559375 0.5625 0.5609378171875 0.560937690625 0.5609378171875 0.53125 0.559375 0.529687690625 0.559375 0.5281253796875001 0.55625 0.525 0.55625 0.523437690625 0.5546878171875 0.5218753796875 0.5546878171875 0.5203123093750001 0.553125 0.51875 0.5515628171875 0.51875 0.546875 0.5140623093750001 0.53125 0.5140623093750001 0.53125 0.5156253796875 0.528125 0.51875 0.5265628171875 0.51875 0.525 0.5203123093750001
7 0.44375 0.8281253796874999 0.44375 0.85625 0.446875 0.8593753796874999 0.490625 0.8593753796874999 0.4921878171875 0.857812309375 0.4921878171875 0.8531253796874999 0.49375 0.851562309375 0.49375 0.8468753796874999 0.4953128171875 0.8453123093749999 0.4953128171875 0.801562309375 0.49375 0.8 0.49375 0.7984376906249999 0.4921878171875 0.7968753796875 0.4921878171875 0.7953123093750001 0.44375 0.7953123093750001 0.44375 0.7984376906249999 0.4421878171875 0.8 0.4421878171875 0.826562309375 0.44375 0.8281253796874999
11 0.6578128171875 0.710937690625 0.703125 0.710937690625 0.7046878171875 0.7093753796875 0.70625 0.7093753796875 0.7078128171875 0.7078123093750001 0.7078128171875 0.651562309375 0.70625 0.651562309375 0.7046878171875 0.65 0.7015628171875 0.65 0.7 0.648437690625 0.6578128171875 0.648437690625 0.6578128171875 0.65 0.65625 0.651562309375 0.65625 0.7093753796875 0.6578128171875 0.710937690625
33 0.38125 0.229687690625 0.3796878171875 0.23125 0.3796878171875 0.232812309375 0.378125 0.23437537968750002 0.378125 0.26718769062500003 0.384375 0.273437690625 0.4109378171875 0.273437690625 0.4125 0.27187537968750003 0.4140628171875 0.27187537968750003 0.415625 0.270312309375 0.415625 0.26875 0.4171878171875 0.26718769062500003 0.4171878171875 0.232812309375 0.415625 0.23125 0.4140628171875 0.23125 0.4125 0.229687690625 0.4125 0.22812537968750002 0.4046878171875 0.220312309375 0.390625 0.220312309375 0.3875 0.22343769062500002 0.3859378171875 0.22343769062500002 0.38125 0.22812537968750002 0.38125 0.229687690625
14 0.353125 0.560937690625 0.353125 0.5031253796875 0.3515628171875 0.501562309375 0.3 0.501562309375 0.3 0.560937690625 0.3046878171875 0.5656253796875 0.3484378171875 0.5656253796875 0.353125 0.560937690625
15 0.30625 0.26875 0.3078128171875 0.270312309375 0.3453128171875 0.270312309375 0.346875 0.26875 0.3484378171875 0.26875 0.35 0.26718769062500003 0.353125 0.26718769062500003 0.353125 0.207812309375 0.3015628171875 0.207812309375 0.3015628171875 0.26718769062500003 0.303125 0.26718769062500003 0.3046878171875 0.26875 0.30625 0.26875
26 0.2609378171875 0.210937690625 0.2625 0.20937537968750003 0.2625 0.1625 0.2609378171875 0.16093769062500002 0.2609378171875 0.157812309375 0.2515628171875 0.157812309375 0.2515628171875 0.217187690625 0.259375 0.217187690625 0.2609378171875 0.2156253796875 0.2609378171875 0.210937690625
14 0.7748020296875 0.5653875375 0.7779270296874999 0.5622629171875 0.7779270296874999 0.5606998484375 0.7794892124999999 0.5591375375000001 0.7794892124999999 0.5028875375 0.7779270296874999 0.501325228125 0.7263642124999999 0.501325228125 0.7263642124999999 0.5606998484375 0.7279270296875 0.5606998484375 0.7326142124999999 0.5653875375 0.7748020296875 0.5653875375
8 0.209375 0.5656253796875 0.209375 0.564062309375 0.2109378171875 0.5625 0.2109378171875 0.5031253796875 0.209375 0.501562309375 0.159375 0.501562309375 0.159375 0.560937690625 0.1625 0.564062309375 0.1625 0.5656253796875 0.209375 0.5656253796875
15 0.6328128171875 0.85625 0.634375 0.85625 0.634375 0.854687690625 0.6359378171875 0.8531253796874999 0.6359378171875 0.7984376906249999 0.634375 0.7968753796875 0.5859378171875 0.7968753796875 0.5859378171875 0.85625 0.5875 0.857812309375 0.63125 0.857812309375 0.6328128171875 0.85625
29 0.2753807109375 0.51519756875 0.2791878171875 0.5189969609375 0.29568527968749997 0.51519756875 0.2975888328125 0.5121580546875 0.29568527968749997 0.5075987843750001 0.3102791875 0.49772036406250003 0.3052030453125 0.48632218906249997 0.2969543140625 0.4779635265625 0.29568527968749997 0.46656535000000005 0.2861675125 0.45972644375 0.28236040625 0.45972644375 0.274111675 0.46656535000000005 0.27030456875 0.48024316093749997 0.26015228437500004 0.49316109375000006 0.2595177671875 0.49772036406250003 0.2652284265625 0.5030395140625 0.2753807109375 0.5045592703125 0.2753807109375 0.51519756875
11 0.42449238593749994 0.41641337343749996 0.425761421875 0.36094225 0.42322335000000005 0.35638297812499997 0.381345178125 0.35410334374999997 0.3762690359375 0.35486322187499997 0.37246192968749997 0.3594224921875 0.3718274109375 0.4065349546875 0.375 0.4171732515625 0.4035533 0.4194528875 0.42449238593749994 0.41641337343749996
13 0.6370558374999999 0.2689969609375 0.638959390625 0.23404255312500002 0.6364213203125 0.208966565625 0.6059644671875 0.20744680781249997 0.586928934375 0.210486321875 0.5856598984375 0.26291793281250003 0.5888324875000001 0.2705167171875 0.6237309640625 0.2720364734375 0.6370558374999999 0.2689969609375
10 0.7087563453125 0.41489361718750006 0.71002538125 0.361702128125 0.7062182734375 0.35562309999999997 0.6681472078125 0.35410334374999997 0.6605329953125 0.35486322187499997 0.6567258890625001 0.3586626140625 0.6560913703125 0.41185410312500004 0.6586294421875001 0.41793313125 0.7030456859374999 0.420212765625 0.7087563453125 0.41489361718750006
9 0.2791878171875 0.7142857140625 0.28236040625 0.7112461999999999 0.284263959375 0.66261398125 0.280456853125 0.6504559265625 0.2588832484375 0.6489361703125 0.235406090625 0.65121580625 0.23032995 0.65425531875 0.22969543125 0.7066869296875 0.231598984375 0.710486321875 0.24111675156249998 0.7142857140625 0.2791878171875 0.7142857140625
13 0.5387055843749999 0.7059270515625 0.553934009375 0.7150455921875001 0.5672588828125 0.7097264437499999 0.5678934015625 0.65425531875 0.56408629375 0.6496960484375001 0.5190355328125 0.6489361703125 0.513959390625 0.65425531875 0.513959390625 0.7059270515625 0.5164974625000001 0.7112461999999999 0.5291878171875 0.7142857140625 0.5387055843749999 0.7059270515625
22 0.134375 0.585937690625 0.08125 0.585937690625 0.08125 0.6671876906249999 0.1328128171875 0.6671876906249999 0.134375 0.6656253796875 0.134375 0.585937690625
18 0.5078128171875 0.882812309375 0.5078128171875 0.9593753796875 0.5609378171875 0.9593753796875 0.5609378171875 0.882812309375 0.5078128171875 0.882812309375
20 0.278125 0.001562309375 0.2234378171875 0.001562309375 0.2234378171875 0.08125 0.2765628171875 0.08125 0.278125 0.079687690625 0.278125 0.001562309375
18 0.5625 0.001562309375 0.5046878171875 0.001562309375 0.5046878171875 0.079687690625 0.5609378171875 0.079687690625 0.5625 0.0781253796875 0.5625 0.001562309375
19 0.859375 0.43125 0.859375 0.5171876906249999 0.9171878171875001 0.5171876906249999 0.9171878171875001 0.43125 0.859375 0.43125
18 0.2203128171875 0.882812309375 0.2203128171875 0.960937690625 0.278125 0.960937690625 0.278125 0.882812309375 0.2203128171875 0.882812309375
18 0.775 0.7328123093750001 0.7203128171875 0.7328123093750001 0.7203128171875 0.8140623093749999 0.7734378171875 0.8140623093749999 0.775 0.8125 0.775 0.7328123093750001
21 0.7734378171875 0.139062309375 0.71875 0.139062309375 0.71875 0.22343769062500002 0.771875 0.22343769062500002 0.7734378171875 0.2218753796875 0.7734378171875 0.139062309375
23 0.0796878171875 0.289062309375 0.0796878171875 0.373437690625 0.1359378171875 0.373437690625 0.1359378171875 0.289062309375 0.0796878171875 0.289062309375