0 0.45 0.1375 0.44531242187500003 0.1375 0.4437503109375 0.1390624078125 0.4437503109375 0.1406248171875 0.442187578125 0.142187225 0.4406248453125 0.142187225 0.4390627328125 0.1437496328125 0.4375 0.1437496328125 0.4359372671875 0.145312775 0.4343751546875 0.145312775 0.4312503109375 0.1484375921875 0.42968757812499997 0.1484375921875 0.42812484531250006 0.15 0.4265627328125 0.15 0.425 0.15156240781250002 0.425 0.15312481718749998 0.4218751546875 0.15625036718750002 0.41875031093750004 0.15625036718750002 0.41406273281250006 0.16093759218749998 0.4125 0.16093759218749998 0.41093726718749995 0.1625 0.40937515468749996 0.1625 0.407812421875 0.1640624078125 0.4062503109375 0.1640624078125 0.4062503109375 0.1656248171875 0.404687578125 0.167187225 0.404687578125 0.2625 0.407812421875 0.26562481718750003 0.40937515468749996 0.26562481718750003 0.41093726718749995 0.267187225 0.41562484531250005 0.267187225 0.41875031093750004 0.270312775 0.41875031093750004 0.2718751828125 0.420312421875 0.27343759218749997 0.42812484531250006 0.27343759218749997 0.432812421875 0.27812481718750004 0.4375 0.27812481718750004 0.4390627328125 0.279687225 0.44687515468749994 0.279687225 0.45 0.2765624078125 0.45156273281250003 0.2765624078125 0.4531248453125 0.275 0.454687578125 0.275 0.4562503109375 0.27343759218749997 0.47343726718749995 0.27343759218749997 0.475 0.275 0.47812484531250005 0.275 0.47968757812499996 0.2765624078125 0.49062484531250006 0.2765624078125 0.49218757812499997 0.275 0.4937503109375 0.275 0.495312421875 0.27343759218749997 0.4984372671875 0.27343759218749997 0.5 0.2718751828125 0.5031248453125 0.2718751828125 0.507812421875 0.267187225 0.5140627328125 0.267187225 0.520312421875 0.2609375921875 0.5218751546875 0.2609375921875 0.5234372671874999 0.2593751828125 0.525 0.2593751828125 0.525 0.257812775 0.5265627328125 0.2562496328125 0.5265627328125 0.2 0.525 0.19843759218749998 0.525 0.195312775 0.5234372671874999 0.1937496328125 0.5234372671874999 0.1890624078125 0.5171875781249999 0.18281277499999998 0.5171875781249999 0.1812496328125 0.5125 0.17656240781250002 0.5125 0.1718751828125 0.5109372671875 0.170312775 0.5109372671875 0.157812775 0.5031248453125 0.15 0.5015627328125001 0.15 0.4968751546875 0.145312775 0.495312421875 0.145312775 0.4937503109375 0.1437496328125 0.49062484531250006 0.1437496328125 0.4890627328125 0.142187225 0.4875 0.142187225 0.48593726718749997 0.1406248171875 0.48593726718749997 0.1390624078125 0.4843751546875 0.1375 0.482812421875 0.1375 0.47812484531250005 0.132812775 0.454687578125 0.132812775 0.454687578125 0.1343751828125 0.4531248453125 0.13593759218749998 0.45156273281250003 0.13593759218749998 0.45 0.1375
6 0.3093751546875 0.7078127750000001 0.30468757812499997 0.7125 0.3031248453125 0.7125 0.29687515468750003 0.7187503671875 0.295312421875 0.7187503671875 0.29375031093750004 0.720312775 0.29218757812499996 0.720312775 0.2875 0.725 0.2843751546875 0.725 0.2781248453125 0.7312496328125 0.2765627328125 0.7312496328125 0.27031242187500004 0.7375 0.2687503109375 0.7375 0.267187578125 0.7390624078125 0.26562484531249997 0.7390624078125 0.2640627328125 0.7406248171875001 0.2640627328125 0.829687225 0.26562484531249997 0.829687225 0.2687503109375 0.8328127750000001 0.2687503109375 0.8343751828125001 0.27031242187500004 0.8359375921875 0.2765627328125 0.8359375921875 0.282812421875 0.842187225 0.2843751546875 0.842187225 0.2906248453125 0.8484375921874999 0.29375031093750004 0.8484375921874999 0.295312421875 0.85 0.29687515468750003 0.85 0.3015627328125 0.8546872249999999 0.3031248453125 0.8546872249999999 0.3093751546875 0.8609375921875 0.3125 0.8609375921875 0.317187578125 0.8656248171875 0.3187503109375 0.8656248171875 0.32031242187500003 0.867187225 0.3218751546875 0.867187225 0.3234372671875 0.8687496328125001 0.325 0.8687496328125001 0.3265627328125 0.870312775 0.32812484531249997 0.870312775 0.3312503109375 0.867187225 0.3359372671875 0.867187225 0.3375 0.8656248171875 0.3390627328125 0.8656248171875 0.3437503109375 0.8609375921875 0.345312421875 0.8609375921875 0.3515627328125 0.8546872249999999 0.3531248453125 0.8546872249999999 0.35468757812499996 0.8531248171874999 0.35625031093750004 0.8531248171874999 0.35937515468750003 0.85 0.3609372671875 0.85 0.3625 0.8484375921874999 0.3640627328125 0.8484375921874999 0.370312421875 0.842187225 0.3718751546875 0.842187225 0.37343726718750003 0.8406248171874999 0.375 0.8406248171874999 0.3781248453125 0.8375 0.379687578125 0.8375 0.3812503109375 0.8359375921875 0.3843751546875 0.8359375921875 0.3859372671875 0.8343751828125001 0.3859372671875 0.8328127750000001 0.392187578125 0.8265624078125 0.392187578125 0.7437496328125001 0.39062484531249997 0.742187225 0.39062484531249997 0.7406248171875001 0.38281242187500003 0.732812775 0.3812503109375 0.732812775 0.379687578125 0.7312496328125 0.3781248453125 0.7312496328125 0.3718751546875 0.725 0.370312421875 0.725 0.3687503109375 0.7234375921875 0.36718757812499997 0.7234375921875 0.3640627328125 0.720312775 0.3625 0.720312775 0.3609372671875 0.7187503671875 0.357812421875 0.7187503671875 0.3515627328125 0.7125 0.3484372671875 0.7125 0.3468751546875 0.7109375921875001 0.345312421875 0.7109375921875001 0.3406248453125 0.7062496328125001 0.3390627328125 0.7062496328125001 0.3359372671875 0.7031248171875 0.317187578125 0.7031248171875 0.3156248453125 0.704687225 0.31406273281249997 0.704687225 0.31093726718750003 0.7078127750000001 0.3093751546875 0.7078127750000001
0 0.7234372671875 0.425 0.717187578125 0.43124963281250006 0.7156248453125 0.43124963281250006 0.7093751546875 0.4375 0.707812421875 0.4375 0.7031248453125001 0.44218722499999996 0.7015627328125 0.44218722499999996 0.7 0.44375036718749994 0.6984372671875 0.44375036718749994 0.6937503109375001 0.4484375921875 0.692187578125 0.4484375921875 0.6906248453125 0.45 0.6890627328125001 0.45 0.6875 0.45156240781249996 0.6875 0.45312481718750003 0.6859372671874999 0.454687225 0.6843751546875 0.454687225 0.6843751546875 0.5125 0.6875 0.5156248171875 0.6875 0.517187225 0.6890627328125001 0.5187496328125001 0.6890627328125001 0.5203127750000001 0.692187578125 0.5234375921875001 0.692187578125 0.525 0.6937503109375001 0.5265624078125 0.6937503109375001 0.5375 0.695312421875 0.5390624078124999 0.695312421875 0.5421872249999999 0.6968751546874999 0.5437496328125 0.6968751546874999 0.545312775 0.6984372671875 0.5468751828125 0.6984372671875 0.55 0.7 0.5515624078125 0.7 0.5531248171875001 0.7015627328125 0.554687225 0.7031248453125001 0.554687225 0.707812421875 0.5593751828125 0.7093751546875 0.5593751828125 0.7109372671874999 0.5609375921875001 0.7156248453125 0.5609375921875001 0.717187578125 0.5625 0.7187503109375 0.5625 0.7218751546875 0.5656248171875 0.7234372671875 0.5656248171875 0.725 0.567187225 0.7281248453125 0.567187225 0.7343751546874999 0.5734375921875 0.7359372671875 0.5734375921875 0.7390627328125 0.5765624078125 0.7390627328125 0.5781248171875 0.7406248453125001 0.5781248171875 0.742187578125 0.579687225 0.7437503109375 0.579687225 0.745312421875 0.5812496328125001 0.7484372671874999 0.5812496328125001 0.75 0.579687225 0.754687578125 0.579687225 0.7562503109375001 0.5781248171875 0.757812421875 0.5781248171875 0.7625 0.5734375921875 0.7656248453125001 0.5734375921875 0.770312421875 0.5687503671874999 0.7718751546875 0.5687503671874999 0.7734372671874999 0.567187225 0.7781248453125 0.567187225 0.779687578125 0.5656248171875 0.779687578125 0.5640624078124999 0.782812421875 0.5609375921875001 0.7859372671875 0.5609375921875001 0.7890627328125001 0.557812775 0.7906248453125 0.557812775 0.7937503109375 0.554687225 0.7968751546874999 0.554687225 0.7984372671875 0.5531248171875001 0.7984372671875 0.5515624078125 0.8015627328124999 0.5484375921875 0.8031248453125001 0.5484375921875 0.8062503109374999 0.545312775 0.8062503109374999 0.48124963281250005 0.804687578125 0.479687225 0.804687578125 0.47343759218750003 0.8062503109374999 0.47187518281249996 0.8062503109374999 0.4593751828125 0.804687578125 0.457812775 0.804687578125 0.454687225 0.8031248453125001 0.45312481718750003 0.8031248453125001 0.45156240781249996 0.8015627328124999 0.45 0.8 0.45 0.7953124218750001 0.445312775 0.7937503109375 0.445312775 0.792187578125 0.44375036718749994 0.7906248453125 0.44375036718749994 0.7843751546875 0.4375 0.782812421875 0.4375 0.7812503109375 0.43593759218750006 0.779687578125 0.43593759218750006 0.7781248453125 0.4343751828125 0.7781248453125 0.43281277500000004 0.7765627328125 0.43281277500000004 0.775 0.43124963281250006 0.7718751546875 0.43124963281250006 0.7671875781249999 0.4265624078125 0.7656248453125001 0.4265624078125 0.7640627328125 0.425 0.7625 0.425 0.757812421875 0.420312775 0.7562503109375001 0.420312775 0.7531248453125 0.417187225 0.7515627328125001 0.417187225 0.75 0.4156248171875 0.7359372671875 0.4156248171875 0.7328124218750001 0.41874963281250005 0.7312503109375 0.41874963281250005 0.725 0.425 0.7234372671875 0.425
36 0.3093751546875 0.1375 0.3031248453125 0.1437496328125 0.3015627328125 0.1437496328125 0.29687515468750003 0.1484375921875 0.295312421875 0.1484375921875 0.29375031093750004 0.15 0.2906248453125 0.15 0.2843751546875 0.15625036718750002 0.282812421875 0.15625036718750002 0.2812503109375 0.157812775 0.2812503109375 0.15937518281250002 0.2781248453125 0.1625 0.2734372671875 0.1625 0.2718751546875 0.1640624078125 0.27031242187500004 0.1640624078125 0.27031242187500004 0.1656248171875 0.267187578125 0.1687496328125 0.26562484531249997 0.1687496328125 0.26562484531249997 0.2531248171875 0.267187578125 0.25468722499999996 0.267187578125 0.2562496328125 0.2687503109375 0.257812775 0.2687503109375 0.2593751828125 0.27031242187500004 0.2609375921875 0.2734372671875 0.2609375921875 0.275 0.2625 0.2765627328125 0.2625 0.279687578125 0.26562481718750003 0.2812503109375 0.26562481718750003 0.282812421875 0.267187225 0.2843751546875 0.267187225 0.2906248453125 0.27343759218749997 0.29687515468750003 0.27343759218749997 0.2984372671875 0.275 0.3 0.275 0.3015627328125 0.2765624078125 0.3031248453125 0.2765624078125 0.30468757812499997 0.27812481718750004 0.31093726718750003 0.27812481718750004 0.3125 0.2765624078125 0.31406273281249997 0.2765624078125 0.3156248453125 0.275 0.317187578125 0.275 0.3187503109375 0.27343759218749997 0.3343751546875 0.27343759218749997 0.3390627328125 0.27812481718750004 0.3406248453125 0.27812481718750004 0.342187578125 0.279687225 0.35 0.279687225 0.3515627328125 0.2812503671875 0.3531248453125 0.279687225 0.35937515468750003 0.279687225 0.3656248453125 0.27343759218749997 0.3718751546875 0.27343759218749997 0.37343726718750003 0.2718751828125 0.37343726718750003 0.270312775 0.37656273281249997 0.267187225 0.38281242187500003 0.267187225 0.392187578125 0.257812775 0.392187578125 0.175 0.39062484531249997 0.1734375921875 0.39062484531249997 0.1718751828125 0.3859372671875 0.167187225 0.3859372671875 0.1656248171875 0.3843751546875 0.1640624078125 0.38281242187500003 0.1640624078125 0.3812503109375 0.1625 0.3781248453125 0.1625 0.3718751546875 0.15625036718750002 0.370312421875 0.15625036718750002 0.3687503109375 0.154687225 0.36718757812499997 0.154687225 0.3640627328125 0.15156240781250002 0.3625 0.15156240781250002 0.3609372671875 0.15 0.357812421875 0.15 0.3515627328125 0.1437496328125 0.35 0.1437496328125 0.3484372671875 0.142187225 0.3468751546875 0.142187225 0.3437503109375 0.1390624078125 0.342187578125 0.1390624078125 0.3406248453125 0.1375 0.3390627328125 0.1375 0.3343751546875 0.132812775 0.317187578125 0.132812775 0.31406273281249997 0.13593759218749998 0.3125 0.13593759218749998 0.31093726718750003 0.1375 0.3093751546875 0.1375
37 0.575 0.7156248171875 0.5734372671875 0.717187225 0.5718751546874999 0.717187225 0.570312421875 0.7187503671875 0.567187578125 0.7187503671875 0.5656248453125 0.720312775 0.5640627328125001 0.720312775 0.5640627328125001 0.7218751828125 0.5625 0.7234375921875 0.5609372671874999 0.7234375921875 0.5593751546875 0.725 0.557812421875 0.725 0.5562503109375 0.7265624078124999 0.5562503109375 0.7281248171875 0.554687578125 0.7296872249999999 0.5531248453125001 0.7296872249999999 0.5515627328125 0.7312496328125 0.55 0.7312496328125 0.5484372671875 0.732812775 0.5468751546874999 0.732812775 0.5453124218750001 0.7343751828125 0.5453124218750001 0.7359375921875 0.5437503109375 0.7375 0.5437503109375 0.7406248171875001 0.542187578125 0.742187225 0.542187578125 0.8265624078125 0.5437503109375 0.8281248171875 0.5437503109375 0.8312496328125001 0.5468751546874999 0.8343751828125001 0.5484372671875 0.8343751828125001 0.55 0.8359375921875 0.5531248453125001 0.8359375921875 0.5562503109375 0.8390624078125001 0.5562503109375 0.8406248171874999 0.557812421875 0.842187225 0.5593751546875 0.842187225 0.5656248453125 0.8484375921874999 0.570312421875 0.8484375921874999 0.5765627328125 0.8546872249999999 0.5781248453125001 0.8546872249999999 0.5843751546875 0.8609375921875 0.5875 0.8609375921875 0.592187578125 0.8656248171875 0.5937503109375 0.8656248171875 0.595312421875 0.867187225 0.5968751546875 0.867187225 0.5984372671875 0.8687496328125001 0.6109372671875 0.8687496328125001 0.6125 0.867187225 0.6156248453125001 0.867187225 0.6218751546875 0.8609375921875 0.625 0.8609375921875 0.6265627328125001 0.8593751828125 0.6281248453125 0.8593751828125 0.632812421875 0.8546872249999999 0.6343751546874999 0.8546872249999999 0.6406248453125001 0.8484375921874999 0.6437503109375 0.8484375921874999 0.645312421875 0.8468751828125001 0.6468751546875 0.8468751828125001 0.6515627328125 0.842187225 0.654687578125 0.842187225 0.6593751546875 0.8375 0.6609372671875 0.8375 0.6625 0.8359375921875 0.6640627328125001 0.8359375921875 0.667187578125 0.8328127750000001 0.667187578125 0.8312496328125001 0.6687503109375 0.829687225 0.6687503109375 0.742187225 0.667187578125 0.7406248171875001 0.667187578125 0.7390624078125 0.6593751546875 0.7312496328125 0.657812421875 0.7312496328125 0.6515627328125 0.725 0.6468751546875 0.725 0.645312421875 0.7234375921875 0.6437503109375 0.7234375921875 0.6421875781249999 0.7218751828125 0.6421875781249999 0.720312775 0.6406248453125001 0.720312775 0.6390627328125 0.7187503671875 0.6375 0.7187503671875 0.6359372671875 0.717187225 0.6343751546874999 0.717187225 0.6281248453125 0.7109375921875001 0.5812503109375 0.7109375921875001 0.5796875781249999 0.7125 0.5765627328125 0.7125 0.575 0.7140624078125 0.575 0.7156248171875
36 0.2343751546875 0.5687503671874999 0.2281248453125 0.575 0.2265627328125 0.575 0.225 0.5765624078125 0.2234372671875 0.5765624078125 0.22031242187500003 0.579687225 0.21875031093750003 0.579687225 0.21718757812499997 0.5812496328125001 0.21562484531249998 0.5812496328125001 0.2093751546875 0.5875 0.20625031093750001 0.5875 0.204687578125 0.5890624078125 0.2031248453125 0.5890624078125 0.19843726718750002 0.5937503671875 0.1968751546875 0.5937503671875 0.1937503109375 0.5968751828125 0.1937503109375 0.6015624078124999 0.192187578125 0.6031248171875 0.192187578125 0.6218751828125 0.1937503109375 0.6234375921875001 0.1937503109375 0.632812775 0.192187578125 0.6343751828124999 0.192187578125 0.679687225 0.1937503109375 0.6812496328125001 0.1937503109375 0.6843751828125 0.20156273281249998 0.692187225 0.2031248453125 0.692187225 0.20781242187500001 0.6968751828124999 0.2093751546875 0.6968751828124999 0.2109372671875 0.6984375921875 0.21562484531249998 0.6984375921875 0.21875031093750003 0.7015624078125 0.21875031093750003 0.7031248171875 0.22031242187500003 0.704687225 0.2234372671875 0.704687225 0.2281248453125 0.7093751828125 0.22968757812499999 0.7093751828125 0.2312503109375 0.7109375921875001 0.2343751546875 0.7109375921875001 0.2375 0.7140624078125 0.2375 0.7156248171875 0.23906273281249998 0.717187225 0.2406248453125 0.717187225 0.24531242187500002 0.7218751828125 0.24687515468750001 0.7218751828125 0.2484372671875 0.7234375921875 0.2531248453125 0.7234375921875 0.254687578125 0.725 0.2593751546875 0.725 0.2609372671875 0.7234375921875 0.2640627328125 0.7234375921875 0.2718751546875 0.7156248171875 0.2734372671875 0.7156248171875 0.2781248453125 0.7109375921875001 0.2812503109375 0.7109375921875001 0.282812421875 0.7093751828125 0.2843751546875 0.7093751828125 0.2890627328125 0.704687225 0.29218757812499996 0.704687225 0.29375031093750004 0.7031248171875 0.295312421875 0.7031248171875 0.2984372671875 0.7 0.3 0.7 0.3015627328125 0.6984375921875 0.3031248453125 0.6984375921875 0.307812421875 0.6937496328125 0.3093751546875 0.6937496328125 0.31093726718750003 0.692187225 0.31406273281249997 0.692187225 0.3218751546875 0.6843751828125 0.3218751546875 0.6015624078124999 0.317187578125 0.5968751828125 0.317187578125 0.595312775 0.3156248453125 0.5937503671875 0.31406273281249997 0.5937503671875 0.307812421875 0.5875 0.3062503109375 0.5875 0.30468757812499997 0.5859375921875001 0.3031248453125 0.5859375921875001 0.3 0.5828127750000001 0.2984372671875 0.5828127750000001 0.29687515468750003 0.5812496328125001 0.295312421875 0.5812496328125001 0.2906248453125 0.5765624078125 0.2890627328125 0.5765624078125 0.2875 0.575 0.2843751546875 0.575 0.2781248453125 0.5687503671874999 0.2765627328125 0.5687503671874999 0.27031242187500004 0.5625 0.2687503109375 0.5625 0.267187578125 0.5609375921875001 0.24531242187500002 0.5609375921875001 0.24218757812499997 0.5640624078124999 0.2406248453125 0.5640624078124999 0.23593726718750002 0.5687503671874999 0.2343751546875 0.5687503671874999
0 0.16875031093749998 0.42343759218750004 0.167187578125 0.425 0.1656248453125 0.425 0.1640627328125 0.4265624078125 0.1625 0.4265624078125 0.1625 0.4281248171875 0.1609372671875 0.429687225 0.15937515468750002 0.429687225 0.157812421875 0.43124963281250006 0.154687578125 0.43124963281250006 0.15312484531249998 0.43281277500000004 0.1515627328125 0.43281277500000004 0.1468751546875 0.4375 0.145312421875 0.4375 0.1375 0.445312775 0.13593726718750002 0.445312775 0.1265627328125 0.454687225 0.1265627328125 0.467187225 0.12812484531249999 0.467187225 0.1312503109375 0.470312775 0.1312503109375 0.47343759218750003 0.132812421875 0.475 0.1343751546875 0.47343759218750003 0.1343751546875 0.47187518281249996 0.13593726718750002 0.470312775 0.13593726718750002 0.46875036718749996 0.142187578125 0.4625 0.145312421875 0.4625 0.1468751546875 0.4609375921875 0.1484372671875 0.4625 0.1515627328125 0.4625 0.154687578125 0.46562481718750004 0.154687578125 0.467187225 0.1562503109375 0.46875036718749996 0.1562503109375 0.475 0.157812421875 0.4765624078125 0.157812421875 0.4781248171875 0.15937515468750002 0.4781248171875 0.1609372671875 0.479687225 0.1609372671875 0.48124963281250005 0.1625 0.482812775 0.1625 0.48437518281249997 0.16875031093749998 0.4906248171875 0.16875031093749998 0.49374963281250006 0.167187578125 0.49531277500000004 0.167187578125 0.4968751828125 0.1656248453125 0.49843759218750006 0.1640627328125 0.49843759218750006 0.1625 0.5 0.1609372671875 0.5 0.15312484531249998 0.507812775 0.1515627328125 0.507812775 0.1484372671875 0.5109375921875 0.1437503109375 0.5109375921875 0.1406248453125 0.507812775 0.13906273281249998 0.507812775 0.1375 0.5062503671874999 0.13593726718750002 0.5062503671874999 0.1343751546875 0.504687225 0.129687578125 0.504687225 0.12812484531249999 0.5031248171875 0.1265627328125 0.504687225 0.1265627328125 0.5484375921875 0.1312503109375 0.5484375921875 0.132812421875 0.55 0.1343751546875 0.55 0.13906273281249998 0.554687225 0.1406248453125 0.554687225 0.1437503109375 0.557812775 0.1437503109375 0.5593751828125 0.145312421875 0.5609375921875001 0.1484372671875 0.5609375921875001 0.15 0.5625 0.1515627328125 0.5625 0.154687578125 0.5656248171875 0.1562503109375 0.5656248171875 0.157812421875 0.567187225 0.15937515468750002 0.567187225 0.1625 0.570312775 0.1625 0.5718751828124999 0.1640627328125 0.5734375921875 0.167187578125 0.5734375921875 0.1718751546875 0.5781248171875 0.17343726718750002 0.5781248171875 0.175 0.579687225 0.1781248453125 0.579687225 0.182812421875 0.5843751828125 0.192187578125 0.5843751828125 0.1968751546875 0.579687225 0.2 0.579687225 0.204687578125 0.575 0.20625031093750001 0.575 0.20781242187500001 0.5734375921875 0.2093751546875 0.5734375921875 0.21562484531249998 0.567187225 0.22031242187500003 0.567187225 0.2265627328125 0.5609375921875001 0.22968757812499999 0.5609375921875001 0.2343751546875 0.5562496328125001 0.23593726718750002 0.5562496328125001 0.2375 0.554687225 0.2406248453125 0.554687225 0.2484372671875 0.5468751828125 0.2484372671875 0.545312775 0.25 0.5437496328125 0.25 0.5421872249999999 0.25156273281249997 0.5406248171875 0.25156273281249997 0.504687225 0.25 0.5031248171875 0.25 0.4906248171875 0.2484372671875 0.4890624078125 0.2484372671875 0.4765624078125 0.24687515468750001 0.475 0.24687515468750001 0.47343759218750003 0.24531242187500002 0.47343759218750003 0.2406248453125 0.46875036718749996 0.23906273281249998 0.46875036718749996 0.23593726718750002 0.46562481718750004 0.23593726718750002 0.4609375921875 0.2343751546875 0.4593751828125 0.2343751546875 0.45 0.2312503109375 0.4468751828125 0.2312503109375 0.445312775 0.22968757812499999 0.44375036718749994 0.22968757812499999 0.44218722499999996 0.2281248453125 0.4406248171875 0.2281248453125 0.43906240781249994 0.2265627328125 0.43906240781249994 0.225 0.4375 0.22187515468750002 0.4375 0.21562484531249998 0.43124963281250006 0.2125 0.43124963281250006 0.20781242187500001 0.4265624078125 0.20625031093750001 0.4265624078125 0.204687578125 0.425 0.2031248453125 0.425 0.1968751546875 0.41874963281250005 0.195312421875 0.41874963281250005 0.1937503109375 0.417187225 0.192187578125 0.417187225 0.19062484531249999 0.4156248171875 0.179687578125 0.4156248171875 0.17656273281249998 0.41874963281250005 0.175 0.41874963281250005 0.170312421875 0.42343759218750004 0.16875031093749998 0.42343759218750004
37 0.3156248453125 0.425 0.31406273281249997 0.4265624078125 0.31093726718750003 0.4265624078125 0.307812421875 0.429687225 0.3062503109375 0.429687225 0.30468757812499997 0.43124963281250006 0.3 0.43124963281250006 0.2984372671875 0.43281277500000004 0.29687515468750003 0.43281277500000004 0.29375031093750004 0.43593759218750006 0.29218757812499996 0.43593759218750006 0.2906248453125 0.4375 0.2890627328125 0.4375 0.2843751546875 0.44218722499999996 0.282812421875 0.44218722499999996 0.282812421875 0.44375036718749994 0.2812503109375 0.445312775 0.2812503109375 0.45156240781249996 0.279687578125 0.45312481718750003 0.279687578125 0.454687225 0.275 0.4593751828125 0.275 0.4625 0.2734372671875 0.46406240781249997 0.2734372671875 0.46562481718750004 0.27031242187500004 0.46875036718749996 0.2687503109375 0.46875036718749996 0.267187578125 0.470312775 0.26562484531249997 0.470312775 0.2640627328125 0.47187518281249996 0.2640627328125 0.5484375921875 0.267187578125 0.5484375921875 0.2718751546875 0.5531248171875001 0.2734372671875 0.5531248171875001 0.275 0.554687225 0.2781248453125 0.554687225 0.2812503109375 0.557812775 0.2812503109375 0.5593751828125 0.282812421875 0.5609375921875001 0.2875 0.5609375921875001 0.2890627328125 0.5625 0.2906248453125 0.5625 0.295312421875 0.567187225 0.29687515468750003 0.567187225 0.2984372671875 0.5687503671874999 0.3 0.5687503671874999 0.3015627328125 0.570312775 0.3015627328125 0.5718751828124999 0.3031248453125 0.5718751828124999 0.30468757812499997 0.5734375921875 0.307812421875 0.5734375921875 0.3093751546875 0.575 0.31093726718750003 0.575 0.31406273281249997 0.5781248171875 0.3156248453125 0.5781248171875 0.317187578125 0.579687225 0.32031242187500003 0.579687225 0.3218751546875 0.5812496328125001 0.3234372671875 0.5812496328125001 0.325 0.5828127750000001 0.32812484531249997 0.5828127750000001 0.329687578125 0.5812496328125001 0.3312503109375 0.5812496328125001 0.33281242187500004 0.579687225 0.3359372671875 0.579687225 0.3406248453125 0.575 0.342187578125 0.575 0.3437503109375 0.5734375921875 0.345312421875 0.5734375921875 0.3468751546875 0.5718751828124999 0.3484372671875 0.5718751828124999 0.3515627328125 0.5687503671874999 0.3531248453125 0.5687503671874999 0.35468757812499996 0.567187225 0.35937515468750003 0.567187225 0.3609372671875 0.5656248171875 0.3609372671875 0.5640624078124999 0.3625 0.5625 0.3640627328125 0.5625 0.37343726718750003 0.5531248171875001 0.37343726718750003 0.5375 0.375 0.5359375921875 0.375 0.532812775 0.3781248453125 0.529687225 0.3781248453125 0.5281248171875 0.379687578125 0.5265624078125 0.379687578125 0.5218751828125 0.3812503109375 0.5203127750000001 0.3812503109375 0.5187496328125001 0.38281242187500003 0.517187225 0.3843751546875 0.517187225 0.3859372671875 0.5156248171875 0.3859372671875 0.5140624078125 0.39062484531249997 0.5093751828124999 0.39062484531249997 0.467187225 0.3890627328125 0.46562481718750004 0.3890627328125 0.46406240781249997 0.3875 0.4625 0.3875 0.4609375921875 0.3859372671875 0.4593751828125 0.3859372671875 0.45624963281250003 0.3812503109375 0.45156240781249996 0.379687578125 0.45156240781249996 0.3781248453125 0.45 0.37656273281249997 0.45 0.375 0.4484375921875 0.37343726718750003 0.4484375921875 0.370312421875 0.445312775 0.3687503109375 0.445312775 0.36718757812499997 0.44375036718749994 0.3640627328125 0.44375036718749994 0.3625 0.44218722499999996 0.3609372671875 0.44218722499999996 0.35937515468750003 0.4406248171875 0.357812421875 0.4406248171875 0.35625031093750004 0.43906240781249994 0.35468757812499996 0.43906240781249994 0.3531248453125 0.4375 0.3515627328125 0.4375 0.35 0.43593759218750006 0.3484372671875 0.43593759218750006 0.3468751546875 0.4343751828125 0.345312421875 0.4343751828125 0.3437503109375 0.43281277500000004 0.342187578125 0.43281277500000004 0.3406248453125 0.43124963281250006 0.3390627328125 0.43124963281250006 0.3375 0.429687225 0.3375 0.4281248171875 0.3312503109375 0.42187518281249997 0.3218751546875 0.42187518281249997 0.32031242187500003 0.42343759218750004 0.3187503109375 0.42343759218750004 0.317187578125 0.425 0.3156248453125 0.425
36 0.6609372671875 0.279687225 0.6593751546875 0.2812503671875 0.657812421875 0.2812503671875 0.6515627328125 0.2875 0.65 0.2875 0.6484372671874999 0.28906240781250003 0.6468751546875 0.28906240781250003 0.6421875781249999 0.2937496328125 0.6406248453125001 0.2937496328125 0.6359372671875 0.2984375921875 0.6343751546874999 0.2984375921875 0.6312503109375001 0.3015624078125 0.629687578125 0.3015624078125 0.629687578125 0.3031248171875 0.6281248453125 0.304687225 0.6265627328125001 0.304687225 0.625 0.3062496328125 0.6218751546875 0.3062496328125 0.6156248453125001 0.3125 0.6156248453125001 0.3718751828125 0.6187503109375 0.375 0.6187503109375 0.3765624078125 0.620312421875 0.3781248171875 0.620312421875 0.37968722499999996 0.6218751546875 0.37968722499999996 0.6234372671874999 0.3812503671875 0.6234372671874999 0.382812775 0.625 0.3843751828125 0.625 0.404687225 0.6265627328125001 0.40625036718749996 0.6265627328125001 0.407812775 0.629687578125 0.41093759218750003 0.629687578125 0.4125 0.6312503109375001 0.4140624078125 0.6312503109375001 0.4156248171875 0.632812421875 0.417187225 0.6343751546874999 0.417187225 0.6406248453125001 0.42343759218750004 0.645312421875 0.42343759218750004 0.6515627328125 0.429687225 0.6531248453125 0.429687225 0.654687578125 0.43124963281250006 0.6562503109375 0.43124963281250006 0.6593751546875 0.4343751828125 0.6609372671875 0.4343751828125 0.6625 0.43593759218750006 0.6640627328125001 0.43593759218750006 0.6656248453125 0.4375 0.667187578125 0.4375 0.6687503109375 0.43906240781249994 0.6687503109375 0.4406248171875 0.6703124218750001 0.4406248171875 0.6718751546874999 0.44218722499999996 0.6781248453125001 0.44218722499999996 0.679687578125 0.4406248171875 0.6812503109375 0.4406248171875 0.6843751546875 0.4375 0.6859372671874999 0.4375 0.6890627328125001 0.4343751828125 0.6906248453125 0.4343751828125 0.695312421875 0.429687225 0.6968751546874999 0.429687225 0.6984372671875 0.4281248171875 0.7 0.4281248171875 0.7046875781249999 0.42343759218750004 0.7062503109375 0.42343759218750004 0.707812421875 0.42187518281249997 0.7093751546875 0.42187518281249997 0.7140627328125 0.417187225 0.717187578125 0.417187225 0.7187503109375 0.4156248171875 0.7218751546875 0.4156248171875 0.7218751546875 0.4140624078125 0.7234372671875 0.4125 0.725 0.4125 0.7265627328125001 0.41093759218750003 0.7281248453125 0.41093759218750003 0.7359372671875 0.40312481718750004 0.7359372671875 0.40156240781249997 0.7375 0.4 0.7375 0.3968751828125 0.7390627328125 0.395312775 0.7390627328125 0.320312775 0.7375 0.3187496328125 0.7375 0.31718722499999996 0.7359372671875 0.3156248171875 0.7359372671875 0.3125 0.729687578125 0.3062496328125 0.7265627328125001 0.3062496328125 0.720312421875 0.3 0.7187503109375 0.3 0.717187578125 0.2984375921875 0.7156248453125 0.2984375921875 0.7109372671874999 0.2937496328125 0.707812421875 0.2937496328125 0.7015627328125 0.2875 0.6984372671875 0.2875 0.6968751546874999 0.2859375921875 0.695312421875 0.2859375921875 0.6906248453125 0.2812503671875 0.6890627328125001 0.2812503671875 0.6843751546875 0.2765624078125 0.682812421875 0.2765624078125 0.6812503109375 0.275 0.6687503109375 0.275 0.667187578125 0.2765624078125 0.6656248453125 0.2765624078125 0.6625 0.279687225 0.6609372671875 0.279687225
37 0.5765627328125 0.4375 0.575 0.43906240781249994 0.5718751546874999 0.43906240781249994 0.570312421875 0.4406248171875 0.5687503109375001 0.4406248171875 0.567187578125 0.44218722499999996 0.5640627328125001 0.44218722499999996 0.5625 0.44375036718749994 0.5593751546875 0.44375036718749994 0.5531248453125001 0.45 0.5515627328125 0.45 0.55 0.45156240781249996 0.5484372671875 0.45156240781249996 0.5437503109375 0.45624963281250003 0.5437503109375 0.4609375921875 0.542187578125 0.4625 0.542187578125 0.5093751828124999 0.5437503109375 0.5109375921875 0.5437503109375 0.5140624078125 0.55 0.5203127750000001 0.55 0.5234375921875001 0.5515627328125 0.525 0.5515627328125 0.5265624078125 0.5531248453125001 0.5281248171875 0.5531248453125001 0.529687225 0.554687578125 0.5312503671875 0.554687578125 0.5343751828125 0.5562503109375 0.5359375921875 0.5562503109375 0.5468751828125 0.557812421875 0.5484375921875 0.557812421875 0.55 0.5625 0.554687225 0.5656248453125 0.554687225 0.5687503109375001 0.557812775 0.5687503109375001 0.5593751828125 0.570312421875 0.5609375921875001 0.5765627328125 0.5609375921875001 0.5781248453125001 0.5625 0.5796875781249999 0.5625 0.5812503109375 0.5640624078124999 0.5812503109375 0.5656248171875 0.582812421875 0.5656248171875 0.5843751546875 0.567187225 0.5859372671874999 0.567187225 0.5875 0.5687503671874999 0.5890627328125 0.5687503671874999 0.592187578125 0.5718751828124999 0.5937503109375 0.5718751828124999 0.595312421875 0.5734375921875 0.5968751546875 0.5734375921875 0.6 0.5765624078125 0.6 0.5781248171875 0.6015627328125001 0.5781248171875 0.6031248453125 0.579687225 0.6125 0.579687225 0.6140627328125 0.5781248171875 0.6156248453125001 0.5781248171875 0.620312421875 0.5734375921875 0.625 0.5734375921875 0.6265627328125001 0.5718751828124999 0.6281248453125 0.5718751828124999 0.6312503109375001 0.5687503671874999 0.632812421875 0.5687503671874999 0.6343751546874999 0.567187225 0.6390627328125 0.567187225 0.645312421875 0.5609375921875001 0.6468751546875 0.5609375921875001 0.6484372671874999 0.5593751828125 0.6484372671874999 0.557812775 0.654687578125 0.5515624078125 0.654687578125 0.5281248171875 0.6562503109375 0.5265624078125 0.6562503109375 0.525 0.6593751546875 0.5218751828125 0.6593751546875 0.5203127750000001 0.6609372671875 0.5187496328125001 0.6609372671875 0.517187225 0.667187578125 0.5109375921875 0.667187578125 0.5062503671874999 0.6687503109375 0.504687225 0.6687503109375 0.475 0.667187578125 0.47343759218750003 0.667187578125 0.457812775 0.6593751546875 0.45 0.6562503109375 0.45 0.654687578125 0.4484375921875 0.6531248453125 0.4484375921875 0.65 0.445312775 0.6468751546875 0.445312775 0.645312421875 0.44375036718749994 0.6229726703125 0.4277665203125 0.592187578125 0.4265624078125 0.5859372671874999 0.43281277500000004 0.5843751546875 0.43281277500000004 0.5796875781249999 0.4375 0.5765627328125 0.4375
36 0.5125 0.5687503671874999 0.5109372671875 0.570312775 0.5093751546874999 0.570312775 0.504687578125 0.575 0.5031248453125 0.575 0.5015627328125001 0.5765624078125 0.5 0.5765624078125 0.5 0.5781248171875 0.4984372671875 0.579687225 0.4968751546875 0.579687225 0.495312421875 0.5812496328125001 0.4937503109375 0.5812496328125001 0.49062484531250006 0.5843751828125 0.4890627328125 0.5843751828125 0.48593726718749997 0.5875 0.4843751546875 0.5875 0.482812421875 0.5890624078125 0.48125031093750004 0.5890624078125 0.48125031093750004 0.5906248171875 0.47812484531250005 0.5937503671875 0.47656273281250006 0.5937503671875 0.470312421875 0.6 0.470312421875 0.6593751828125 0.475 0.6640624078124999 0.475 0.6671872249999999 0.47656273281250006 0.6687496328125 0.47656273281250006 0.670312775 0.47812484531250005 0.6718751828125 0.47968757812499996 0.6718751828125 0.48125031093750004 0.6734375921875 0.482812421875 0.6734375921875 0.4843751546875 0.675 0.48593726718749997 0.675 0.4875 0.6765624078125 0.4875 0.6781248171875001 0.4890627328125 0.679687225 0.49062484531250006 0.679687225 0.4937503109375 0.682812775 0.4937503109375 0.6859375921875001 0.495312421875 0.6875 0.495312421875 0.692187225 0.4984372671875 0.695312775 0.4984372671875 0.6968751828124999 0.5 0.6984375921875 0.5015627328125001 0.6984375921875 0.507812421875 0.704687225 0.5109372671875 0.704687225 0.5125 0.7062496328125001 0.5140627328125 0.7062496328125001 0.5171875781249999 0.7093751828125 0.5187503109375 0.7093751828125 0.520312421875 0.7109375921875001 0.5234372671874999 0.7109375921875001 0.525 0.7125 0.5265627328125 0.7125 0.5343751546875 0.720312775 0.5375 0.720312775 0.5390627328125001 0.7218751828125 0.542187578125 0.7187503671875 0.5437503109375 0.7187503671875 0.5453124218750001 0.717187225 0.5484372671875 0.717187225 0.55 0.7156248171875 0.5515627328125 0.7156248171875 0.5531248453125001 0.7140624078125 0.554687578125 0.7140624078125 0.557812421875 0.7109375921875001 0.5625 0.7109375921875001 0.5640627328125001 0.7093751828125 0.5656248453125 0.7093751828125 0.570312421875 0.704687225 0.5718751546874999 0.704687225 0.5734372671875 0.7031248171875 0.5734372671875 0.7 0.575 0.6984375921875 0.575 0.692187225 0.5765627328125 0.6906248171875 0.575 0.6890624078124999 0.575 0.6765624078125 0.5765627328125 0.675 0.5765627328125 0.6734375921875 0.5781248453125001 0.6718751828125 0.5781248453125001 0.6687496328125 0.5796875781249999 0.6671872249999999 0.5796875781249999 0.6593751828125 0.5906248453125 0.6484375921875001 0.592187578125 0.6484375921875001 0.592187578125 0.6468751828125 0.5937503109375 0.6453127750000001 0.5937503109375 0.5968751828125 0.5906248453125 0.5937503671875 0.5890627328125 0.5937503671875 0.582812421875 0.5875 0.5765627328125 0.5875 0.570312421875 0.5812496328125001 0.567187578125 0.5812496328125001 0.5656248453125 0.579687225 0.5640627328125001 0.579687225 0.5609372671874999 0.5765624078125 0.5593751546875 0.5765624078125 0.557812421875 0.575 0.5562503109375 0.575 0.55 0.5687503671874999 0.5484372671875 0.5687503671874999 0.5468751546874999 0.567187225 0.5281248453125 0.567187225 0.5265627328125 0.5656248171875 0.520312421875 0.5656248171875 0.5187503109375 0.567187225 0.5156248453125001 0.567187225 0.5140627328125 0.5687503671874999 0.5125 0.5687503671874999
35 0.3625 0.575 0.357812421875 0.579687225 0.35625031093750004 0.579687225 0.35468757812499996 0.5812496328125001 0.3531248453125 0.5812496328125001 0.3468751546875 0.5875 0.345312421875 0.5875 0.3390627328125 0.5937503671875 0.3375 0.5937503671875 0.3343751546875 0.5968751828125 0.3343751546875 0.6875 0.3390627328125 0.692187225 0.3406248453125 0.692187225 0.3437503109375 0.695312775 0.3437503109375 0.6968751828124999 0.345312421875 0.6984375921875 0.35 0.6984375921875 0.3515627328125 0.7 0.3531248453125 0.7 0.357812421875 0.704687225 0.35937515468750003 0.704687225 0.3640627328125 0.7093751828125 0.3656248453125 0.7093751828125 0.36718757812499997 0.7109375921875001 0.3718751546875 0.7109375921875001 0.3781248453125 0.717187225 0.379687578125 0.717187225 0.3843751546875 0.7218751828125 0.3859372671875 0.7218751828125 0.3875 0.7234375921875 0.39062484531249997 0.7234375921875 0.392187578125 0.725 0.3984372671875 0.725 0.4 0.7234375921875 0.40312484531250004 0.7234375921875 0.404687578125 0.7218751828125 0.4062503109375 0.7218751828125 0.41093726718749995 0.717187225 0.4125 0.717187225 0.41406273281250006 0.7156248171875 0.41562484531250005 0.7156248171875 0.420312421875 0.7109375921875001 0.425 0.7109375921875001 0.4265627328125 0.7093751828125 0.42812484531250006 0.7093751828125 0.4359372671875 0.7015624078125 0.4359372671875 0.6968751828124999 0.4375 0.695312775 0.4375 0.6906248171875 0.4359372671875 0.6890624078124999 0.4359372671875 0.6718751828125 0.4375 0.670312775 0.4375 0.6687496328125 0.4406248453125 0.6656248171875 0.4406248453125 0.6625 0.442187578125 0.6609375921875 0.442187578125 0.657812775 0.44531242187500003 0.654687225 0.44687515468749994 0.654687225 0.4484372671875 0.6531248171875 0.45 0.6531248171875 0.45 0.6515624078125 0.45156273281250003 0.65 0.4531248453125 0.65 0.45937515468749995 0.6437496328125001 0.45937515468749995 0.6046872249999999 0.45781242187500004 0.6031248171875 0.45781242187500004 0.6015624078124999 0.4562503109375 0.6 0.4562503109375 0.5968751828125 0.4531248453125 0.5937503671875 0.45156273281250003 0.5937503671875 0.4484372671875 0.5906248171875 0.4484372671875 0.5890624078125 0.44687515468749994 0.5890624078125 0.44531242187500003 0.5875 0.4406248453125 0.5875 0.4390627328125 0.5859375921875001 0.4375 0.5859375921875001 0.4359372671875 0.5843751828125 0.4359372671875 0.5828127750000001 0.4343751546875 0.5828127750000001 0.432812421875 0.5812496328125001 0.4312503109375 0.5812496328125001 0.42968757812499997 0.579687225 0.42812484531250006 0.579687225 0.425 0.5765624078125 0.42343726718749997 0.5765624078125 0.4218751546875 0.575 0.420312421875 0.575 0.41562484531250005 0.570312775 0.41406273281250006 0.570312775 0.4125 0.5687503671874999 0.41093726718749995 0.5687503671874999 0.40937515468749996 0.567187225 0.379687578125 0.567187225 0.3781248453125 0.5687503671874999 0.3718751546875 0.5687503671874999 0.3656248453125 0.575 0.3625 0.575
37 0.48053229843749995 0.3249955953125 0.47584472031249997 0.32968281875 0.47584472031249997 0.40312041093750006 0.482094409375 0.40937004374999997 0.485219875 0.40937004374999997 0.4883447203125 0.4124955953125 0.4883447203125 0.41405800312499996 0.48990683281249997 0.4156204109375 0.49303229843749996 0.4156204109375 0.494594409375 0.41718281875 0.49771987500000003 0.41718281875 0.5024068328125 0.42187004375 0.5055322984374999 0.42187004375 0.5086571421875 0.42499559531250003 0.510219875 0.42499559531250003 0.5117819875 0.426558003125 0.5133447203125 0.426558003125 0.5149068328124999 0.42812041093750003 0.516469565625 0.42812041093750003 0.5211571421875 0.43280763593750005 0.5227198750000001 0.43280763593750005 0.5242819875 0.43437004375 0.5274068328125 0.43437004375 0.528969565625 0.43593245156249993 0.5305322984374999 0.43593245156249993 0.532094409375 0.43749559531250004 0.5430322984375 0.43749559531250004 0.5461571421875 0.43437004375 0.5508447203125 0.43437004375 0.5524068328125 0.43280763593750005 0.553969565625 0.43280763593750005 0.5586571421875 0.42812041093750003 0.5633447203124999 0.42812041093750003 0.5649068328125 0.426558003125 0.5664695656250001 0.426558003125 0.5711571421875 0.42187004375 0.572719875 0.42187004375 0.5742819875 0.42030763593750003 0.5758447203125 0.42030763593750003 0.5805322984375 0.4156204109375 0.5805322984375 0.41405800312499996 0.582094409375 0.4124955953125 0.582094409375 0.40937004374999997 0.5836571421875 0.4078076359375 0.5836571421875 0.40624522812499997 0.5852198750000001 0.40468281875 0.5852198750000001 0.3999955953125 0.5867819875 0.3984324515625 0.5867819875 0.381245228125 0.5930322984374999 0.37499559531250004 0.5930322984374999 0.3703076359375 0.594594409375 0.368745228125 0.594594409375 0.36718281875000003 0.5961571421875 0.3656204109375 0.5961571421875 0.3203076359375 0.594594409375 0.318745228125 0.594594409375 0.314058003125 0.5930322984374999 0.31249559531250004 0.5930322984374999 0.3109324515625 0.591469565625 0.30937004375 0.591469565625 0.3078076359375 0.5899068328125 0.306245228125 0.5883447203125 0.306245228125 0.5867819875 0.30468281875000003 0.5852198750000001 0.30468281875000003 0.582094409375 0.301558003125 0.5805322984375 0.301558003125 0.5774068328124999 0.2984324515625 0.5742819875 0.2984324515625 0.572719875 0.29687004375 0.5664695656250001 0.29687004375 0.5649068328125 0.2953076359375 0.5586571421875 0.2953076359375 0.5383652171875 0.277345815625 0.5211571421875 0.29218281875 0.4883447203125 0.314058003125 0.4836571421875 0.318745228125 0.4836571421875 0.3203076359375 0.48053229843749995 0.3234324515625 0.48053229843749995 0.3249955953125
17 0.44531242187500003 0.43124963281250006 0.4437503109375 0.43124963281250006 0.4390627328125 0.43593759218750006 0.4375 0.43593759218750006 0.4359372671875 0.4375 0.432812421875 0.4375 0.42812484531250006 0.44218722499999996 0.4265627328125 0.44218722499999996 0.425 0.44375036718749994 0.42343726718749997 0.44375036718749994 0.4218751546875 0.445312775 0.420312421875 0.445312775 0.41562484531250005 0.45 0.41406273281250006 0.45 0.404687578125 0.4593751828125 0.404687578125 0.5125 0.4062503109375 0.5140624078125 0.4062503109375 0.5156248171875 0.407812421875 0.517187225 0.40937515468749996 0.517187225 0.4125 0.5203127750000001 0.4125 0.5234375921875001 0.41406273281250006 0.525 0.41406273281250006 0.5281248171875 0.41718757812499996 0.5312503671875 0.41718757812499996 0.5359375921875 0.41875031093750004 0.5375 0.41875031093750004 0.5484375921875 0.420312421875 0.55 0.420312421875 0.5515624078125 0.4218751546875 0.5531248171875001 0.42343726718749997 0.5531248171875001 0.425 0.554687225 0.4265627328125 0.554687225 0.432812421875 0.5609375921875001 0.4390627328125 0.5609375921875001 0.4406248453125 0.5625 0.442187578125 0.5625 0.44531242187500003 0.5656248171875 0.45 0.5656248171875 0.45156273281250003 0.567187225 0.4531248453125 0.567187225 0.45937515468749995 0.5734375921875 0.46093726718749994 0.5734375921875 0.46406273281250005 0.5765624078125 0.46406273281250005 0.5781248171875 0.475 0.5781248171875 0.47968757812499996 0.5734375921875 0.48125031093750004 0.5734375921875 0.482812421875 0.5718751828124999 0.48593726718749997 0.5718751828124999 0.4875 0.570312775 0.4890627328125 0.570312775 0.49062484531250006 0.5687503671874999 0.49218757812499997 0.5687503671874999 0.4937503109375 0.567187225 0.4968751546875 0.567187225 0.4984372671875 0.5656248171875 0.5 0.5656248171875 0.5031248453125 0.5625 0.504687578125 0.5625 0.5062503109375001 0.5609375921875001 0.507812421875 0.5609375921875001 0.5109372671875 0.557812775 0.5109372671875 0.554687225 0.5125 0.5531248171875001 0.5125 0.5468751828125 0.5140627328125 0.545312775 0.5140627328125 0.5437496328125 0.5156248453125001 0.5421872249999999 0.5156248453125001 0.5406248171875 0.5171875781249999 0.5390624078124999 0.5171875781249999 0.5265624078125 0.5187503109375 0.525 0.5187503109375 0.5234375921875001 0.5234372671874999 0.5187496328125001 0.5234372671874999 0.517187225 0.525 0.5156248171875 0.525 0.5140624078125 0.529687578125 0.5093751828124999 0.529687578125 0.457812775 0.5218751546875 0.45 0.520312421875 0.45 0.5156248453125001 0.445312775 0.5140627328125 0.445312775 0.5125 0.44375036718749994 0.5093751546874999 0.44375036718749994 0.507812421875 0.44218722499999996 0.5062503109375001 0.44218722499999996 0.5015627328125001 0.4375 0.4984372671875 0.4375 0.4968751546875 0.43593759218750006 0.495312421875 0.43593759218750006 0.49218757812499997 0.43281277500000004 0.4890627328125 0.43281277500000004 0.4875 0.43124963281250006 0.48593726718749997 0.43124963281250006 0.47812484531250005 0.42343759218750004 0.47656273281250006 0.42343759218750004 0.47343726718749995 0.420312775 0.4562503109375 0.420312775 0.4562503109375 0.42187518281249997 0.454687578125 0.42343759218750004 0.4531248453125 0.42343759218750004 0.44531242187500003 0.43124963281250006
35 0.6406248453125001 0.575 0.6343751546874999 0.5812496328125001 0.632812421875 0.5812496328125001 0.6281248453125 0.5859375921875001 0.6265627328125001 0.5859375921875001 0.625 0.5875 0.6218751546875 0.5875 0.6140627328125 0.595312775 0.6140627328125 0.6656248171875 0.6187503109375 0.670312775 0.6187503109375 0.6718751828125 0.620312421875 0.6734375921875 0.6218751546875 0.6734375921875 0.6312503109375001 0.682812775 0.6312503109375001 0.6875 0.632812421875 0.6890624078124999 0.632812421875 0.692187225 0.6343751546874999 0.6937496328125 0.6343751546874999 0.695312775 0.6359372671875 0.6968751828124999 0.6359372671875 0.6984375921875 0.6375 0.7 0.6375 0.7031248171875 0.6406248453125001 0.7062496328125001 0.6421875781249999 0.7062496328125001 0.6437503109375 0.7078127750000001 0.6437503109375 0.7093751828125 0.645312421875 0.7093751828125 0.6468751546875 0.7109375921875001 0.6484372671874999 0.7109375921875001 0.6515627328125 0.7140624078125 0.6515627328125 0.7156248171875 0.654687578125 0.7156248171875 0.6562503109375 0.717187225 0.6593751546875 0.717187225 0.6609372671875 0.7187503671875 0.6625 0.7187503671875 0.667187578125 0.7234375921875 0.6687503109375 0.7234375921875 0.6703124218750001 0.725 0.6718751546874999 0.725 0.6734372671875 0.7265624078124999 0.6781248453125001 0.7265624078124999 0.679687578125 0.725 0.6812503109375 0.725 0.682812421875 0.7234375921875 0.6843751546875 0.7234375921875 0.6859372671874999 0.7218751828125 0.6875 0.7218751828125 0.6875 0.720312775 0.6890627328125001 0.7187503671875 0.6906248453125 0.7187503671875 0.692187578125 0.717187225 0.695312421875 0.717187225 0.7015627328125 0.7109375921875001 0.7046875781249999 0.7109375921875001 0.7062503109375 0.7093751828125 0.707812421875 0.7093751828125 0.7109372671874999 0.7062496328125001 0.7125 0.7062496328125001 0.7140627328125 0.704687225 0.7156248453125 0.704687225 0.717187578125 0.7031248171875 0.717187578125 0.7 0.7218751546875 0.695312775 0.7218751546875 0.692187225 0.7234372671875 0.6906248171875 0.7234372671875 0.6687496328125 0.725 0.6671872249999999 0.725 0.6656248171875 0.729687578125 0.6609375921875 0.729687578125 0.657812775 0.7343751546874999 0.6531248171875 0.7343751546874999 0.6 0.7328124218750001 0.5984375921875 0.7328124218750001 0.5968751828125 0.7312503109375 0.595312775 0.729687578125 0.595312775 0.7281248453125 0.5937503671875 0.7265627328125001 0.5937503671875 0.7234372671875 0.5906248171875 0.7234372671875 0.5890624078125 0.7218751546875 0.5875 0.717187578125 0.5875 0.7156248453125 0.5859375921875001 0.7140627328125 0.5859375921875001 0.7093751546875 0.5812496328125001 0.7062503109375 0.5812496328125001 0.7046875781249999 0.579687225 0.7031248453125001 0.579687225 0.7015627328125 0.5781248171875 0.7 0.5781248171875 0.6968751546874999 0.575 0.695312421875 0.575 0.6890627328125001 0.5687503671874999 0.6515627328125 0.5687503671874999 0.65 0.570312775 0.6484372671874999 0.570312775 0.6437503109375 0.575 0.6406248453125001 0.575
17 0.375 0.282812775 0.375 0.28437518281249996 0.37343726718750003 0.2859375921875 0.3718751546875 0.2859375921875 0.370312421875 0.2875 0.3687503109375 0.2875 0.3640627328125 0.292187225 0.3625 0.292187225 0.3609372671875 0.2937496328125 0.35937515468750003 0.2937496328125 0.357812421875 0.295312775 0.35625031093750004 0.295312775 0.35625031093750004 0.29687518281249997 0.3515627328125 0.3015624078125 0.3515627328125 0.3031248171875 0.35 0.304687225 0.35 0.3156248171875 0.3437503109375 0.3218751828125 0.3437503109375 0.3234375921875 0.342187578125 0.325 0.3406248453125 0.325 0.3343751546875 0.3312496328125 0.3343751546875 0.404687225 0.3375 0.407812775 0.3375 0.40937518281249996 0.3390627328125 0.40937518281249996 0.3406248453125 0.41093759218750003 0.345312421875 0.41093759218750003 0.3515627328125 0.417187225 0.35625031093750004 0.417187225 0.357812421875 0.41874963281250005 0.35937515468750003 0.41874963281250005 0.3640627328125 0.42343759218750004 0.3656248453125 0.42343759218750004 0.370312421875 0.4281248171875 0.3718751546875 0.4281248171875 0.37343726718750003 0.429687225 0.37656273281249997 0.429687225 0.38281242187500003 0.43593759218750006 0.3875 0.43593759218750006 0.3890627328125 0.4375 0.404687578125 0.4375 0.4062503109375 0.43593759218750006 0.407812421875 0.43593759218750006 0.40937515468749996 0.4343751828125 0.41093726718749995 0.4343751828125 0.41093726718749995 0.43281277500000004 0.4125 0.43124963281250006 0.41406273281250006 0.43124963281250006 0.41562484531250005 0.429687225 0.41875031093750004 0.429687225 0.420312421875 0.4281248171875 0.4218751546875 0.4281248171875 0.4218751546875 0.4265624078125 0.42343726718749997 0.425 0.425 0.425 0.4265627328125 0.42343759218750004 0.42812484531250006 0.42343759218750004 0.42968757812499997 0.42187518281249997 0.4312503109375 0.42187518281249997 0.4343751546875 0.41874963281250005 0.4359372671875 0.41874963281250005 0.4375 0.417187225 0.4406248453125 0.417187225 0.44687515468749994 0.41093759218750003 0.45156273281250003 0.41093759218750003 0.454687578125 0.407812775 0.454687578125 0.40625036718749996 0.45781242187500004 0.40312481718750004 0.45781242187500004 0.3375 0.4562503109375 0.33593759218749997 0.4562503109375 0.3343751828125 0.454687578125 0.332812775 0.454687578125 0.3312496328125 0.4437503109375 0.320312775 0.4437503109375 0.3187496328125 0.442187578125 0.31718722499999996 0.442187578125 0.3031248171875 0.4343751546875 0.295312775 0.432812421875 0.295312775 0.4312503109375 0.2937496328125 0.42968757812499997 0.2937496328125 0.4265627328125 0.2906248171875 0.425 0.2906248171875 0.4218751546875 0.2875 0.420312421875 0.2875 0.41875031093750004 0.2859375921875 0.41718757812499996 0.2859375921875 0.41093726718749995 0.279687225 0.40937515468749996 0.279687225 0.4062503109375 0.2765624078125 0.3843751546875 0.2765624078125 0.379687578125 0.2812503671875 0.3781248453125 0.2812503671875 0.37656273281249997 0.282812775 0.375 0.282812775
35 0.5843751546875 0.1375 0.5781248453125001 0.1437496328125 0.5765627328125 0.1437496328125 0.575 0.145312775 0.5734372671875 0.145312775 0.570312421875 0.1484375921875 0.5687503109375001 0.1484375921875 0.567187578125 0.15 0.5640627328125001 0.15 0.5625 0.15156240781250002 0.5625 0.15312481718749998 0.5593751546875 0.15625036718750002 0.5593751546875 0.157812775 0.557812421875 0.15937518281250002 0.557812421875 0.16093759218749998 0.5562503109375 0.1625 0.5562503109375 0.1718751828125 0.554687578125 0.1734375921875 0.554687578125 0.175 0.55 0.179687225 0.55 0.1812496328125 0.5484372671875 0.18281277499999998 0.5484372671875 0.1843751828125 0.5437503109375 0.1890624078125 0.5437503109375 0.2609375921875 0.5453124218750001 0.2625 0.5468751546874999 0.2625 0.5484372671875 0.2640624078125 0.5484372671875 0.26562481718750003 0.55 0.26562481718750003 0.5515627328125 0.267187225 0.5531248453125001 0.267187225 0.5562503109375 0.270312775 0.5562503109375 0.2718751828125 0.557812421875 0.27343759218749997 0.5609372671874999 0.27343759218749997 0.5625 0.275 0.5640627328125001 0.275 0.567187578125 0.27812481718750004 0.5687503109375001 0.27812481718750004 0.570312421875 0.279687225 0.5718751546874999 0.279687225 0.5781248453125001 0.2859375921875 0.582812421875 0.2859375921875 0.5890627328125 0.292187225 0.5906248453125 0.292187225 0.5968751546875 0.2984375921875 0.6093751546874999 0.2984375921875 0.6109372671875 0.29687518281249997 0.6125 0.29687518281249997 0.617187578125 0.292187225 0.6187503109375 0.292187225 0.6234372671874999 0.2875 0.625 0.2875 0.6265627328125001 0.2859375921875 0.629687578125 0.2859375921875 0.6312503109375001 0.28437518281249996 0.632812421875 0.28437518281249996 0.6359372671875 0.2812503671875 0.6375 0.2812503671875 0.6390627328125 0.279687225 0.6406248453125001 0.279687225 0.645312421875 0.275 0.6468751546875 0.275 0.6484372671874999 0.27343759218749997 0.6531248453125 0.27343759218749997 0.6593751546875 0.267187225 0.6625 0.267187225 0.6640627328125001 0.26562481718750003 0.6656248453125 0.26562481718750003 0.667187578125 0.2640624078125 0.667187578125 0.2609375921875 0.6687503109375 0.2593751828125 0.6687503109375 0.2406248171875 0.667187578125 0.23906240781250002 0.667187578125 0.170312775 0.6625 0.1656248171875 0.6625 0.1640624078125 0.6609372671875 0.1640624078125 0.6593751546875 0.1625 0.657812421875 0.1625 0.654687578125 0.15937518281250002 0.654687578125 0.157812775 0.6531248453125 0.157812775 0.6515627328125 0.15625036718750002 0.65 0.15625036718750002 0.645312421875 0.15156240781250002 0.6437503109375 0.15156240781250002 0.6421875781249999 0.15 0.6390627328125 0.15 0.632812421875 0.1437496328125 0.6312503109375001 0.1437496328125 0.629687578125 0.142187225 0.6281248453125 0.142187225 0.625 0.1390624078125 0.6234372671874999 0.1390624078125 0.6218751546875 0.1375 0.620312421875 0.1375 0.6140627328125 0.1312496328125 0.5937503109375 0.1312496328125 0.5890627328125 0.13593759218749998 0.5875 0.13593759218749998 0.5859372671874999 0.1375 0.5843751546875 0.1375
11 0.37343726718750003 0.357812775 0.37343726718750003 0.417187225 0.4218751546875 0.417187225 0.4218751546875 0.357812775 0.37343726718750003 0.357812775
17 0.4312503109375 0.717187225 0.42968757812499997 0.7187503671875 0.42812484531250006 0.7187503671875 0.4265627328125 0.720312775 0.425 0.720312775 0.425 0.7218751828125 0.4218751546875 0.725 0.420312421875 0.725 0.41875031093750004 0.7265624078124999 0.41718757812499996 0.7265624078124999 0.41718757812499996 0.7281248171875 0.41562484531250005 0.7296872249999999 0.41406273281250006 0.7296872249999999 0.4125 0.7312496328125 0.41093726718749995 0.7312496328125 0.40937515468749996 0.732812775 0.407812421875 0.732812775 0.4062503109375 0.7343751828125 0.4062503109375 0.7359375921875 0.404687578125 0.7375 0.404687578125 0.8312496328125001 0.40937515468749996 0.8359375921875 0.41406273281250006 0.8359375921875 0.420312421875 0.842187225 0.4218751546875 0.842187225 0.4265627328125 0.8468751828125001 0.42812484531250006 0.8468751828125001 0.42968757812499997 0.8484375921874999 0.432812421875 0.8484375921874999 0.4343751546875 0.85 0.4359372671875 0.85 0.4375 0.8515624078125 0.4375 0.8531248171874999 0.4390627328125 0.8546872249999999 0.4406248453125 0.8546872249999999 0.44687515468749994 0.8609375921875 0.4484372671875 0.8609375921875 0.45 0.8625 0.45156273281250003 0.8625 0.454687578125 0.8656248171875 0.4562503109375 0.8656248171875 0.45781242187500004 0.867187225 0.45937515468749995 0.867187225 0.4625 0.870312775 0.47187515468749996 0.870312775 0.475 0.867187225 0.47656273281250006 0.867187225 0.4843751546875 0.8593751828125 0.48593726718749997 0.8593751828125 0.49062484531250006 0.8546872249999999 0.49218757812499997 0.8546872249999999 0.4937503109375 0.8531248171874999 0.495312421875 0.8531248171874999 0.4984372671875 0.85 0.5 0.85 0.5015627328125001 0.8484375921874999 0.5031248453125 0.8484375921874999 0.5093751546874999 0.842187225 0.5140627328125 0.842187225 0.520312421875 0.8359375921875 0.5218751546875 0.8359375921875 0.529687578125 0.8281248171875 0.529687578125 0.7406248171875001 0.5265627328125 0.7375 0.5218751546875 0.7375 0.5156248453125001 0.7312496328125 0.5140627328125 0.7312496328125 0.5093751546874999 0.7265624078124999 0.507812421875 0.7265624078124999 0.5062503109375001 0.725 0.5015627328125001 0.725 0.4984372671875 0.7218751828125 0.4984372671875 0.720312775 0.4968751546875 0.7187503671875 0.495312421875 0.7187503671875 0.4890627328125 0.7125 0.4875 0.7125 0.48593726718749997 0.7109375921875001 0.4437503109375 0.7109375921875001 0.442187578125 0.7125 0.4375 0.7125 0.432812421875 0.717187225 0.4312503109375 0.717187225
35 0.23906273281249998 0.2812503671875 0.2343751546875 0.2859375921875 0.232812421875 0.2859375921875 0.2312503109375 0.2875 0.2281248453125 0.2875 0.2265627328125 0.28906240781250003 0.225 0.28906240781250003 0.225 0.2906248171875 0.2234372671875 0.292187225 0.22187515468750002 0.292187225 0.22031242187500003 0.2937496328125 0.21875031093750003 0.2937496328125 0.21718757812499997 0.295312775 0.21562484531249998 0.295312775 0.2109372671875 0.3 0.2093751546875 0.3 0.20781242187500001 0.3015624078125 0.20625031093750001 0.3015624078125 0.20625031093750001 0.3031248171875 0.2031248453125 0.3062496328125 0.20156273281249998 0.3062496328125 0.2 0.30781277500000004 0.19843726718750002 0.30781277500000004 0.1937503109375 0.3125 0.1937503109375 0.40312481718750004 0.195312421875 0.404687225 0.1968751546875 0.404687225 0.2 0.407812775 0.2 0.40937518281249996 0.20156273281249998 0.41093759218750003 0.20781242187500001 0.41093759218750003 0.2140627328125 0.417187225 0.22031242187500003 0.417187225 0.22187515468750002 0.41874963281250005 0.2234372671875 0.41874963281250005 0.2265627328125 0.42187518281249997 0.2281248453125 0.42187518281249997 0.22968757812499999 0.42343759218750004 0.2343751546875 0.42343759218750004 0.23593726718750002 0.42187518281249997 0.23906273281249998 0.42187518281249997 0.24218757812499997 0.41874963281250005 0.24375031093750002 0.41874963281250005 0.24531242187500002 0.417187225 0.25 0.417187225 0.25156273281249997 0.4156248171875 0.2625 0.4156248171875 0.2640627328125 0.417187225 0.2859372671875 0.417187225 0.2875 0.4156248171875 0.2906248453125 0.4156248171875 0.29375031093750004 0.4125 0.295312421875 0.4125 0.29687515468750003 0.41093759218750003 0.3031248453125 0.41093759218750003 0.30468757812499997 0.40937518281249996 0.30468757812499997 0.407812775 0.307812421875 0.404687225 0.3093751546875 0.404687225 0.31093726718750003 0.40312481718750004 0.3125 0.40312481718750004 0.317187578125 0.39843759218749997 0.317187578125 0.3968751828125 0.3187503109375 0.395312775 0.3187503109375 0.392187225 0.32031242187500003 0.39062481718750003 0.32031242187500003 0.3343751828125 0.3187503109375 0.332812775 0.3187503109375 0.3312496328125 0.317187578125 0.329687225 0.317187578125 0.32812481718750003 0.30468757812499997 0.3156248171875 0.30468757812499997 0.30781277500000004 0.29687515468750003 0.3 0.295312421875 0.3 0.2890627328125 0.2937496328125 0.2843751546875 0.2937496328125 0.2781248453125 0.2875 0.275 0.2875 0.2734372671875 0.2859375921875 0.2718751546875 0.2859375921875 0.267187578125 0.2812503671875 0.26562484531249997 0.2812503671875 0.2625 0.27812481718750004 0.24531242187500002 0.27812481718750004 0.24375031093750002 0.279687225 0.24218757812499997 0.279687225 0.2406248453125 0.2812503671875 0.23906273281249998 0.2812503671875
33 0.520312421875 0.1375 0.5187503109375 0.1390624078125 0.5187503109375 0.142187225 0.5156248453125001 0.145312775 0.5156248453125001 0.179687225 0.5187503109375 0.179687225 0.520312421875 0.1812496328125 0.5218751546875 0.1812496328125 0.5234372671874999 0.18281277499999998 0.5484372671875 0.18281277499999998 0.5515627328125 0.179687225 0.5531248453125001 0.179687225 0.554687578125 0.1781248171875 0.554687578125 0.145312775 0.55 0.1406248171875 0.55 0.1390624078125 0.5437503109375 0.132812775 0.5437503109375 0.1312496328125 0.5265627328125 0.1312496328125 0.525 0.132812775 0.525 0.1343751828125 0.5218751546875 0.1375 0.520312421875 0.1375
7 0.7671875781249999 0.5562496328125001 0.770312421875 0.5531248171875001 0.770312421875 0.5062503671874999 0.7687503109375 0.504687225 0.7687503109375 0.5015624078124999 0.7671875781249999 0.5 0.720312421875 0.5 0.720312421875 0.5593751828125 0.7656248453125001 0.5593751828125 0.7671875781249999 0.557812775 0.7671875781249999 0.5562496328125001
33 0.23906273281249998 0.467187225 0.2718751546875 0.467187225 0.2734372671875 0.46562481718750004 0.2734372671875 0.4625 0.275 0.4609375921875 0.275 0.4593751828125 0.2765627328125 0.457812775 0.2765627328125 0.429687225 0.275 0.4281248171875 0.275 0.4265624078125 0.2734372671875 0.425 0.2734372671875 0.42187518281249997 0.2687503109375 0.417187225 0.24687515468750001 0.417187225 0.24375031093750002 0.420312775 0.24375031093750002 0.42187518281249997 0.23906273281249998 0.4265624078125 0.23906273281249998 0.467187225
14 0.49218757812499997 0.7875 0.442187578125 0.7875 0.442187578125 0.842187225 0.49062484531250006 0.842187225 0.49218757812499997 0.8406248171874999 0.49218757812499997 0.7875
16 0.6843751546875 0.417187225 0.6968751546874999 0.417187225 0.6984372671875 0.4156248171875 0.6984372671875 0.4125 0.7 0.41093759218750003 0.7 0.367187225 0.6984372671875 0.3656248171875 0.6984372671875 0.357812775 0.65 0.357812775 0.65 0.417187225 0.6812503109375 0.417187225 0.682812421875 0.41874963281250005 0.6843751546875 0.417187225
7 0.3531248453125 0.5 0.3015627328125 0.5 0.3015627328125 0.5593751828125 0.3515627328125 0.5593751828125 0.3531248453125 0.557812775 0.3531248453125 0.5
26 0.5 0.7234375921875 0.5031248453125 0.7234375921875 0.5062503109375001 0.7265624078124999 0.5062503109375001 0.7281248171875 0.507812421875 0.7296872249999999 0.5093751546874999 0.7296872249999999 0.5140627328125 0.7343751828125 0.5156248453125001 0.7343751828125 0.5171875781249999 0.7359375921875 0.5312503109375 0.7359375921875 0.5312503109375 0.720312775 0.5281248453125 0.717187225 0.5281248453125 0.7156248171875 0.5265627328125 0.7140624078125 0.525 0.7140624078125 0.5234372671874999 0.7125 0.5218751546875 0.7125 0.5156248453125001 0.7062496328125001 0.5140627328125 0.7062496328125001 0.5109372671875 0.7031248171875 0.5109372671875 0.7015624078125 0.4890627328125 0.7015624078125 0.4890627328125 0.7140624078125 0.49218757812499997 0.717187225 0.4937503109375 0.717187225 0.5 0.7234375921875
26 0.5625 0.5765624078125 0.5625 0.5781248171875 0.5640627328125001 0.579687225 0.567187578125 0.579687225 0.5687503109375001 0.5812496328125001 0.570312421875 0.5812496328125001 0.5734372671875 0.5843751828125 0.575 0.5843751828125 0.5765627328125 0.5859375921875001 0.5781248453125001 0.5859375921875001 0.5812503109375 0.5890624078125 0.5812503109375 0.5906248171875 0.582812421875 0.592187225 0.5875 0.592187225 0.5890627328125 0.5937503671875 0.5906248453125 0.5937503671875 0.592187578125 0.595312775 0.5984372671875 0.595312775 0.6015627328125001 0.592187225 0.6015627328125001 0.5828127750000001 0.6 0.5812496328125001 0.6 0.579687225 0.5984372671875 0.5781248171875 0.5984372671875 0.5765624078125 0.5968751546875 0.575 0.595312421875 0.575 0.592187578125 0.5718751828124999 0.592187578125 0.570312775 0.5906248453125 0.5687503671874999 0.5890627328125 0.5687503671874999 0.5843751546875 0.5640624078124999 0.582812421875 0.5640624078124999 0.5812503109375 0.5625 0.5781248453125001 0.5625 0.5718751546874999 0.5562496328125001 0.570312421875 0.5562496328125001 0.5687503109375001 0.554687225 0.5515627328125 0.554687225 0.5515627328125 0.567187225 0.557812421875 0.5734375921875 0.5593751546875 0.5734375921875 0.5625 0.5765624078125
13 0.6281248453125 0.5 0.5812503109375 0.5 0.5812503109375 0.5593751828125 0.629687578125 0.5593751828125 0.629687578125 0.5015624078124999 0.6281248453125 0.5
12 0.3156248453125 0.275 0.317187578125 0.275 0.3187503109375 0.27343759218749997 0.3343751546875 0.27343759218749997 0.3375 0.2765624078125 0.3484372671875 0.2765624078125 0.3515627328125 0.27343759218749997 0.3531248453125 0.27343759218749997 0.3531248453125 0.21718722499999998 0.3031248453125 0.21718722499999998 0.3031248453125 0.275 0.30468757812499997 0.2765624078125 0.31406273281249997 0.2765624078125 0.3156248453125 0.275
14 0.5609372671874999 0.357812775 0.5125 0.357812775 0.5125 0.417187225 0.5593751546875 0.417187225 0.5609372671874999 0.4156248171875 0.5609372671874999 0.357812775
31 0.3812503109375 0.517187225 0.3812503109375 0.5187496328125001 0.379687578125 0.5203127750000001 0.379687578125 0.5593751828125 0.3812503109375 0.5609375921875001 0.40937515468749996 0.5609375921875001 0.41562484531250005 0.554687225 0.41562484531250005 0.5234375921875001 0.41406273281250006 0.5234375921875001 0.4125 0.5218751828125 0.4125 0.5203127750000001 0.40312484531250004 0.5109375921875 0.3875 0.5109375921875 0.3843751546875 0.5140624078125 0.38281242187500003 0.5140624078125 0.38281242187500003 0.5156248171875 0.3812503109375 0.517187225
28 0.2640627328125 0.279687225 0.267187578125 0.279687225 0.2687503109375 0.2812503671875 0.27031242187500004 0.2812503671875 0.275 0.2859375921875 0.2781248453125 0.2859375921875 0.2812503109375 0.28906240781250003 0.2812503109375 0.2906248171875 0.282812421875 0.292187225 0.2843751546875 0.292187225 0.2906248453125 0.2984375921875 0.29687515468750003 0.2984375921875 0.2984372671875 0.3 0.3 0.3 0.3015627328125 0.3015624078125 0.3031248453125 0.3015624078125 0.30468757812499997 0.3 0.30468757812499997 0.282812775 0.3031248453125 0.2812503671875 0.3015627328125 0.2812503671875 0.2984372671875 0.27812481718750004 0.2984372671875 0.2765624078125 0.29687515468750003 0.275 0.29375031093750004 0.275 0.2906248453125 0.2718751828125 0.2890627328125 0.2718751828125 0.2859372671875 0.2687503671875 0.282812421875 0.2687503671875 0.279687578125 0.26562481718750003 0.279687578125 0.2640624078125 0.2781248453125 0.2625 0.2765627328125 0.2625 0.275 0.2609375921875 0.2593751546875 0.2609375921875 0.2593751546875 0.27343759218749997 0.2625 0.2765624078125 0.2625 0.27812481718750004 0.2640627328125 0.279687225
8 0.49218757812499997 0.5015624078124999 0.442187578125 0.5015624078124999 0.442187578125 0.557812775 0.4890627328125 0.557812775 0.49218757812499997 0.554687225 0.49218757812499997 0.5015624078124999
13 0.2125 0.5562496328125001 0.2125 0.5015624078124999 0.2109372671875 0.5 0.1640627328125 0.5 0.1640627328125 0.5593751828125 0.2109372671875 0.5593751828125 0.2109372671875 0.557812775 0.2125 0.5562496328125001
16 0.4218751546875 0.6437496328125001 0.420312421875 0.6437496328125001 0.41875031093750004 0.642187225 0.37343726718750003 0.642187225 0.37343726718750003 0.7015624078125 0.41875031093750004 0.7015624078125 0.4218751546875 0.6984375921875 0.4218751546875 0.6437496328125001
27 0.495312421875 0.275 0.4890627328125 0.2812503671875 0.4875 0.2812503671875 0.4875 0.3 0.49218757812499997 0.3 0.4937503109375 0.2984375921875 0.5 0.2984375921875 0.5015627328125001 0.29687518281249997 0.5031248453125 0.29687518281249997 0.507812421875 0.292187225 0.5093751546874999 0.292187225 0.5109372671875 0.2906248171875 0.5109372671875 0.28906240781250003 0.5140627328125 0.2859375921875 0.5156248453125001 0.2859375921875 0.5171875781249999 0.28437518281249996 0.5187503109375 0.28437518281249996 0.5234372671874999 0.279687225 0.5265627328125 0.279687225 0.529687578125 0.2765624078125 0.529687578125 0.275 0.5312503109375 0.27343759218749997 0.5312503109375 0.2625 0.5140627328125 0.2625 0.507812421875 0.2687503671875 0.5031248453125 0.2687503671875 0.4968751546875 0.275 0.495312421875 0.275
33 0.45 0.28437518281249996 0.44687515468749994 0.2875 0.44687515468749994 0.320312775 0.4484372671875 0.3218751828125 0.45 0.3218751828125 0.45156273281250003 0.3234375921875 0.48125031093750004 0.3234375921875 0.482812421875 0.3218751828125 0.4843751546875 0.3218751828125 0.4843751546875 0.28437518281249996 0.47968757812499996 0.279687225 0.47968757812499996 0.27812481718750004 0.47656273281250006 0.275 0.4531248453125 0.275 0.45156273281250003 0.2765624078125 0.45156273281250003 0.27812481718750004 0.45 0.279687225 0.45 0.28437518281249996
12 0.5609372671874999 0.7 0.5609372671874999 0.6453127750000001 0.557812421875 0.642187225 0.5125 0.642187225 0.5125 0.7031248171875 0.5593751546875 0.7031248171875 0.5593751546875 0.7015624078125 0.5609372671874999 0.7
31 0.5875 0.3765624078125 0.5875 0.37968722499999996 0.5859372671874999 0.3812503671875 0.5859372671874999 0.4140624078125 0.5890627328125 0.417187225 0.5906248453125 0.417187225 0.592187578125 0.41874963281250005 0.5937503109375 0.41874963281250005 0.595312421875 0.420312775 0.6156248453125001 0.420312775 0.617187578125 0.41874963281250005 0.6187503109375 0.41874963281250005 0.620312421875 0.417187225 0.6218751546875 0.417187225 0.6234372671874999 0.4156248171875 0.6234372671874999 0.3812503671875 0.6218751546875 0.37968722499999996 0.6218751546875 0.3781248171875 0.6125 0.3687496328125 0.5937503109375 0.3687496328125 0.5937503109375 0.3718751828125 0.5906248453125 0.375 0.5890627328125 0.375 0.5875 0.3765624078125
28 0.695312421875 0.5734375921875 0.6968751546874999 0.5734375921875 0.7015627328125 0.5781248171875 0.7031248453125001 0.5781248171875 0.7046875781249999 0.579687225 0.7093751546875 0.579687225 0.7125 0.5828127750000001 0.7125 0.5843751828125 0.7140627328125 0.5859375921875001 0.7156248453125 0.5859375921875001 0.720312421875 0.5906248171875 0.7218751546875 0.5906248171875 0.7234372671875 0.592187225 0.7281248453125 0.592187225 0.7312503109375 0.595312775 0.7375 0.595312775 0.742187578125 0.5906248171875 0.742187578125 0.5828127750000001 0.7343751546874999 0.575 0.7328124218750001 0.575 0.729687578125 0.5718751828124999 0.729687578125 0.570312775 0.7281248453125 0.5687503671874999 0.7265627328125001 0.5687503671874999 0.7234372671875 0.5656248171875 0.7234372671875 0.5640624078124999 0.7218751546875 0.5625 0.720312421875 0.5625 0.7156248453125 0.557812775 0.7140627328125 0.557812775 0.7125 0.5562496328125001 0.6906248453125 0.5562496328125001 0.6906248453125 0.567187225 0.6937503109375001 0.570312775 0.6937503109375001 0.5718751828124999 0.695312421875 0.5734375921875
15 0.282812421875 0.4156248171875 0.282812421875 0.357812775 0.2343751546875 0.357812775 0.2343751546875 0.417187225 0.279687578125 0.417187225 0.2812503109375 0.4156248171875 0.282812421875 0.4156248171875
27 0.3 0.40937518281249996 0.29687515468750003 0.4125 0.295312421875 0.4125 0.29375031093750004 0.4140624078125 0.29218757812499996 0.4140624078125 0.29218757812499996 0.4156248171875 0.2906248453125 0.417187225 0.2890627328125 0.417187225 0.2875 0.41874963281250005 0.282812421875 0.41874963281250005 0.2812503109375 0.420312775 0.2812503109375 0.42187518281249997 0.279687578125 0.42343759218750004 0.279687578125 0.44218722499999996 0.2890627328125 0.44218722499999996 0.295312421875 0.43593759218750006 0.29687515468750003 0.43593759218750006 0.3031248453125 0.429687225 0.3062503109375 0.429687225 0.307812421875 0.4281248171875 0.3093751546875 0.4281248171875 0.31406273281249997 0.42343759218750004 0.3156248453125 0.42343759218750004 0.317187578125 0.42187518281249997 0.317187578125 0.420312775 0.32031242187500003 0.417187225 0.3218751546875 0.417187225 0.3234372671875 0.4156248171875 0.3234372671875 0.404687225 0.30468757812499997 0.404687225 0.3031248453125 0.40625036718749996 0.3015627328125 0.40625036718749996 0.3 0.407812775 0.3 0.40937518281249996
34 0.3125 0.27812481718750004 0.31093726718750003 0.279687225 0.31093726718750003 0.2812503671875 0.307812421875 0.28437518281249996 0.307812421875 0.320312775 0.3093751546875 0.3218751828125 0.31093726718750003 0.3218751828125 0.3125 0.3234375921875 0.342187578125 0.3234375921875 0.3437503109375 0.3218751828125 0.345312421875 0.3218751828125 0.3468751546875 0.320312775 0.3468751546875 0.3187496328125 0.3484372671875 0.31718722499999996 0.3484372671875 0.28906240781250003 0.3437503109375 0.28437518281249996 0.3437503109375 0.282812775 0.3375 0.2765624078125 0.3375 0.275 0.3359372671875 0.27343759218749997 0.317187578125 0.27343759218749997 0.3156248453125 0.275 0.31406273281249997 0.275 0.3125 0.2765624078125 0.3125 0.27812481718750004
26 0.6078124218750001 0.6562503671875 0.6109372671875 0.6531248171875 0.6109372671875 0.5968751828125 0.6 0.5968751828125 0.6 0.6531248171875 0.6015627328125001 0.654687225 0.6062503109375 0.654687225 0.6078124218750001 0.6562503671875
32 0.520312421875 0.517187225 0.520312421875 0.5187496328125001 0.5187503109375 0.5203127750000001 0.5187503109375 0.5218751828125 0.5171875781249999 0.5234375921875001 0.5171875781249999 0.5593751828125 0.5187503109375 0.5593751828125 0.520312421875 0.5609375921875001 0.5468751546874999 0.5609375921875001 0.5484372671875 0.5593751828125 0.55 0.5593751828125 0.5531248453125001 0.5562496328125001 0.5531248453125001 0.554687225 0.554687578125 0.5531248171875001 0.554687578125 0.5234375921875001 0.5531248453125001 0.5218751828125 0.5531248453125001 0.5203127750000001 0.5437503109375 0.5109375921875 0.5265627328125 0.5109375921875 0.5234372671874999 0.5140624078125 0.5234372671874999 0.5156248171875 0.5218751546875 0.517187225 0.520312421875 0.517187225
10 0.2843751546875 0.6437496328125001 0.282812421875 0.6437496328125001 0.2812503109375 0.642187225 0.2343751546875 0.642187225 0.2343751546875 0.7015624078125 0.2812503109375 0.7015624078125 0.2843751546875 0.6984375921875 0.2843751546875 0.6437496328125001
34 0.657812421875 0.5187496328125001 0.6562503109375 0.5203127750000001 0.6562503109375 0.5593751828125 0.657812421875 0.5609375921875001 0.6906248453125 0.5609375921875001 0.692187578125 0.5593751828125 0.692187578125 0.5562496328125001 0.6937503109375001 0.554687225 0.6937503109375001 0.5437496328125 0.692187578125 0.5421872249999999 0.692187578125 0.5203127750000001 0.6906248453125 0.5187496328125001 0.6890627328125001 0.5187496328125001 0.6859372671874999 0.5156248171875 0.6859372671874999 0.5140624078125 0.682812421875 0.5109375921875 0.6656248453125 0.5109375921875 0.6625 0.5140624078125 0.6625 0.5156248171875 0.6593751546875 0.5187496328125001 0.657812421875 0.5187496328125001
11 0.6218751546875 0.8437503671875 0.6234372671874999 0.842187225 0.6281248453125 0.842187225 0.629687578125 0.8406248171874999 0.629687578125 0.7843751828125 0.5812503109375 0.7843751828125 0.5812503109375 0.842187225 0.582812421875 0.842187225 0.5843751546875 0.8437503671875 0.6218751546875 0.8437503671875
25 0.41718757812499996 0.570312775 0.41718757812499996 0.5718751828124999 0.41875031093750004 0.5718751828124999 0.420312421875 0.5734375921875 0.4218751546875 0.5734375921875 0.425 0.5765624078125 0.425 0.5781248171875 0.4265627328125 0.579687225 0.42968757812499997 0.579687225 0.4312503109375 0.5812496328125001 0.432812421875 0.5812496328125001 0.4359372671875 0.5843751828125 0.4375 0.5843751828125 0.4390627328125 0.5859375921875001 0.4406248453125 0.5859375921875001 0.4437503109375 0.5890624078125 0.4437503109375 0.5906248171875 0.44531242187500003 0.592187225 0.4484372671875 0.592187225 0.45 0.5937503671875 0.45156273281250003 0.5937503671875 0.4531248453125 0.595312775 0.46093726718749994 0.595312775 0.46406273281250005 0.592187225 0.46406273281250005 0.5812496328125001 0.46093726718749994 0.5781248171875 0.46093726718749994 0.5765624078125 0.45937515468749995 0.575 0.45781242187500004 0.575 0.4531248453125 0.570312775 0.45156273281250003 0.570312775 0.45 0.5687503671874999 0.44531242187500003 0.5687503671874999 0.442187578125 0.5656248171875 0.442187578125 0.5640624078124999 0.4406248453125 0.5625 0.4390627328125 0.5625 0.4375 0.5609375921875001 0.4359372671875 0.5609375921875001 0.4343751546875 0.5593751828125 0.4343751546875 0.557812775 0.432812421875 0.557812775 0.4312503109375 0.5562496328125001 0.41093726718749995 0.5562496328125001 0.41093726718749995 0.5656248171875 0.41406273281250006 0.5687503671874999 0.41562484531250005 0.5687503671874999 0.41718757812499996 0.570312775
28 0.7484372671874999 0.6484375921875001 0.7484372671874999 0.5968751828125 0.7375 0.5968751828125 0.7375 0.65 0.7390627328125 0.6515624078125 0.745312421875 0.6515624078125 0.7484372671874999 0.6484375921875001
34 0.725 0.7 0.7281248453125 0.7031248171875 0.729687578125 0.7031248171875 0.7312503109375 0.704687225 0.757812421875 0.704687225 0.7609372671875 0.7015624078125 0.7609372671875 0.7 0.7640627328125 0.6968751828124999 0.7640627328125 0.682812775 0.7625 0.6812496328125001 0.7625 0.6765624078125 0.7609372671875 0.675 0.7609372671875 0.6640624078124999 0.7515627328125001 0.654687225 0.7328124218750001 0.654687225 0.7312503109375 0.6562503671875 0.7312503109375 0.657812775 0.725 0.6640624078124999 0.725 0.7
8 0.47968757812499996 0.275 0.48125031093750004 0.27343759218749997 0.49062484531250006 0.27343759218749997 0.49218757812499997 0.2718751828125 0.49218757812499997 0.21718722499999998 0.442187578125 0.21718722499999998 0.442187578125 0.27343759218749997 0.475 0.27343759218749997 0.47656273281250006 0.275 0.47968757812499996 0.275
15 0.6984372671875 0.6437496328125001 0.6968751546874999 0.642187225 0.6515627328125 0.642187225 0.6515627328125 0.7015624078125 0.6968751546874999 0.7015624078125 0.6984372671875 0.7 0.6984372671875 0.6437496328125001
9 0.5859372671874999 0.2765624078125 0.6234372671874999 0.2765624078125 0.625 0.275 0.6265627328125001 0.275 0.629687578125 0.2718751828125 0.629687578125 0.2156248171875 0.5796875781249999 0.2156248171875 0.5796875781249999 0.2718751828125 0.582812421875 0.275 0.5843751546875 0.275 0.5859372671874999 0.2765624078125
27 0.5406248453125 0.257812775 0.5406248453125 0.2562496328125 0.542187578125 0.25468722499999996 0.542187578125 0.1875 0.529687578125 0.1875 0.529687578125 0.257812775 0.5312503109375 0.2593751828125 0.5390627328125001 0.2593751828125 0.5406248453125 0.257812775
3 0.582812421875 0.6562503671875 0.5781248453125001 0.6609375921875 0.5781248453125001 0.6937496328125 0.5812503109375 0.6968751828124999 0.5812503109375 0.7031248171875 0.582812421875 0.704687225 0.5875 0.704687225 0.5890627328125 0.7062496328125001 0.6234372671874999 0.7062496328125001 0.625 0.704687225 0.6281248453125 0.704687225 0.629687578125 0.7031248171875 0.629687578125 0.7 0.632812421875 0.6968751828124999 0.632812421875 0.6812496328125001 0.629687578125 0.6781248171875001 0.629687578125 0.6765624078125 0.6281248453125 0.675 0.620312421875 0.675 0.617187578125 0.6718751828125 0.617187578125 0.670312775 0.6125 0.6656248171875 0.6125 0.6640624078124999 0.6109372671875 0.6625 0.6109372671875 0.657812775 0.6062503109375 0.6531248171875 0.6062503109375 0.6515624078125 0.5859372671874999 0.6515624078125 0.5859372671874999 0.6531248171875 0.5843751546875 0.654687225 0.582812421875 0.654687225 0.582812421875 0.6562503671875
25 0.6109372671875 0.3125 0.6 0.3125 0.6 0.367187225 0.6093751546874999 0.367187225 0.6109372671875 0.3656248171875 0.6109372671875 0.3125
3 0.4437503109375 0.7031248171875 0.44531242187500003 0.704687225 0.48593726718749997 0.704687225 0.49218757812499997 0.6984375921875 0.49218757812499997 0.6937496328125 0.4937503109375 0.692187225 0.4937503109375 0.682812775 0.49218757812499997 0.6812496328125001 0.49218757812499997 0.6781248171875001 0.4890627328125 0.675 0.48125031093750004 0.675 0.47968757812499996 0.6734375921875 0.47812484531250005 0.6734375921875 0.475 0.670312775 0.475 0.6687496328125 0.47343726718749995 0.6671872249999999 0.47343726718749995 0.6625 0.47187515468749996 0.6609375921875 0.47187515468749996 0.6593751828125 0.467187578125 0.654687225 0.467187578125 0.6531248171875 0.46562484531250004 0.6515624078125 0.4484372671875 0.6515624078125 0.4390627328125 0.6609375921875 0.4390627328125 0.6968751828124999 0.4437503109375 0.7015624078125 0.4437503109375 0.7031248171875
27 0.47187515468749996 0.39843759218749997 0.47187515468749996 0.329687225 0.46093726718749994 0.329687225 0.46093726718749994 0.4 0.4687503109375 0.4 0.470312421875 0.39843759218749997 0.47187515468749996 0.39843759218749997
29 0.12812484531249999 0.48124963281250005 0.1265627328125 0.48124963281250005 0.125 0.482812775 0.125 0.4968751828125 0.1265627328125 0.49843759218750006 0.1312503109375 0.49843759218750006 0.132812421875 0.5 0.1343751546875 0.5 0.13593726718750002 0.5015624078124999 0.13593726718750002 0.5031248171875 0.1375 0.504687225 0.1375 0.5093751828124999 0.13906273281249998 0.5109375921875 0.1406248453125 0.5109375921875 0.142187578125 0.5125 0.15 0.5125 0.1515627328125 0.5109375921875 0.15312484531249998 0.5109375921875 0.154687578125 0.5093751828124999 0.154687578125 0.507812775 0.1640627328125 0.49843759218750006 0.167187578125 0.49843759218750006 0.16875031093749998 0.4968751828125 0.16875031093749998 0.4890624078125 0.167187578125 0.4875 0.167187578125 0.48437518281249997 0.1609372671875 0.4781248171875 0.1609372671875 0.4765624078125 0.15937515468750002 0.475 0.15937515468750002 0.47343759218750003 0.157812421875 0.47187518281249996 0.157812421875 0.470312775 0.1562503109375 0.46875036718749996 0.1562503109375 0.46562481718750004 0.154687578125 0.46406240781249997 0.154687578125 0.4625 0.15312484531249998 0.4609375921875 0.15312484531249998 0.4593751828125 0.13593726718750002 0.4593751828125 0.13593726718750002 0.47187518281249996 0.1312503109375 0.4765624078125 0.1312503109375 0.4781248171875 0.12812484531249999 0.48124963281250005
18 0.5562503109375 0.942187225 0.5562503109375 0.8656248171875 0.504687578125 0.8656248171875 0.504687578125 0.9437496328125 0.5531248453125001 0.9437496328125 0.554687578125 0.942187225 0.5562503109375 0.942187225
18 0.0843751546875 0.29687518281249997 0.0843751546875 0.3765624078125 0.1406248453125 0.3765624078125 0.1406248453125 0.29687518281249997 0.0843751546875 0.29687518281249997
21 0.7640627328125 0.8 0.7656248453125001 0.7984375921875 0.7656248453125001 0.7218751828125 0.7109372671874999 0.7218751828125 0.7109372671874999 0.8015624078125001 0.7593751546874999 0.8015624078125001 0.7609372671875 0.8 0.7640627328125 0.8
20 0.25781242187500003 0.092187225 0.2593751546875 0.0937503671875 0.2781248453125 0.0937503671875 0.279687578125 0.092187225 0.279687578125 0.010937592187500001 0.225 0.010937592187500001 0.225 0.0937503671875 0.25156273281249997 0.0937503671875 0.2531248453125 0.092187225 0.25781242187500003 0.092187225
18 0.279687578125 0.8656248171875 0.225 0.8656248171875 0.225 0.9437496328125 0.2781248453125 0.9437496328125 0.279687578125 0.942187225 0.279687578125 0.8656248171875
18 0.7093751546875 0.15156240781250002 0.7093751546875 0.23437518281249997 0.7671875781249999 0.23437518281249997 0.7671875781249999 0.15156240781250002 0.7093751546875 0.15156240781250002
23 0.557812421875 0.0093751828125 0.5031248453125 0.0093751828125 0.5031248453125 0.0859375921875 0.554687578125 0.0859375921875 0.557812421875 0.082812775 0.557812421875 0.0093751828125
19 0.0859372671875 0.5812496328125001 0.0859372671875 0.6562503671875 0.13593726718750002 0.6562503671875 0.13593726718750002 0.5812496328125001 0.0859372671875 0.5812496328125001
22 0.9062503109375 0.4375 0.8484372671875 0.4375 0.8484372671875 0.5187496328125001 0.904687578125 0.5187496328125001 0.9062503109375 0.517187225 0.9062503109375 0.4375