36 0.455882134375 0.145220478125 0.450367865625 0.145220478125 0.44852915624999995 0.14705904375 0.44301488906250003 0.14705904375 0.4411767984375 0.14889686093750001 0.4356619109375 0.14889686093750001 0.430147021875 0.15441180937500001 0.42647084375000005 0.15441180937500001 0.424632134375 0.15624962656250002 0.4227940453125 0.15624962656250002 0.41727915624999995 0.1617645734375 0.41544106718749996 0.1617645734375 0.413602978125 0.16360313906249999 0.41176488906250003 0.16360313906249999 0.4044119109375 0.1709559046875 0.4044119109375 0.248161434375 0.41176488906250003 0.2555149484375 0.413602978125 0.2555149484375 0.4209559546875 0.26286771249999996 0.4227940453125 0.26286771249999996 0.42830893281250004 0.2683826609375 0.430147021875 0.2683826609375 0.43198511093749997 0.270220478125 0.44669106718749996 0.270220478125 0.44852915624999995 0.27205904375 0.4522059546875 0.27205904375 0.4540440453125 0.270220478125 0.45955893281250004 0.270220478125 0.465073821875 0.26470553125 0.4724267984375 0.26470553125 0.476102978125 0.2683826609375 0.47794106718749996 0.2683826609375 0.47977915624999995 0.270220478125 0.496323821875 0.270220478125 0.4981619109375 0.2683826609375 0.5 0.2683826609375 0.5036767984375 0.26470553125 0.5055148890625001 0.26470553125 0.507352978125 0.26286771249999996 0.51102915625 0.26286771249999996 0.512867865625 0.26102914843749997 0.5147059546875 0.26102914843749997 0.518382134375 0.257352765625 0.52022084375 0.257352765625 0.5220589328125 0.2555149484375 0.5257351109374999 0.2555149484375 0.5294119109375 0.251838565625 0.5294119109375 0.248161434375 0.5330880890625 0.24448505156250003 0.5349267984375 0.2463236171875 0.5349267984375 0.248161434375 0.5367648890625001 0.25 0.5367648890625001 0.23529446874999999 0.5330880890625 0.23161733906249998 0.5330880890625 0.21507324374999998 0.5349267984375 0.2132354265625 0.5349267984375 0.17279446874999999 0.5330880890625 0.1709559046875 0.5330880890625 0.16911733906249998 0.5257351109374999 0.1617645734375 0.523897021875 0.1617645734375 0.5220589328125 0.15992675625 0.52022084375 0.15992675625 0.5165440453125 0.15624962656250002 0.5147059546875 0.15624962656250002 0.512867865625 0.15441180937500001 0.5091910671875 0.15441180937500001 0.507352978125 0.15257324375 0.5055148890625001 0.15257324375 0.5018380890625 0.14889686093750001 0.5 0.14889686093750001 0.496323821875 0.145220478125 0.49448511093749997 0.145220478125 0.49080893281250004 0.1415440953125 0.48897084375000005 0.1415440953125 0.487132134375 0.13970553125000001 0.47794106718749996 0.13970553125000001 0.4705880890625 0.14705904375 0.45772084375000005 0.14705904375 0.455882134375 0.145220478125
37 0.44852915624999995 0.42279372187500003 0.444852978125 0.42647085156250003 0.44301488906250003 0.42647085156250003 0.4411767984375 0.4283086703125 0.4393380890625 0.4283086703125 0.4356619109375 0.4319850515625 0.433823821875 0.4319850515625 0.43198511093749997 0.43382361718749995 0.42830893281250004 0.43382361718749995 0.42647084375000005 0.43566143437499993 0.42647084375000005 0.4375 0.4227940453125 0.44117638281250005 0.4209559546875 0.44117638281250005 0.419117865625 0.4430149484375 0.41727915624999995 0.4430149484375 0.41727915624999995 0.444852765625 0.41544106718749996 0.4466913296875 0.413602978125 0.4466913296875 0.41176488906250003 0.44852914843749997 0.4099267984375 0.44852914843749997 0.4080880890625 0.4503677125 0.40625 0.4503677125 0.40625 0.45220553125 0.4044119109375 0.45404409531249995 0.4044119109375 0.5441173390625 0.40625 0.5459559046875 0.40625 0.547793721875 0.4080880890625 0.547793721875 0.4099267984375 0.5496322874999999 0.41727915624999995 0.5496322874999999 0.419117865625 0.5514708515625 0.4209559546875 0.5514708515625 0.424632134375 0.555147234375 0.42647084375000005 0.555147234375 0.42830893281250004 0.5569850515625 0.433823821875 0.5569850515625 0.4356619109375 0.5588236171875 0.44301488906250003 0.5588236171875 0.444852978125 0.5569850515625 0.4522059546875 0.5569850515625 0.4540440453125 0.555147234375 0.492647021875 0.555147234375 0.49448511093749997 0.5569850515625 0.496323821875 0.5569850515625 0.4981619109375 0.555147234375 0.5018380890625 0.555147234375 0.5036767984375 0.5533086703125 0.5055148890625001 0.5533086703125 0.507352978125 0.5514708515625 0.5091910671875 0.5514708515625 0.51102915625 0.5496322874999999 0.5165440453125 0.5496322874999999 0.518382134375 0.547793721875 0.523897021875 0.547793721875 0.5330880890625 0.5386031390625 0.5330880890625 0.470588190625 0.53125 0.470588190625 0.5294119109375 0.46875037343750003 0.527573821875 0.46875037343750003 0.5147059546875 0.4558826609375 0.5147059546875 0.4503677125 0.512867865625 0.44852914843749997 0.512867865625 0.4430149484375 0.51102915625 0.44117638281250005 0.5091910671875 0.44117638281250005 0.5055148890625001 0.4375 0.5055148890625001 0.43566143437499993 0.5036767984375 0.43566143437499993 0.5018380890625 0.43382361718749995 0.496323821875 0.43382361718749995 0.48897084375000005 0.42647085156250003 0.487132134375 0.42647085156250003 0.481617865625 0.42095590468750005 0.47977915624999995 0.42095590468750005 0.47794106718749996 0.4191173390625 0.47426488906250003 0.4191173390625 0.46875 0.4136031390625 0.45772084375000005 0.4136031390625 0.4522059546875 0.4191173390625 0.450367865625 0.4191173390625 0.44852915624999995 0.42095590468750005 0.44852915624999995 0.42279372187500003
36 0.726102978125 0.4319850515625 0.7242648890625001 0.43382361718749995 0.7169119109375 0.43382361718749995 0.715073821875 0.43566143437499993 0.7132351109374999 0.43566143437499993 0.7132351109374999 0.4375 0.7095589328125 0.44117638281250005 0.70772084375 0.44117638281250005 0.705882134375 0.4430149484375 0.7040440453125 0.4430149484375 0.7022059546875 0.444852765625 0.700367865625 0.444852765625 0.6966910671875 0.44852914843749997 0.6930148890625001 0.44852914843749997 0.6911767984375 0.4503677125 0.6875 0.4503677125 0.6875 0.5128677125000001 0.6911767984375 0.5165440953125 0.6911767984375 0.5183826609375 0.6930148890625001 0.5202204781249999 0.694852978125 0.5202204781249999 0.69852915625 0.5238968609375 0.69852915625 0.5422795218750001 0.700367865625 0.5441173390625 0.700367865625 0.5496322874999999 0.7022059546875 0.5514708515625 0.7022059546875 0.5533086703125 0.705882134375 0.5569850515625 0.705882134375 0.5588236171875 0.7095589328125 0.5625 0.711397021875 0.5625 0.7132351109374999 0.5643385656250001 0.715073821875 0.5643385656250001 0.7169119109375 0.5661763828125 0.71875 0.5661763828125 0.7205880890625 0.5680149484375 0.7205880890625 0.569852765625 0.7224267984375 0.5716913296875 0.7242648890625001 0.5716913296875 0.72977915625 0.57720553125 0.731617865625 0.57720553125 0.7334559546875 0.5790440953125 0.73897084375 0.5790440953125 0.7444851109374999 0.58455904375 0.746323821875 0.58455904375 0.7481619109375 0.5827204781249999 0.75 0.5827204781249999 0.7518380890625 0.5808826609375 0.7536767984375 0.5808826609375 0.7555148890625001 0.5790440953125 0.7591910671875 0.5790440953125 0.7665440453125 0.5716913296875 0.768382134375 0.5716913296875 0.77022084375 0.569852765625 0.77022084375 0.5680149484375 0.773897021875 0.5643385656250001 0.7757351109374999 0.5643385656250001 0.777573821875 0.5625 0.7830880890625 0.5625 0.7904410671875 0.555147234375 0.79227915625 0.555147234375 0.79227915625 0.5533086703125 0.794117865625 0.5514708515625 0.7959559546875 0.5514708515625 0.7977940453125 0.5496322874999999 0.80147084375 0.5496322874999999 0.8033089328124999 0.547793721875 0.805147021875 0.547793721875 0.805147021875 0.5459559046875 0.8069851109374999 0.5441173390625 0.8069851109374999 0.5422795218750001 0.808823821875 0.54044095625 0.808823821875 0.5367645734375001 0.8106619109375 0.53492675625 0.8106619109375 0.52205904375 0.808823821875 0.5202204781249999 0.808823821875 0.5055149484375 0.8106619109375 0.5036763828125 0.8106619109375 0.466911809375 0.808823821875 0.46507324375000003 0.808823821875 0.46323542656249994 0.8069851109374999 0.4613968609375 0.80147084375 0.4613968609375 0.799632134375 0.46323542656249994 0.7959559546875 0.46323542656249994 0.7904410671875 0.46875037343750003 0.788602978125 0.46875037343750003 0.7830880890625 0.46323542656249994 0.7794119109375 0.46323542656249994 0.777573821875 0.4613968609375 0.773897021875 0.4613968609375 0.77022084375 0.457720478125 0.768382134375 0.457720478125 0.76102915625 0.4503677125 0.76102915625 0.44852914843749997 0.7555148890625001 0.4430149484375 0.7555148890625001 0.44117638281250005 0.7536767984375 0.43933856562500007 0.7536767984375 0.4375 0.7518380890625 0.43566143437499993 0.75 0.43566143437499993 0.7481619109375 0.43382361718749995 0.746323821875 0.43382361718749995 0.7408089328125 0.4283086703125 0.7334559546875 0.4283086703125 0.731617865625 0.430147234375 0.72977915625 0.430147234375 0.7279410671875 0.4319850515625 0.726102978125 0.4319850515625
37 0.2279410671875 0.57720553125 0.226102978125 0.5790440953125 0.2242648890625 0.5790440953125 0.222426178125 0.5808826609375 0.2205880890625 0.5808826609375 0.215073821875 0.5863968609375 0.2132351109375 0.5863968609375 0.211397021875 0.5882354265624999 0.2095589328125 0.5882354265624999 0.200367865625 0.59742675625 0.200367865625 0.6893385656250001 0.205882134375 0.6893385656250001 0.20772084375 0.6911763828125 0.2095589328125 0.6911763828125 0.215073821875 0.6966913296875 0.2169119109375 0.6966913296875 0.21875 0.6985291484375 0.2205880890625 0.6985291484375 0.2242648890625 0.70220553125 0.226102978125 0.70220553125 0.2279410671875 0.7040440953125 0.231617865625 0.7040440953125 0.23897084375 0.7113968609375 0.242647021875 0.7113968609375 0.2444851109375 0.7132354265624999 0.246323821875 0.7132354265624999 0.2518380890625 0.7187496265625 0.253676178125 0.7187496265625 0.2555148890625 0.720588190625 0.2647059546875 0.720588190625 0.2665440453125 0.7187496265625 0.268382134375 0.7187496265625 0.273897021875 0.7132354265624999 0.2757351109375 0.7132354265624999 0.277573821875 0.7113968609375 0.2794119109375 0.7113968609375 0.28125 0.70955904375 0.2830880890625 0.70955904375 0.288602978125 0.7040440953125 0.2904410671875 0.7040440953125 0.294117865625 0.7003677125000001 0.2959559546875 0.7003677125000001 0.299632134375 0.6966913296875 0.30147084375 0.6966913296875 0.305147021875 0.6930149484375 0.305147021875 0.6911763828125 0.3069851109375 0.6893385656250001 0.3069851109375 0.6764708515625 0.308823821875 0.6746322874999999 0.308823821875 0.6709559046875 0.3125 0.6672795218750001 0.3125 0.66544095625 0.3216910671875 0.6562496265625 0.3216910671875 0.6378677125000001 0.32352915625 0.6360291484375 0.32352915625 0.6286763828125 0.3216910671875 0.6268385656250001 0.3216910671875 0.6011031390625 0.3106619109375 0.59007324375 0.308823821875 0.59007324375 0.3069851109375 0.5882354265624999 0.3033089328125 0.5882354265624999 0.299632134375 0.58455904375 0.299632134375 0.5827204781249999 0.2977940453125 0.5827204781249999 0.2959559546875 0.5808826609375 0.294117865625 0.5808826609375 0.29227915625 0.5790440953125 0.2904410671875 0.5790440953125 0.284926178125 0.5735291484375 0.28125 0.5735291484375 0.277573821875 0.569852765625 0.277573821875 0.5680149484375 0.2757351109375 0.5661763828125 0.237132134375 0.5661763828125 0.237132134375 0.5680149484375 0.22977915625 0.5753677125000001 0.2279410671875 0.5753677125000001 0.2279410671875 0.57720553125
17 0.580882134375 0.7187496265625 0.5790440453125 0.7187496265625 0.5772059546875 0.720588190625 0.575367865625 0.720588190625 0.569852978125 0.7261031390625 0.5680148890625001 0.7261031390625 0.5661767984375 0.72794095625 0.5625 0.72794095625 0.555147021875 0.735293721875 0.5533089328125 0.735293721875 0.544117865625 0.7444850515625 0.544117865625 0.7628677125000001 0.54227915625 0.76470553125 0.54227915625 0.82720553125 0.544117865625 0.8290440953125 0.544117865625 0.8308826609375 0.5459559546875 0.8327204781249999 0.5459559546875 0.83455904375 0.5477940453125 0.83455904375 0.549632134375 0.8363968609375 0.55147084375 0.8363968609375 0.5569851109374999 0.8419118093750001 0.558823821875 0.8419118093750001 0.5606619109375 0.8437503734374999 0.5625 0.8437503734374999 0.5661767984375 0.84742675625 0.5661767984375 0.8492645734375 0.5680148890625001 0.8511031390625 0.569852978125 0.8511031390625 0.575367865625 0.8566173390625 0.5772059546875 0.8566173390625 0.5790440453125 0.8584559046875 0.58272084375 0.8584559046875 0.590073821875 0.8658086703125001 0.5919119109375 0.8658086703125001 0.5955880890625 0.8694850515624999 0.5955880890625 0.8713236171875 0.5974267984375 0.8731614343749999 0.61397084375 0.8731614343749999 0.621323821875 0.8658086703125001 0.625 0.8658086703125001 0.6305148890625001 0.860293721875 0.632352978125 0.860293721875 0.6341910671875 0.8584559046875 0.63602915625 0.8584559046875 0.643382134375 0.8511031390625 0.6470589328125 0.8511031390625 0.652573821875 0.8455881906249999 0.6544119109375 0.8455881906249999 0.65625 0.8437503734374999 0.6580880890625 0.8437503734374999 0.663602978125 0.8382354265625 0.6654410671875 0.8382354265625 0.66727915625 0.8363968609375 0.669117865625 0.8363968609375 0.6709559546875 0.83455904375 0.6727940453125 0.83455904375 0.674632134375 0.8327204781249999 0.674632134375 0.8216913296874999 0.6727940453125 0.8235291484375 0.669117865625 0.8198527656250001 0.669117865625 0.8014708515625 0.6709559546875 0.7996322874999999 0.6709559546875 0.7922795218750001 0.669117865625 0.79044095625 0.669117865625 0.7886031390625 0.6709559546875 0.7867645734375001 0.6709559546875 0.7591913296875 0.669117865625 0.757352765625 0.669117865625 0.7536763828125 0.66727915625 0.7518385656250001 0.66727915625 0.742647234375 0.6617648890625001 0.7371322874999999 0.6599267984375 0.7371322874999999 0.6580880890625 0.735293721875 0.65625 0.735293721875 0.648897021875 0.72794095625 0.643382134375 0.72794095625 0.63602915625 0.720588190625 0.632352978125 0.720588190625 0.6268380890625 0.71507324375 0.625 0.71507324375 0.6231619109375 0.7132354265624999 0.586397021875 0.7132354265624999 0.5845589328125 0.71507324375 0.58272084375 0.71507324375 0.58272084375 0.716911809375 0.580882134375 0.7187496265625
0 0.6397059546875 0.5827204781249999 0.6397059546875 0.58455904375 0.637867865625 0.5863968609375 0.63602915625 0.5863968609375 0.6341910671875 0.5882354265624999 0.632352978125 0.5882354265624999 0.6268380890625 0.5937496265625 0.625 0.5937496265625 0.6231619109375 0.595588190625 0.6194851109374999 0.595588190625 0.612132134375 0.60294095625 0.612132134375 0.658088190625 0.617647021875 0.6636031390625 0.617647021875 0.672793721875 0.6194851109374999 0.6746322874999999 0.6231619109375 0.6746322874999999 0.6268380890625 0.6783086703125 0.6286767984375 0.6783086703125 0.6341910671875 0.6838236171875 0.63602915625 0.6838236171875 0.637867865625 0.6856614343749999 0.637867865625 0.6930149484375 0.6397059546875 0.694852765625 0.6397059546875 0.7003677125000001 0.643382134375 0.7040440953125 0.648897021875 0.7040440953125 0.65625 0.7113968609375 0.6580880890625 0.7113968609375 0.6654410671875 0.7187496265625 0.66727915625 0.7187496265625 0.6709559546875 0.72242675625 0.6727940453125 0.72242675625 0.67647084375 0.7261031390625 0.683823821875 0.7261031390625 0.6856619109375 0.7242645734375001 0.6875 0.7242645734375001 0.6930148890625001 0.7187496265625 0.694852978125 0.7187496265625 0.700367865625 0.7132354265624999 0.7022059546875 0.7132354265624999 0.7040440453125 0.7113968609375 0.70772084375 0.7113968609375 0.715073821875 0.7040440953125 0.71875 0.7040440953125 0.7205880890625 0.70220553125 0.7224267984375 0.70220553125 0.726102978125 0.6985291484375 0.7279410671875 0.6985291484375 0.72977915625 0.6966913296875 0.731617865625 0.6966913296875 0.7408089328125 0.6875 0.7408089328125 0.6268385656250001 0.73897084375 0.625 0.73897084375 0.617647234375 0.737132134375 0.6158086703125 0.737132134375 0.6121322874999999 0.7352940453125 0.610293721875 0.7352940453125 0.60294095625 0.7334559546875 0.6011031390625 0.7334559546875 0.5992645734375001 0.731617865625 0.59742675625 0.72977915625 0.59742675625 0.7279410671875 0.595588190625 0.7224267984375 0.595588190625 0.7205880890625 0.59742675625 0.71875 0.59742675625 0.715073821875 0.6011031390625 0.711397021875 0.6011031390625 0.7095589328125 0.60294095625 0.70772084375 0.6011031390625 0.705882134375 0.6011031390625 0.700367865625 0.595588190625 0.69852915625 0.595588190625 0.6911767984375 0.5882354265624999 0.6911767984375 0.58455904375 0.6893380890625 0.5827204781249999 0.6875 0.5827204781249999 0.6856619109375 0.5808826609375 0.6819851109374999 0.5808826609375 0.680147021875 0.5790440953125 0.6617648890625001 0.5790440953125 0.6599267984375 0.5808826609375 0.6544119109375 0.5808826609375 0.652573821875 0.5790440953125 0.648897021875 0.5790440953125 0.6470589328125 0.5808826609375 0.643382134375 0.5808826609375 0.6415440453125 0.5827204781249999 0.6397059546875 0.5827204781249999
28 0.5147059546875 0.26102914843749997 0.51102915625 0.26470553125 0.5091910671875 0.26470553125 0.5036767984375 0.270220478125 0.5018380890625 0.270220478125 0.5 0.27205904375 0.49448511093749997 0.27205904375 0.49080893281250004 0.2757354265625 0.49080893281250004 0.27757324375 0.48897084375000005 0.279411809375 0.48897084375000005 0.29963228750000004 0.496323821875 0.29963228750000004 0.4981619109375 0.29779446875 0.4981619109375 0.2959559046875 0.5018380890625 0.292279521875 0.5055148890625001 0.292279521875 0.507352978125 0.29044095625 0.51102915625 0.29044095625 0.51102915625 0.2886031390625 0.512867865625 0.2867645734375 0.5147059546875 0.2867645734375 0.5165440453125 0.28492675625 0.518382134375 0.28492675625 0.52022084375 0.283088190625 0.52022084375 0.2812503734375 0.523897021875 0.27757324375 0.5257351109374999 0.27757324375 0.5367648890625001 0.2665440953125 0.5367648890625001 0.2591913296875 0.5330880890625 0.2555149484375 0.5220589328125 0.2555149484375 0.52022084375 0.257352765625 0.5165440453125 0.257352765625 0.5147059546875 0.2591913296875 0.5147059546875 0.26102914843749997
35 0.3143380890625 0.7132354265624999 0.3125 0.71507324375 0.3106619109375 0.71507324375 0.305147021875 0.720588190625 0.2977940453125 0.720588190625 0.2904410671875 0.72794095625 0.288602978125 0.72794095625 0.28125 0.735293721875 0.277573821875 0.735293721875 0.2757351109375 0.7371322874999999 0.273897021875 0.7371322874999999 0.27022084375 0.7408086703125 0.27022084375 0.742647234375 0.268382134375 0.7444850515625 0.2665440453125 0.7444850515625 0.2665440453125 0.83455904375 0.268382134375 0.8363968609375 0.27022084375 0.8363968609375 0.2720589328125 0.8382354265625 0.2720589328125 0.84007324375 0.273897021875 0.8419118093750001 0.2757351109375 0.8419118093750001 0.277573821875 0.8437503734374999 0.2830880890625 0.8437503734374999 0.2867648890625 0.84742675625 0.2867648890625 0.8492645734375 0.288602978125 0.8511031390625 0.2904410671875 0.8511031390625 0.2959559546875 0.8566173390625 0.2977940453125 0.8566173390625 0.299632134375 0.8584559046875 0.305147021875 0.8584559046875 0.308823821875 0.8621322875 0.308823821875 0.8639708515625 0.3106619109375 0.8639708515625 0.3125 0.8658086703125001 0.3143380890625 0.8658086703125001 0.319852978125 0.8713236171875 0.3216910671875 0.8713236171875 0.32352915625 0.8731614343749999 0.3382351109375 0.8731614343749999 0.340073821875 0.8713236171875 0.3419119109375 0.8713236171875 0.3419119109375 0.8694850515624999 0.34375 0.8676472343749999 0.3455880890625 0.8676472343749999 0.3474267984375 0.8658086703125001 0.3492648890625 0.8658086703125001 0.351102978125 0.8639708515625 0.351102978125 0.8621322875 0.35477915625 0.8584559046875 0.362132134375 0.8584559046875 0.3694851109375 0.8511031390625 0.371323821875 0.8511031390625 0.3731619109375 0.8492645734375 0.3731619109375 0.84742675625 0.3768380890625 0.8437503734374999 0.3805148890625 0.8437503734374999 0.382352978125 0.8419118093750001 0.38602915625 0.8419118093750001 0.38602915625 0.84007324375 0.387867865625 0.8382354265625 0.3897059546875 0.8382354265625 0.3915440453125 0.8363968609375 0.393382134375 0.8363968609375 0.39522084375 0.83455904375 0.39522084375 0.8308826609375 0.3970589328125 0.8290440953125 0.3970589328125 0.797793721875 0.39522084375 0.7959559046875 0.39522084375 0.7444850515625 0.393382134375 0.742647234375 0.3915440453125 0.742647234375 0.387867865625 0.7389708515625 0.387867865625 0.7371322874999999 0.38602915625 0.735293721875 0.3841910671875 0.735293721875 0.3786767984375 0.7297795218750001 0.3768380890625 0.7297795218750001 0.375 0.72794095625 0.371323821875 0.72794095625 0.3694851109375 0.7261031390625 0.367647021875 0.7261031390625 0.3658089328125 0.7242645734375001 0.3658089328125 0.72242675625 0.36397084375 0.720588190625 0.362132134375 0.720588190625 0.35477915625 0.7132354265624999 0.3529410671875 0.7132354265624999 0.351102978125 0.7113968609375 0.3492648890625 0.7113968609375 0.3474267984375 0.70955904375 0.325367865625 0.70955904375 0.32352915625 0.7113968609375 0.3216910671875 0.7113968609375 0.319852978125 0.7132354265624999 0.3143380890625 0.7132354265624999
36 0.316176178125 0.132352765625 0.308823821875 0.13970553125000001 0.305147021875 0.13970553125000001 0.2977940453125 0.14705904375 0.2959559546875 0.14705904375 0.294117865625 0.14889686093750001 0.29227915625 0.14889686093750001 0.288602978125 0.15257324375 0.2867648890625 0.15257324375 0.2830880890625 0.15624962656250002 0.28125 0.15624962656250002 0.2757351109375 0.1617645734375 0.273897021875 0.1617645734375 0.2720589328125 0.16360313906249999 0.2720589328125 0.16544095625 0.268382134375 0.16911733906249998 0.268382134375 0.248161434375 0.27022084375 0.25 0.27022084375 0.251838565625 0.2720589328125 0.2536763828125 0.2720589328125 0.2555149484375 0.273897021875 0.2555149484375 0.28125 0.26286771249999996 0.2830880890625 0.26286771249999996 0.2904410671875 0.270220478125 0.2977940453125 0.270220478125 0.305147021875 0.27757324375 0.308823821875 0.27757324375 0.3106619109375 0.279411809375 0.3125 0.279411809375 0.316176178125 0.283088190625 0.3290440453125 0.283088190625 0.330882134375 0.2812503734375 0.33272084375 0.2812503734375 0.336397021875 0.27757324375 0.3382351109375 0.27757324375 0.340073821875 0.2757354265625 0.3419119109375 0.2757354265625 0.34375 0.2738968609375 0.3455880890625 0.2738968609375 0.3474267984375 0.27205904375 0.3492648890625 0.27205904375 0.351102978125 0.270220478125 0.3584559546875 0.270220478125 0.3602940453125 0.2683826609375 0.371323821875 0.2683826609375 0.375 0.26470553125 0.3786767984375 0.26470553125 0.3805148890625 0.26286771249999996 0.3841910671875 0.26286771249999996 0.3915440453125 0.2555149484375 0.393382134375 0.2555149484375 0.39522084375 0.2536763828125 0.39522084375 0.1783086703125 0.393382134375 0.1764708515625 0.393382134375 0.1709559046875 0.3897059546875 0.167279521875 0.3897059546875 0.16544095625 0.3786767984375 0.15441180937500001 0.3768380890625 0.15441180937500001 0.3694851109375 0.14705904375 0.36397084375 0.14705904375 0.362132134375 0.145220478125 0.3602940453125 0.145220478125 0.3584559546875 0.14338266093750002 0.3584559546875 0.1415440953125 0.356617865625 0.13970553125000001 0.35477915625 0.13970553125000001 0.3529410671875 0.13786771250000002 0.351102978125 0.13786771250000002 0.3474267984375 0.1341913296875 0.3455880890625 0.1341913296875 0.34375 0.132352765625 0.340073821875 0.132352765625 0.3345589328125 0.126838565625 0.325367865625 0.126838565625 0.3216910671875 0.1305149484375 0.319852978125 0.1305149484375 0.3180148890625 0.132352765625 0.316176178125 0.132352765625
35 0.4522059546875 0.7077204781249999 0.44669106718749996 0.7132354265624999 0.444852978125 0.7132354265624999 0.4375 0.720588190625 0.4356619109375 0.720588190625 0.42830893281250004 0.72794095625 0.4227940453125 0.72794095625 0.41544106718749996 0.735293721875 0.41176488906250003 0.735293721875 0.4080880890625 0.7389708515625 0.40625 0.7389708515625 0.40625 0.7408086703125 0.4044119109375 0.742647234375 0.4044119109375 0.7444850515625 0.402573821875 0.7463236171875 0.402573821875 0.757352765625 0.4044119109375 0.7591913296875 0.4044119109375 0.8125 0.402573821875 0.8143378171875 0.402573821875 0.8290440953125 0.4044119109375 0.8308826609375 0.4044119109375 0.83455904375 0.40625 0.8363968609375 0.4080880890625 0.8363968609375 0.413602978125 0.8419118093750001 0.41544106718749996 0.8419118093750001 0.41727915624999995 0.8437503734374999 0.4227940453125 0.8437503734374999 0.42647084375000005 0.84742675625 0.42647084375000005 0.8492645734375 0.42830893281250004 0.8511031390625 0.430147021875 0.8511031390625 0.4375 0.8584559046875 0.444852978125 0.8584559046875 0.44852915624999995 0.8621322875 0.44852915624999995 0.8639708515625 0.450367865625 0.8658086703125001 0.4522059546875 0.8658086703125001 0.45955893281250004 0.8731614343749999 0.47426488906250003 0.8731614343749999 0.481617865625 0.8658086703125001 0.4852940453125 0.8658086703125001 0.487132134375 0.8639708515625 0.48897084375000005 0.8639708515625 0.49448511093749997 0.8584559046875 0.496323821875 0.8584559046875 0.5036767984375 0.8511031390625 0.5055148890625001 0.8511031390625 0.507352978125 0.8492645734375 0.5091910671875 0.8492645734375 0.5147059546875 0.8437503734374999 0.518382134375 0.8437503734374999 0.52022084375 0.8419118093750001 0.52022084375 0.84007324375 0.523897021875 0.8363968609375 0.5257351109374999 0.8363968609375 0.5349267984375 0.82720553125 0.5349267984375 0.75 0.5330880890625 0.7481614343749999 0.5330880890625 0.7444850515625 0.53125 0.7444850515625 0.5257351109374999 0.7389708515625 0.5257351109374999 0.7371322874999999 0.523897021875 0.7371322874999999 0.518382134375 0.7316173390625 0.5165440453125 0.7316173390625 0.512867865625 0.72794095625 0.51102915625 0.72794095625 0.5036767984375 0.720588190625 0.5018380890625 0.720588190625 0.5 0.7187496265625 0.4981619109375 0.7187496265625 0.492647021875 0.7132354265624999 0.48897084375000005 0.7132354265624999 0.47977915624999995 0.7040440953125 0.47794106718749996 0.7040440953125 0.476102978125 0.70220553125 0.461397021875 0.70220553125 0.45772084375000005 0.7058826609375 0.455882134375 0.7058826609375 0.4540440453125 0.7077204781249999 0.4522059546875 0.7077204781249999
0 0.5955880890625 0.1305149484375 0.59375 0.1305149484375 0.5919119109375 0.132352765625 0.590073821875 0.132352765625 0.58272084375 0.13970553125000001 0.5790440453125 0.13970553125000001 0.57352915625 0.145220478125 0.5716910671875 0.145220478125 0.569852978125 0.14705904375 0.5680148890625001 0.14705904375 0.5606619109375 0.15441180937500001 0.555147021875 0.15441180937500001 0.5459559546875 0.16360313906249999 0.5459559546875 0.16544095625 0.544117865625 0.167279521875 0.544117865625 0.2591913296875 0.5477940453125 0.26286771249999996 0.555147021875 0.26286771249999996 0.5625 0.270220478125 0.5680148890625001 0.270220478125 0.575367865625 0.27757324375 0.5772059546875 0.27757324375 0.5845589328125 0.28492675625 0.5919119109375 0.28492675625 0.5974267984375 0.29044095625 0.601102978125 0.29044095625 0.6029410671875 0.292279521875 0.612132134375 0.292279521875 0.61397084375 0.29044095625 0.6158089328125 0.29044095625 0.621323821875 0.28492675625 0.6268380890625 0.28492675625 0.6286767984375 0.283088190625 0.6305148890625001 0.283088190625 0.6305148890625001 0.2812503734375 0.6341910671875 0.27757324375 0.637867865625 0.27757324375 0.6415440453125 0.2738968609375 0.643382134375 0.2738968609375 0.6470589328125 0.270220478125 0.6507351109374999 0.270220478125 0.6580880890625 0.26286771249999996 0.663602978125 0.26286771249999996 0.6727940453125 0.2536763828125 0.6727940453125 0.17279446874999999 0.6709559546875 0.1709559046875 0.6709559546875 0.16911733906249998 0.669117865625 0.167279521875 0.669117865625 0.16544095625 0.6580880890625 0.15441180937500001 0.65625 0.15441180937500001 0.6507351109374999 0.14889686093750001 0.648897021875 0.14889686093750001 0.6470589328125 0.14705904375 0.6415440453125 0.14705904375 0.6341910671875 0.13970553125000001 0.632352978125 0.13970553125000001 0.6305148890625001 0.13786771250000002 0.6286767984375 0.13786771250000002 0.625 0.1341913296875 0.6231619109375 0.1341913296875 0.621323821875 0.132352765625 0.6194851109374999 0.132352765625 0.612132134375 0.125 0.601102978125 0.125 0.5992648890625001 0.126838565625 0.5974267984375 0.126838565625 0.5974267984375 0.1286763828125 0.5955880890625 0.1305149484375
34 0.523897021875 0.4191173390625 0.5220589328125 0.42095590468750005 0.5220589328125 0.42279372187500003 0.518382134375 0.42647085156250003 0.518382134375 0.45955904375 0.5220589328125 0.46323542656249994 0.5220589328125 0.46507324375000003 0.523897021875 0.466911809375 0.549632134375 0.466911809375 0.5569851109374999 0.45955904375 0.5569851109374999 0.42647085156250003 0.555147021875 0.4246322875 0.555147021875 0.42279372187500003 0.5533089328125 0.42095590468750005 0.55147084375 0.42095590468750005 0.549632134375 0.4191173390625 0.5477940453125 0.4191173390625 0.54227915625 0.4136031390625 0.54227915625 0.41176457343750006 0.53125 0.41176457343750006 0.5294119109375 0.4136031390625 0.5294119109375 0.41544095625 0.5257351109374999 0.4191173390625 0.523897021875 0.4191173390625
14 0.632352978125 0.8455881906249999 0.632352978125 0.7886031390625 0.58272084375 0.7886031390625 0.58272084375 0.8492645734375 0.6305148890625001 0.8492645734375 0.6305148890625001 0.84742675625 0.632352978125 0.8455881906249999
17 0.5102301484375 0.28754783281249996 0.5047152609375 0.2930627796875 0.502877171875 0.2930627796875 0.5010384609375 0.2949013453125 0.49920037187500005 0.2949013453125 0.49552419375 0.298577728125 0.49552419375 0.30041554531250003 0.493685484375 0.3022541109375 0.493685484375 0.311445440625 0.4918473953125 0.313283259375 0.4918473953125 0.3151218234375 0.48633250625 0.3206360234375 0.4844944171875 0.3206360234375 0.48265632812500003 0.3224745890625 0.4808182375 0.3224745890625 0.47898014843750003 0.3243131546875 0.47898014843750003 0.3923273546875 0.4808182375 0.39416591875 0.48265632812500003 0.39416591875 0.48633250625 0.3978423015625 0.48633250625 0.3996801203125 0.488171215625 0.40151868437499993 0.4900093046875 0.40151868437499993 0.49736228281250006 0.40887145 0.5047152609375 0.40887145 0.5120682375000001 0.41622421562499995 0.52677419375 0.41622421562499995 0.5286122828125001 0.414386396875 0.5286122828125001 0.4125478328125 0.530450371875 0.410710015625 0.5322884609375 0.410710015625 0.534127171875 0.40887145 0.5414801484375 0.40887145 0.54883250625 0.41622421562499995 0.5598622828125001 0.41622421562499995 0.561700371875 0.4180627796875 0.5635384609375 0.4180627796875 0.565377171875 0.41622421562499995 0.5708914390625 0.41622421562499995 0.5727301484375 0.414386396875 0.5782444171875001 0.414386396875 0.5782444171875001 0.4125478328125 0.58008250625 0.410710015625 0.581921215625 0.410710015625 0.5837593046875 0.40887145 0.587435484375 0.40887145 0.58927419375 0.40703363281250005 0.5911122828125001 0.40703363281250005 0.596627171875 0.40151868437499993 0.60030335 0.40151868437499993 0.6021414390625 0.3996801203125 0.6021414390625 0.3151218234375 0.60030335 0.313283259375 0.60030335 0.311445440625 0.596627171875 0.30776905781249997 0.5947884609375 0.30776905781249997 0.592950371875 0.30593049375 0.5911122828125001 0.30593049375 0.58927419375 0.30409192812499997 0.581921215625 0.30409192812499997 0.556314515625 0.27732511249999997 0.5401563281249999 0.2725306421875 0.534127171875 0.2820336328125 0.52677419375 0.2820336328125 0.5230973953125 0.285710015625 0.519421215625 0.285710015625 0.51758250625 0.28754783281249996 0.5102301484375 0.28754783281249996
0 0.590073821875 0.42095590468750005 0.5845589328125 0.42647085156250003 0.58272084375 0.42647085156250003 0.580882134375 0.4283086703125 0.5790440453125 0.4283086703125 0.5772059546875 0.430147234375 0.575367865625 0.430147234375 0.57352915625 0.4319850515625 0.5716910671875 0.4319850515625 0.569852978125 0.43382361718749995 0.5680148890625001 0.43382361718749995 0.5643380890625 0.4375 0.5643380890625 0.43933856562500007 0.5606619109375 0.4430149484375 0.5606619109375 0.44852914843749997 0.558823821875 0.4503677125 0.558823821875 0.4613968609375 0.555147021875 0.46507324375000003 0.5533089328125 0.46507324375000003 0.55147084375 0.466911809375 0.55147084375 0.46875037343750003 0.549632134375 0.470588190625 0.5477940453125 0.470588190625 0.544117865625 0.47426457343750006 0.544117865625 0.547793721875 0.5459559546875 0.5496322874999999 0.5533089328125 0.5496322874999999 0.5606619109375 0.5569850515625 0.5643380890625 0.5569850515625 0.569852978125 0.5625 0.5716910671875 0.5625 0.57352915625 0.5643385656250001 0.5772059546875 0.5643385656250001 0.5790440453125 0.5661763828125 0.580882134375 0.5661763828125 0.586397021875 0.5716913296875 0.590073821875 0.5716913296875 0.5974267984375 0.5790440953125 0.6158089328125 0.5790440953125 0.617647021875 0.57720553125 0.6194851109374999 0.57720553125 0.6286767984375 0.5680149484375 0.6305148890625001 0.5680149484375 0.6341910671875 0.5643385656250001 0.643382134375 0.5643385656250001 0.64522084375 0.5625 0.648897021875 0.5625 0.6507351109374999 0.5606614343749999 0.6507351109374999 0.5588236171875 0.652573821875 0.5569850515625 0.652573821875 0.547793721875 0.6544119109375 0.5459559046875 0.6544119109375 0.53492675625 0.65625 0.533088190625 0.65625 0.5312503734375 0.6580880890625 0.529411809375 0.6580880890625 0.5257354265624999 0.6599267984375 0.5238968609375 0.6599267984375 0.5183826609375 0.6617648890625001 0.5165440953125 0.6617648890625001 0.51470553125 0.663602978125 0.5128677125000001 0.6654410671875 0.5128677125000001 0.66727915625 0.5110291484375 0.66727915625 0.45220553125 0.663602978125 0.44852914843749997 0.6617648890625001 0.44852914843749997 0.6544119109375 0.44117638281250005 0.6507351109374999 0.44117638281250005 0.643382134375 0.43382361718749995 0.6415440453125 0.43382361718749995 0.6397059546875 0.4319850515625 0.637867865625 0.4319850515625 0.632352978125 0.42647085156250003 0.6286767984375 0.42647085156250003 0.621323821875 0.4191173390625 0.617647021875 0.4191173390625 0.61397084375 0.41544095625 0.6102940453125 0.41544095625 0.6084559546875 0.4136031390625 0.60477915625 0.4136031390625 0.5992648890625001 0.4191173390625 0.5955880890625 0.4191173390625 0.59375 0.42095590468750005 0.590073821875 0.42095590468750005
32 0.6617648890625001 0.5165440953125 0.6617648890625001 0.5183826609375 0.6580880890625 0.52205904375 0.6580880890625 0.5569850515625 0.6617648890625001 0.5606614343749999 0.6617648890625001 0.5625 0.6893380890625 0.5625 0.6893380890625 0.5606614343749999 0.6930148890625001 0.5569850515625 0.694852978125 0.5569850515625 0.6966910671875 0.555147234375 0.6966910671875 0.5238968609375 0.694852978125 0.52205904375 0.6930148890625001 0.52205904375 0.6893380890625 0.5183826609375 0.6893380890625 0.5165440953125 0.6875 0.51470553125 0.6856619109375 0.51470553125 0.6819851109374999 0.5110291484375 0.6819851109374999 0.5091913296875 0.669117865625 0.5091913296875 0.669117865625 0.5110291484375 0.6654410671875 0.51470553125 0.663602978125 0.51470553125 0.6617648890625001 0.5165440953125
17 0.21157878437500002 0.310661434375 0.206064515625 0.310661434375 0.206064515625 0.3125 0.20422580625000003 0.314338565625 0.2023877171875 0.314338565625 0.20054962812500002 0.3161763828125 0.20054962812500002 0.3180149484375 0.1987115390625 0.319852765625 0.1987115390625 0.40073542656249994 0.20054962812500002 0.40257324375000003 0.2023877171875 0.40257324375000003 0.2097406953125 0.40992675624999997 0.21341749375000002 0.40992675624999997 0.2152555828125 0.41176457343750006 0.217093671875 0.41176457343750006 0.2226085609375 0.417279521875 0.22444665000000003 0.417279521875 0.23179962812500002 0.4246322875 0.237314515625 0.4246322875 0.24466749375000002 0.4319850515625 0.248343671875 0.4319850515625 0.2501817625 0.43382361718749995 0.25385856093750003 0.43382361718749995 0.259372828125 0.43933856562500007 0.2612115390625 0.43933856562500007 0.263049628125 0.4375 0.26488771718750004 0.4375 0.268564515625 0.43382361718749995 0.2704026046875 0.43382361718749995 0.2722406953125 0.4319850515625 0.27591749375 0.4319850515625 0.2777555828125 0.430147234375 0.279593671875 0.430147234375 0.283270471875 0.42647085156250003 0.28510856093750003 0.42647085156250003 0.28694665 0.4246322875 0.290622828125 0.4246322875 0.2924615390625 0.42279372187500003 0.2924615390625 0.42095590468750005 0.29613771718750004 0.417279521875 0.299814515625 0.417279521875 0.305328784375 0.41176457343750006 0.305328784375 0.40992675624999997 0.30716749375 0.408088190625 0.30716749375 0.39705904375 0.3090055828125 0.395220478125 0.3090055828125 0.38970553125 0.3126817625 0.38602914843749997 0.3126817625 0.382352765625 0.314520471875 0.3805149484375 0.314520471875 0.376838565625 0.321872828125 0.3694850515625 0.321872828125 0.3658086703125 0.3237115390625 0.36397085156250003 0.3237115390625 0.345588190625 0.325549628125 0.3437496265625 0.325549628125 0.3290440953125 0.3237115390625 0.32720553125 0.3237115390625 0.32352914843749997 0.321872828125 0.3216913296875 0.321872828125 0.3125 0.31819665 0.3088236171875 0.2636135234375 0.2683961140625 0.220770471875 0.310661434375 0.217093671875 0.314338565625 0.2152555828125 0.3125 0.21341749375000002 0.3125 0.21157878437500002 0.310661434375
36 0.527573821875 0.5661763828125 0.5257351109374999 0.5680149484375 0.523897021875 0.5680149484375 0.518382134375 0.5735291484375 0.5165440453125 0.5735291484375 0.5147059546875 0.5753677125000001 0.51102915625 0.5753677125000001 0.507352978125 0.5790440953125 0.5055148890625001 0.5790440953125 0.5036767984375 0.5808826609375 0.4981619109375 0.5808826609375 0.496323821875 0.5827204781249999 0.49448511093749997 0.5827204781249999 0.49448511093749997 0.58455904375 0.492647021875 0.5863968609375 0.492647021875 0.5992645734375001 0.481617865625 0.610293721875 0.47977915624999995 0.610293721875 0.47794106718749996 0.6121322874999999 0.47794106718749996 0.6139708515625 0.47426488906250003 0.617647234375 0.47426488906250003 0.632352765625 0.476102978125 0.6341913296875 0.476102978125 0.6691173390625 0.47426488906250003 0.6709559046875 0.47426488906250003 0.6783086703125 0.476102978125 0.680147234375 0.476102978125 0.6838236171875 0.47794106718749996 0.6856614343749999 0.47794106718749996 0.6893385656250001 0.47977915624999995 0.6911763828125 0.481617865625 0.6911763828125 0.487132134375 0.6966913296875 0.48897084375000005 0.6966913296875 0.49080893281250004 0.6985291484375 0.492647021875 0.6985291484375 0.496323821875 0.70220553125 0.4981619109375 0.70220553125 0.5 0.7040440953125 0.5036767984375 0.7040440953125 0.51102915625 0.7113968609375 0.512867865625 0.7113968609375 0.5147059546875 0.7132354265624999 0.5165440453125 0.7132354265624999 0.527573821875 0.7242645734375001 0.5294119109375 0.7242645734375001 0.53125 0.7261031390625 0.5459559546875 0.7261031390625 0.5477940453125 0.7242645734375001 0.549632134375 0.7242645734375001 0.549632134375 0.72242675625 0.5533089328125 0.7187496265625 0.555147021875 0.7187496265625 0.5625 0.7113968609375 0.57352915625 0.7113968609375 0.575367865625 0.70955904375 0.5772059546875 0.70955904375 0.5790440453125 0.7077204781249999 0.5790440453125 0.7040440953125 0.580882134375 0.70220553125 0.580882134375 0.7003677125000001 0.5790440453125 0.6985291484375 0.5790440453125 0.6911763828125 0.575367865625 0.6875 0.575367865625 0.6838236171875 0.57352915625 0.6819850515625 0.57352915625 0.6783086703125 0.575367865625 0.6764708515625 0.575367865625 0.672793721875 0.5772059546875 0.6709559046875 0.5772059546875 0.6691173390625 0.5790440453125 0.6672795218750001 0.5790440453125 0.6636031390625 0.590073821875 0.65257324375 0.5919119109375 0.65257324375 0.59375 0.6507354265624999 0.59375 0.6488968609375 0.5974267984375 0.6452204781249999 0.5992648890625001 0.6452204781249999 0.5992648890625001 0.6433826609375 0.601102978125 0.6415440953125 0.601102978125 0.6047795218750001 0.5992648890625001 0.60294095625 0.5992648890625001 0.6011031390625 0.5974267984375 0.5992645734375001 0.5974267984375 0.59742675625 0.5955880890625 0.59742675625 0.590073821875 0.591911809375 0.5845589328125 0.591911809375 0.58272084375 0.59007324375 0.5716910671875 0.59007324375 0.569852978125 0.591911809375 0.5680148890625001 0.591911809375 0.5661767984375 0.59007324375 0.5643380890625 0.59007324375 0.5625 0.5882354265624999 0.5606619109375 0.5882354265624999 0.55147084375 0.5790440953125 0.55147084375 0.57720553125 0.549632134375 0.5753677125000001 0.549632134375 0.5735291484375 0.5404410671875 0.5643385656250001 0.5404410671875 0.5625 0.538602978125 0.5625 0.5367648890625001 0.5643385656250001 0.5349267984375 0.5643385656250001 0.5330880890625 0.5661763828125 0.527573821875 0.5661763828125
35 0.367647021875 0.29963228750000004 0.362132134375 0.29963228750000004 0.3602940453125 0.30147085156250003 0.351102978125 0.30147085156250003 0.3492648890625 0.3033086703125 0.3474267984375 0.3033086703125 0.3455880890625 0.305147234375 0.3455880890625 0.3069850515625 0.3419119109375 0.310661434375 0.3419119109375 0.314338565625 0.34375 0.3161763828125 0.34375 0.3180149484375 0.3455880890625 0.319852765625 0.3474267984375 0.319852765625 0.3492648890625 0.3216913296875 0.356617865625 0.3216913296875 0.3584559546875 0.32352914843749997 0.362132134375 0.32352914843749997 0.3694851109375 0.3308826609375 0.3694851109375 0.332720478125 0.3731619109375 0.3363968609375 0.3731619109375 0.3382354265625 0.375 0.34007324375 0.375 0.3492645734375 0.3694851109375 0.354779521875 0.3694851109375 0.3584559046875 0.367647021875 0.36029446875 0.367647021875 0.36397085156250003 0.36397084375 0.367647234375 0.3492648890625 0.367647234375 0.3474267984375 0.3694850515625 0.3455880890625 0.3694850515625 0.3455880890625 0.3713236171875 0.351102978125 0.376838565625 0.351102978125 0.3786763828125 0.3529410671875 0.3805149484375 0.3529410671875 0.40992675624999997 0.35477915625 0.41176457343750006 0.35477915625 0.4136031390625 0.3584559546875 0.417279521875 0.3602940453125 0.417279521875 0.3658089328125 0.42279372187500003 0.367647021875 0.42279372187500003 0.3694851109375 0.4246322875 0.371323821875 0.4246322875 0.3731619109375 0.42647085156250003 0.375 0.42647085156250003 0.3768380890625 0.4283086703125 0.3768380890625 0.430147234375 0.3805148890625 0.430147234375 0.382352978125 0.4319850515625 0.38602915625 0.4319850515625 0.387867865625 0.43382361718749995 0.3897059546875 0.43382361718749995 0.393382134375 0.4375 0.39522084375 0.4375 0.3970589328125 0.43933856562500007 0.40073511093749997 0.43933856562500007 0.402573821875 0.4375 0.4044119109375 0.4375 0.4080880890625 0.43382361718749995 0.4099267984375 0.43382361718749995 0.41176488906250003 0.4319850515625 0.41544106718749996 0.4319850515625 0.4227940453125 0.4246322875 0.42647084375000005 0.4246322875 0.42830893281250004 0.42279372187500003 0.430147021875 0.42279372187500003 0.4356619109375 0.417279521875 0.4393380890625 0.417279521875 0.4411767984375 0.41544095625 0.44301488906250003 0.41544095625 0.44852915624999995 0.40992675624999997 0.450367865625 0.40992675624999997 0.45772084375000005 0.40257324375000003 0.45955893281250004 0.40257324375000003 0.461397021875 0.40073542656249994 0.461397021875 0.33455904375 0.45955893281250004 0.332720478125 0.45955893281250004 0.3308826609375 0.45772084375000005 0.3290440953125 0.45772084375000005 0.32720553125 0.44852915624999995 0.3180149484375 0.44852915624999995 0.3161763828125 0.44669106718749996 0.314338565625 0.44669106718749996 0.3125 0.444852978125 0.310661434375 0.444852978125 0.3069850515625 0.4411767984375 0.3033086703125 0.4411767984375 0.29963228750000004 0.4393380890625 0.29779446875 0.4393380890625 0.2959559046875 0.4375 0.2941173390625 0.433823821875 0.2941173390625 0.43198511093749997 0.292279521875 0.42830893281250004 0.292279521875 0.42647084375000005 0.29044095625 0.424632134375 0.29044095625 0.4227940453125 0.2886031390625 0.4209559546875 0.2886031390625 0.39964205937499997 0.26801270625 0.371323821875 0.29779446875 0.3694851109375 0.29779446875 0.367647021875 0.29963228750000004
34 0.455882134375 0.2757354265625 0.4522059546875 0.279411809375 0.450367865625 0.279411809375 0.450367865625 0.3161763828125 0.4540440453125 0.319852765625 0.455882134375 0.319852765625 0.45772084375000005 0.3216913296875 0.481617865625 0.3216913296875 0.4834559546875 0.319852765625 0.4834559546875 0.3180149484375 0.487132134375 0.314338565625 0.48897084375000005 0.314338565625 0.48897084375000005 0.2867645734375 0.487132134375 0.28492675625 0.487132134375 0.283088190625 0.4852940453125 0.2812503734375 0.4852940453125 0.279411809375 0.4834559546875 0.27757324375 0.4834559546875 0.2738968609375 0.481617865625 0.27205904375 0.47977915624999995 0.27205904375 0.476102978125 0.2683826609375 0.45955893281250004 0.2683826609375 0.45772084375000005 0.270220478125 0.45772084375000005 0.27205904375 0.455882134375 0.2738968609375 0.455882134375 0.2757354265625
25 0.5147059546875 0.5496322874999999 0.512867865625 0.5514708515625 0.5091910671875 0.5514708515625 0.507352978125 0.5533086703125 0.507352978125 0.555147234375 0.5036767984375 0.5588236171875 0.49448511093749997 0.5588236171875 0.492647021875 0.5606614343749999 0.492647021875 0.5625 0.48897084375000005 0.5661763828125 0.48897084375000005 0.5863968609375 0.5 0.5863968609375 0.5018380890625 0.58455904375 0.5036767984375 0.58455904375 0.5091910671875 0.5790440953125 0.51102915625 0.5790440953125 0.512867865625 0.57720553125 0.512867865625 0.5753677125000001 0.5165440453125 0.5716913296875 0.52022084375 0.5716913296875 0.5220589328125 0.569852765625 0.523897021875 0.569852765625 0.527573821875 0.5661763828125 0.5294119109375 0.5661763828125 0.53125 0.5643385656250001 0.5330880890625 0.5643385656250001 0.5349267984375 0.5625 0.5349267984375 0.5606614343749999 0.5367648890625001 0.5588236171875 0.5367648890625001 0.5569850515625 0.538602978125 0.555147234375 0.538602978125 0.5496322874999999 0.5367648890625001 0.547793721875 0.5367648890625001 0.5459559046875 0.5349267984375 0.5441173390625 0.5220589328125 0.5441173390625 0.52022084375 0.5459559046875 0.52022084375 0.547793721875 0.518382134375 0.5496322874999999 0.5147059546875 0.5496322874999999
25 0.288602978125 0.7058826609375 0.2867648890625 0.7077204781249999 0.2867648890625 0.70955904375 0.2830880890625 0.7132354265624999 0.2794119109375 0.7132354265624999 0.277573821875 0.71507324375 0.2757351109375 0.71507324375 0.2720589328125 0.7187496265625 0.27022084375 0.7187496265625 0.268382134375 0.720588190625 0.2665440453125 0.720588190625 0.2647059546875 0.72242675625 0.2647059546875 0.7242645734375001 0.262867865625 0.7261031390625 0.262867865625 0.7408086703125 0.2757351109375 0.7408086703125 0.277573821875 0.7389708515625 0.277573821875 0.7371322874999999 0.28125 0.7334559046875 0.2904410671875 0.7334559046875 0.29227915625 0.7316173390625 0.29227915625 0.7297795218750001 0.2959559546875 0.7261031390625 0.2977940453125 0.7261031390625 0.299632134375 0.7242645734375001 0.299632134375 0.72242675625 0.3033089328125 0.7187496265625 0.3069851109375 0.7187496265625 0.308823821875 0.716911809375 0.3125 0.716911809375 0.3125 0.71507324375 0.316176178125 0.7113968609375 0.3180148890625 0.7113968609375 0.319852978125 0.70955904375 0.319852978125 0.6985291484375 0.299632134375 0.6985291484375 0.2977940453125 0.7003677125000001 0.2959559546875 0.7003677125000001 0.2904410671875 0.7058826609375 0.288602978125 0.7058826609375
7 0.6341910671875 0.21139686093750001 0.58272084375 0.21139686093750001 0.58272084375 0.270220478125 0.6305148890625001 0.270220478125 0.6341910671875 0.2665440953125 0.6341910671875 0.21139686093750001
37 0.3473418109375 0.58833408125 0.3436650125 0.5920104640625 0.3418269234375 0.5920104640625 0.339988834375 0.593849028125 0.339988834375 0.59568759375 0.33815074375 0.5975254109375 0.33815074375 0.6048781765625 0.339988834375 0.606716740625 0.339988834375 0.6103931234375 0.3418269234375 0.6122316890625 0.3418269234375 0.6250986546874999 0.3436650125 0.6269372203125 0.3436650125 0.6324521671875 0.3418269234375 0.634289984375 0.3418269234375 0.6379663671875 0.339988834375 0.6398049328125001 0.339988834375 0.64164275 0.33815074375 0.643481315625 0.33815074375 0.656349028125 0.345503721875 0.6637017937499999 0.345503721875 0.665540359375 0.351017990625 0.671054559375 0.351017990625 0.6728931234375 0.3528560796875 0.6747316890625 0.3528560796875 0.69862855 0.35469478906249996 0.7004663671875 0.35469478906249996 0.7023049328125001 0.3602090578125 0.7078198796875 0.3602090578125 0.7096576984375 0.3620477671875 0.7114962625000001 0.367562034375 0.7114962625000001 0.36940074375 0.71333408125 0.371238834375 0.71333408125 0.376753721875 0.718849028125 0.3785918109375 0.718849028125 0.3804299 0.72068759375 0.382267990625 0.72068759375 0.38594478906249996 0.7243639765625 0.387782878125 0.7243639765625 0.3896209671875 0.7262017937499999 0.408003721875 0.7262017937499999 0.41351799062500005 0.72068759375 0.41535607968750005 0.72068759375 0.41719478906249996 0.718849028125 0.4208709671875 0.718849028125 0.4282239453125 0.7114962625000001 0.433738834375 0.7114962625000001 0.4355769234375 0.7096576984375 0.4374150125 0.7096576984375 0.44292990000000004 0.70414275 0.44476799062500005 0.70414275 0.4521209671875 0.696789984375 0.45763585625000003 0.696789984375 0.4594739453125 0.6949521671875 0.461312034375 0.6949521671875 0.461312034375 0.693113603125 0.46315074375 0.6912757843749999 0.46315074375 0.6894372203125 0.4668269234375 0.6857608374999999 0.4668269234375 0.6195844546875 0.464988834375 0.6177458890625 0.46315074375 0.6177458890625 0.4594739453125 0.61406950625 0.45763585625000003 0.61406950625 0.4539590578125 0.6103931234375 0.4521209671875 0.6103931234375 0.44660607968750005 0.6048781765625 0.44660607968750005 0.6012017937499999 0.44476799062500005 0.5993639765625 0.44476799062500005 0.59568759375 0.44292990000000004 0.593849028125 0.44292990000000004 0.5920104640625 0.44109181093750005 0.5901726453125 0.44109181093750005 0.58833408125 0.439253721875 0.5864962625000001 0.439253721875 0.5846576984375 0.4374150125 0.5828198796875 0.433738834375 0.5828198796875 0.43190074375 0.580981315625 0.401712159375 0.5569820625 0.3620477671875 0.580981315625 0.356532878125 0.5864962625000001 0.35469478906249996 0.5864962625000001 0.3528560796875 0.58833408125 0.3473418109375 0.58833408125
28 0.48897084375000005 0.4246322875 0.492647021875 0.4283086703125 0.492647021875 0.430147234375 0.49448511093749997 0.4319850515625 0.496323821875 0.4319850515625 0.5036767984375 0.43933856562500007 0.512867865625 0.43933856562500007 0.5147059546875 0.4375 0.5165440453125 0.4375 0.518382134375 0.43566143437499993 0.518382134375 0.42279372187500003 0.5165440453125 0.42095590468750005 0.5147059546875 0.42095590468750005 0.512867865625 0.4191173390625 0.5091910671875 0.4191173390625 0.5055148890625001 0.41544095625 0.5055148890625001 0.4136031390625 0.5036767984375 0.41176457343750006 0.5018380890625 0.41176457343750006 0.5 0.40992675624999997 0.4981619109375 0.40992675624999997 0.49448511093749997 0.40625037343750003 0.492647021875 0.40625037343750003 0.49080893281250004 0.404411809375 0.487132134375 0.404411809375 0.4834559546875 0.40073542656249994 0.4834559546875 0.3988968609375 0.4724267984375 0.3988968609375 0.4724267984375 0.417279521875 0.47426488906250003 0.417279521875 0.481617865625 0.4246322875 0.48897084375000005 0.4246322875
6 0.6286767984375 0.3070620328125 0.6268380890625 0.3089005984375 0.6194851109374999 0.3089005984375 0.617647021875 0.3107391625 0.6158089328125 0.3107391625 0.612132134375 0.31441554531250004 0.612132134375 0.3162533625 0.6102940453125 0.318091928125 0.6102940453125 0.395297459375 0.617647021875 0.402650971875 0.6194851109374999 0.402650971875 0.621323821875 0.40448878906249996 0.6231619109375 0.40448878906249996 0.625 0.40632735468750003 0.625 0.408165171875 0.6268380890625 0.4100037375 0.6305148890625001 0.4100037375 0.63602915625 0.41551793750000005 0.637867865625 0.41551793750000005 0.6397059546875 0.4173565015625 0.643382134375 0.4173565015625 0.6470589328125 0.421032884375 0.6470589328125 0.42287145 0.648897021875 0.4247092671875 0.652573821875 0.4247092671875 0.65625 0.42838564999999995 0.6580880890625 0.42838564999999995 0.6617648890625001 0.4320620328125 0.6654410671875 0.4320620328125 0.66727915625 0.43390059843750006 0.669117865625 0.43390059843750006 0.6709559546875 0.4357391625 0.6727940453125 0.4357391625 0.674632134375 0.43390059843750006 0.6783089328125 0.43390059843750006 0.680147021875 0.4320620328125 0.6856619109375 0.4320620328125 0.6930148890625001 0.4247092671875 0.6966910671875 0.4247092671875 0.69852915625 0.42287145 0.700367865625 0.42287145 0.705882134375 0.4173565015625 0.7095589328125 0.4173565015625 0.71875 0.408165171875 0.7205880890625 0.408165171875 0.7205880890625 0.40632735468750003 0.7242648890625001 0.402650971875 0.7242648890625001 0.40081240625000003 0.726102978125 0.3989738421875 0.726102978125 0.38242974531249996 0.7279410671875 0.380591928125 0.7279410671875 0.3787533625 0.731617865625 0.37507698125 0.731617865625 0.3732391625 0.7334559546875 0.3714005984375 0.7334559546875 0.3695620328125 0.73897084375 0.36404783281249997 0.73897084375 0.36037145000000004 0.7408089328125 0.358532884375 0.7408089328125 0.3364738421875 0.73897084375 0.3346360234375 0.73897084375 0.31992974531249996 0.737132134375 0.318091928125 0.737132134375 0.31441554531250004 0.7334559546875 0.3107391625 0.72977915625 0.3107391625 0.706185484375 0.29286621875 0.67991749375 0.2702047828125 0.6536780390625 0.2904431984375 0.63602915625 0.305224215625 0.6341910671875 0.3070620328125 0.6286767984375 0.3070620328125
28 0.46875 0.3988968609375 0.4705880890625 0.39705904375 0.4724267984375 0.39705904375 0.476102978125 0.3933826609375 0.476102978125 0.332720478125 0.47426488906250003 0.3308826609375 0.47426488906250003 0.3290440953125 0.4724267984375 0.32720553125 0.4724267984375 0.32536771249999996 0.465073821875 0.32536771249999996 0.465073821875 0.32720553125 0.46323511093749997 0.3290440953125 0.46323511093749997 0.3988968609375 0.46875 0.3988968609375
7 0.424632134375 0.6433826609375 0.3731619109375 0.6433826609375 0.3731619109375 0.7040440953125 0.4227940453125 0.7040440953125 0.424632134375 0.70220553125 0.424632134375 0.6433826609375
35 0.316176178125 0.430147234375 0.3143380890625 0.4319850515625 0.3106619109375 0.4319850515625 0.308823821875 0.43382361718749995 0.3033089328125 0.43382361718749995 0.30147084375 0.43566143437499993 0.2977940453125 0.43566143437499993 0.294117865625 0.43933856562500007 0.29227915625 0.43933856562500007 0.2904410671875 0.44117638281250005 0.2867648890625 0.44117638281250005 0.284926178125 0.4430149484375 0.2830880890625 0.4430149484375 0.2794119109375 0.4466913296875 0.277573821875 0.4466913296875 0.2757351109375 0.44852914843749997 0.273897021875 0.44852914843749997 0.2720589328125 0.4503677125 0.27022084375 0.4503677125 0.27022084375 0.5128677125000001 0.273897021875 0.5165440953125 0.273897021875 0.5183826609375 0.2757351109375 0.5183826609375 0.277573821875 0.5202204781249999 0.277573821875 0.52205904375 0.2794119109375 0.5238968609375 0.2794119109375 0.533088190625 0.28125 0.53492675625 0.28125 0.54044095625 0.284926178125 0.5441173390625 0.284926178125 0.5459559046875 0.2867648890625 0.547793721875 0.2867648890625 0.5533086703125 0.2904410671875 0.5569850515625 0.2977940453125 0.5569850515625 0.305147021875 0.5643385656250001 0.3106619109375 0.5643385656250001 0.3180148890625 0.5716913296875 0.319852978125 0.5716913296875 0.32352915625 0.5753677125000001 0.32352915625 0.57720553125 0.325367865625 0.5790440953125 0.336397021875 0.5790440953125 0.340073821875 0.5753677125000001 0.3419119109375 0.5753677125000001 0.3455880890625 0.5716913296875 0.3474267984375 0.5716913296875 0.3492648890625 0.569852765625 0.351102978125 0.569852765625 0.356617865625 0.5643385656250001 0.36397084375 0.5643385656250001 0.3658089328125 0.5625 0.367647021875 0.5625 0.371323821875 0.5588236171875 0.3731619109375 0.5588236171875 0.375 0.5569850515625 0.3786767984375 0.5569850515625 0.38602915625 0.5496322874999999 0.3897059546875 0.5496322874999999 0.3915440453125 0.547793721875 0.393382134375 0.547793721875 0.393382134375 0.5459559046875 0.39522084375 0.5441173390625 0.39522084375 0.46507324375000003 0.393382134375 0.46323542656249994 0.393382134375 0.457720478125 0.387867865625 0.45220553125 0.387867865625 0.4503677125 0.38602915625 0.44852914843749997 0.3841910671875 0.44852914843749997 0.382352978125 0.4466913296875 0.3805148890625 0.4466913296875 0.3768380890625 0.4430149484375 0.375 0.4430149484375 0.3731619109375 0.44117638281250005 0.371323821875 0.44117638281250005 0.3694851109375 0.43933856562500007 0.367647021875 0.43933856562500007 0.3658089328125 0.4375 0.3658089328125 0.43566143437499993 0.36397084375 0.43566143437499993 0.35477915625 0.42647085156250003 0.3529410671875 0.42647085156250003 0.351102978125 0.4246322875 0.3474267984375 0.4246322875 0.3455880890625 0.42279372187500003 0.34375 0.42279372187500003 0.3419119109375 0.42095590468750005 0.33272084375 0.42095590468750005 0.330882134375 0.42279372187500003 0.325367865625 0.42279372187500003 0.3180148890625 0.430147234375 0.316176178125 0.430147234375
14 0.3731619109375 0.373161434375 0.3731619109375 0.41544095625 0.4227940453125 0.41544095625 0.424632134375 0.4136031390625 0.424632134375 0.354779521875 0.3731619109375 0.354779521875 0.3731619109375 0.36213228750000004 0.375 0.36397085156250003 0.375 0.3713236171875 0.3731619109375 0.373161434375
26 0.28125 0.5716913296875 0.2830880890625 0.5716913296875 0.2867648890625 0.5753677125000001 0.2867648890625 0.57720553125 0.288602978125 0.5790440953125 0.2904410671875 0.5790440953125 0.2977940453125 0.5863968609375 0.3033089328125 0.5863968609375 0.3106619109375 0.5937496265625 0.3125 0.5937496265625 0.3143380890625 0.595588190625 0.316176178125 0.595588190625 0.3180148890625 0.59742675625 0.3216910671875 0.59742675625 0.32352915625 0.595588190625 0.325367865625 0.595588190625 0.3290440453125 0.591911809375 0.3290440453125 0.5827204781249999 0.3272059546875 0.5808826609375 0.325367865625 0.5808826609375 0.3216910671875 0.57720553125 0.3216910671875 0.5753677125000001 0.319852978125 0.5735291484375 0.3180148890625 0.5735291484375 0.3106619109375 0.5661763828125 0.305147021875 0.5661763828125 0.2977940453125 0.5588236171875 0.29227915625 0.5588236171875 0.2904410671875 0.5569850515625 0.277573821875 0.5569850515625 0.277573821875 0.5661763828125 0.2794119109375 0.5680149484375 0.2794119109375 0.569852765625 0.28125 0.5716913296875
25 0.1856619109375 0.6011031390625 0.183823821875 0.60294095625 0.183823821875 0.6856614343749999 0.1856619109375 0.6875 0.1966910671875 0.6875 0.1966910671875 0.6856614343749999 0.200367865625 0.6819850515625 0.200367865625 0.610293721875 0.19852915625 0.6084559046875 0.19852915625 0.6047795218750001 0.1966910671875 0.60294095625 0.1966910671875 0.59742675625 0.194852978125 0.595588190625 0.191176178125 0.595588190625 0.1893380890625 0.59742675625 0.1875 0.59742675625 0.1856619109375 0.5992645734375001 0.1856619109375 0.6011031390625
31 0.455882134375 0.5625 0.4522059546875 0.5661763828125 0.450367865625 0.5661763828125 0.44852915624999995 0.5680149484375 0.44852915624999995 0.6066173390625 0.450367865625 0.6084559046875 0.4540440453125 0.6084559046875 0.455882134375 0.610293721875 0.47794106718749996 0.610293721875 0.47977915624999995 0.6084559046875 0.481617865625 0.6084559046875 0.49080893281250004 0.5992645734375001 0.49080893281250004 0.5753677125000001 0.4834559546875 0.5680149484375 0.4834559546875 0.5643385656250001 0.481617865625 0.5625 0.481617865625 0.5606614343749999 0.47794106718749996 0.5569850515625 0.461397021875 0.5569850515625 0.45955893281250004 0.5588236171875 0.45772084375000005 0.5588236171875 0.455882134375 0.5606614343749999 0.455882134375 0.5625
4 0.5882351109374999 0.658088190625 0.5845589328125 0.6617645734375001 0.58272084375 0.6617645734375001 0.580882134375 0.6636031390625 0.580882134375 0.694852765625 0.58272084375 0.6966913296875 0.58272084375 0.6985291484375 0.586397021875 0.70220553125 0.586397021875 0.7040440953125 0.5882351109374999 0.7058826609375 0.5882351109374999 0.70955904375 0.625 0.70955904375 0.632352978125 0.70220553125 0.6341910671875 0.70220553125 0.6341910671875 0.7003677125000001 0.63602915625 0.6985291484375 0.63602915625 0.6838236171875 0.6341910671875 0.6838236171875 0.6268380890625 0.6764708515625 0.6194851109374999 0.6764708515625 0.6158089328125 0.672793721875 0.6158089328125 0.6636031390625 0.61397084375 0.6617645734375001 0.612132134375 0.6617645734375001 0.6084559546875 0.658088190625 0.6084559546875 0.6562496265625 0.606617865625 0.654411809375 0.6029410671875 0.654411809375 0.601102978125 0.65257324375 0.5955880890625 0.65257324375 0.59375 0.654411809375 0.590073821875 0.654411809375 0.5882351109374999 0.6562496265625 0.5882351109374999 0.658088190625
32 0.25 0.5183826609375 0.246323821875 0.52205904375 0.2444851109375 0.52205904375 0.242647021875 0.5238968609375 0.242647021875 0.52757324375 0.2408089328125 0.529411809375 0.2408089328125 0.5569850515625 0.246323821875 0.5625 0.2481619109375 0.5625 0.25 0.5643385656250001 0.27022084375 0.5643385656250001 0.2720589328125 0.5625 0.273897021875 0.5625 0.28125 0.555147234375 0.28125 0.5312503734375 0.2794119109375 0.529411809375 0.2794119109375 0.52757324375 0.277573821875 0.5257354265624999 0.277573821875 0.5183826609375 0.27022084375 0.5110291484375 0.27022084375 0.5091913296875 0.2555148890625 0.5091913296875 0.2518380890625 0.5128677125000001 0.2518380890625 0.51470553125 0.25 0.5165440953125 0.25 0.5183826609375
26 0.7095589328125 0.417279521875 0.70772084375 0.417279521875 0.705882134375 0.4191173390625 0.700367865625 0.4191173390625 0.69852915625 0.42095590468750005 0.69852915625 0.42279372187500003 0.694852978125 0.42647085156250003 0.6930148890625001 0.42647085156250003 0.6911767984375 0.4283086703125 0.6893380890625 0.4283086703125 0.6856619109375 0.4319850515625 0.683823821875 0.4319850515625 0.6819851109374999 0.43382361718749995 0.680147021875 0.43382361718749995 0.6783089328125 0.43566143437499993 0.6783089328125 0.45220553125 0.6893380890625 0.45220553125 0.694852978125 0.4466913296875 0.700367865625 0.4466913296875 0.70772084375 0.43933856562500007 0.7095589328125 0.43933856562500007 0.7169119109375 0.4319850515625 0.7242648890625001 0.4319850515625 0.726102978125 0.430147234375 0.726102978125 0.4283086703125 0.72977915625 0.4246322875 0.731617865625 0.4246322875 0.7334559546875 0.42279372187500003 0.7334559546875 0.41176457343750006 0.715073821875 0.41176457343750006 0.7132351109374999 0.4136031390625 0.711397021875 0.4136031390625 0.711397021875 0.41544095625 0.7095589328125 0.417279521875
33 0.3125 0.41176457343750006 0.3180148890625 0.417279521875 0.3419119109375 0.417279521875 0.3492648890625 0.40992675624999997 0.3492648890625 0.382352765625 0.3455880890625 0.3786763828125 0.3455880890625 0.376838565625 0.3382351109375 0.3694850515625 0.3382351109375 0.367647234375 0.3216910671875 0.367647234375 0.316176178125 0.373161434375 0.316176178125 0.375 0.3125 0.3786763828125 0.3125 0.41176457343750006
32 0.72977915625 0.375 0.7279410671875 0.376838565625 0.7279410671875 0.3786763828125 0.726102978125 0.3805149484375 0.726102978125 0.41544095625 0.7279410671875 0.41544095625 0.72977915625 0.417279521875 0.76102915625 0.417279521875 0.762867865625 0.41544095625 0.762867865625 0.4136031390625 0.7647059546875 0.41176457343750006 0.7647059546875 0.40992675624999997 0.7665440453125 0.408088190625 0.7665440453125 0.3933826609375 0.7647059546875 0.3915440953125 0.7647059546875 0.38786771249999996 0.762867865625 0.38602914843749997 0.762867865625 0.376838565625 0.7518380890625 0.3658086703125 0.73897084375 0.3658086703125 0.7352940453125 0.3694850515625 0.7352940453125 0.3713236171875 0.731617865625 0.375 0.72977915625 0.375
37 0.1410043421875 0.5526808671875 0.1410043421875 0.554518684375 0.1428430515625 0.55635725 0.1446811421875 0.55635725 0.1501960296875 0.561872196875 0.15203411875 0.561872196875 0.1538722078125 0.563710015625 0.159387096875 0.563710015625 0.163063275 0.567386396875 0.163063275 0.5692249625 0.1649013640625 0.5710627796875001 0.16857816406249998 0.5710627796875001 0.1740930515625 0.576577728125 0.1759311421875 0.576577728125 0.17776923125 0.5784162937499999 0.1814460296875 0.5784162937499999 0.1851222078125 0.582092675 0.1851222078125 0.58393049375 0.19799007500000002 0.58393049375 0.19799007500000002 0.582092675 0.20166625312500003 0.5784162937499999 0.2071811421875 0.5784162937499999 0.20901923125000002 0.576577728125 0.2108573203125 0.576577728125 0.21637220781250002 0.5710627796875001 0.2182102984375 0.5710627796875001 0.2200490078125 0.5692249625 0.2200490078125 0.567386396875 0.22188709687500002 0.5655485796875 0.22372518593750002 0.5655485796875 0.225563275 0.563710015625 0.2310781640625 0.563710015625 0.23475434218750002 0.5600336328125 0.23475434218750002 0.5581950671875 0.23659305156250002 0.55635725 0.23659305156250002 0.554518684375 0.24026923125000002 0.5508423015624999 0.24026923125000002 0.54716591875 0.2421073203125 0.5453281015625 0.2421073203125 0.5232690578125 0.256813275 0.5085627796875001 0.253532878125 0.45664574062499996 0.193683003125 0.41234230156249996 0.13008064531250002 0.454697309375 0.128137096875 0.541650971875 0.13549007500000002 0.5490044843749999 0.13732816406249998 0.5490044843749999 0.1410043421875 0.5526808671875
15 0.7279410671875 0.5606614343749999 0.7647059546875 0.5606614343749999 0.77022084375 0.555147234375 0.77022084375 0.5459559046875 0.7720589328125 0.5441173390625 0.7720589328125 0.51470553125 0.77022084375 0.5128677125000001 0.77022084375 0.49816143437499993 0.7224267984375 0.49816143437499993 0.7224267984375 0.5569850515625 0.7242648890625001 0.5588236171875 0.726102978125 0.5588236171875 0.7279410671875 0.5606614343749999
31 0.3216910671875 0.65992675625 0.319852978125 0.6617645734375001 0.3180148890625 0.6617645734375001 0.316176178125 0.6636031390625 0.3143380890625 0.6636031390625 0.3106619109375 0.6672795218750001 0.3106619109375 0.6691173390625 0.308823821875 0.6709559046875 0.308823821875 0.6985291484375 0.3106619109375 0.7003677125000001 0.3125 0.7003677125000001 0.3180148890625 0.7058826609375 0.34375 0.7058826609375 0.3455880890625 0.7040440953125 0.3474267984375 0.7040440953125 0.351102978125 0.7003677125000001 0.351102978125 0.6709559046875 0.3492648890625 0.6691173390625 0.3474267984375 0.6691173390625 0.3455880890625 0.6672795218750001 0.3455880890625 0.66544095625 0.3419119109375 0.6617645734375001 0.340073821875 0.6617645734375001 0.3382351109375 0.65992675625 0.3345589328125 0.65992675625 0.33272084375 0.658088190625 0.33272084375 0.6562496265625 0.336397021875 0.65257324375 0.32352915625 0.65257324375 0.325367865625 0.654411809375 0.325367865625 0.658088190625 0.32352915625 0.65992675625 0.3216910671875 0.65992675625
16 0.5643380890625 0.64705904375 0.5625 0.6452204781249999 0.5625 0.6433826609375 0.5147059546875 0.6433826609375 0.5147059546875 0.7040440953125 0.5625 0.7040440953125 0.5643380890625 0.70220553125 0.5643380890625 0.64705904375
13 0.3584559546875 0.7867645734375001 0.3069851109375 0.7867645734375001 0.3069851109375 0.8492645734375 0.351102978125 0.8492645734375 0.3584559546875 0.8419118093750001 0.3584559546875 0.7867645734375001
15 0.284926178125 0.70220553125 0.284926178125 0.7003677125000001 0.2867648890625 0.6985291484375 0.2867648890625 0.6452204781249999 0.284926178125 0.6433826609375 0.23897084375 0.6433826609375 0.237132134375 0.6452204781249999 0.237132134375 0.7040440953125 0.2830880890625 0.7040440953125 0.284926178125 0.70220553125
13 0.53125 0.40992675624999997 0.5404410671875 0.40992675624999997 0.544117865625 0.4136031390625 0.544117865625 0.41544095625 0.5643380890625 0.41544095625 0.5643380890625 0.35294095625 0.512867865625 0.35294095625 0.512867865625 0.41176457343750006 0.5165440453125 0.41544095625 0.5257351109374999 0.41544095625 0.53125 0.40992675624999997
8 0.2867648890625 0.41176457343750006 0.2867648890625 0.40992675624999997 0.288602978125 0.408088190625 0.288602978125 0.375 0.2867648890625 0.373161434375 0.2867648890625 0.36213228750000004 0.284926178125 0.36029446875 0.284926178125 0.3566173390625 0.2352940453125 0.3566173390625 0.2352940453125 0.41544095625 0.284926178125 0.41544095625 0.284926178125 0.4136031390625 0.2867648890625 0.41176457343750006
25 0.1930148890625 0.70220553125 0.19852915625 0.7077204781249999 0.19852915625 0.70955904375 0.200367865625 0.7113968609375 0.205882134375 0.7113968609375 0.20772084375 0.7132354265624999 0.2095589328125 0.7132354265624999 0.215073821875 0.7187496265625 0.2169119109375 0.7187496265625 0.2205880890625 0.72242675625 0.2205880890625 0.7242645734375001 0.222426178125 0.7261031390625 0.22977915625 0.7261031390625 0.237132134375 0.7334559046875 0.23897084375 0.7334559046875 0.242647021875 0.7371322874999999 0.242647021875 0.7389708515625 0.2444851109375 0.7408086703125 0.26102915625 0.7408086703125 0.26102915625 0.72794095625 0.2591910671875 0.72794095625 0.2555148890625 0.7242645734375001 0.2555148890625 0.72242675625 0.253676178125 0.720588190625 0.2518380890625 0.720588190625 0.2481619109375 0.716911809375 0.2481619109375 0.71507324375 0.246323821875 0.7132354265624999 0.23897084375 0.7132354265624999 0.231617865625 0.7058826609375 0.22977915625 0.7058826609375 0.226102978125 0.70220553125 0.226102978125 0.7003677125000001 0.2242648890625 0.6985291484375 0.21875 0.6985291484375 0.2169119109375 0.6966913296875 0.215073821875 0.6966913296875 0.2095589328125 0.6911763828125 0.2022059546875 0.6911763828125 0.200367865625 0.6893385656250001 0.1930148890625 0.6893385656250001 0.1966910671875 0.6930149484375 0.1966910671875 0.6966913296875 0.1930148890625 0.7003677125000001 0.1930148890625 0.70220553125
16 0.46323511093749997 0.2683826609375 0.465073821875 0.2665440953125 0.46875 0.2665440953125 0.4705880890625 0.2683826609375 0.4724267984375 0.2683826609375 0.47426488906250003 0.270220478125 0.492647021875 0.270220478125 0.49448511093749997 0.2683826609375 0.496323821875 0.2683826609375 0.496323821875 0.21139686093750001 0.444852978125 0.21139686093750001 0.444852978125 0.270220478125 0.45955893281250004 0.270220478125 0.461397021875 0.2683826609375 0.46323511093749997 0.2683826609375
25 0.336397021875 0.59742675625 0.325367865625 0.59742675625 0.325367865625 0.65257324375 0.3345589328125 0.65257324375 0.336397021875 0.6507354265624999 0.336397021875 0.59742675625
29 0.340073821875 0.3363968609375 0.3382351109375 0.3363968609375 0.336397021875 0.3382354265625 0.336397021875 0.3511031390625 0.340073821875 0.3511031390625 0.34375 0.354779521875 0.34375 0.3566173390625 0.3486705953125 0.35538041875 0.3497506203125 0.3570575484375 0.3502444171875 0.362431240625 0.3492648890625 0.3658086703125 0.351102978125 0.367647234375 0.3602940453125 0.367647234375 0.362132134375 0.3658086703125 0.36397084375 0.3658086703125 0.3658089328125 0.36397085156250003 0.3658089328125 0.36213228750000004 0.3694851109375 0.3584559046875 0.371323821875 0.3584559046875 0.3805148890625 0.3492645734375 0.3805148890625 0.3437496265625 0.3786767984375 0.341911809375 0.3786767984375 0.34007324375 0.371323821875 0.332720478125 0.371323821875 0.3308826609375 0.37205086875000004 0.32475112031250003 0.37083436718749996 0.3184050828125 0.355456575 0.31075784687499997 0.3455880890625 0.32720553125 0.34375 0.3290440953125 0.34375 0.332720478125 0.340073821875 0.3363968609375
27 0.6415440453125 0.7261031390625 0.643382134375 0.7261031390625 0.6470589328125 0.7297795218750001 0.6470589328125 0.7316173390625 0.648897021875 0.7334559046875 0.6507351109374999 0.7334559046875 0.6580880890625 0.7408086703125 0.6727940453125 0.7408086703125 0.674632134375 0.7389708515625 0.674632134375 0.72794095625 0.6727940453125 0.7261031390625 0.6727940453125 0.7242645734375001 0.6709559546875 0.72242675625 0.669117865625 0.72242675625 0.66727915625 0.720588190625 0.6654410671875 0.720588190625 0.6580880890625 0.7132354265624999 0.65625 0.7132354265624999 0.6507351109374999 0.7077204781249999 0.6507351109374999 0.7058826609375 0.6397059546875 0.7058826609375 0.637867865625 0.7040440953125 0.6305148890625001 0.7040440953125 0.6305148890625001 0.7132354265624999 0.632352978125 0.71507324375 0.632352978125 0.716911809375 0.6415440453125 0.7261031390625
10 0.49448511093749997 0.844041853125 0.496323821875 0.844041853125 0.496323821875 0.7870568015625 0.44301488906250003 0.7870568015625 0.44301488906250003 0.8495568015625 0.49080893281250004 0.8495568015625 0.49080893281250004 0.8477182359375 0.49448511093749997 0.844041853125
9 0.3584559546875 0.21507324374999998 0.356617865625 0.2132354265625 0.356617865625 0.21139686093750001 0.3069851109375 0.21139686093750001 0.3069851109375 0.270220478125 0.356617865625 0.270220478125 0.3584559546875 0.2683826609375 0.3584559546875 0.21507324374999998
27 0.332506203125 0.36322869999999996 0.33498759375 0.3662182359375 0.3337468984375 0.3452914796875 0.33870967812499997 0.3348281015625 0.3362282875 0.33109118125000003 0.3380893296875 0.320627803125 0.3368486359375 0.3116591921875 0.33188585625 0.307922271875 0.3294044671875 0.307922271875 0.3256823828125 0.309417040625 0.3225806453125 0.3161434984375 0.323821340625 0.36322869999999996 0.332506203125 0.36322869999999996
26 0.6767990078125 0.5074738421875 0.68300248125 0.5112107625 0.6848635234375 0.508968609375 0.6848635234375 0.46636771250000003 0.6836228281250001 0.45739910312500004 0.67866005 0.4514200296875 0.67866005 0.4506726453125 0.668734490625 0.45889387187499997 0.66811414375 0.50149476875 0.6699751859374999 0.50971599375 0.6767990078125 0.5074738421875
12 0.58498759375 0.5605381171875 0.5905707203125 0.56278026875 0.630272953125 0.5612855 0.6339950375 0.5560538109375 0.6339950375 0.5037369203125001 0.6277915625 0.49850523124999996 0.607940446875 0.497757846875 0.6054590578125 0.497757846875 0.5874689828124999 0.49850523124999996 0.582506203125 0.50149476875 0.582506203125 0.5568011953124999 0.58498759375 0.5605381171875
11 0.6526054593749999 0.703288490625 0.668734490625 0.7055306421875 0.67121588125 0.7092675640625 0.701612903125 0.704783259375 0.7040942921875 0.69955156875 0.7034739453125 0.647234678125 0.6966501234375 0.6427503734375 0.6749379656250001 0.6420029890625 0.67121588125 0.6420029890625 0.6575682375 0.6427503734375 0.6513647640625 0.647234678125 0.6507444171875 0.6823617343749999 0.6526054593749999 0.703288490625
11 0.30955335 0.5605381171875 0.31389578125 0.56278026875 0.3517369734375 0.562032884375 0.3566997515625 0.5590433484374999 0.35732010000000003 0.5052316890624999 0.354838709375 0.5 0.34181141406250004 0.49701046406250005 0.3411910671875 0.49701046406250005 0.31389578125 0.497757846875 0.305831265625 0.502242153125 0.30521091875 0.553811659375 0.30955335 0.5605381171875
8 0.44540942968749997 0.5590433484374999 0.45099255625 0.562032884375 0.45781637656249996 0.562032884375 0.4671215875 0.553811659375 0.47146402031249995 0.55455904375 0.4838709671875 0.5642750375000001 0.493176178125 0.5590433484374999 0.4950372203125 0.5568011953124999 0.49565756875 0.5403587437499999 0.4944168734375 0.50149476875 0.4875930515625 0.497757846875 0.45471464062500005 0.497757846875 0.4503722078125 0.497757846875 0.444168734375 0.50149476875 0.4429280390625 0.5112107625 0.44354838750000003 0.555306428125 0.44540942968749997 0.5590433484374999
12 0.211397021875 0.5606614343749999 0.215073821875 0.5569850515625 0.2169119109375 0.5569850515625 0.2169119109375 0.49816143437499993 0.16727915625 0.49816143437499993 0.16727915625 0.5588236171875 0.1727940453125 0.5588236171875 0.174632134375 0.5606614343749999 0.211397021875 0.5606614343749999
20 0.2828126546875 0.9484372203125 0.2828126546875 0.8687503734375 0.2281246890625 0.8687503734375 0.2281246890625 0.95 0.2796873453125 0.95 0.28125 0.9484372203125 0.2828126546875 0.9484372203125
18 0.5046873453125 0.0031248125 0.5046873453125 0.07968759375 0.5593746890625 0.07968759375 0.5593746890625 0.0031248125 0.5046873453125 0.0031248125
18 0.7138076921875001 0.725077728125 0.7138076921875001 0.8047653218749999 0.7684950374999999 0.8047653218749999 0.7684950374999999 0.725077728125 0.7138076921875001 0.725077728125
21 0.7125 0.14531240625 0.7125 0.22187518750000002 0.7656253109375 0.22187518750000002 0.7656253109375 0.14531240625 0.7125 0.14531240625
18 0.2796873453125 0.00468759375 0.22968734531249999 0.00468759375 0.22968734531249999 0.08593722031249999 0.2781246890625 0.08593722031249999 0.2796873453125 0.0843751875 0.2796873453125 0.00468759375
19 0.08906265468749999 0.28281240625000004 0.08906265468749999 0.37187518750000004 0.1421873453125 0.37187518750000004 0.1421873453125 0.28281240625000004 0.08906265468749999 0.28281240625000004
18 0.50625 0.8703124062500001 0.50625 0.9468751875000001 0.5578126546875 0.9468751875000001 0.5578126546875 0.8703124062500001 0.50625 0.8703124062500001
22 0.0906246890625 0.57968759375 0.0906246890625 0.6593751875 0.1421873453125 0.6593751875 0.1421873453125 0.57968759375 0.0906246890625 0.57968759375
23 0.9031253109374999 0.43281240624999995 0.8531246890625 0.43281240624999995 0.8531246890625 0.5125 0.9015626546875 0.5125 0.9031253109374999 0.5109372203125 0.9031253109374999 0.43281240624999995