34 0.472426196875 0.57904380625 0.47058843125000005 0.580882175 0.47058843125000005 0.61397054375 0.472426196875 0.6158089125 0.474264628125 0.6158089125 0.47794148906249995 0.61948565 0.47794148906249995 0.6213232625 0.505514628125 0.6213232625 0.505514628125 0.61948565 0.5091914890625 0.6158089125 0.5110292546874999 0.6158089125 0.5128676859375 0.61397054375 0.5128676859375 0.58272054375 0.5110292546874999 0.580882175 0.5091914890625 0.580882175 0.505514628125 0.57720619375 0.505514628125 0.575367825 0.5 0.56985271875 0.5 0.5680151062500001 0.4797792546875 0.5680151062500001 0.47794148906249995 0.56985271875 0.47794148906249995 0.5716910875 0.472426196875 0.57720619375 0.472426196875 0.57904380625
37 0.465073803125 0.1470589125 0.45955851093750005 0.1525732625 0.4577207453125 0.1525732625 0.4558823140625 0.15441163125 0.45220611718750003 0.15441163125 0.4448530578125 0.16176435 0.443014628125 0.16176435 0.441176196875 0.16360271875000001 0.441176196875 0.1783089125 0.43933843125000005 0.18014728124999999 0.43933843125000005 0.18198565 0.4375 0.1838232625 0.43566156874999995 0.1838232625 0.42830851093750005 0.1911767375 0.4264707453125 0.1911767375 0.4264707453125 0.27389728125 0.42830851093750005 0.27389728125 0.4301469421875 0.27573565 0.431985371875 0.27573565 0.433823803125 0.2775732625 0.4375 0.2775732625 0.43933843125000005 0.27941163125 0.441176196875 0.27941163125 0.4448530578125 0.28308836875 0.44669148906249995 0.28308836875 0.4485292546875 0.2849267375 0.45220611718750003 0.2849267375 0.45955851093750005 0.29227945625 0.465073803125 0.29227945625 0.472426196875 0.299632175 0.4761030578125 0.299632175 0.47794148906249995 0.30147054375 0.4797792546875 0.30147054375 0.48345611718750003 0.30514728125 0.48529388281249997 0.30514728125 0.4871323140625 0.30698565 0.496323803125 0.30698565 0.503676196875 0.299632175 0.5091914890625 0.299632175 0.5165438828125 0.29227945625 0.5202207453125001 0.29227945625 0.525735371875 0.28676435 0.527573803125 0.28676435 0.52941156875 0.2849267375 0.53308843125 0.2849267375 0.5404414890625 0.2775732625 0.5459561171875 0.2775732625 0.5533085109375 0.27022054375 0.5551469421874999 0.27022054375 0.556985371875 0.268382175 0.556985371875 0.26470619375000004 0.558823803125 0.262867825 0.558823803125 0.21691163125 0.56066156875 0.21507326249999997 0.56066156875 0.1838232625 0.558823803125 0.18198565 0.558823803125 0.1783089125 0.556985371875 0.17647054375 0.556985371875 0.17279380625000001 0.5533085109375 0.169117825 0.5496323140625 0.169117825 0.5441176859375 0.16360271875000001 0.5422792546874999 0.16360271875000001 0.5404414890625 0.16176435 0.5386030578125001 0.16176435 0.536764628125 0.1599267375 0.534926196875 0.1599267375 0.53125 0.15625 0.52941156875 0.15625 0.527573803125 0.15441163125 0.525735371875 0.15441163125 0.5183823140625 0.1470589125 0.5147061171875 0.1470589125 0.5128676859375 0.14522054375 0.5110292546874999 0.14522054375 0.505514628125 0.13970619374999999 0.503676196875 0.13970619374999999 0.49816156874999995 0.1341910875 0.48529388281249997 0.1341910875 0.4797792546875 0.13970619374999999 0.474264628125 0.13970619374999999 0.46691156874999995 0.1470589125 0.465073803125 0.1470589125
28 0.277573803125 0.5533089125 0.277573803125 0.48345619375000004 0.275735371875 0.481617825 0.277573803125 0.47977945625 0.2647061171875 0.47977945625 0.2647061171875 0.481617825 0.2628676859375 0.48345619375000004 0.2628676859375 0.5533089125 0.277573803125 0.5533089125
37 0.472426196875 0.71875 0.47058843125000005 0.72058836875 0.46875 0.72058836875 0.463235371875 0.72610271875 0.4613969421875 0.72610271875 0.45955851093750005 0.7279410875 0.4577207453125 0.7279410875 0.4503676859375 0.73529380625 0.44669148906249995 0.73529380625 0.4448530578125 0.737132175 0.443014628125 0.737132175 0.4375 0.74264728125 0.43566156874999995 0.74264728125 0.4301469421875 0.74816163125 0.42830851093750005 0.74816163125 0.4264707453125 0.75 0.4264707453125 0.8492651062500001 0.42830851093750005 0.8492651062500001 0.4301469421875 0.85110271875 0.433823803125 0.85110271875 0.43566156874999995 0.8529410875 0.4375 0.8529410875 0.443014628125 0.85845619375 0.4448530578125 0.85845619375 0.45220611718750003 0.8658089125 0.4558823140625 0.8658089125 0.4577207453125 0.86764728125 0.45955851093750005 0.86764728125 0.465073803125 0.87316163125 0.46691156874999995 0.87316163125 0.474264628125 0.8805151062500001 0.4816176859375 0.8805151062500001 0.48529388281249997 0.8841910875 0.48529388281249997 0.88602945625 0.4871323140625 0.887867825 0.494485371875 0.887867825 0.50183843125 0.8805151062500001 0.503676196875 0.8805151062500001 0.5110292546874999 0.87316163125 0.5183823140625 0.87316163125 0.5202207453125001 0.8713232625 0.5202207453125001 0.86948565 0.5238969421874999 0.8658089125 0.525735371875 0.8658089125 0.527573803125 0.86397054375 0.52941156875 0.86397054375 0.53308843125 0.86029380625 0.534926196875 0.86029380625 0.536764628125 0.85845619375 0.5404414890625 0.85845619375 0.5477938828125 0.85110271875 0.5514707453125001 0.85110271875 0.5533085109375 0.8492651062500001 0.5551469421874999 0.8492651062500001 0.5551469421874999 0.8474267375 0.556985371875 0.84558836875 0.556985371875 0.84375 0.558823803125 0.84191163125 0.558823803125 0.83823565 0.56066156875 0.83639728125 0.56066156875 0.8088232625 0.558823803125 0.80698565 0.558823803125 0.7867651062500001 0.56066156875 0.7849267375 0.56066156875 0.77573565 0.5514707453125001 0.76654380625 0.5496323140625 0.76654380625 0.5477938828125 0.76470619375 0.5459561171875 0.76470619375 0.5422792546874999 0.76102945625 0.5422792546874999 0.75 0.5404414890625 0.74816163125 0.5404414890625 0.74448565 0.5386030578125001 0.74264728125 0.5386030578125001 0.7408089125 0.53125 0.73345619375 0.52941156875 0.73345619375 0.527573803125 0.731617825 0.527573803125 0.72977945625 0.525735371875 0.72977945625 0.5238969421874999 0.7279410875 0.5220585109375 0.7279410875 0.5165438828125 0.7224267375 0.5147061171875 0.7224267375 0.5128676859375 0.72058836875 0.5110292546874999 0.72058836875 0.5091914890625 0.71875 0.5073530578125001 0.71875 0.505514628125 0.71691163125 0.505514628125 0.71323565 0.503676196875 0.71323565 0.50183843125 0.71139728125 0.4797792546875 0.71139728125 0.4761030578125 0.7150732625 0.4761030578125 0.71691163125 0.474264628125 0.71875 0.472426196875 0.71875
28 0.49816156874999995 0.62683836875 0.48345611718750003 0.62683836875 0.48345611718750003 0.6966910875 0.496323803125 0.6966910875 0.49816156874999995 0.69485271875 0.49816156874999995 0.62683836875
36 0.1323530578125 0.4871110265625 0.130514628125 0.4981404828125 0.128676196875 0.547772659375 0.130514628125 0.5514493953125 0.1323530578125 0.5551261328125 0.1360292546875 0.5569645015625 0.13970611718749998 0.5624788515625 0.1470585109375 0.5643172203125 0.150735371875 0.5661555890625001 0.15808843125 0.5716699390625 0.17095611718749998 0.579022659375 0.1801469421875 0.5863761328125 0.183823803125 0.5882145015625 0.18566156875 0.5918904828125 0.191176196875 0.5937288515625 0.2095585109375 0.5863761328125 0.21323537187500002 0.5845377640625 0.22058843125 0.579022659375 0.2261030578125 0.5771850453125 0.2316176859375 0.5735083078125001 0.23529388281250002 0.5716699390625 0.246323803125 0.5643172203125 0.255514628125 0.5624788515625 0.2591914890625 0.5569645015625 0.2628676859375 0.5551261328125 0.2610292546875 0.48894939531250003 0.2573530578125 0.48343504531250003 0.255514628125 0.4797583078125 0.24540093125 0.4714947125 0.247014628125 0.459262840625 0.22276130312500003 0.443188821875 0.1977712765625 0.4274864046875 0.1553144953125 0.45402643437499995 0.1360292546875 0.47056722031250003 0.1323530578125 0.4871110265625
0 0.693014628125 0.28676435 0.68566156875 0.294117825 0.6801469421874999 0.294117825 0.6727938828125 0.30147054375 0.6672792546874999 0.30147054375 0.6654414890625 0.3033089125 0.6636030578125001 0.3033089125 0.6636030578125001 0.30698565 0.661764628125 0.3088232625 0.661764628125 0.31985271875 0.659926196875 0.3216910875 0.659926196875 0.32352945625 0.652573803125 0.330882175 0.652573803125 0.33272054375 0.6488969421874999 0.33639728125 0.6488969421874999 0.41176510625 0.650735371875 0.41176510625 0.65625 0.41727945625 0.659926196875 0.41727945625 0.661764628125 0.419117825 0.6654414890625 0.419117825 0.6709561171875 0.424632175 0.6985292546874999 0.424632175 0.7003676859375 0.42279380624999996 0.7040438828125 0.42279380624999996 0.7058823140625 0.424632175 0.72058843125 0.424632175 0.724264628125 0.4283089125 0.727940825 0.424632175 0.7389707453125001 0.424632175 0.740809175 0.42279380624999996 0.7426469421874999 0.42279380624999996 0.744485371875 0.42095619375000004 0.746323803125 0.42095619375000004 0.74816156875 0.419117825 0.75 0.419117825 0.75183843125 0.41727945625 0.7573530578125001 0.41727945625 0.759190825 0.4154410875 0.7647061171875 0.4154410875 0.7665438828125 0.41360271875 0.7683823140625 0.41360271875 0.7738969421874999 0.40808836875 0.7738969421874999 0.40625 0.775735371875 0.40441163125 0.775735371875 0.4025732625 0.777573803125 0.40073565 0.777573803125 0.31801435 0.775735371875 0.3161767375 0.7738969421874999 0.3161767375 0.7702207453125001 0.3125 0.7702207453125001 0.31066163125 0.7683823140625 0.31066163125 0.7665438828125 0.3088232625 0.7610292546874999 0.3088232625 0.759190825 0.30698565 0.7573530578125001 0.30698565 0.755514628125 0.30514728125 0.755514628125 0.3033089125 0.753676196875 0.30147054375 0.75 0.30147054375 0.744485371875 0.29595619375000004 0.7426469421874999 0.29595619375000004 0.740809175 0.294117825 0.7371323140625 0.294117825 0.7334561171875 0.2904410875 0.7334561171875 0.28860271875 0.7316176859375 0.28676435 0.7297792546874999 0.28676435 0.727940825 0.2849267375 0.7261030578125001 0.2849267375 0.722426196875 0.28125 0.7058823140625 0.28125 0.7022061171875 0.2849267375 0.7003676859375 0.2849267375 0.6985292546874999 0.28676435 0.693014628125 0.28676435
0 0.25183843125 0.58272054375 0.24816156875 0.58639728125 0.246323803125 0.58639728125 0.24448537187500002 0.58823565 0.2426469421875 0.58823565 0.2389707453125 0.59191163125 0.2371323140625 0.59191163125 0.23529388281250002 0.59375 0.23345611718749998 0.59375 0.2316176859375 0.59558836875 0.2297792546875 0.59558836875 0.222426196875 0.6029410875 0.21875 0.6029410875 0.21691156875 0.60477945625 0.215073803125 0.60477945625 0.2095585109375 0.61029380625 0.2077207453125 0.61029380625 0.2058823140625 0.612132175 0.2058823140625 0.6213232625 0.20404388281250002 0.62316163125 0.20404388281250002 0.69852945625 0.2058823140625 0.700367825 0.2058823140625 0.70220619375 0.2077207453125 0.70404380625 0.2095585109375 0.70404380625 0.21691156875 0.71139728125 0.222426196875 0.71139728125 0.22426462812499998 0.71323565 0.2261030578125 0.71323565 0.2279414890625 0.7150732625 0.2279414890625 0.71691163125 0.2297792546875 0.71875 0.2316176859375 0.71875 0.23345611718749998 0.72058836875 0.23529388281250002 0.72058836875 0.2389707453125 0.7242651062500001 0.2408085109375 0.7242651062500001 0.2426469421875 0.72610271875 0.246323803125 0.72610271875 0.25 0.72977945625 0.25 0.731617825 0.25183843125 0.731617825 0.253676196875 0.73345619375 0.255514628125 0.73345619375 0.2573530578125 0.73529380625 0.2591914890625 0.73529380625 0.2628676859375 0.73897054375 0.2647061171875 0.73897054375 0.2665438828125 0.7408089125 0.275735371875 0.7408089125 0.277573803125 0.73897054375 0.277573803125 0.737132175 0.28125 0.73345619375 0.28308843125 0.73345619375 0.284926196875 0.731617825 0.286764628125 0.731617825 0.2922792546875 0.72610271875 0.2959561171875 0.72610271875 0.2977938828125 0.7242651062500001 0.2996323140625 0.7242651062500001 0.3051469421875 0.71875 0.308823803125 0.71875 0.318014628125 0.7095589125 0.3198530578125 0.7095589125 0.3198530578125 0.705882175 0.3216914890625 0.70404380625 0.3216914890625 0.68198565 0.3235292546875 0.68014728125 0.3235292546875 0.6783089125 0.3290438828125 0.67279380625 0.3290438828125 0.67095619375 0.3327207453125 0.66727945625 0.3345585109375 0.66727945625 0.3363969421875 0.6654410875 0.3363969421875 0.65808836875 0.338235371875 0.65625 0.338235371875 0.6213232625 0.3363969421875 0.61948565 0.3363969421875 0.61397054375 0.3327207453125 0.61029380625 0.3308823140625 0.61029380625 0.3290438828125 0.60845619375 0.3272061171875 0.60845619375 0.3253676859375 0.606617825 0.3216914890625 0.606617825 0.3198530578125 0.60477945625 0.308823803125 0.60477945625 0.306985371875 0.6029410875 0.3033085109375 0.6029410875 0.3014707453125 0.60110271875 0.2996323140625 0.60110271875 0.2977938828125 0.5992651062500001 0.2959561171875 0.5992651062500001 0.2904414890625 0.59375 0.2886030578125 0.59375 0.28308843125 0.58823565 0.28125 0.58823565 0.275735371875 0.58272054375 0.2738969421875 0.58272054375 0.2720585109375 0.580882175 0.2702207453125 0.580882175 0.2683823140625 0.57904380625 0.2665438828125 0.57904380625 0.2647061171875 0.580882175 0.2573530578125 0.580882175 0.255514628125 0.58272054375 0.25183843125 0.58272054375
36 0.6139707453125001 0.7279410875 0.6102938828125 0.7279410875 0.6084561171875 0.72977945625 0.6047792546874999 0.72977945625 0.6047792546874999 0.731617825 0.6029414890625 0.73345619375 0.6011030578125001 0.73345619375 0.599264628125 0.73529380625 0.597426196875 0.73529380625 0.588235371875 0.74448565 0.588235371875 0.75735271875 0.5863969421874999 0.7591910875 0.5863969421874999 0.76102945625 0.5827207453125001 0.76470619375 0.5790438828125 0.76470619375 0.5716914890625 0.7720589125 0.568014628125 0.7720589125 0.568014628125 0.83823565 0.5753676859375 0.84558836875 0.5772061171875 0.84558836875 0.5827207453125001 0.85110271875 0.5845585109375 0.85110271875 0.59191156875 0.85845619375 0.59558843125 0.85845619375 0.597426196875 0.86029380625 0.599264628125 0.86029380625 0.6047792546874999 0.8658089125 0.6066176859375 0.8658089125 0.6102938828125 0.86948565 0.6102938828125 0.8713232625 0.6121323140625 0.87316163125 0.6158085109375 0.87316163125 0.6176469421874999 0.875 0.619485371875 0.875 0.625 0.8805151062500001 0.628676196875 0.8805151062500001 0.6323530578125001 0.8841910875 0.6323530578125001 0.88602945625 0.6433823140625 0.88602945625 0.6488969421874999 0.8805151062500001 0.650735371875 0.8805151062500001 0.65808843125 0.87316163125 0.6636030578125001 0.87316163125 0.6764707453125001 0.86029380625 0.6783085109375 0.86029380625 0.6801469421874999 0.85845619375 0.683823803125 0.85845619375 0.68566156875 0.856617825 0.6875 0.856617825 0.693014628125 0.85110271875 0.6948530578125001 0.85110271875 0.7003676859375 0.84558836875 0.7022061171875 0.84558836875 0.7058823140625 0.84191163125 0.7058823140625 0.7591910875 0.7040438828125 0.75735271875 0.7040438828125 0.7536767375 0.7003676859375 0.75 0.6985292546874999 0.75 0.6948530578125001 0.7463232625 0.6948530578125001 0.74448565 0.693014628125 0.74448565 0.691176196875 0.74264728125 0.6875 0.74264728125 0.68566156875 0.7408089125 0.683823803125 0.7408089125 0.681985371875 0.73897054375 0.681985371875 0.737132175 0.6801469421874999 0.73529380625 0.6783085109375 0.73529380625 0.6764707453125001 0.73345619375 0.6746323140625 0.73345619375 0.6691176859375 0.7279410875 0.6654414890625 0.7279410875 0.65808843125 0.72058836875 0.65625 0.72058836875 0.652573803125 0.71691163125 0.652573803125 0.7150732625 0.6323530578125001 0.7150732625 0.6323530578125001 0.71691163125 0.628676196875 0.72058836875 0.621323803125 0.72058836875 0.6139707453125001 0.7279410875
17 0.7683823140625 0.43566163125 0.7628676859375 0.4411767375 0.7573530578125001 0.4411767375 0.755514628125 0.44301510625 0.753676196875 0.44301510625 0.75 0.4466910875 0.74816156875 0.4466910875 0.746323803125 0.44852945625 0.7371323140625 0.44852945625 0.7352938828125 0.450367825 0.7352938828125 0.46691163125 0.724264628125 0.4779410875 0.722426196875 0.4779410875 0.71691156875 0.48345619375000004 0.71691156875 0.549632175 0.71875 0.55147054375 0.71875 0.5533089125 0.722426196875 0.55698565 0.724264628125 0.55698565 0.727940825 0.56066163125 0.727940825 0.5625 0.7297792546874999 0.56433836875 0.7371323140625 0.56433836875 0.744485371875 0.5716910875 0.746323803125 0.5716910875 0.753676196875 0.57904380625 0.759190825 0.57904380625 0.7665438828125 0.58639728125 0.7683823140625 0.58639728125 0.772059175 0.5900732625 0.772059175 0.59191163125 0.7738969421874999 0.59375 0.7959561171875 0.59375 0.8033091750000001 0.58639728125 0.8051469421874999 0.58639728125 0.8125 0.57904380625 0.818014628125 0.57904380625 0.8253676859375 0.5716910875 0.8290438828125 0.5716910875 0.8345591750000001 0.5661767375 0.8363969421874999 0.5661767375 0.838235371875 0.56433836875 0.84191156875 0.56433836875 0.84375 0.5625 0.84375 0.56066163125 0.847426196875 0.55698565 0.849264628125 0.55698565 0.8511030578125001 0.55514728125 0.8511030578125001 0.5533089125 0.8529408249999999 0.55147054375 0.8529408249999999 0.5349267375 0.8511030578125001 0.53308836875 0.8511030578125001 0.51654380625 0.8529408249999999 0.51470619375 0.8529408249999999 0.4908089125 0.8547792546874999 0.48897054375 0.8547792546874999 0.4724267375 0.8511030578125001 0.4724267375 0.849264628125 0.47426510625 0.847426196875 0.4724267375 0.847426196875 0.46691163125 0.84558843125 0.4650732625 0.84375 0.4650732625 0.84191156875 0.46323565 0.840073803125 0.46323565 0.8327207453125001 0.455882175 0.8290438828125 0.455882175 0.8272061171875 0.45404380624999996 0.8253676859375 0.45404380624999996 0.8216908249999999 0.450367825 0.8198530578125001 0.450367825 0.818014628125 0.44852945625 0.816176196875 0.44852945625 0.8125 0.44485271875 0.8033091750000001 0.44485271875 0.8014707453125001 0.44301510625 0.8014707453125001 0.4411767375 0.7996323140625 0.43933836875 0.7996323140625 0.4375 0.7977938828125 0.43566163125 0.7959561171875 0.43566163125 0.7941176859375 0.4338232625 0.790440825 0.4338232625 0.7886030578125001 0.43198565 0.78125 0.43198565 0.77941156875 0.4338232625 0.7738969421874999 0.4338232625 0.772059175 0.43566163125 0.7683823140625 0.43566163125
36 0.619485371875 0.1470589125 0.6139707453125001 0.1525732625 0.6121323140625 0.1525732625 0.6102938828125 0.15441163125 0.6066176859375 0.15441163125 0.6047792546874999 0.15625 0.6029414890625 0.15625 0.6029414890625 0.15808836875 0.6011030578125001 0.1599267375 0.599264628125 0.1599267375 0.597426196875 0.16176435 0.59375 0.16176435 0.59191156875 0.16360271875000001 0.590073803125 0.16360271875000001 0.5845585109375 0.169117825 0.5808823140625 0.169117825 0.5716914890625 0.1783089125 0.5716914890625 0.18198565 0.5698530578125001 0.1838232625 0.5698530578125001 0.1875 0.5716914890625 0.18933836875 0.5716914890625 0.21323565000000003 0.5698530578125001 0.21507326249999997 0.5698530578125001 0.22242673750000003 0.568014628125 0.22426434999999997 0.568014628125 0.2591910875 0.5735292546874999 0.26470619375000004 0.5735292546874999 0.26654380624999996 0.5772061171875 0.27022054375 0.5845585109375 0.27022054375 0.59191156875 0.2775732625 0.599264628125 0.2775732625 0.6047792546874999 0.28308836875 0.6084561171875 0.28308836875 0.6102938828125 0.2849267375 0.621323803125 0.2849267375 0.62316156875 0.28308836875 0.62683843125 0.28308836875 0.6323530578125001 0.2775732625 0.6433823140625 0.2775732625 0.6488969421874999 0.28308836875 0.650735371875 0.28308836875 0.652573803125 0.2849267375 0.6691176859375 0.2849267375 0.6709561171875 0.28308836875 0.6746323140625 0.28308836875 0.6783085109375 0.27941163125 0.6801469421874999 0.27941163125 0.681985371875 0.2775732625 0.6875 0.2775732625 0.693014628125 0.2720589125 0.6948530578125001 0.2720589125 0.696690825 0.27022054375 0.7003676859375 0.27022054375 0.7040438828125 0.26654380624999996 0.7040438828125 0.1838232625 0.7058823140625 0.18198565 0.7058823140625 0.18014728124999999 0.7040438828125 0.1783089125 0.7040438828125 0.17647054375 0.696690825 0.169117825 0.693014628125 0.169117825 0.68933843125 0.1654410875 0.68933843125 0.16360271875000001 0.6875 0.16360271875000001 0.68566156875 0.16176435 0.6801469421874999 0.16176435 0.6783085109375 0.1599267375 0.6764707453125001 0.1599267375 0.6746323140625 0.15808836875 0.6746323140625 0.15625 0.6727938828125 0.15441163125 0.6691176859375 0.15441163125 0.6636030578125001 0.14889728124999999 0.661764628125 0.14889728124999999 0.659926196875 0.1470589125 0.65625 0.1470589125 0.652573803125 0.143382175 0.652573803125 0.14154380625000001 0.650735371875 0.14154380625000001 0.6488969421874999 0.13970619374999999 0.6433823140625 0.13970619374999999 0.6415438828125 0.137867825 0.6360292546874999 0.137867825 0.6341914890625 0.13970619374999999 0.628676196875 0.13970619374999999 0.621323803125 0.1470589125 0.619485371875 0.1470589125
33 0.5459561171875 0.762867825 0.5477938828125 0.762867825 0.5514707453125001 0.76654380625 0.5514707453125001 0.768382175 0.5772061171875 0.768382175 0.5863969421874999 0.7591910875 0.5863969421874999 0.72977945625 0.5790438828125 0.7224267375 0.5790438828125 0.72058836875 0.5772061171875 0.71875 0.5772061171875 0.7150732625 0.5551469421874999 0.7150732625 0.5551469421874999 0.71691163125 0.5441176859375 0.7279410875 0.5441176859375 0.76102945625 0.5459561171875 0.762867825
34 0.25183843125 0.4338232625 0.25 0.43566163125 0.25 0.47058836875 0.253676196875 0.47426510625 0.255514628125 0.47426510625 0.2573530578125 0.47610271875 0.28308843125 0.47610271875 0.284926196875 0.47426510625 0.284926196875 0.4724267375 0.2886030578125 0.46875 0.2904414890625 0.46875 0.2922792546875 0.46691163125 0.2922792546875 0.43566163125 0.2904414890625 0.4338232625 0.2886030578125 0.4338232625 0.284926196875 0.43014728125 0.284926196875 0.4283089125 0.28308843125 0.42647054375 0.28125 0.42647054375 0.27941156875 0.424632175 0.2610292546875 0.424632175 0.2573530578125 0.4283089125 0.2573530578125 0.43014728125 0.253676196875 0.4338232625 0.25183843125 0.4338232625
37 0.279500665625 0.48345619375000004 0.279500665625 0.55698565 0.2813390953125 0.55698565 0.2886921546875 0.56433836875 0.29052992031249997 0.56433836875 0.297882978125 0.5716910875 0.301559175 0.5716910875 0.30339760625 0.57352945625 0.3052360375 0.57352945625 0.310750665625 0.57904380625 0.3125890953125 0.57904380625 0.3199421546875 0.58639728125 0.3272945484375 0.58639728125 0.33097140937499997 0.5900732625 0.33097140937499997 0.59191163125 0.332809175 0.59375 0.3548683515625 0.59375 0.36222140937499997 0.58639728125 0.36589760625 0.58639728125 0.37141223437500004 0.580882175 0.373250665625 0.580882175 0.3750890953125 0.57904380625 0.3787652921875 0.57904380625 0.3861183515625 0.5716910875 0.391632978125 0.5716910875 0.3989860375 0.56433836875 0.402662234375 0.56433836875 0.404500665625 0.5625 0.4063390953125 0.5625 0.41185372343750004 0.55698565 0.41185372343750004 0.55514728125 0.4136921546875 0.5533089125 0.4136921546875 0.4963232625 0.41185372343750004 0.49448565 0.41185372343750004 0.47426510625 0.4100152921875 0.4724267375 0.4100152921875 0.46875 0.40817686093749994 0.46691163125 0.40817686093749994 0.4650732625 0.402662234375 0.4650732625 0.40082446875000005 0.46323565 0.39173603749999997 0.46532930468749995 0.3999361703125 0.4578731125 0.3742912234375 0.4441820234375 0.346752659375 0.42327114843749997 0.29420678125 0.4595589125 0.29420678125 0.46691163125 0.2813390953125 0.47977945625 0.2813390953125 0.481617825 0.279500665625 0.48345619375000004
17 0.402573803125 0.575367825 0.400735371875 0.575367825 0.3970585109375 0.57904380625 0.3952207453125 0.57904380625 0.3933823140625 0.580882175 0.3915438828125 0.580882175 0.3841914890625 0.58823565 0.378676196875 0.58823565 0.371323803125 0.59558836875 0.369485371875 0.59558836875 0.3676469421875 0.5974267375 0.3658085109375 0.5974267375 0.3584561171875 0.60477945625 0.3584561171875 0.606617825 0.3529414890625 0.612132175 0.3529414890625 0.625 0.3547792546875 0.62683836875 0.3566176859375 0.62683836875 0.3566176859375 0.625 0.369485371875 0.612132175 0.371323803125 0.612132175 0.37316156875 0.61397054375 0.375 0.61397054375 0.37683843125 0.6158089125 0.378676196875 0.6158089125 0.3841914890625 0.6213232625 0.3841914890625 0.62316163125 0.3878676859375 0.62683836875 0.3878676859375 0.6305151062500001 0.3897061171875 0.63235271875 0.3897061171875 0.63602945625 0.3952207453125 0.64154380625 0.3952207453125 0.64522054375 0.3970585109375 0.6470589125 0.3970585109375 0.65073565 0.3952207453125 0.6525732625 0.3933823140625 0.6525732625 0.3897061171875 0.65625 0.3897061171875 0.65808836875 0.378676196875 0.669117825 0.3658085109375 0.669117825 0.3639707453125 0.67095619375 0.3621323140625 0.67095619375 0.3621323140625 0.67279380625 0.3676469421875 0.6783089125 0.3676469421875 0.70404380625 0.369485371875 0.705882175 0.369485371875 0.70772054375 0.371323803125 0.7095589125 0.37316156875 0.7095589125 0.375 0.71139728125 0.380514628125 0.71139728125 0.3823530578125 0.71323565 0.3841914890625 0.71323565 0.3878676859375 0.71691163125 0.3897061171875 0.71691163125 0.3915438828125 0.71875 0.3933823140625 0.71875 0.3952207453125 0.72058836875 0.3970585109375 0.72058836875 0.400735371875 0.7242651062500001 0.402573803125 0.7242651062500001 0.40441156874999995 0.72610271875 0.40808843125000005 0.72610271875 0.41544148906249995 0.73345619375 0.42279388281249997 0.73345619375 0.4246323140625 0.731617825 0.4264707453125 0.731617825 0.433823803125 0.7242651062500001 0.43566156874999995 0.7242651062500001 0.43566156874999995 0.71691163125 0.4375 0.7150732625 0.43933843125000005 0.71691163125 0.44669148906249995 0.71691163125 0.4503676859375 0.71323565 0.45220611718750003 0.71323565 0.45404388281249997 0.71139728125 0.465073803125 0.71139728125 0.46691156874999995 0.7095589125 0.46875 0.7095589125 0.472426196875 0.705882175 0.474264628125 0.705882175 0.47794148906249995 0.70220619375 0.4797792546875 0.70220619375 0.4816176859375 0.700367825 0.4816176859375 0.669117825 0.48345611718750003 0.66727945625 0.48345611718750003 0.6617651062500001 0.4816176859375 0.6599267375 0.4816176859375 0.637867825 0.4797792546875 0.63602945625 0.4797792546875 0.6341910875 0.4816176859375 0.63235271875 0.4816176859375 0.62683836875 0.4797792546875 0.625 0.47794148906249995 0.625 0.46875 0.6158089125 0.46875 0.606617825 0.46691156874999995 0.60477945625 0.46691156874999995 0.5992651062500001 0.4613969421875 0.59375 0.4613969421875 0.59191163125 0.45955851093750005 0.5900732625 0.4577207453125 0.5900732625 0.4558823140625 0.58823565 0.45220611718750003 0.58823565 0.4448530578125 0.580882175 0.443014628125 0.580882175 0.4375 0.575367825 0.4375 0.57352945625 0.43566156874999995 0.57352945625 0.4301469421875 0.5680151062500001 0.409926196875 0.5680151062500001 0.409926196875 0.56985271875 0.40808843125000005 0.5716910875 0.40625 0.5716910875 0.402573803125 0.575367825
37 0.558823803125 0.5845589125 0.556985371875 0.58639728125 0.5551469421874999 0.58639728125 0.5533085109375 0.58823565 0.5477938828125 0.58272054375 0.5404414890625 0.58272054375 0.534926196875 0.58823565 0.53125 0.58823565 0.52941156875 0.5900732625 0.525735371875 0.5900732625 0.5238969421874999 0.59191163125 0.5220585109375 0.59191163125 0.5202207453125001 0.59375 0.5183823140625 0.59375 0.5147061171875 0.5974267375 0.5147061171875 0.61397054375 0.5110292546874999 0.61764728125 0.5091914890625 0.61764728125 0.5073530578125001 0.61948565 0.5073530578125001 0.6213232625 0.503676196875 0.625 0.503676196875 0.70404380625 0.505514628125 0.705882175 0.5073530578125001 0.705882175 0.5110292546874999 0.7095589125 0.5128676859375 0.7095589125 0.5147061171875 0.71139728125 0.5238969421874999 0.71139728125 0.525735371875 0.71323565 0.527573803125 0.71323565 0.53125 0.71691163125 0.5496323140625 0.71691163125 0.5514707453125001 0.7150732625 0.5551469421874999 0.7150732625 0.556985371875 0.71323565 0.56066156875 0.71323565 0.5625 0.71139728125 0.5716914890625 0.71139728125 0.5735292546874999 0.71323565 0.5753676859375 0.71323565 0.5772061171875 0.71139728125 0.5790438828125 0.71139728125 0.5827207453125001 0.70772054375 0.5845585109375 0.70772054375 0.588235371875 0.71139728125 0.6029414890625 0.71139728125 0.6047792546874999 0.7095589125 0.6066176859375 0.7095589125 0.6102938828125 0.705882175 0.6121323140625 0.705882175 0.6139707453125001 0.70404380625 0.619485371875 0.70404380625 0.62683843125 0.6966910875 0.628676196875 0.6966910875 0.630514628125 0.69485271875 0.630514628125 0.612132175 0.628676196875 0.61029380625 0.62683843125 0.61029380625 0.625 0.60845619375 0.625 0.606617825 0.621323803125 0.6029410875 0.619485371875 0.6029410875 0.6176469421874999 0.60110271875 0.6158085109375 0.60110271875 0.6139707453125001 0.5992651062500001 0.6139707453125001 0.5974267375 0.6102938828125 0.5974267375 0.6084561171875 0.59558836875 0.6029414890625 0.59558836875 0.6011030578125001 0.59375 0.5808823140625 0.59375 0.5772061171875 0.5900732625 0.5772061171875 0.58823565 0.5716914890625 0.58272054375 0.5698530578125001 0.58272054375 0.568014628125 0.580882175 0.566176196875 0.58272054375 0.5625 0.58272054375 0.56066156875 0.5845589125 0.558823803125 0.5845589125
0 0.2591914890625 0.28860271875 0.2573530578125 0.2904410875 0.255514628125 0.2904410875 0.253676196875 0.29227945625 0.25183843125 0.29227945625 0.25 0.294117825 0.24816156875 0.294117825 0.246323803125 0.29595619375000004 0.24448537187500002 0.29595619375000004 0.2408085109375 0.299632175 0.2389707453125 0.299632175 0.2371323140625 0.30147054375 0.2316176859375 0.30147054375 0.2297792546875 0.3033089125 0.2279414890625 0.3033089125 0.22058843125 0.31066163125 0.22058843125 0.3216910875 0.21691156875 0.325367825 0.215073803125 0.325367825 0.215073803125 0.32720619375000004 0.2095585109375 0.33272054375 0.2077207453125 0.33272054375 0.2077207453125 0.3345589125 0.2058823140625 0.33639728125 0.2058823140625 0.4099267375 0.2113969421875 0.4099267375 0.21691156875 0.4154410875 0.21875 0.4154410875 0.22058843125 0.41727945625 0.2261030578125 0.41727945625 0.2316176859375 0.42279380624999996 0.23345611718749998 0.42279380624999996 0.23529388281250002 0.424632175 0.2408085109375 0.424632175 0.2426469421875 0.42647054375 0.246323803125 0.42647054375 0.24816156875 0.4283089125 0.25 0.4283089125 0.25183843125 0.43014728125 0.255514628125 0.42647054375 0.2573530578125 0.42647054375 0.2591914890625 0.424632175 0.284926196875 0.424632175 0.286764628125 0.42279380624999996 0.2886030578125 0.42279380624999996 0.2904414890625 0.424632175 0.2922792546875 0.424632175 0.2941176859375 0.42647054375 0.306985371875 0.42647054375 0.308823803125 0.424632175 0.318014628125 0.424632175 0.3235292546875 0.419117825 0.3253676859375 0.419117825 0.3272061171875 0.41727945625 0.3327207453125 0.41727945625 0.3363969421875 0.41360271875 0.3363969421875 0.40808836875 0.338235371875 0.40625 0.338235371875 0.37683836875 0.3363969421875 0.375 0.3363969421875 0.3400732625 0.3345585109375 0.3400732625 0.3308823140625 0.33639728125 0.3290438828125 0.33639728125 0.3272061171875 0.3345589125 0.3272061171875 0.33272054375 0.3253676859375 0.33272054375 0.3216914890625 0.32904380624999996 0.3216914890625 0.32352945625 0.3198530578125 0.3216910875 0.3198530578125 0.3125 0.316176196875 0.3088232625 0.316176196875 0.30698565 0.3125 0.3033089125 0.31066156875 0.3033089125 0.308823803125 0.30147054375 0.3014707453125 0.30147054375 0.2996323140625 0.299632175 0.2977938828125 0.299632175 0.2959561171875 0.29779380624999996 0.2941176859375 0.29779380624999996 0.286764628125 0.2904410875 0.284926196875 0.2904410875 0.28308843125 0.28860271875 0.27941156875 0.28860271875 0.277573803125 0.28676435 0.275735371875 0.28676435 0.2738969421875 0.2849267375 0.2720585109375 0.28676435 0.2647061171875 0.28676435 0.2628676859375 0.28860271875 0.2591914890625 0.28860271875
35 0.31433843125 0.7279410875 0.3125 0.72977945625 0.31066156875 0.72977945625 0.3051469421875 0.73529380625 0.3033085109375 0.73529380625 0.3014707453125 0.737132175 0.2996323140625 0.737132175 0.2959561171875 0.7408089125 0.2941176859375 0.7408089125 0.2922792546875 0.74264728125 0.2886030578125 0.74264728125 0.286764628125 0.74448565 0.286764628125 0.7463232625 0.28308843125 0.75 0.28125 0.75 0.277573803125 0.7536767375 0.277573803125 0.84558836875 0.27941156875 0.8474267375 0.27941156875 0.8492651062500001 0.28125 0.85110271875 0.28308843125 0.85110271875 0.284926196875 0.8529410875 0.286764628125 0.8529410875 0.2904414890625 0.856617825 0.2922792546875 0.856617825 0.2941176859375 0.85845619375 0.2977938828125 0.85845619375 0.3051469421875 0.8658089125 0.308823803125 0.8658089125 0.31433843125 0.8713232625 0.316176196875 0.8713232625 0.318014628125 0.87316163125 0.3198530578125 0.87316163125 0.3253676859375 0.8786767375 0.3272061171875 0.8786767375 0.3290438828125 0.8805151062500001 0.3345585109375 0.8805151062500001 0.338235371875 0.8841910875 0.338235371875 0.88602945625 0.340073803125 0.887867825 0.349264628125 0.887867825 0.3511030578125 0.88602945625 0.3511030578125 0.8841910875 0.3547792546875 0.8805151062500001 0.3566176859375 0.8805151062500001 0.3584561171875 0.8786767375 0.3602938828125 0.8786767375 0.3639707453125 0.875 0.3658085109375 0.875 0.3676469421875 0.87316163125 0.371323803125 0.87316163125 0.378676196875 0.8658089125 0.3823530578125 0.8658089125 0.3841914890625 0.86397054375 0.3860292546875 0.86397054375 0.3860292546875 0.862132175 0.3878676859375 0.86029380625 0.3897061171875 0.86029380625 0.3915438828125 0.85845619375 0.3933823140625 0.85845619375 0.3952207453125 0.856617825 0.3952207453125 0.85477945625 0.3988969421875 0.85110271875 0.40441156874999995 0.85110271875 0.40625 0.8492651062500001 0.40808843125000005 0.8492651062500001 0.409926196875 0.8474267375 0.409926196875 0.75735271875 0.402573803125 0.75 0.3988969421875 0.75 0.3952207453125 0.7463232625 0.3952207453125 0.74448565 0.3933823140625 0.74264728125 0.3860292546875 0.74264728125 0.378676196875 0.73529380625 0.375 0.73529380625 0.369485371875 0.72977945625 0.3676469421875 0.72977945625 0.3658085109375 0.7279410875 0.3621323140625 0.7279410875 0.3584561171875 0.7242651062500001 0.3584561171875 0.7224267375 0.3253676859375 0.7224267375 0.3216914890625 0.72610271875 0.3198530578125 0.72610271875 0.318014628125 0.7279410875 0.31433843125 0.7279410875
6 0.6488969421874999 0.61399546875 0.6488969421874999 0.6397303625 0.650735371875 0.64156873125 0.650735371875 0.6434071 0.6488969421874999 0.64524546875 0.6488969421874999 0.6985543812499999 0.65441156875 0.70406873125 0.65625 0.70406873125 0.65808843125 0.7059071 0.659926196875 0.7059071 0.661764628125 0.70774546875 0.661764628125 0.7095838375 0.6636030578125001 0.71142145 0.6654414890625 0.71142145 0.6672792546874999 0.71325981875 0.6691176859375 0.71325981875 0.6709561171875 0.7150981875 0.6709561171875 0.7169365562500001 0.6727938828125 0.7169365562500001 0.6746323140625 0.7187749250000001 0.6783085109375 0.7187749250000001 0.68566156875 0.72612764375 0.68933843125 0.72612764375 0.6948530578125001 0.73164199375 0.696690825 0.73164199375 0.6985292546874999 0.7334803625 0.7003676859375 0.7334803625 0.7077207453125001 0.7408338375 0.71691156875 0.7408338375 0.724264628125 0.7334803625 0.7297792546874999 0.7334803625 0.7371323140625 0.72612764375 0.7389707453125001 0.72612764375 0.744485371875 0.7206125375 0.746323803125 0.7206125375 0.74816156875 0.7187749250000001 0.75183843125 0.7187749250000001 0.759190825 0.71142145 0.7647061171875 0.71142145 0.7665438828125 0.7095838375 0.7683823140625 0.7095838375 0.7702207453125001 0.70774546875 0.7702207453125001 0.7059071 0.772059175 0.70406873125 0.7738969421874999 0.70406873125 0.777573803125 0.70039199375 0.777573803125 0.6268625375 0.775735371875 0.6250249250000001 0.775735371875 0.61950981875 0.7738969421874999 0.61767145 0.7442260640625 0.5919569484375 0.7118417546875 0.57275453125 0.6711921546874999 0.5979078546875 0.65441156875 0.61031873125 0.652573803125 0.6121571 0.650735371875 0.6121571 0.6488969421874999 0.61399546875
12 0.740809175 0.42279380624999996 0.740809175 0.36948565 0.7389707453125001 0.36764728125 0.7389707453125001 0.3658089125 0.6875 0.3658089125 0.68566156875 0.36764728125 0.68566156875 0.424632175 0.7389707453125001 0.424632175 0.740809175 0.42279380624999996
33 0.40441156874999995 0.143382175 0.400735371875 0.1470589125 0.3988969421875 0.1470589125 0.3970585109375 0.14889728124999999 0.3970585109375 0.18014728124999999 0.3988969421875 0.18198565 0.400735371875 0.18198565 0.40441156874999995 0.18566163125 0.40441156874999995 0.1875 0.431985371875 0.1875 0.431985371875 0.18566163125 0.43566156874999995 0.18198565 0.4375 0.18198565 0.43933843125000005 0.18014728124999999 0.43933843125000005 0.15073565 0.4375 0.14889728124999999 0.4375 0.1470589125 0.43566156874999995 0.1470589125 0.431985371875 0.143382175 0.431985371875 0.14154380625000001 0.4301469421875 0.13970619374999999 0.42830851093750005 0.13970619374999999 0.4246323140625 0.13602945625 0.411764628125 0.13602945625 0.40808843125000005 0.13970619374999999 0.40625 0.13970619374999999 0.40441156874999995 0.14154380625000001 0.40441156874999995 0.143382175
31 0.693014628125 0.4338232625 0.691176196875 0.43566163125 0.691176196875 0.4724267375 0.6948530578125001 0.47610271875 0.724264628125 0.47610271875 0.7261030578125001 0.47426510625 0.7261030578125001 0.4724267375 0.7297792546874999 0.46875 0.7316176859375 0.46875 0.7334561171875 0.46691163125 0.7334561171875 0.4411767375 0.7316176859375 0.43933836875 0.7316176859375 0.43566163125 0.7297792546874999 0.43566163125 0.724264628125 0.43014728125 0.724264628125 0.4283089125 0.72058843125 0.424632175 0.7003676859375 0.424632175 0.6985292546874999 0.42647054375 0.6985292546874999 0.43014728125 0.6948530578125001 0.4338232625 0.693014628125 0.4338232625
32 0.619485371875 0.28676435 0.6176469421874999 0.28860271875 0.6176469421874999 0.32720619375000004 0.619485371875 0.32904380624999996 0.621323803125 0.32904380624999996 0.625 0.33272054375 0.6452207453125001 0.33272054375 0.6470585109375 0.330882175 0.6488969421874999 0.330882175 0.650735371875 0.32904380624999996 0.652573803125 0.32904380624999996 0.65441156875 0.32720619375000004 0.65625 0.32720619375000004 0.65808843125 0.325367825 0.65808843125 0.32352945625 0.659926196875 0.3216910875 0.659926196875 0.29595619375000004 0.65808843125 0.294117825 0.65808843125 0.29227945625 0.652573803125 0.28676435 0.652573803125 0.2849267375 0.6488969421874999 0.28125 0.6488969421874999 0.27941163125 0.62316156875 0.27941163125 0.625 0.28125 0.625 0.28308836875 0.621323803125 0.28676435 0.619485371875 0.28676435
35 0.6091948140625 0.44719561875 0.5987905578125 0.4532318734375 0.597426196875 0.455882175 0.59191156875 0.46139728125 0.588235371875 0.46139728125 0.5863969421874999 0.46323565 0.5772061171875 0.46323565 0.5716914890625 0.46875 0.5716914890625 0.47058836875 0.5698530578125001 0.4724267375 0.5698530578125001 0.55514728125 0.5716914890625 0.55698565 0.5735292546874999 0.55698565 0.5790438828125 0.5625 0.5808823140625 0.5625 0.5827207453125001 0.56433836875 0.5845585109375 0.56433836875 0.588235371875 0.5680151062500001 0.588235371875 0.56985271875 0.590073803125 0.5716910875 0.59558843125 0.5716910875 0.597426196875 0.57352945625 0.599264628125 0.57352945625 0.6047792546874999 0.57904380625 0.6066176859375 0.57904380625 0.6139707453125001 0.58639728125 0.621323803125 0.58639728125 0.625 0.5900732625 0.625 0.59191163125 0.62683843125 0.59375 0.6470585109375 0.59375 0.6488969421874999 0.59191163125 0.650735371875 0.59191163125 0.65625 0.58639728125 0.65808843125 0.58639728125 0.6654414890625 0.57904380625 0.6709561171875 0.57904380625 0.6783085109375 0.5716910875 0.683823803125 0.5716910875 0.68566156875 0.56985271875 0.6875 0.56985271875 0.693014628125 0.56433836875 0.6948530578125001 0.56433836875 0.7040438828125 0.55514728125 0.7040438828125 0.549632175 0.7058823140625 0.54779380625 0.7058823140625 0.54595619375 0.7040438828125 0.544117825 0.7040438828125 0.487132175 0.7022061171875 0.48529380624999996 0.7022061171875 0.48345619375000004 0.7003676859375 0.481617825 0.7003676859375 0.47977945625 0.68933843125 0.46875 0.68933843125 0.46691163125 0.6875 0.4650732625 0.6875 0.46139728125 0.68566156875 0.4595589125 0.68566156875 0.45772054375 0.681985371875 0.45404380624999996 0.681985371875 0.45220619375000004 0.6801469421874999 0.450367825 0.6709561171875 0.450367825 0.6691176859375 0.44852945625 0.659746675 0.44495921406249994 0.653766621875 0.4398783984375 0.6390711437500001 0.4270581578125 0.621409575 0.4357220546875 0.6091948140625 0.44719561875
25 0.753676196875 0.419117825 0.746323803125 0.42647054375 0.744485371875 0.42647054375 0.7371323140625 0.4338232625 0.7334561171875 0.4338232625 0.7334561171875 0.455882175 0.7352938828125 0.455882175 0.7371323140625 0.45404380624999996 0.7426469421874999 0.45404380624999996 0.744485371875 0.45220619375000004 0.746323803125 0.45220619375000004 0.75183843125 0.4466910875 0.753676196875 0.4466910875 0.755514628125 0.44485271875 0.755514628125 0.44301510625 0.759190825 0.43933836875 0.7665438828125 0.43933836875 0.7738969421874999 0.43198565 0.775735371875 0.43198565 0.777573803125 0.43014728125 0.777573803125 0.4283089125 0.78125 0.424632175 0.78308843125 0.424632175 0.784926196875 0.42279380624999996 0.784926196875 0.41360271875 0.78308843125 0.41176510625 0.7665438828125 0.41176510625 0.7647061171875 0.41360271875 0.7647061171875 0.4154410875 0.7610292546874999 0.419117825 0.753676196875 0.419117825
35 0.3345585109375 0.13970619374999999 0.3327207453125 0.14154380625000001 0.3308823140625 0.14154380625000001 0.3272061171875 0.14522054375 0.3253676859375 0.14522054375 0.3235292546875 0.1470589125 0.3216914890625 0.1470589125 0.3198530578125 0.14889728124999999 0.318014628125 0.14889728124999999 0.3125 0.15441163125 0.308823803125 0.15441163125 0.306985371875 0.15625 0.3033085109375 0.15625 0.3033085109375 0.15808836875 0.3014707453125 0.1599267375 0.2996323140625 0.1599267375 0.2959561171875 0.16360271875000001 0.2922792546875 0.16360271875000001 0.2904414890625 0.1654410875 0.2886030578125 0.1654410875 0.28308843125 0.17095619374999999 0.28125 0.17095619374999999 0.28125 0.17279380625000001 0.27941156875 0.174632175 0.27941156875 0.19485271875000001 0.277573803125 0.1966910875 0.277573803125 0.2095589125 0.275735371875 0.21139728125 0.275735371875 0.262867825 0.27941156875 0.26654380624999996 0.27941156875 0.268382175 0.28125 0.27022054375 0.28308843125 0.27022054375 0.2904414890625 0.2775732625 0.2959561171875 0.2775732625 0.3033085109375 0.2849267375 0.3125 0.2849267375 0.318014628125 0.2904410875 0.3198530578125 0.2904410875 0.3235292546875 0.28676435 0.3272061171875 0.28676435 0.3290438828125 0.2849267375 0.3345585109375 0.2849267375 0.340073803125 0.27941163125 0.347426196875 0.27941163125 0.3511030578125 0.28308836875 0.3529414890625 0.28308836875 0.3547792546875 0.2849267375 0.371323803125 0.2849267375 0.37683843125 0.27941163125 0.378676196875 0.27941163125 0.380514628125 0.2775732625 0.3860292546875 0.2775732625 0.3878676859375 0.27573565 0.3897061171875 0.27573565 0.3897061171875 0.27389728125 0.3915438828125 0.2720589125 0.3952207453125 0.2720589125 0.3970585109375 0.27022054375 0.400735371875 0.27022054375 0.402573803125 0.268382175 0.402573803125 0.26654380624999996 0.40625 0.262867825 0.40808843125000005 0.262867825 0.409926196875 0.26102945625 0.409926196875 0.19301435 0.40808843125000005 0.1911767375 0.40625 0.1911767375 0.3952207453125 0.18014728124999999 0.3952207453125 0.17647054375 0.3933823140625 0.174632175 0.3933823140625 0.17095619374999999 0.3915438828125 0.169117825 0.3915438828125 0.16727945625 0.3897061171875 0.1654410875 0.3897061171875 0.16360271875000001 0.3841914890625 0.15808836875 0.3823530578125 0.15808836875 0.378676196875 0.15441163125 0.37683843125 0.15441163125 0.371323803125 0.14889728124999999 0.369485371875 0.14889728124999999 0.3676469421875 0.1470589125 0.3658085109375 0.1470589125 0.3639707453125 0.14522054375 0.3621323140625 0.14522054375 0.3566176859375 0.13970619374999999 0.3529414890625 0.13970619374999999 0.3511030578125 0.137867825 0.349264628125 0.137867825 0.347426196875 0.13602945625 0.34558843125 0.137867825 0.340073803125 0.137867825 0.338235371875 0.13970619374999999 0.3345585109375 0.13970619374999999
27 0.6121323140625 0.705882175 0.6102938828125 0.70772054375 0.6102938828125 0.7095589125 0.6066176859375 0.71323565 0.599264628125 0.71323565 0.59191156875 0.72058836875 0.588235371875 0.72058836875 0.588235371875 0.74264728125 0.59375 0.74264728125 0.59558843125 0.7408089125 0.599264628125 0.7408089125 0.6011030578125001 0.73897054375 0.6011030578125001 0.737132175 0.6047792546874999 0.73345619375 0.6084561171875 0.73345619375 0.6102938828125 0.731617825 0.6121323140625 0.731617825 0.6176469421874999 0.72610271875 0.621323803125 0.72610271875 0.62316156875 0.7242651062500001 0.62316156875 0.7224267375 0.62683843125 0.71875 0.630514628125 0.71875 0.6360292546874999 0.71323565 0.6360292546874999 0.700367825 0.62316156875 0.700367825 0.619485371875 0.70404380625 0.6176469421874999 0.70404380625 0.6158085109375 0.705882175 0.6121323140625 0.705882175
27 0.42279388281249997 0.262867825 0.4246323140625 0.26102945625 0.4246323140625 0.1911767375 0.411764628125 0.1911767375 0.411764628125 0.26470619375000004 0.4191176859375 0.26470619375000004 0.42095611718750003 0.262867825 0.42279388281249997 0.262867825
27 0.3915438828125 0.2720589125 0.3897061171875 0.27389728125 0.3897061171875 0.27573565 0.3860292546875 0.27941163125 0.37683843125 0.27941163125 0.375 0.28125 0.375 0.28308836875 0.371323803125 0.28676435 0.3676469421875 0.28676435 0.3676469421875 0.3088232625 0.369485371875 0.30698565 0.378676196875 0.30698565 0.380514628125 0.30514728125 0.380514628125 0.3033089125 0.3841914890625 0.299632175 0.3860292546875 0.299632175 0.3878676859375 0.29779380624999996 0.3897061171875 0.29779380624999996 0.3897061171875 0.29595619375000004 0.3915438828125 0.294117825 0.3952207453125 0.294117825 0.3970585109375 0.29227945625 0.400735371875 0.29227945625 0.402573803125 0.2904410875 0.402573803125 0.28860271875 0.40625 0.2849267375 0.40808843125000005 0.2849267375 0.4172792546875 0.27573565 0.4172792546875 0.26470619375000004 0.40441156874999995 0.26470619375000004 0.3988969421875 0.27022054375 0.3970585109375 0.27022054375 0.3952207453125 0.2720589125 0.3915438828125 0.2720589125
32 0.3235292546875 0.71323565 0.3253676859375 0.7150732625 0.3253676859375 0.71691163125 0.3290438828125 0.71691163125 0.3308823140625 0.71875 0.3566176859375 0.71875 0.3584561171875 0.71691163125 0.3584561171875 0.7150732625 0.3621323140625 0.71139728125 0.3639707453125 0.71139728125 0.3658085109375 0.7095589125 0.3658085109375 0.68198565 0.3639707453125 0.68014728125 0.3639707453125 0.6783089125 0.3621323140625 0.67647054375 0.3602938828125 0.67647054375 0.3584561171875 0.674632175 0.3566176859375 0.674632175 0.3547792546875 0.67279380625 0.3547792546875 0.67095619375 0.3566176859375 0.669117825 0.3602938828125 0.669117825 0.3621323140625 0.66727945625 0.3658085109375 0.66727945625 0.3658085109375 0.6654410875 0.338235371875 0.6654410875 0.3345585109375 0.669117825 0.3327207453125 0.669117825 0.3235292546875 0.6783089125 0.3235292546875 0.71323565
15 0.8125 0.51102945625 0.759190825 0.51102945625 0.759190825 0.5716910875 0.81066156875 0.5716910875 0.8125 0.56985271875 0.8125 0.51102945625
33 0.3290438828125 0.28860271875 0.3272061171875 0.28860271875 0.3253676859375 0.2904410875 0.3253676859375 0.29227945625 0.3235292546875 0.294117825 0.3235292546875 0.32720619375000004 0.3253676859375 0.32904380624999996 0.3272061171875 0.32904380624999996 0.3308823140625 0.33272054375 0.3308823140625 0.3345589125 0.3566176859375 0.3345589125 0.3658085109375 0.325367825 0.3658085109375 0.29595619375000004 0.3566176859375 0.28676435 0.3547792546875 0.28676435 0.3511030578125 0.28308836875 0.3511030578125 0.27941163125 0.338235371875 0.27941163125 0.338235371875 0.28125 0.3327207453125 0.28676435 0.3308823140625 0.28676435 0.3290438828125 0.28860271875
14 0.37316156875 0.8033089125 0.371323803125 0.80147054375 0.371323803125 0.799632175 0.318014628125 0.799632175 0.318014628125 0.85845619375 0.371323803125 0.85845619375 0.37316156875 0.856617825 0.37316156875 0.8033089125
35 0.4599926859375 0.45034818750000005 0.4486356390625 0.462973565625 0.423789228125 0.46771525625 0.4272832453125 0.5558587609375001 0.4523125 0.5732681265624999 0.45782712812500004 0.5787824765625 0.45966489375 0.5787824765625 0.46150332499999996 0.5806208453124999 0.4670179515625 0.5806208453124999 0.4743710109375 0.5732681265624999 0.4798856390625 0.5732681265624999 0.487238696875 0.5659154078124999 0.49091489375 0.5659154078124999 0.49275332499999996 0.567753021875 0.49643018593750005 0.567753021875 0.5019448140625 0.5732681265624999 0.5056210109375 0.5732681265624999 0.5074594421875 0.5751064953125 0.5221648937500001 0.5751064953125 0.524003325 0.5732681265624999 0.5331948140625 0.5732681265624999 0.5350325796875001 0.5714297578124999 0.5368710109375 0.5714297578124999 0.5405472078125 0.567753021875 0.5423856390624999 0.567753021875 0.54422406875 0.5659154078124999 0.5479002656249999 0.5659154078124999 0.5570917546875 0.556723565625 0.5570917546875 0.5548859515625 0.5589301859375 0.5530475828125 0.5589301859375 0.47584138906250006 0.5570917546875 0.47400302187500004 0.5570917546875 0.47032703906249995 0.5534148937500001 0.4666503015625 0.549738696875 0.4666503015625 0.5479002656249999 0.46481193281250005 0.54532446875 0.46259516562499997 0.5413543890625 0.46100981875 0.53561635625 0.45703776406249996 0.52135571875 0.44829758281250004 0.5037859046875 0.43764199374999996 0.49366023906249995 0.4334667671875 0.47599667500000004 0.4384886703125 0.46709773906249996 0.44520619375 0.4599926859375 0.45034818750000005
28 0.20404388281250002 0.4283089125 0.20404388281250002 0.43014728125 0.2058823140625 0.43014728125 0.2077207453125 0.43198565 0.2095585109375 0.43198565 0.21323537187500002 0.43566163125 0.21323537187500002 0.4375 0.215073803125 0.43933836875 0.22426462812499998 0.43933836875 0.2279414890625 0.44301510625 0.2279414890625 0.44485271875 0.2297792546875 0.4466910875 0.2316176859375 0.4466910875 0.23529388281250002 0.450367825 0.24816156875 0.450367825 0.24816156875 0.4338232625 0.2426469421875 0.4283089125 0.2408085109375 0.4283089125 0.2389707453125 0.42647054375 0.2371323140625 0.42647054375 0.2297792546875 0.419117825 0.222426196875 0.419117825 0.21875 0.4154410875 0.21875 0.41360271875 0.21691156875 0.41176510625 0.2077207453125 0.41176510625 0.2058823140625 0.4099267375 0.1985292546875 0.4099267375 0.1985292546875 0.424632175 0.2003676859375 0.42647054375 0.20220611718749998 0.42647054375 0.20404388281250002 0.4283089125
12 0.37316156875 0.5091910875 0.318014628125 0.5091910875 0.318014628125 0.5716910875 0.371323803125 0.5716910875 0.37316156875 0.56985271875 0.37316156875 0.5091910875
27 0.6397061171875 0.6966910875 0.6433823140625 0.6966910875 0.6452207453125001 0.69485271875 0.6452207453125001 0.612132175 0.6433823140625 0.61029380625 0.6323530578125001 0.61029380625 0.630514628125 0.612132175 0.630514628125 0.69852945625 0.6378676859375 0.69852945625 0.6397061171875 0.6966910875
25 0.49816156874999995 0.31985271875 0.496323803125 0.31801435 0.48529388281249997 0.31801435 0.48529388281249997 0.375 0.496323803125 0.375 0.49816156874999995 0.37316163125 0.49816156874999995 0.31985271875
36 0.5202207453125001 0.42095619375000004 0.5202207453125001 0.42279380624999996 0.52941156875 0.43198565 0.53308843125 0.43198565 0.534926196875 0.4338232625 0.536764628125 0.4338232625 0.5386030578125001 0.43566163125 0.5404414890625 0.43566163125 0.5441176859375 0.43933836875 0.5477938828125 0.43933836875 0.5551469421874999 0.4466910875 0.5698530578125001 0.4466910875 0.5753676859375 0.4411767375 0.5772061171875 0.4411767375 0.5808823140625 0.4375 0.5827207453125001 0.4375 0.588235371875 0.43198565 0.59191156875 0.43198565 0.59375 0.43014728125 0.59558843125 0.43014728125 0.599264628125 0.42647054375 0.6011030578125001 0.42647054375 0.6029414890625 0.424632175 0.6066176859375 0.424632175 0.6121323140625 0.419117825 0.6139707453125001 0.419117825 0.6158085109375 0.41727945625 0.619485371875 0.41727945625 0.62683843125 0.4099267375 0.6292606390625 0.3422975828125 0.618082446875 0.32772583125 0.6127752656250001 0.3266216015625 0.6146409578124999 0.311016615625 0.5645578453125 0.2788323265625 0.5020738031249999 0.3211283984375 0.505514628125 0.38235271875 0.5147061171875 0.39154380624999996 0.5147061171875 0.4154410875 0.5202207453125001 0.42095619375000004
17 0.40441156874999995 0.2904410875 0.3988969421875 0.29595619375000004 0.3952207453125 0.29595619375000004 0.3933823140625 0.29779380624999996 0.3915438828125 0.29779380624999996 0.3897061171875 0.299632175 0.3878676859375 0.299632175 0.3860292546875 0.30147054375 0.3841914890625 0.30147054375 0.3823530578125 0.3033089125 0.375 0.3033089125 0.371323803125 0.30698565 0.369485371875 0.30698565 0.369485371875 0.3088232625 0.3676469421875 0.31066163125 0.3676469421875 0.325367825 0.3547792546875 0.33823565 0.3511030578125 0.33823565 0.349264628125 0.3400732625 0.349264628125 0.4099267375 0.3529414890625 0.41360271875 0.3529414890625 0.4154410875 0.3547792546875 0.4154410875 0.3566176859375 0.41727945625 0.3621323140625 0.41727945625 0.369485371875 0.424632175 0.37316156875 0.424632175 0.375 0.42647054375 0.37683843125 0.42647054375 0.380514628125 0.43014728125 0.3823530578125 0.43014728125 0.3841914890625 0.43198565 0.3878676859375 0.43198565 0.3897061171875 0.4338232625 0.3915438828125 0.4338232625 0.3970585109375 0.43933836875 0.3988969421875 0.43933836875 0.40625 0.4466910875 0.4264707453125 0.4466910875 0.42830851093750005 0.44485271875 0.4301469421875 0.44485271875 0.43566156874999995 0.43933836875 0.43933843125000005 0.43933836875 0.441176196875 0.4375 0.443014628125 0.4375 0.44669148906249995 0.4338232625 0.4485292546875 0.4338232625 0.4503676859375 0.43198565 0.45404388281249997 0.43198565 0.4558823140625 0.43014728125 0.45955851093750005 0.43014728125 0.4613969421875 0.4283089125 0.4613969421875 0.42647054375 0.463235371875 0.424632175 0.465073803125 0.424632175 0.46691156874999995 0.42279380624999996 0.46691156874999995 0.419117825 0.46875 0.41727945625 0.46875 0.39154380624999996 0.474264628125 0.38602945625 0.474264628125 0.3841910875 0.4761030578125 0.38235271875 0.4761030578125 0.38051435 0.47794148906249995 0.3786767375 0.47794148906249995 0.37683836875 0.4816176859375 0.37316163125 0.4816176859375 0.32352945625 0.474264628125 0.3161767375 0.46875 0.3161767375 0.46691156874999995 0.31433836875 0.4613969421875 0.31433836875 0.45955851093750005 0.3125 0.4577207453125 0.3125 0.4558823140625 0.31433836875 0.4375 0.31433836875 0.433823803125 0.31066163125 0.433823803125 0.30698565 0.431985371875 0.30514728125 0.431985371875 0.30147054375 0.4301469421875 0.299632175 0.4301469421875 0.29595619375000004 0.42279388281249997 0.28860271875 0.42279388281249997 0.28676435 0.411764628125 0.28676435 0.409926196875 0.28860271875 0.40808843125000005 0.28860271875 0.40625 0.2904410875 0.40441156874999995 0.2904410875
25 0.7941176859375 0.43014728125 0.7959561171875 0.43198565 0.7977938828125 0.43198565 0.8014707453125001 0.43566163125 0.8014707453125001 0.4375 0.8033091750000001 0.43933836875 0.808823803125 0.43933836875 0.81066156875 0.4411767375 0.8125 0.4411767375 0.818014628125 0.4466910875 0.8198530578125001 0.4466910875 0.8235292546874999 0.450367825 0.8235292546874999 0.45220619375000004 0.8253676859375 0.45404380624999996 0.8345591750000001 0.45404380624999996 0.838235371875 0.45772054375 0.838235371875 0.4595589125 0.840073803125 0.46139728125 0.84191156875 0.46139728125 0.84558843125 0.4650732625 0.8511030578125001 0.4650732625 0.8547792546874999 0.46139728125 0.8566176859375 0.46139728125 0.8584561171875 0.4595589125 0.8584561171875 0.450367825 0.849264628125 0.4411767375 0.847426196875 0.4411767375 0.840073803125 0.4338232625 0.8327207453125001 0.4338232625 0.8290438828125 0.43014728125 0.8290438828125 0.4283089125 0.8272061171875 0.42647054375 0.8235292546874999 0.42647054375 0.8216908249999999 0.424632175 0.8198530578125001 0.424632175 0.816176196875 0.42095619375000004 0.81433843125 0.42095619375000004 0.8125 0.419117825 0.81066156875 0.419117825 0.806985371875 0.4154410875 0.806985371875 0.41360271875 0.8051469421874999 0.41176510625 0.786764628125 0.41176510625 0.786764628125 0.424632175 0.790440825 0.424632175 0.7941176859375 0.4283089125 0.7941176859375 0.43014728125
14 0.59191156875 0.36764728125 0.590073803125 0.3658089125 0.5386030578125001 0.3658089125 0.5386030578125001 0.424632175 0.590073803125 0.424632175 0.59191156875 0.42279380624999996 0.59191156875 0.36764728125
26 0.3676469421875 0.72977945625 0.3676469421875 0.731617825 0.369485371875 0.73345619375 0.37316156875 0.73345619375 0.37683843125 0.737132175 0.378676196875 0.737132175 0.3823530578125 0.7408089125 0.3860292546875 0.7408089125 0.3897061171875 0.74448565 0.3897061171875 0.7463232625 0.3915438828125 0.74816163125 0.400735371875 0.74816163125 0.40441156874999995 0.75183836875 0.411764628125 0.75183836875 0.4172792546875 0.7463232625 0.4172792546875 0.737132175 0.41544148906249995 0.73529380625 0.4136030578125 0.73529380625 0.409926196875 0.731617825 0.409926196875 0.72977945625 0.40808843125000005 0.7279410875 0.402573803125 0.7279410875 0.400735371875 0.72610271875 0.3988969421875 0.72610271875 0.3933823140625 0.72058836875 0.3915438828125 0.72058836875 0.3841914890625 0.71323565 0.37683843125 0.71323565 0.375 0.71139728125 0.3602938828125 0.71139728125 0.3602938828125 0.7242651062500001 0.3621323140625 0.72610271875 0.3639707453125 0.72610271875 0.3676469421875 0.72977945625
28 0.20404388281250002 0.33639728125 0.18933843125 0.33639728125 0.18933843125 0.40625 0.191176196875 0.40808836875 0.20404388281250002 0.40808836875 0.20404388281250002 0.33639728125
26 0.6452207453125001 0.33639728125 0.630514628125 0.33639728125 0.630514628125 0.4099267375 0.6433823140625 0.4099267375 0.6452207453125001 0.40808836875 0.6452207453125001 0.33639728125
13 0.630514628125 0.86029380625 0.6323530578125001 0.85845619375 0.6654414890625 0.85845619375 0.6672792546874999 0.856617825 0.6672792546874999 0.799632175 0.6121323140625 0.799632175 0.6121323140625 0.85845619375 0.619485371875 0.85845619375 0.621323803125 0.86029380625 0.630514628125 0.86029380625
11 0.2996323140625 0.65625 0.2977938828125 0.65441163125 0.24448537187500002 0.65441163125 0.24448537187500002 0.7150732625 0.2941176859375 0.7150732625 0.2996323140625 0.7095589125 0.2996323140625 0.65625
31 0.47794148906249995 0.38235271875 0.474264628125 0.38235271875 0.47058843125000005 0.38602945625 0.47058843125000005 0.42279380624999996 0.472426196875 0.424632175 0.474264628125 0.424632175 0.47794148906249995 0.4283089125 0.505514628125 0.4283089125 0.5128676859375 0.42095619375000004 0.5128676859375 0.393382175 0.5110292546874999 0.39154380624999996 0.5110292546874999 0.38970619375000004 0.5091914890625 0.38970619375000004 0.505514628125 0.38602945625 0.505514628125 0.3841910875 0.503676196875 0.38235271875 0.50183843125 0.38235271875 0.49816156874999995 0.3786767375 0.49816156874999995 0.37683836875 0.48345611718750003 0.37683836875 0.48345611718750003 0.3786767375 0.4816176859375 0.38051435 0.4797792546875 0.38051435 0.47794148906249995 0.38235271875
15 0.17095611718749998 0.5716910875 0.22426462812499998 0.5716910875 0.2261030578125 0.56985271875 0.2261030578125 0.512867825 0.22426462812499998 0.51102945625 0.22426462812499998 0.5091910875 0.1746323140625 0.5091910875 0.1746323140625 0.51102945625 0.17279388281250002 0.512867825 0.17095611718749998 0.512867825 0.17095611718749998 0.5716910875
29 0.3602938828125 0.6286767375 0.349264628125 0.63970619375 0.349264628125 0.6654410875 0.3511030578125 0.6654410875 0.3529414890625 0.66727945625 0.3823530578125 0.66727945625 0.3841914890625 0.6654410875 0.3860292546875 0.6654410875 0.3860292546875 0.66360271875 0.3878676859375 0.6617651062500001 0.3878676859375 0.65625 0.3915438828125 0.6525732625 0.3952207453125 0.6525732625 0.3970585109375 0.65073565 0.3970585109375 0.64522054375 0.3952207453125 0.643382175 0.3952207453125 0.64154380625 0.3933823140625 0.63970619375 0.3933823140625 0.637867825 0.3915438828125 0.637867825 0.3897061171875 0.63602945625 0.3897061171875 0.6341910875 0.3878676859375 0.63235271875 0.3878676859375 0.6305151062500001 0.3860292546875 0.6286767375 0.3860292546875 0.61948565 0.380514628125 0.61397054375 0.3658085109375 0.61397054375 0.3621323140625 0.61764728125 0.3621323140625 0.61948565 0.3602938828125 0.6213232625 0.3602938828125 0.6286767375
26 0.4246323140625 0.7591910875 0.42095611718750003 0.7555151062500001 0.4191176859375 0.7555151062500001 0.4172792546875 0.7536767375 0.411764628125 0.7536767375 0.411764628125 0.84375 0.42279388281249997 0.84375 0.4246323140625 0.84191163125 0.4246323140625 0.7591910875
34 0.18584973437500002 0.28676435 0.18401196875 0.28860271875 0.1821735375 0.28860271875 0.1821735375 0.2904410875 0.18033510625 0.29227945625 0.178497340625 0.29227945625 0.178497340625 0.294117825 0.176658909375 0.29595619375000004 0.176658909375 0.32720619375000004 0.178497340625 0.32904380624999996 0.18033510625 0.32904380624999996 0.18401196875 0.33272054375 0.206070478125 0.33272054375 0.20974734062499997 0.32904380624999996 0.21526196875 0.32904380624999996 0.21893816562500001 0.325367825 0.21893816562500001 0.29595619375000004 0.217099734375 0.294117825 0.217099734375 0.29227945625 0.21158510625 0.28676435 0.207908909375 0.28676435 0.2042327125 0.28308836875 0.2042327125 0.28125 0.20239428125 0.27941163125 0.1932027921875 0.27941163125 0.1913650265625 0.28125 0.1913650265625 0.28308836875 0.187688165625 0.28676435 0.18584973437500002 0.28676435
9 0.5202207453125001 0.22058836875 0.465073803125 0.22058836875 0.465073803125 0.28308836875 0.5128676859375 0.28308836875 0.5202207453125001 0.27573565 0.5202207453125001 0.22058836875
13 0.392287234375 0.4244712984375 0.3969414890625 0.427492446875 0.4049202125 0.426737159375 0.4075797875 0.4297583078125 0.4142287234375 0.4252265859375 0.420877659375 0.429003021875 0.4441489359375 0.426737159375 0.4468085109375 0.422960725 0.44614361718750006 0.36933534687499997 0.44082446875 0.364803625 0.40625 0.364803625 0.40292553125 0.364803625 0.3962765953125 0.364803625 0.391622340625 0.3685800609375 0.390292553125 0.4003021140625 0.392287234375 0.4244712984375
11 0.612367021875 0.5687311171875 0.6190159578125 0.5747734140625 0.6642287234375 0.571752265625 0.6675531921875 0.5604229609375 0.6675531921875 0.518882175 0.6648936171875001 0.5113293046875 0.6609042546875 0.50906344375 0.625 0.5083081578125 0.622340425 0.5083081578125 0.6150265953125 0.50981873125 0.611037234375 0.5158610265625 0.610372340625 0.5453172203125 0.612367021875 0.5687311171875
10 0.4634308515625 0.8300604234375 0.4640957453125 0.8557401812500001 0.46675531875000004 0.861027190625 0.5053191484374999 0.8625377640625 0.518617021875 0.8587613296875001 0.5199468078125 0.8074018125 0.518617021875 0.802114803125 0.514627659375 0.79833836875 0.5112007984375 0.79833836875 0.4700797875 0.79833836875 0.466090425 0.8006042296875 0.4640957453125 0.806646525 0.4634308515625 0.8300604234375
16 0.4448530578125 0.71139728125 0.4448530578125 0.65441163125 0.3897061171875 0.65441163125 0.3897061171875 0.7150732625 0.3915438828125 0.71691163125 0.43933843125000005 0.71691163125 0.4448530578125 0.71139728125
7 0.5551469421874999 0.71691163125 0.56066156875 0.71139728125 0.568014628125 0.71139728125 0.5735292546874999 0.71691163125 0.5863969421874999 0.71691163125 0.59375 0.7095589125 0.59375 0.65625 0.5386030578125001 0.65625 0.5386030578125001 0.71323565 0.5404414890625 0.71323565 0.5441176859375 0.71691163125 0.5551469421874999 0.71691163125
7 0.25183843125 0.42647054375 0.253676196875 0.42647054375 0.255514628125 0.424632175 0.2959561171875 0.424632175 0.2977938828125 0.42279380624999996 0.2977938828125 0.36764728125 0.2959561171875 0.3658089125 0.246323803125 0.3658089125 0.24448537187500002 0.36764728125 0.24448537187500002 0.424632175 0.25 0.424632175 0.25183843125 0.42647054375
16 0.3345585109375 0.28308836875 0.340073803125 0.2775732625 0.349264628125 0.2775732625 0.3529414890625 0.28125 0.3529414890625 0.28308836875 0.3658085109375 0.28308836875 0.3658085109375 0.28125 0.369485371875 0.2775732625 0.371323803125 0.2775732625 0.371323803125 0.22058836875 0.318014628125 0.22058836875 0.318014628125 0.27941163125 0.3198530578125 0.27941163125 0.3235292546875 0.28308836875 0.3345585109375 0.28308836875
8 0.62683843125 0.27941163125 0.628676196875 0.27941163125 0.630514628125 0.2775732625 0.6433823140625 0.2775732625 0.6470585109375 0.28125 0.659926196875 0.28125 0.6636030578125001 0.2775732625 0.6654414890625 0.2775732625 0.6654414890625 0.22242673750000003 0.6121323140625 0.22242673750000003 0.6121323140625 0.2775732625 0.6158085109375 0.28125 0.625 0.28125 0.62683843125 0.27941163125
8 0.48345611718750003 0.5680151062500001 0.48529388281249997 0.5661767375 0.4871323140625 0.5661767375 0.4889707453125 0.56433836875 0.496323803125 0.5716910875 0.5128676859375 0.5716910875 0.5147061171875 0.56985271875 0.5165438828125 0.56985271875 0.5183823140625 0.5680151062500001 0.5183823140625 0.5661767375 0.5202207453125001 0.56433836875 0.5202207453125001 0.5091910875 0.465073803125 0.5091910875 0.465073803125 0.5716910875 0.4816176859375 0.5716910875 0.48345611718750003 0.56985271875 0.48345611718750003 0.5680151062500001
20 0.5328125 0.8796873109375 0.5328125 0.9578126890625001 0.584375 0.9578126890625001 0.584375 0.8796873109375 0.5328125 0.8796873109375
18 0.896875 0.44062462187499996 0.896875 0.525 0.953125 0.525 0.953125 0.44062462187499996 0.896875 0.44062462187499996
18 0.8078125 0.15625 0.75 0.15625 0.75 0.23593731093749998 0.80625 0.23593731093749998 0.8078125 0.23437537812499998 0.8078125 0.15625
18 0.7546875 0.734374621875 0.7546875 0.8140626890625 0.8046875 0.8140626890625 0.8046875 0.734374621875 0.7546875 0.734374621875
18 0.140625 0.6671873109375 0.14375 0.6640626890625 0.14375 0.59375 0.0890625 0.59375 0.0890625 0.66875 0.103125 0.66875 0.1046875 0.6671873109375 0.140625 0.6671873109375
23 0.5875 0.0109373109375 0.528125 0.0109373109375 0.528125 0.0921873109375 0.584375 0.0921873109375 0.5875 0.0890626890625 0.5875 0.0109373109375
21 0.2359375 0.88125 0.2359375 0.9593746218750001 0.2921875 0.9593746218750001 0.2921875 0.88125 0.2359375 0.88125
19 0.2359375 0.0109373109375 0.2359375 0.090624621875 0.290625 0.090624621875 0.290625 0.0109373109375 0.2359375 0.0109373109375
22 0.1265625 0.3828126890625 0.128125 0.38437462187500004 0.140625 0.38437462187500004 0.1421875 0.3828126890625 0.14375 0.3828126890625 0.1453125 0.38125 0.146875 0.38125 0.146875 0.3015626890625 0.0859375 0.3015626890625 0.0859375 0.38437462187500004 0.0953125 0.38437462187500004 0.096875 0.3828126890625 0.1265625 0.3828126890625