27 0.2828123921875 0.4546875 0.284375215625 0.4546875 0.2875 0.4578125 0.2875 0.459375 0.2890623921875 0.4609375 0.290624784375 0.4609375 0.29375 0.4640625 0.29375 0.465625 0.2953123921875 0.4671875 0.29687521562499997 0.4671875 0.3 0.4703125 0.3 0.471875 0.30156239218750003 0.4734375 0.3140623921875 0.4734375 0.3140623921875 0.4625 0.3125 0.4609375 0.3125 0.459375 0.309374784375 0.45625 0.3078123921875 0.45625 0.3046876078125 0.453125 0.3046876078125 0.4515625 0.29375 0.440625 0.29375 0.4390625 0.290624784375 0.4359375 0.278124784375 0.4359375 0.278124784375 0.4484375 0.28125 0.4515625 0.28125 0.453125 0.2828123921875 0.4546875
0 0.253125215625 0.1484375 0.2515623921875 0.1484375 0.25 0.15 0.2484376078125 0.15 0.24687478437500002 0.1515625 0.2453123921875 0.1515625 0.2453123921875 0.153125 0.240624784375 0.1578125 0.2390623921875 0.1578125 0.2390623921875 0.159375 0.2359376078125 0.1625 0.234375215625 0.1625 0.2328123921875 0.1640625 0.2328123921875 0.165625 0.23125 0.1671875 0.23125 0.1703125 0.225 0.1765625 0.225 0.2 0.2234376078125 0.2015625 0.2234376078125 0.26875 0.225 0.2703125 0.225 0.2765625 0.23125 0.2828125 0.23125 0.284375 0.2328123921875 0.2859375 0.234375215625 0.2859375 0.24687478437500002 0.2984375 0.2484376078125 0.2984375 0.259374784375 0.309375 0.26093760781249997 0.309375 0.2625 0.3109375 0.2640623921875 0.3109375 0.26562521562499997 0.3125 0.2671876078125 0.3109375 0.271874784375 0.3109375 0.278124784375 0.3046875 0.2796876078125 0.3046875 0.284375215625 0.3 0.2859376078125 0.3 0.2875 0.2984375 0.2890623921875 0.2984375 0.29687521562499997 0.290625 0.29687521562499997 0.2890625 0.2984376078125 0.2875 0.2984376078125 0.278125 0.29687521562499997 0.2765625 0.29687521562499997 0.2734375 0.2953123921875 0.271875 0.2953123921875 0.2671875 0.29375 0.265625 0.2953123921875 0.2640625 0.2953123921875 0.259375 0.29687521562499997 0.2578125 0.29687521562499997 0.25 0.2984376078125 0.2484375 0.2984376078125 0.240625 0.30625 0.2328125 0.30625 0.23125 0.3078123921875 0.2296875 0.3078123921875 0.1734375 0.303124784375 0.16875 0.30156239218750003 0.16875 0.2953123921875 0.1625 0.29375 0.1625 0.290624784375 0.159375 0.290624784375 0.1578125 0.2890623921875 0.1578125 0.278124784375 0.146875 0.278124784375 0.1453125 0.2765623921875 0.14375 0.275 0.14375 0.271874784375 0.140625 0.2578123921875 0.140625 0.2578123921875 0.1421875 0.2546876078125 0.1453125 0.2546876078125 0.146875 0.253125215625 0.1484375
32 0.44843760781249997 0.3984375 0.446874784375 0.4 0.4453123921875 0.4 0.4453123921875 0.4359375 0.446874784375 0.4359375 0.45 0.4390625 0.45 0.440625 0.4515623921875 0.4421875 0.465624784375 0.4421875 0.4734376078125 0.434375 0.4734376078125 0.3984375 0.471874784375 0.396875 0.471874784375 0.3953125 0.4671876078125 0.390625 0.4671876078125 0.3890625 0.465624784375 0.3875 0.4640623921875 0.3875 0.4625 0.3859375 0.4546876078125 0.3859375 0.45 0.390625 0.45 0.3953125 0.44843760781249997 0.396875 0.44843760781249997 0.3984375
0 0.4375 0.159375 0.434374784375 0.1625 0.4328123921875 0.1625 0.42656239218750003 0.16875 0.425 0.16875 0.41875 0.175 0.41875 0.2421875 0.4203123921875 0.24375 0.4203123921875 0.2453125 0.4234376078125 0.2484375 0.4234376078125 0.25 0.425 0.2515625 0.425 0.259375 0.42656239218750003 0.2609375 0.42656239218750003 0.271875 0.428124784375 0.2734375 0.428124784375 0.2765625 0.4296876078125 0.278125 0.4296876078125 0.284375 0.43125 0.2859375 0.43125 0.290625 0.4328123921875 0.2921875 0.434374784375 0.2921875 0.44843760781249997 0.30625 0.45 0.30625 0.4515623921875 0.3078125 0.4515623921875 0.309375 0.45312521562499997 0.309375 0.4546876078125 0.3109375 0.465624784375 0.3109375 0.4671876078125 0.309375 0.4671876078125 0.3078125 0.4703123921875 0.3046875 0.471874784375 0.3046875 0.4734376078125 0.303125 0.4734376078125 0.3015625 0.4765623921875 0.2984375 0.478124784375 0.2984375 0.47968760781249997 0.296875 0.47968760781249997 0.2953125 0.4828123921875 0.2921875 0.48437521562499997 0.2921875 0.48906239218750003 0.2875 0.490625215625 0.2875 0.4921876078125 0.2859375 0.49375 0.2859375 0.5015623921875 0.278125 0.503124784375 0.278125 0.503124784375 0.1875 0.5015623921875 0.1859375 0.5015623921875 0.1734375 0.5 0.171875 0.5 0.1703125 0.4984376078125 0.16875 0.496874784375 0.16875 0.4953123921875 0.1671875 0.49375 0.1671875 0.48906239218750003 0.1625 0.4875 0.1625 0.4828123921875 0.1578125 0.48125 0.1578125 0.47968760781249997 0.15625 0.478124784375 0.15625 0.46875 0.146875 0.45 0.146875 0.440624784375 0.15625 0.4390623921875 0.15625 0.4375 0.1578125 0.4375 0.159375
36 0.4859376078125 0.6046875 0.48437521562499997 0.60625 0.4828123921875 0.60625 0.4828123921875 0.6078125 0.478124784375 0.6125 0.4765623921875 0.6125 0.4640623921875 0.625 0.4640623921875 0.6265625 0.4625 0.628125 0.4625 0.690625 0.4671876078125 0.6953125 0.4671876078125 0.696875 0.46875 0.6984375 0.46875 0.703125 0.4703123921875 0.7046875 0.4703123921875 0.70625 0.4734376078125 0.709375 0.475 0.709375 0.48125 0.715625 0.48125 0.7328125 0.490625215625 0.7421875 0.4921876078125 0.7421875 0.4953123921875 0.7453125 0.4953123921875 0.746875 0.496874784375 0.746875 0.5046876078125 0.7546875 0.50625 0.7546875 0.5078123921875 0.75625 0.5125 0.75625 0.5140623921875 0.7546875 0.515625215625 0.7546875 0.5218752156249999 0.7484375 0.5234376078125 0.7484375 0.528124784375 0.74375 0.5296876078125 0.74375 0.5328123921875 0.740625 0.534374784375 0.740625 0.534374784375 0.7390625 0.5375 0.7359375 0.5375 0.734375 0.5406247843750001 0.73125 0.5406247843750001 0.7296875 0.5421876078125 0.728125 0.5421876078125 0.6953125 0.5484376078125 0.6890625 0.5484376078125 0.6265625 0.5406247843750001 0.61875 0.5390623921875 0.61875 0.5359376078125 0.615625 0.5359376078125 0.6140625 0.534374784375 0.6140625 0.5171876078125 0.596875 0.5171876078125 0.5953125 0.515625215625 0.5953125 0.5140623921875 0.59375 0.49375 0.59375 0.4921876078125 0.5953125 0.4921876078125 0.596875 0.4859376078125 0.603125 0.4859376078125 0.6046875
37 0.440624784375 0.4515625 0.4390623921875 0.4515625 0.4390623921875 0.453125 0.4375 0.4546875 0.4375 0.4578125 0.428124784375 0.4671875 0.42656239218750003 0.4671875 0.425 0.46875 0.4234376078125 0.46875 0.42187521562499997 0.4703125 0.4203123921875 0.4703125 0.41875 0.471875 0.41875 0.540625 0.4203123921875 0.5421875 0.42187521562499997 0.5421875 0.425 0.5453125 0.425 0.565625 0.42656239218750003 0.5671875 0.42656239218750003 0.571875 0.4296876078125 0.575 0.4296876078125 0.5765625 0.43125 0.578125 0.43125 0.5828125 0.4359376078125 0.5875 0.4375 0.5875 0.4390623921875 0.5890625 0.4390623921875 0.590625 0.440624784375 0.590625 0.446874784375 0.596875 0.44843760781249997 0.596875 0.4515623921875 0.6 0.45312521562499997 0.6 0.4546876078125 0.6015625 0.4546876078125 0.603125 0.45625 0.6046875 0.45781239218750003 0.6046875 0.459375215625 0.60625 0.4625 0.60625 0.4640623921875 0.6078125 0.4671876078125 0.6046875 0.46875 0.6046875 0.475 0.5984375 0.4765623921875 0.5984375 0.478124784375 0.596875 0.47968760781249997 0.596875 0.47968760781249997 0.5953125 0.48125 0.59375 0.4828123921875 0.59375 0.48437521562499997 0.5921875 0.4859376078125 0.5921875 0.490625215625 0.5875 0.490625215625 0.5859375 0.4921876078125 0.584375 0.4921876078125 0.559375 0.49375 0.5578125 0.49375 0.553125 0.496874784375 0.55 0.496874784375 0.546875 0.4984376078125 0.5453125 0.4984376078125 0.5390625 0.5015623921875 0.5359375 0.503124784375 0.5359375 0.5046876078125 0.534375 0.5046876078125 0.4828125 0.503124784375 0.48125 0.503124784375 0.478125 0.4984376078125 0.4734375 0.4984376078125 0.471875 0.496874784375 0.4703125 0.4953123921875 0.4703125 0.49375 0.46875 0.490625215625 0.46875 0.48906239218750003 0.4671875 0.4875 0.4671875 0.48437521562499997 0.4640625 0.47968760781249997 0.4640625 0.478124784375 0.4625 0.4765623921875 0.4625 0.471874784375 0.4578125 0.4734376078125 0.45625 0.4734376078125 0.453125 0.465624784375 0.4453125 0.44375 0.4453125 0.44375 0.446875 0.4421876078125 0.4484375 0.4421876078125 0.45 0.440624784375 0.4515625
36 0.2078123921875 0.29375 0.20625 0.2953125 0.20625 0.296875 0.203125215625 0.3 0.2015623921875 0.3 0.2 0.3015625 0.2 0.303125 0.196874784375 0.30625 0.19531239218750002 0.30625 0.19375 0.3078125 0.19375 0.309375 0.190624784375 0.3125 0.1890623921875 0.3125 0.1875 0.3140625 0.1875 0.315625 0.184374784375 0.31875 0.1828123921875 0.31875 0.18125 0.3203125 0.18125 0.321875 0.1765623921875 0.3265625 0.1765623921875 0.328125 0.175 0.3296875 0.175 0.421875 0.1765623921875 0.4234375 0.17812478437499998 0.4234375 0.18125 0.4265625 0.18125 0.428125 0.1828123921875 0.4296875 0.184374784375 0.4296875 0.1875 0.4328125 0.1875 0.434375 0.1890623921875 0.4359375 0.190624784375 0.4359375 0.20625 0.4515625 0.20625 0.453125 0.2078123921875 0.4546875 0.209374784375 0.4546875 0.21562478437500002 0.4609375 0.22187521562499998 0.4609375 0.234375215625 0.4484375 0.2359376078125 0.4484375 0.2375 0.446875 0.2390623921875 0.446875 0.24375 0.4421875 0.2453123921875 0.4421875 0.2484376078125 0.4390625 0.2484376078125 0.4375 0.25 0.4359375 0.25 0.4328125 0.2515623921875 0.43125 0.2515623921875 0.428125 0.253125215625 0.4265625 0.253125215625 0.41875 0.2546876078125 0.4171875 0.2546876078125 0.396875 0.25625 0.3953125 0.25625 0.39375 0.26093760781249997 0.3890625 0.26093760781249997 0.3875 0.2625 0.3859375 0.2625 0.384375 0.2640623921875 0.3828125 0.2640623921875 0.38125 0.26562521562499997 0.3796875 0.26562521562499997 0.340625 0.2640623921875 0.3390625 0.2640623921875 0.3375 0.2625 0.3359375 0.2625 0.33125 0.26093760781249997 0.3296875 0.26093760781249997 0.3265625 0.259374784375 0.325 0.2578123921875 0.325 0.2546876078125 0.321875 0.2546876078125 0.3203125 0.253125215625 0.31875 0.2515623921875 0.31875 0.25 0.3171875 0.2484376078125 0.3171875 0.24687478437500002 0.315625 0.24687478437500002 0.3140625 0.24375 0.3140625 0.24218760781249998 0.3125 0.240624784375 0.3125 0.2390623921875 0.3109375 0.2359376078125 0.3109375 0.23125 0.30625 0.23125 0.3046875 0.2296876078125 0.303125 0.2296876078125 0.3015625 0.228124784375 0.3 0.228124784375 0.296875 0.225 0.29375 0.225 0.2921875 0.2234376078125 0.290625 0.2234376078125 0.2890625 0.21093760781249998 0.2890625 0.21093760781249998 0.290625 0.209374784375 0.2921875 0.2078123921875 0.2921875 0.2078123921875 0.29375
17 0.53125 0.4625 0.5296876078125 0.4640625 0.528124784375 0.4640625 0.5234376078125 0.46875 0.5218752156249999 0.46875 0.5171876078125 0.4734375 0.5171876078125 0.475 0.5140623921875 0.478125 0.5140623921875 0.48125 0.5125 0.4828125 0.5125 0.5359375 0.5171876078125 0.540625 0.5171876078125 0.5421875 0.51875 0.54375 0.51875 0.546875 0.5203123921875 0.5484375 0.5203123921875 0.55 0.5234376078125 0.553125 0.5234376078125 0.571875 0.525 0.5734375 0.525 0.578125 0.5328123921875 0.5859375 0.534374784375 0.5859375 0.5375 0.5890625 0.5375 0.590625 0.5390623921875 0.5921875 0.5406247843750001 0.5921875 0.54375 0.5953125 0.54375 0.596875 0.5453123921875 0.5984375 0.546875215625 0.5984375 0.55 0.6015625 0.55 0.603125 0.5515623921875 0.6046875 0.5531252156249999 0.6046875 0.55625 0.6078125 0.5625 0.6078125 0.5640623921875 0.60625 0.565624784375 0.60625 0.5671876078125 0.6046875 0.56875 0.6046875 0.5703123921875 0.603125 0.5718747843750001 0.603125 0.5718747843750001 0.6015625 0.5734376078125 0.6 0.575 0.6 0.578125215625 0.596875 0.5796876078125 0.596875 0.5796876078125 0.5953125 0.5828123921875 0.5921875 0.5843752156249999 0.5921875 0.5875 0.5890625 0.5875 0.5875 0.5890623921875 0.5859375 0.5890623921875 0.584375 0.590624784375 0.5828125 0.590624784375 0.575 0.5921876078125 0.5734375 0.5921876078125 0.5546875 0.59375 0.553125 0.59375 0.546875 0.596874784375 0.54375 0.596874784375 0.5421875 0.5984376078125 0.540625 0.5984376078125 0.5140625 0.6 0.5125 0.6 0.5015625 0.5984376078125 0.5 0.5984376078125 0.475 0.596874784375 0.4734375 0.596874784375 0.4703125 0.59375 0.4703125 0.5921876078125 0.46875 0.5890623921875 0.46875 0.5859376078125 0.465625 0.5859376078125 0.4640625 0.5843752156249999 0.4640625 0.578125215625 0.4578125 0.5765623921875 0.4578125 0.5718747843750001 0.453125 0.5718747843750001 0.4515625 0.5703123921875 0.4515625 0.5671876078125 0.4484375 0.5671876078125 0.446875 0.546875215625 0.446875 0.5375 0.45625 0.5375 0.4578125 0.5328123921875 0.4625 0.53125 0.4625
0 0.34375 0.4546875 0.3421876078125 0.45625 0.3421876078125 0.4578125 0.3359376078125 0.4640625 0.3359376078125 0.465625 0.334374784375 0.4671875 0.33281239218750003 0.4671875 0.32343760781249997 0.4765625 0.32343760781249997 0.48125 0.321874784375 0.4828125 0.321874784375 0.4859375 0.3203123921875 0.4875 0.3203123921875 0.496875 0.31875 0.4984375 0.31875 0.571875 0.3390623921875 0.5921875 0.340624784375 0.5921875 0.34375 0.5953125 0.34375 0.596875 0.3453123921875 0.5984375 0.346874784375 0.5984375 0.353124784375 0.6046875 0.35468760781249997 0.6046875 0.3578123921875 0.6078125 0.36406239218750003 0.6078125 0.365624784375 0.60625 0.3671876078125 0.60625 0.375 0.5984375 0.3765623921875 0.5984375 0.3796876078125 0.5953125 0.3796876078125 0.59375 0.38125 0.5921875 0.3828123921875 0.5921875 0.3890623921875 0.5859375 0.39062521562499997 0.5859375 0.3921876078125 0.584375 0.3921876078125 0.58125 0.39375 0.5796875 0.39375 0.5765625 0.39531239218750003 0.575 0.39531239218750003 0.5734375 0.396874784375 0.571875 0.396874784375 0.5671875 0.3984376078125 0.565625 0.3984376078125 0.5453125 0.4015623921875 0.5421875 0.403124784375 0.5421875 0.4046876078125 0.540625 0.4046876078125 0.5359375 0.40625 0.534375 0.40625 0.5234375 0.4046876078125 0.521875 0.4046876078125 0.478125 0.39531239218750003 0.46875 0.39375 0.46875 0.39062521562499997 0.465625 0.3890623921875 0.465625 0.3875 0.4640625 0.38593760781249997 0.4640625 0.384374784375 0.4625 0.3828123921875 0.4625 0.38125 0.4609375 0.3796876078125 0.4609375 0.36875 0.45 0.36875 0.4484375 0.35 0.4484375 0.3484376078125 0.45 0.346874784375 0.45 0.34375 0.453125 0.34375 0.4546875
37 0.153124784375 0.45 0.1515623921875 0.45 0.15 0.4515625 0.15 0.453125 0.14687478437499998 0.45625 0.1453123921875 0.45625 0.13125 0.4703125 0.13125 0.471875 0.128124784375 0.475 0.1265623921875 0.475 0.1265623921875 0.5734375 0.128124784375 0.5734375 0.13125 0.5765625 0.13125 0.578125 0.13281239218750002 0.5796875 0.13437521562500002 0.5796875 0.1375 0.5828125 0.1375 0.584375 0.1390623921875 0.5859375 0.14062521562500002 0.5859375 0.14375 0.5890625 0.14375 0.590625 0.1453123921875 0.5921875 0.14687478437499998 0.5921875 0.15 0.5953125 0.15 0.596875 0.1515623921875 0.5984375 0.153124784375 0.5984375 0.15625 0.6015625 0.15625 0.603125 0.1578123921875 0.6046875 0.159374784375 0.6046875 0.1625 0.6078125 0.1625 0.609375 0.16406239218750002 0.6109375 0.165624784375 0.6109375 0.1671876078125 0.6125 0.16875 0.6125 0.1703123921875 0.6140625 0.17187521562500002 0.6140625 0.1734376078125 0.6125 0.175 0.6125 0.1765623921875 0.6109375 0.17812478437499998 0.6109375 0.17968760781249998 0.609375 0.17968760781249998 0.6078125 0.184374784375 0.603125 0.1859376078125 0.603125 0.1859376078125 0.6015625 0.1890623921875 0.5984375 0.190624784375 0.5984375 0.1921876078125 0.596875 0.1921876078125 0.5953125 0.19531239218750002 0.5921875 0.196874784375 0.5921875 0.1984376078125 0.590625 0.1984376078125 0.5890625 0.2015623921875 0.5859375 0.203125215625 0.5859375 0.2046876078125 0.584375 0.2046876078125 0.5828125 0.2078123921875 0.5796875 0.209374784375 0.5796875 0.21093760781249998 0.578125 0.21093760781249998 0.5765625 0.2140623921875 0.5734375 0.21562478437500002 0.5734375 0.2171876078125 0.571875 0.2171876078125 0.4828125 0.21562478437500002 0.48125 0.21562478437500002 0.4796875 0.2140623921875 0.478125 0.2140623921875 0.4765625 0.2078123921875 0.4703125 0.20625 0.4703125 0.2046876078125 0.46875 0.203125215625 0.46875 0.2015623921875 0.4671875 0.2 0.4671875 0.196874784375 0.4640625 0.190624784375 0.4640625 0.1890623921875 0.4625 0.1875 0.4625 0.1828123921875 0.4578125 0.1828123921875 0.45625 0.17812478437499998 0.4515625 0.17812478437499998 0.45 0.1765623921875 0.4484375 0.1765623921875 0.446875 0.175 0.4453125 0.175 0.440625 0.17187521562500002 0.4375 0.165624784375 0.4375 0.16406239218750002 0.4390625 0.1625 0.4390625 0.1625 0.440625 0.153124784375 0.45
6 0.35 0.74375 0.3484376078125 0.7453125 0.3484376078125 0.746875 0.3375 0.7578125 0.3375 0.759375 0.334374784375 0.7625 0.33281239218750003 0.7625 0.33125 0.7640625 0.33125 0.765625 0.32812521562499997 0.76875 0.3265623921875 0.76875 0.325 0.7703125 0.325 0.771875 0.31875 0.778125 0.31875 0.8703125 0.325 0.8765625 0.325 0.878125 0.3265623921875 0.8796875 0.32812521562499997 0.8796875 0.33125 0.8828125 0.33125 0.884375 0.33281239218750003 0.8859375 0.334374784375 0.8859375 0.3375 0.8890625 0.3375 0.890625 0.3390623921875 0.8921875 0.340624784375 0.8921875 0.34375 0.8953125 0.34375 0.896875 0.3453123921875 0.8984375 0.346874784375 0.8984375 0.35 0.9015625 0.35 0.903125 0.3515623921875 0.9046875 0.353124784375 0.9046875 0.35625 0.9078125 0.35625 0.909375 0.3578123921875 0.9109375 0.3609376078125 0.9109375 0.3625 0.9125 0.365624784375 0.9125 0.3671876078125 0.9109375 0.3703123921875 0.9109375 0.3734376078125 0.9078125 0.3734376078125 0.90625 0.375 0.9046875 0.3765623921875 0.9046875 0.378124784375 0.903125 0.378124784375 0.9015625 0.3875 0.8921875 0.3875 0.890625 0.39375 0.884375 0.39375 0.8828125 0.39531239218750003 0.88125 0.396874784375 0.88125 0.4046876078125 0.8734375 0.4046876078125 0.871875 0.40625 0.8703125 0.40625 0.86875 0.409374784375 0.865625 0.409374784375 0.8046875 0.4078123921875 0.803125 0.4078123921875 0.7921875 0.409374784375 0.790625 0.4078123921875 0.7890625 0.4078123921875 0.7828125 0.40625 0.78125 0.40625 0.778125 0.4046876078125 0.7765625 0.4046876078125 0.775 0.403124784375 0.7734375 0.403124784375 0.771875 0.4015623921875 0.7703125 0.4 0.7703125 0.3921876078125 0.7625 0.39062521562499997 0.7625 0.3890623921875 0.7609375 0.3875 0.7609375 0.38593760781249997 0.759375 0.38593760781249997 0.7578125 0.384374784375 0.75625 0.3828123921875 0.75625 0.38125 0.7546875 0.38125 0.753125 0.375 0.746875 0.375 0.7453125 0.371874784375 0.7421875 0.371874784375 0.740625 0.3671876078125 0.7359375 0.3671876078125 0.734375 0.3578123921875 0.734375 0.35468760781249997 0.7375 0.353124784375 0.7375 0.35 0.740625 0.35 0.74375
17 0.2015623921875 0.59375 0.2 0.5953125 0.2 0.596875 0.175 0.621875 0.175 0.6890625 0.1734376078125 0.690625 0.1734376078125 0.7125 0.175 0.7140625 0.175 0.721875 0.1765623921875 0.7234375 0.17812478437499998 0.7234375 0.18125 0.7265625 0.18125 0.728125 0.1828123921875 0.7296875 0.184374784375 0.7296875 0.1875 0.7328125 0.1875 0.734375 0.1890623921875 0.7359375 0.190624784375 0.7359375 0.19375 0.7390625 0.19375 0.740625 0.19531239218750002 0.7421875 0.196874784375 0.7421875 0.2 0.7453125 0.2 0.746875 0.2015623921875 0.7484375 0.203125215625 0.7484375 0.20625 0.7515625 0.20625 0.753125 0.2078123921875 0.7546875 0.209374784375 0.7546875 0.2125 0.7578125 0.2125 0.759375 0.2140623921875 0.759375 0.21562478437500002 0.7609375 0.22187521562499998 0.7609375 0.2234376078125 0.759375 0.2234376078125 0.7578125 0.225 0.75625 0.225 0.7546875 0.228124784375 0.7515625 0.225 0.7484375 0.225 0.74375 0.22656239218750002 0.7421875 0.22656239218750002 0.740625 0.2296876078125 0.7375 0.23125 0.7375 0.2328123921875 0.7359375 0.234375215625 0.7359375 0.2359376078125 0.734375 0.2375 0.734375 0.240624784375 0.73125 0.2484376078125 0.73125 0.25 0.7296875 0.253125215625 0.7296875 0.26093760781249997 0.721875 0.26093760781249997 0.7203125 0.2625 0.71875 0.2625 0.7109375 0.2640623921875 0.709375 0.2640623921875 0.7 0.26562521562499997 0.6984375 0.26562521562499997 0.690625 0.2671876078125 0.6890625 0.2671876078125 0.65 0.26562521562499997 0.6484375 0.26562521562499997 0.646875 0.25625 0.6375 0.25625 0.6359375 0.2546876078125 0.634375 0.2546876078125 0.6328125 0.253125215625 0.63125 0.253125215625 0.628125 0.25 0.625 0.25 0.61875 0.2484376078125 0.6171875 0.2484376078125 0.609375 0.24218760781249998 0.603125 0.24218760781249998 0.6015625 0.240624784375 0.6 0.2390623921875 0.6 0.2359376078125 0.596875 0.2359376078125 0.5953125 0.234375215625 0.59375 0.2328123921875 0.59375 0.2296876078125 0.590625 0.2296876078125 0.5890625 0.225 0.584375 0.21093760781249998 0.584375 0.20625 0.5890625 0.20625 0.590625 0.203125215625 0.59375 0.2015623921875 0.59375
36 0.3484376078125 0.1515625 0.346874784375 0.153125 0.346874784375 0.15625 0.34375 0.159375 0.3390623921875 0.159375 0.3359376078125 0.1625 0.334374784375 0.1625 0.325 0.171875 0.325 0.1734375 0.32343760781249997 0.175 0.32343760781249997 0.1859375 0.321874784375 0.1875 0.321874784375 0.1890625 0.3203123921875 0.190625 0.3203123921875 0.25 0.32343760781249997 0.253125 0.32343760781249997 0.2546875 0.325 0.25625 0.325 0.2578125 0.32812521562499997 0.2609375 0.33125 0.2609375 0.3359376078125 0.265625 0.3359376078125 0.2671875 0.3375 0.26875 0.3375 0.284375 0.3390623921875 0.2859375 0.340624784375 0.2859375 0.34375 0.2890625 0.34375 0.290625 0.3453123921875 0.2921875 0.346874784375 0.2921875 0.3484376078125 0.29375 0.3484376078125 0.2953125 0.3515623921875 0.2984375 0.353124784375 0.2984375 0.35625 0.3015625 0.35625 0.303125 0.3578123921875 0.3046875 0.35937521562499997 0.3046875 0.36406239218750003 0.309375 0.365624784375 0.309375 0.3703123921875 0.3046875 0.371874784375 0.3046875 0.3734376078125 0.303125 0.3734376078125 0.3015625 0.3765623921875 0.2984375 0.378124784375 0.2984375 0.3796876078125 0.296875 0.3796876078125 0.2953125 0.3828123921875 0.2921875 0.384374784375 0.2921875 0.38593760781249997 0.290625 0.38593760781249997 0.2890625 0.3890623921875 0.2859375 0.39062521562499997 0.2859375 0.396874784375 0.2796875 0.396874784375 0.278125 0.3984376078125 0.2765625 0.3984376078125 0.2515625 0.4 0.25 0.4 0.2484375 0.403124784375 0.2453125 0.403124784375 0.24375 0.4046876078125 0.2421875 0.4046876078125 0.2375 0.40625 0.2359375 0.40625 0.2265625 0.4078123921875 0.225 0.4078123921875 0.1984375 0.40625 0.196875 0.40625 0.190625 0.4046876078125 0.1890625 0.4046876078125 0.1765625 0.403124784375 0.175 0.4015623921875 0.175 0.396874784375 0.1703125 0.39375 0.1703125 0.3890623921875 0.165625 0.3875 0.1671875 0.3765623921875 0.1671875 0.375 0.165625 0.375 0.1640625 0.3734376078125 0.1625 0.3734376078125 0.159375 0.371874784375 0.1578125 0.371874784375 0.15625 0.3703123921875 0.15625 0.365624784375 0.1515625 0.36406239218750003 0.1515625 0.3625 0.15 0.3609376078125 0.15 0.35937521562499997 0.1484375 0.3578123921875 0.1484375 0.35625 0.15 0.3515623921875 0.15 0.35 0.1515625 0.3484376078125 0.1515625
37 0.384374784375 0.3125 0.3828123921875 0.3125 0.38125 0.3140625 0.38125 0.315625 0.3765623921875 0.3203125 0.375 0.3203125 0.375 0.321875 0.3734376078125 0.3234375 0.3734376078125 0.325 0.371874784375 0.3265625 0.371874784375 0.328125 0.375 0.33125 0.375 0.3328125 0.3765623921875 0.334375 0.38125 0.334375 0.3828123921875 0.3328125 0.384374784375 0.3328125 0.38593760781249997 0.334375 0.38593760781249997 0.3359375 0.39062521562499997 0.340625 0.39062521562499997 0.3421875 0.3921876078125 0.34375 0.3921876078125 0.3453125 0.39375 0.346875 0.39375 0.353125 0.39531239218750003 0.3546875 0.39531239218750003 0.35625 0.3984376078125 0.359375 0.3984376078125 0.3609375 0.4 0.3625 0.4 0.371875 0.39531239218750003 0.3765625 0.39375 0.3765625 0.39375 0.3796875 0.3921876078125 0.38125 0.3921876078125 0.3828125 0.3890623921875 0.3859375 0.3875 0.3859375 0.38593760781249997 0.3875 0.3828123921875 0.3875 0.38125 0.3890625 0.378124784375 0.3890625 0.3765623921875 0.390625 0.3765623921875 0.4 0.378124784375 0.4015625 0.378124784375 0.4046875 0.3796876078125 0.40625 0.3796876078125 0.4125 0.378124784375 0.4140625 0.378124784375 0.4171875 0.3796876078125 0.41875 0.3796876078125 0.4234375 0.38125 0.425 0.38125 0.4328125 0.39062521562499997 0.4421875 0.3921876078125 0.4421875 0.39531239218750003 0.4453125 0.39531239218750003 0.446875 0.396874784375 0.446875 0.4015623921875 0.4515625 0.4015623921875 0.453125 0.403124784375 0.453125 0.40625 0.45625 0.40625 0.4578125 0.409374784375 0.4609375 0.4109376078125 0.4609375 0.4125 0.4625 0.41718760781249997 0.4625 0.43125 0.4484375 0.4328123921875 0.4484375 0.440624784375 0.440625 0.440624784375 0.4390625 0.4421876078125 0.4375 0.4421876078125 0.434375 0.44375 0.4328125 0.44375 0.4265625 0.4453123921875 0.425 0.4453123921875 0.421875 0.446874784375 0.4203125 0.446874784375 0.415625 0.44843760781249997 0.4140625 0.44843760781249997 0.3953125 0.45312521562499997 0.390625 0.45312521562499997 0.3890625 0.4546876078125 0.3875 0.4546876078125 0.3796875 0.45625 0.378125 0.45625 0.371875 0.4546876078125 0.3703125 0.4546876078125 0.328125 0.45312521562499997 0.3265625 0.45312521562499997 0.325 0.4515623921875 0.325 0.4453123921875 0.31875 0.4421876078125 0.31875 0.440624784375 0.3171875 0.440624784375 0.315625 0.4390623921875 0.3140625 0.4359376078125 0.3140625 0.4328123921875 0.3109375 0.4328123921875 0.309375 0.43125 0.309375 0.428124784375 0.30625 0.428124784375 0.3015625 0.42187521562499997 0.2953125 0.4015623921875 0.2953125 0.39531239218750003 0.3015625 0.39375 0.3015625 0.39375 0.303125 0.384374784375 0.3125
17 0.4375 0.759375 0.434374784375 0.7625 0.4328123921875 0.7625 0.43125 0.7640625 0.43125 0.765625 0.4296876078125 0.7671875 0.428124784375 0.7671875 0.41875 0.7765625 0.41875 0.809375 0.41718760781249997 0.8109375 0.41718760781249997 0.8671875 0.41875 0.86875 0.41875 0.871875 0.4203123921875 0.8734375 0.42187521562499997 0.8734375 0.425 0.8765625 0.425 0.878125 0.42656239218750003 0.8796875 0.428124784375 0.8796875 0.43125 0.8828125 0.43125 0.884375 0.4375 0.890625 0.4375 0.8921875 0.45 0.9046875 0.45 0.90625 0.4546876078125 0.9109375 0.45625 0.9109375 0.45781239218750003 0.9125 0.4640623921875 0.9125 0.465624784375 0.9109375 0.4671876078125 0.9109375 0.4671876078125 0.909375 0.4703123921875 0.90625 0.471874784375 0.90625 0.475 0.903125 0.475 0.9015625 0.4765623921875 0.9 0.478124784375 0.9 0.48125 0.896875 0.48125 0.8953125 0.4828123921875 0.89375 0.48437521562499997 0.89375 0.4859376078125 0.8921875 0.48906239218750003 0.8921875 0.4921876078125 0.8890625 0.4921876078125 0.8828125 0.490625215625 0.88125 0.490625215625 0.8796875 0.4875 0.8765625 0.4875 0.8734375 0.4859376078125 0.871875 0.4859376078125 0.85625 0.4875 0.8546875 0.4875 0.85 0.490625215625 0.846875 0.490625215625 0.84375 0.4921876078125 0.8421875 0.4921876078125 0.8390625 0.4953123921875 0.8359375 0.496874784375 0.8359375 0.4984376078125 0.834375 0.4984376078125 0.83125 0.5 0.8296875 0.5 0.8265625 0.5015623921875 0.825 0.5015623921875 0.7890625 0.5 0.7875 0.5 0.7859375 0.4984376078125 0.784375 0.4984376078125 0.7796875 0.5 0.778125 0.4984376078125 0.7765625 0.4984376078125 0.775 0.496874784375 0.7734375 0.496874784375 0.771875 0.4953123921875 0.7703125 0.49375 0.7703125 0.4921876078125 0.76875 0.490625215625 0.76875 0.48906239218750003 0.7671875 0.4875 0.7671875 0.4828123921875 0.7625 0.48125 0.7625 0.478124784375 0.759375 0.478124784375 0.7546875 0.4765623921875 0.753125 0.4765623921875 0.7515625 0.475 0.7515625 0.471874784375 0.7484375 0.44375 0.7484375 0.440624784375 0.7515625 0.440624784375 0.753125 0.4375 0.75625 0.4375 0.759375
36 0.29375 0.60625 0.2890623921875 0.6109375 0.2890623921875 0.6125 0.2875 0.6140625 0.2875 0.6203125 0.2859376078125 0.621875 0.2859376078125 0.6234375 0.2828123921875 0.6265625 0.2828123921875 0.6296875 0.28125 0.63125 0.28125 0.6375 0.2796876078125 0.6390625 0.2796876078125 0.640625 0.278124784375 0.6421875 0.2765623921875 0.6421875 0.2765623921875 0.64375 0.275 0.6453125 0.275 0.65625 0.2734376078125 0.6578125 0.2734376078125 0.675 0.271874784375 0.6765625 0.2734376078125 0.678125 0.2734376078125 0.7203125 0.2828123921875 0.7296875 0.284375215625 0.7296875 0.2859376078125 0.73125 0.2875 0.73125 0.3 0.74375 0.3 0.746875 0.30156239218750003 0.7484375 0.303124784375 0.7484375 0.30625 0.7515625 0.30625 0.753125 0.3078123921875 0.7546875 0.309374784375 0.7546875 0.3109376078125 0.75625 0.3125 0.75625 0.315624784375 0.759375 0.3171876078125 0.7578125 0.321874784375 0.7578125 0.321874784375 0.75625 0.32343760781249997 0.7546875 0.32343760781249997 0.753125 0.334374784375 0.7421875 0.334374784375 0.740625 0.3390623921875 0.7359375 0.340624784375 0.7359375 0.3453123921875 0.73125 0.346874784375 0.73125 0.3484376078125 0.7296875 0.35 0.7296875 0.35625 0.7234375 0.35625 0.721875 0.35937521562499997 0.71875 0.35937521562499997 0.63125 0.3578123921875 0.6296875 0.3578123921875 0.6265625 0.35468760781249997 0.6234375 0.35468760781249997 0.621875 0.3515623921875 0.61875 0.35 0.61875 0.346874784375 0.615625 0.346874784375 0.6140625 0.3453123921875 0.6140625 0.3421876078125 0.6109375 0.340624784375 0.6109375 0.33125 0.6015625 0.33125 0.6 0.3296876078125 0.5984375 0.3296876078125 0.596875 0.32343760781249997 0.590625 0.3125 0.590625 0.3109376078125 0.5921875 0.309374784375 0.5921875 0.2953123921875 0.60625 0.29375 0.60625
37 0.3890623921875 0.6109375 0.3875 0.6125 0.38593760781249997 0.6125 0.3796876078125 0.61875 0.378124784375 0.61875 0.3734376078125 0.6234375 0.3734376078125 0.625 0.3703123921875 0.628125 0.3703123921875 0.678125 0.36875 0.6796875 0.36875 0.721875 0.3703123921875 0.7234375 0.371874784375 0.7234375 0.375 0.7265625 0.375 0.728125 0.3765623921875 0.7296875 0.378124784375 0.7296875 0.38125 0.7328125 0.38125 0.734375 0.39531239218750003 0.7484375 0.396874784375 0.7484375 0.4 0.7515625 0.4 0.753125 0.4015623921875 0.7546875 0.403124784375 0.7546875 0.4046876078125 0.75625 0.40625 0.75625 0.409374784375 0.759375 0.41875 0.759375 0.428124784375 0.75 0.4296876078125 0.75 0.4328123921875 0.746875 0.434374784375 0.746875 0.4359376078125 0.7453125 0.4359376078125 0.74375 0.4375 0.7421875 0.4390623921875 0.7421875 0.440624784375 0.740625 0.440624784375 0.7390625 0.4421876078125 0.7375 0.4421876078125 0.728125 0.440624784375 0.7265625 0.440624784375 0.7234375 0.4390623921875 0.721875 0.4390623921875 0.7140625 0.440624784375 0.7125 0.440624784375 0.7046875 0.4421876078125 0.703125 0.4421876078125 0.690625 0.4546876078125 0.678125 0.4546876078125 0.6765625 0.45625 0.675 0.45625 0.6515625 0.4546876078125 0.65 0.4546876078125 0.628125 0.446874784375 0.6203125 0.446874784375 0.61875 0.4453123921875 0.61875 0.44375 0.6171875 0.4421876078125 0.6171875 0.4375 0.6125 0.4359376078125 0.6125 0.428124784375 0.6046875 0.428124784375 0.603125 0.4203123921875 0.5953125 0.41718760781249997 0.5953125 0.415624784375 0.59375 0.403124784375 0.59375 0.39375 0.603125 0.39375 0.6046875 0.3890623921875 0.609375 0.3890623921875 0.6109375
25 0.33281239218750003 0.3046875 0.334374784375 0.3046875 0.3375 0.3078125 0.3375 0.309375 0.3390623921875 0.3109375 0.340624784375 0.3109375 0.34375 0.3140625 0.34375 0.315625 0.3453123921875 0.3171875 0.346874784375 0.3171875 0.35 0.3203125 0.35 0.321875 0.3515623921875 0.3234375 0.35468760781249997 0.3234375 0.35625 0.325 0.35937521562499997 0.325 0.3609376078125 0.3234375 0.3625 0.3234375 0.3625 0.315625 0.3609376078125 0.3140625 0.3609376078125 0.3078125 0.35937521562499997 0.30625 0.3578123921875 0.30625 0.35468760781249997 0.303125 0.35468760781249997 0.3015625 0.353124784375 0.3 0.3515623921875 0.3 0.3484376078125 0.296875 0.3484376078125 0.2953125 0.346874784375 0.29375 0.3453123921875 0.29375 0.3421876078125 0.290625 0.3421876078125 0.2890625 0.340624784375 0.2875 0.3296876078125 0.2875 0.3296876078125 0.3 0.33125 0.3015625 0.33125 0.303125 0.33281239218750003 0.3046875
35 0.25625 0.740625 0.253125215625 0.74375 0.2515623921875 0.74375 0.25 0.7453125 0.25 0.746875 0.225 0.771875 0.225 0.7734375 0.2234376078125 0.775 0.2234376078125 0.778125 0.22187521562499998 0.7796875 0.22187521562499998 0.7859375 0.2234376078125 0.7875 0.2234376078125 0.80625 0.22187521562499998 0.8078125 0.22187521562499998 0.8625 0.2234376078125 0.8640625 0.2234376078125 0.871875 0.225 0.871875 0.22656239218750002 0.8734375 0.228124784375 0.8734375 0.23125 0.8765625 0.23125 0.878125 0.2328123921875 0.8796875 0.234375215625 0.8796875 0.2375 0.8828125 0.2375 0.884375 0.2546876078125 0.9015625 0.2546876078125 0.903125 0.2625 0.9109375 0.2625 0.9125 0.2640623921875 0.9140625 0.2671876078125 0.9140625 0.26875 0.9125 0.27031239218750003 0.9125 0.271874784375 0.9109375 0.2734376078125 0.9109375 0.2859376078125 0.8984375 0.2875 0.8984375 0.29218760781249997 0.89375 0.29218760781249997 0.8921875 0.2984376078125 0.8859375 0.2984376078125 0.884375 0.3046876078125 0.878125 0.3046876078125 0.8765625 0.3078123921875 0.8734375 0.309374784375 0.8734375 0.3109376078125 0.871875 0.3109376078125 0.7765625 0.309374784375 0.775 0.3078123921875 0.775 0.3046876078125 0.771875 0.3046876078125 0.7703125 0.2984376078125 0.7640625 0.2984376078125 0.7625 0.29687521562499997 0.7625 0.2859376078125 0.7515625 0.2859376078125 0.75 0.278124784375 0.7421875 0.278124784375 0.740625 0.2734376078125 0.7359375 0.26093760781249997 0.7359375 0.259374784375 0.7375 0.2578123921875 0.7375 0.25625 0.7390625 0.25625 0.740625
27 0.3828123921875 0.1578125 0.3828123921875 0.159375 0.384374784375 0.159375 0.3890623921875 0.1640625 0.3890623921875 0.165625 0.39062521562499997 0.165625 0.39375 0.16875 0.39375 0.1703125 0.396874784375 0.1734375 0.4 0.1734375 0.4015623921875 0.175 0.403124784375 0.175 0.4046876078125 0.1765625 0.4109376078125 0.1765625 0.4109376078125 0.1609375 0.409374784375 0.159375 0.409374784375 0.1578125 0.4078123921875 0.15625 0.40625 0.15625 0.4046876078125 0.1546875 0.4046876078125 0.153125 0.4015623921875 0.15 0.4 0.15 0.3984376078125 0.1484375 0.396874784375 0.1484375 0.3921876078125 0.14375 0.3921876078125 0.1421875 0.39062521562499997 0.140625 0.39062521562499997 0.1390625 0.3890623921875 0.1390625 0.384374784375 0.134375 0.3734376078125 0.134375 0.3734376078125 0.1453125 0.38125 0.153125 0.38125 0.15625 0.3828123921875 0.1578125
35 0.2953123921875 0.3046875 0.29375 0.30625 0.29375 0.3078125 0.2890623921875 0.3125 0.2875 0.3125 0.2828123921875 0.3171875 0.28125 0.3171875 0.275 0.3234375 0.275 0.325 0.2734376078125 0.3265625 0.2734376078125 0.3296875 0.27031239218750003 0.3328125 0.27031239218750003 0.384375 0.275 0.3890625 0.275 0.3953125 0.28125 0.4015625 0.28125 0.425 0.2828123921875 0.4265625 0.2828123921875 0.428125 0.2875 0.4328125 0.2875 0.434375 0.2890623921875 0.4359375 0.290624784375 0.4359375 0.29375 0.4390625 0.29375 0.440625 0.2953123921875 0.4421875 0.29687521562499997 0.4421875 0.3 0.4453125 0.3 0.446875 0.30156239218750003 0.4484375 0.303124784375 0.4484375 0.30625 0.4515625 0.30625 0.453125 0.3078123921875 0.4546875 0.309374784375 0.4546875 0.3125 0.4578125 0.3125 0.459375 0.3140623921875 0.4609375 0.321874784375 0.4609375 0.32343760781249997 0.459375 0.32343760781249997 0.4578125 0.3265623921875 0.4546875 0.32812521562499997 0.4546875 0.3296876078125 0.453125 0.3296876078125 0.4515625 0.33281239218750003 0.4484375 0.3359376078125 0.4484375 0.3375 0.446875 0.3390623921875 0.446875 0.3421876078125 0.44375 0.3421876078125 0.4421875 0.346874784375 0.4375 0.346874784375 0.4359375 0.3484376078125 0.434375 0.3484376078125 0.40625 0.35 0.4046875 0.35 0.4015625 0.353124784375 0.3984375 0.353124784375 0.396875 0.35468760781249997 0.3953125 0.35468760781249997 0.390625 0.3609376078125 0.384375 0.3609376078125 0.375 0.3625 0.3734375 0.3625 0.3453125 0.3609376078125 0.34375 0.3609376078125 0.3328125 0.35937521562499997 0.33125 0.35937521562499997 0.3296875 0.35468760781249997 0.325 0.35468760781249997 0.3234375 0.3515623921875 0.3203125 0.35 0.3203125 0.3484376078125 0.31875 0.346874784375 0.31875 0.3453123921875 0.3171875 0.34375 0.3171875 0.3421876078125 0.315625 0.3421876078125 0.3140625 0.340624784375 0.3125 0.3390623921875 0.3125 0.3265623921875 0.3 0.3 0.3 0.2984376078125 0.3015625 0.29687521562499997 0.3015625 0.2953123921875 0.303125 0.2953123921875 0.3046875
35 0.49375 0.2984375 0.48906239218750003 0.303125 0.48906239218750003 0.3046875 0.48125 0.3125 0.47968760781249997 0.3125 0.4734376078125 0.31875 0.471874784375 0.31875 0.4640623921875 0.3265625 0.4640623921875 0.3859375 0.46875 0.390625 0.46875 0.3953125 0.4703123921875 0.396875 0.4703123921875 0.3984375 0.471874784375 0.3984375 0.4734376078125 0.4 0.4734376078125 0.4015625 0.475 0.403125 0.475 0.428125 0.4765623921875 0.4296875 0.478124784375 0.4296875 0.48125 0.4328125 0.48125 0.434375 0.4828123921875 0.4359375 0.48437521562499997 0.4359375 0.4875 0.4390625 0.4875 0.440625 0.48906239218750003 0.4421875 0.490625215625 0.4421875 0.49375 0.4453125 0.49375 0.446875 0.4953123921875 0.4484375 0.496874784375 0.4484375 0.5 0.4515625 0.5 0.453125 0.5015623921875 0.4546875 0.503124784375 0.4546875 0.5078123921875 0.459375 0.5093747843750001 0.459375 0.5140623921875 0.4546875 0.515625215625 0.4546875 0.5171876078125 0.453125 0.5171876078125 0.4515625 0.51875 0.45 0.51875 0.4484375 0.5203123921875 0.446875 0.5218752156249999 0.446875 0.5218752156249999 0.4453125 0.5296876078125 0.4375 0.53125 0.4375 0.5328123921875 0.4359375 0.534374784375 0.4359375 0.5421876078125 0.428125 0.5421876078125 0.4125 0.54375 0.4109375 0.54375 0.4078125 0.5453123921875 0.40625 0.5453123921875 0.4046875 0.546875215625 0.403125 0.546875215625 0.396875 0.5484376078125 0.3953125 0.5484376078125 0.390625 0.5531252156249999 0.3859375 0.5531252156249999 0.33125 0.55 0.328125 0.55 0.3265625 0.5484376078125 0.325 0.5484376078125 0.3234375 0.5390623921875 0.3140625 0.5375 0.3140625 0.525 0.3015625 0.525 0.3 0.5171876078125 0.2921875 0.5171876078125 0.290625 0.5140623921875 0.2875 0.5125 0.2875 0.5109376078125 0.2859375 0.5015623921875 0.2859375 0.5 0.2875 0.5 0.290625 0.49375 0.296875 0.49375 0.2984375
35 0.2453123921875 0.4546875 0.24375 0.45625 0.24375 0.4578125 0.2390623921875 0.4625 0.2375 0.4625 0.225 0.475 0.225 0.5734375 0.2390623921875 0.5875 0.240624784375 0.5875 0.2453123921875 0.5921875 0.253125215625 0.5921875 0.2578123921875 0.5875 0.259374784375 0.5875 0.26093760781249997 0.5859375 0.2765623921875 0.5859375 0.278124784375 0.5875 0.28125 0.5875 0.2828123921875 0.5890625 0.284375215625 0.5890625 0.2859376078125 0.5875 0.2875 0.5875 0.2890623921875 0.5859375 0.290624784375 0.5859375 0.29687521562499997 0.5796875 0.2984376078125 0.5796875 0.3046876078125 0.5734375 0.30625 0.5734375 0.3078123921875 0.571875 0.309374784375 0.571875 0.309374784375 0.56875 0.3109376078125 0.5671875 0.3109376078125 0.48125 0.309374784375 0.4796875 0.309374784375 0.4765625 0.3078123921875 0.4765625 0.303124784375 0.471875 0.303124784375 0.4703125 0.30156239218750003 0.4703125 0.3 0.46875 0.2984376078125 0.46875 0.29687521562499997 0.4671875 0.2953123921875 0.4671875 0.290624784375 0.4625 0.2875 0.4625 0.2796876078125 0.4546875 0.2796876078125 0.453125 0.2734376078125 0.446875 0.2734376078125 0.4453125 0.2546876078125 0.4453125 0.25 0.45 0.2484376078125 0.45 0.2453123921875 0.453125 0.2453123921875 0.4546875
26 0.475 0.453125 0.4765623921875 0.4546875 0.478124784375 0.4546875 0.48125 0.4578125 0.48125 0.459375 0.4828123921875 0.4609375 0.48437521562499997 0.4609375 0.4875 0.4640625 0.4875 0.465625 0.48906239218750003 0.4671875 0.490625215625 0.4671875 0.49375 0.4703125 0.49375 0.471875 0.4953123921875 0.4734375 0.4984376078125 0.4734375 0.5 0.475 0.503124784375 0.475 0.50625 0.471875 0.50625 0.4625 0.5046876078125 0.4609375 0.5046876078125 0.4578125 0.496874784375 0.45 0.4953123921875 0.45 0.4921876078125 0.446875 0.4921876078125 0.4453125 0.48437521562499997 0.4375 0.4828123921875 0.4375 0.47968760781249997 0.434375 0.4703123921875 0.434375 0.4703123921875 0.4484375 0.471874784375 0.4484375 0.475 0.4515625 0.475 0.453125
28 0.42656239218750003 0.5984375 0.43125 0.603125 0.43125 0.6046875 0.44375 0.6171875 0.44375 0.6203125 0.446874784375 0.6234375 0.459375215625 0.6234375 0.459375215625 0.609375 0.4546876078125 0.6046875 0.4546876078125 0.603125 0.4515623921875 0.6 0.45 0.6 0.446874784375 0.596875 0.446874784375 0.5953125 0.4453123921875 0.5953125 0.44375 0.59375 0.44375 0.5921875 0.4359376078125 0.584375 0.4203123921875 0.584375 0.4203123921875 0.596875 0.42187521562499997 0.596875 0.4234376078125 0.5984375 0.42656239218750003 0.5984375
7 0.2625 0.8875 0.2765623921875 0.8875 0.278124784375 0.8859375 0.284375215625 0.8859375 0.2859376078125 0.884375 0.2859376078125 0.825 0.2828123921875 0.821875 0.25 0.821875 0.25 0.884375 0.2515623921875 0.8859375 0.26093760781249997 0.8859375 0.2625 0.8875
32 0.54375 0.3953125 0.54375 0.434375 0.5515623921875 0.4421875 0.565624784375 0.4421875 0.5671876078125 0.440625 0.5671876078125 0.434375 0.5703123921875 0.43125 0.5703123921875 0.40625 0.56875 0.4046875 0.56875 0.403125 0.5671876078125 0.4015625 0.5671876078125 0.3953125 0.565624784375 0.39375 0.565624784375 0.3921875 0.5609376078125 0.3875 0.5609376078125 0.3859375 0.55 0.3859375 0.55 0.3875 0.5484376078125 0.3890625 0.5484376078125 0.390625 0.54375 0.3953125
12 0.26093760781249997 0.2875 0.2625 0.2859375 0.26875 0.2859375 0.27031239218750003 0.2875 0.278124784375 0.2875 0.2796876078125 0.2859375 0.284375215625 0.2859375 0.2859376078125 0.284375 0.2859376078125 0.2265625 0.284375215625 0.225 0.2515623921875 0.225 0.2515623921875 0.2859375 0.25625 0.2859375 0.2578123921875 0.2875 0.26093760781249997 0.2875
34 0.3984376078125 0.55 0.3984376078125 0.5828125 0.4 0.584375 0.4 0.5859375 0.4015623921875 0.5875 0.403124784375 0.5875 0.4046876078125 0.5890625 0.4203123921875 0.5890625 0.4234376078125 0.5859375 0.4234376078125 0.584375 0.425 0.5828125 0.425 0.58125 0.42656239218750003 0.5796875 0.42656239218750003 0.5625 0.425 0.5609375 0.425 0.55625 0.4234376078125 0.5546875 0.4234376078125 0.5453125 0.41718760781249997 0.5390625 0.41718760781249997 0.5359375 0.40625 0.5359375 0.40625 0.5390625 0.4 0.5453125 0.4 0.5484375 0.3984376078125 0.55
13 0.32343760781249997 0.7375 0.325 0.7359375 0.334374784375 0.7359375 0.334374784375 0.675 0.33281239218750003 0.6734375 0.2984376078125 0.6734375 0.2984376078125 0.7359375 0.3140623921875 0.7359375 0.315624784375 0.7375 0.32343760781249997 0.7375
11 0.334374784375 0.375 0.3 0.375 0.3 0.4359375 0.33281239218750003 0.4359375 0.334374784375 0.434375 0.334374784375 0.375
28 0.38125 0.590625 0.3765623921875 0.5953125 0.3765623921875 0.596875 0.375 0.5984375 0.375 0.6 0.36875 0.60625 0.36875 0.6078125 0.3671876078125 0.609375 0.3671876078125 0.6140625 0.365624784375 0.615625 0.365624784375 0.621875 0.3671876078125 0.6234375 0.375 0.6234375 0.3765623921875 0.621875 0.378124784375 0.621875 0.3796876078125 0.6203125 0.3796876078125 0.61875 0.38125 0.6171875 0.3828123921875 0.6171875 0.38593760781249997 0.6140625 0.38593760781249997 0.6125 0.3875 0.6109375 0.3890623921875 0.6109375 0.39062521562499997 0.609375 0.39062521562499997 0.6078125 0.4 0.5984375 0.4015623921875 0.5984375 0.403124784375 0.596875 0.403124784375 0.584375 0.3875 0.584375 0.384374784375 0.5875 0.3828123921875 0.5875 0.38125 0.5890625 0.38125 0.590625
34 0.4953123921875 0.5859375 0.496874784375 0.5859375 0.5 0.5890625 0.5 0.590625 0.5171876078125 0.590625 0.5171876078125 0.5890625 0.5234376078125 0.5828125 0.5234376078125 0.5515625 0.51875 0.546875 0.51875 0.5453125 0.5171876078125 0.54375 0.5171876078125 0.5390625 0.515625215625 0.5375 0.5140623921875 0.5375 0.5125 0.5359375 0.5015623921875 0.5359375 0.5 0.5375 0.5 0.540625 0.4953123921875 0.5453125 0.4953123921875 0.5859375
12 0.4296876078125 0.6765625 0.428124784375 0.675 0.428124784375 0.6734375 0.39531239218750003 0.6734375 0.39531239218750003 0.7359375 0.428124784375 0.7359375 0.4296876078125 0.734375 0.4296876078125 0.6765625
28 0.525 0.6015625 0.525 0.603125 0.5265623921875 0.6046875 0.528124784375 0.6046875 0.53125 0.6078125 0.53125 0.609375 0.5328123921875 0.6109375 0.534374784375 0.6109375 0.5375 0.6140625 0.5375 0.615625 0.5390623921875 0.6171875 0.5406247843750001 0.6171875 0.54375 0.6203125 0.54375 0.621875 0.5453123921875 0.6234375 0.5531252156249999 0.6234375 0.5546876078125 0.621875 0.5546876078125 0.6078125 0.5531252156249999 0.60625 0.5515623921875 0.60625 0.5484376078125 0.603125 0.5484376078125 0.6015625 0.546875215625 0.6 0.5453123921875 0.6 0.5421876078125 0.596875 0.5421876078125 0.5953125 0.5406247843750001 0.59375 0.5390623921875 0.59375 0.5359376078125 0.590625 0.5359376078125 0.5890625 0.534374784375 0.5875 0.5328123921875 0.5875 0.5296876078125 0.584375 0.5296876078125 0.5828125 0.51875 0.5828125 0.51875 0.596875 0.5203123921875 0.5984375 0.5218752156249999 0.5984375 0.525 0.6015625
26 0.525 0.4453125 0.5125 0.4578125 0.5125 0.459375 0.5109376078125 0.4609375 0.5109376078125 0.471875 0.5140623921875 0.475 0.5140623921875 0.4765625 0.515625215625 0.4765625 0.51875 0.4734375 0.5218752156249999 0.4734375 0.5234376078125 0.471875 0.5234376078125 0.4703125 0.5265623921875 0.4671875 0.528124784375 0.4671875 0.5296876078125 0.465625 0.5296876078125 0.4640625 0.5328123921875 0.4609375 0.534374784375 0.4609375 0.5359376078125 0.459375 0.5359376078125 0.4578125 0.5390623921875 0.4546875 0.5406247843750001 0.4546875 0.5421876078125 0.453125 0.5421876078125 0.4515625 0.5453123921875 0.4484375 0.546875215625 0.4484375 0.5484376078125 0.446875 0.5484376078125 0.4328125 0.534374784375 0.4328125 0.53125 0.4359375 0.53125 0.4375 0.525 0.44375 0.525 0.4453125
25 0.33281239218750003 0.14375 0.33125 0.1453125 0.33125 0.146875 0.32812521562499997 0.15 0.3265623921875 0.15 0.325 0.1515625 0.325 0.153125 0.321874784375 0.15625 0.3203123921875 0.15625 0.3171876078125 0.159375 0.3171876078125 0.1734375 0.31875 0.175 0.321874784375 0.175 0.32343760781249997 0.1734375 0.32812521562499997 0.1734375 0.3296876078125 0.171875 0.3296876078125 0.1703125 0.33281239218750003 0.1671875 0.334374784375 0.1671875 0.3359376078125 0.165625 0.3359376078125 0.1640625 0.3390623921875 0.1609375 0.340624784375 0.1609375 0.3421876078125 0.159375 0.3421876078125 0.1578125 0.3453123921875 0.1546875 0.346874784375 0.1546875 0.3484376078125 0.153125 0.3484376078125 0.1515625 0.35468760781249997 0.1453125 0.35468760781249997 0.134375 0.3421876078125 0.134375 0.3375 0.1390625 0.3375 0.140625 0.334374784375 0.14375 0.33281239218750003 0.14375
27 0.38593760781249997 0.290625 0.384374784375 0.2921875 0.3828123921875 0.2921875 0.3828123921875 0.29375 0.36875 0.3078125 0.36875 0.3125 0.3671876078125 0.3140625 0.3671876078125 0.3234375 0.375 0.3234375 0.3765623921875 0.321875 0.378124784375 0.321875 0.3796876078125 0.3203125 0.3796876078125 0.31875 0.3828123921875 0.315625 0.384374784375 0.315625 0.384374784375 0.3140625 0.403124784375 0.2953125 0.403124784375 0.2875 0.4015623921875 0.2859375 0.39062521562499997 0.2859375 0.3890623921875 0.2875 0.3875 0.2875 0.38593760781249997 0.2890625 0.38593760781249997 0.290625
26 0.2953123921875 0.58125 0.29375 0.5828125 0.29375 0.584375 0.290624784375 0.5875 0.2890623921875 0.5875 0.2828123921875 0.59375 0.2828123921875 0.6140625 0.2859376078125 0.6140625 0.2875 0.6125 0.2890623921875 0.6125 0.2984376078125 0.603125 0.2984376078125 0.6015625 0.30156239218750003 0.5984375 0.303124784375 0.5984375 0.3046876078125 0.596875 0.3046876078125 0.5953125 0.3078123921875 0.5921875 0.309374784375 0.5921875 0.3109376078125 0.590625 0.3109376078125 0.5890625 0.3140623921875 0.5859375 0.315624784375 0.5859375 0.315624784375 0.571875 0.3046876078125 0.571875 0.3 0.5765625 0.3 0.578125 0.29687521562499997 0.58125 0.2953123921875 0.58125
2 0.49375 0.8890625 0.49375 0.890625 0.4953123921875 0.8921875 0.5218752156249999 0.8921875 0.5234376078125 0.890625 0.5234376078125 0.8890625 0.5296876078125 0.8828125 0.5296876078125 0.8640625 0.5218752156249999 0.85625 0.5203123921875 0.85625 0.5171876078125 0.853125 0.5171876078125 0.8515625 0.515625215625 0.85 0.515625215625 0.84375 0.5140623921875 0.8421875 0.5140623921875 0.840625 0.5125 0.8390625 0.5140623921875 0.8375 0.5140623921875 0.834375 0.4953123921875 0.834375 0.490625215625 0.8390625 0.48906239218750003 0.8390625 0.48906239218750003 0.884375 0.49375 0.8890625
32 0.2546876078125 0.603125 0.253125215625 0.6046875 0.253125215625 0.634375 0.2578123921875 0.6390625 0.2578123921875 0.640625 0.2765623921875 0.640625 0.278124784375 0.6390625 0.278124784375 0.6375 0.2796876078125 0.6359375 0.2796876078125 0.628125 0.28125 0.6265625 0.28125 0.6109375 0.2796876078125 0.609375 0.2796876078125 0.5953125 0.275 0.590625 0.275 0.5875 0.2734376078125 0.5859375 0.26093760781249997 0.5859375 0.25625 0.590625 0.25625 0.5984375 0.2546876078125 0.6 0.2546876078125 0.603125
28 0.3765623921875 0.4484375 0.378124784375 0.4484375 0.38125 0.4515625 0.38125 0.453125 0.3890623921875 0.4609375 0.39062521562499997 0.4609375 0.39375 0.4640625 0.39375 0.465625 0.4015623921875 0.4734375 0.403124784375 0.4734375 0.4046876078125 0.475 0.409374784375 0.475 0.4109376078125 0.4734375 0.4109376078125 0.4578125 0.409374784375 0.45625 0.4078123921875 0.45625 0.4046876078125 0.453125 0.4046876078125 0.4515625 0.403124784375 0.45 0.4015623921875 0.45 0.3921876078125 0.440625 0.3921876078125 0.4390625 0.39062521562499997 0.4375 0.3890623921875 0.4375 0.384374784375 0.4328125 0.3734376078125 0.4328125 0.3734376078125 0.44375 0.375 0.4453125 0.375 0.446875 0.3765623921875 0.4484375
25 0.5093747843750001 0.8375 0.5109376078125 0.8375 0.5125 0.8390625 0.5125 0.840625 0.5140623921875 0.840625 0.5140623921875 0.78125 0.5125 0.7796875 0.5125 0.7765625 0.5109376078125 0.775 0.5046876078125 0.775 0.5046876078125 0.834375 0.50625 0.8359375 0.5078123921875 0.8359375 0.5093747843750001 0.8375
25 0.26875 0.1359375 0.26875 0.1390625 0.28125 0.1515625 0.28125 0.153125 0.2828123921875 0.1546875 0.284375215625 0.1546875 0.2875 0.1578125 0.2875 0.159375 0.2890623921875 0.1609375 0.290624784375 0.1609375 0.29375 0.1640625 0.29375 0.165625 0.2953123921875 0.1671875 0.29687521562499997 0.1671875 0.3 0.1703125 0.3 0.171875 0.30156239218750003 0.1734375 0.30625 0.1734375 0.3078123921875 0.175 0.309374784375 0.175 0.3109376078125 0.1734375 0.315624784375 0.1734375 0.315624784375 0.1609375 0.3140623921875 0.1609375 0.3125 0.159375 0.3125 0.1578125 0.3109376078125 0.15625 0.3109376078125 0.1546875 0.3 0.14375 0.2984376078125 0.14375 0.275 0.1203125 0.26875 0.1203125 0.26875 0.121875 0.2671876078125 0.1234375 0.2671876078125 0.134375 0.26875 0.1359375
26 0.6109376078125 0.478125 0.609375215625 0.4765625 0.609375215625 0.475 0.6015623921875 0.475 0.6015623921875 0.5359375 0.609375215625 0.5359375 0.6109376078125 0.534375 0.6109376078125 0.478125
25 0.478124784375 0.753125 0.47968760781249997 0.7546875 0.47968760781249997 0.75625 0.48125 0.7578125 0.48125 0.759375 0.4828123921875 0.7609375 0.48437521562499997 0.7609375 0.4875 0.7640625 0.4875 0.765625 0.48906239218750003 0.7671875 0.490625215625 0.7671875 0.49375 0.7703125 0.49375 0.771875 0.4953123921875 0.7734375 0.50625 0.7734375 0.5078123921875 0.771875 0.5078123921875 0.7625 0.50625 0.7609375 0.50625 0.759375 0.5046876078125 0.7578125 0.5046876078125 0.75625 0.503124784375 0.7546875 0.503124784375 0.753125 0.5015623921875 0.7515625 0.5 0.7515625 0.4859376078125 0.7375 0.48437521562499997 0.7375 0.4828123921875 0.7359375 0.475 0.7359375 0.475 0.75 0.4765623921875 0.7515625 0.4765623921875 0.753125 0.478124784375 0.753125
2 0.29687521562499997 0.2765625 0.2984376078125 0.278125 0.2984376078125 0.2796875 0.3 0.28125 0.3 0.290625 0.30156239218750003 0.2921875 0.32812521562499997 0.2921875 0.3296876078125 0.290625 0.3296876078125 0.2890625 0.3359376078125 0.2828125 0.3359376078125 0.2640625 0.334374784375 0.2625 0.33125 0.2625 0.3296876078125 0.2609375 0.32812521562499997 0.2609375 0.325 0.2578125 0.325 0.25625 0.32343760781249997 0.2546875 0.32343760781249997 0.2484375 0.321874784375 0.246875 0.321874784375 0.2453125 0.31875 0.2421875 0.31875 0.240625 0.3171876078125 0.2390625 0.31875 0.2375 0.31875 0.234375 0.303124784375 0.234375 0.3 0.2375 0.3 0.240625 0.29687521562499997 0.24375 0.29687521562499997 0.2765625
8 0.2359376078125 0.3984375 0.2375 0.396875 0.2359376078125 0.3953125 0.2359376078125 0.3765625 0.234375215625 0.375 0.2015623921875 0.375 0.2015623921875 0.4359375 0.234375215625 0.4359375 0.2359376078125 0.434375 0.2359376078125 0.3984375
11 0.5265623921875 0.734375 0.5265623921875 0.6765625 0.5234376078125 0.6734375 0.4921876078125 0.6734375 0.4921876078125 0.7359375 0.5234376078125 0.7359375 0.525 0.734375 0.5265623921875 0.734375
27 0.475 0.1515625 0.475 0.153125 0.4765623921875 0.1546875 0.478124784375 0.1546875 0.48125 0.1578125 0.48125 0.159375 0.4828123921875 0.1609375 0.48437521562499997 0.1609375 0.4875 0.1640625 0.4875 0.165625 0.48906239218750003 0.1671875 0.490625215625 0.1671875 0.49375 0.1703125 0.49375 0.171875 0.4953123921875 0.1734375 0.4984376078125 0.1734375 0.5 0.175 0.503124784375 0.175 0.50625 0.171875 0.50625 0.1625 0.5046876078125 0.1609375 0.5046876078125 0.1578125 0.503124784375 0.15625 0.5015623921875 0.15625 0.4984376078125 0.153125 0.4984376078125 0.1515625 0.496874784375 0.15 0.4953123921875 0.15 0.4921876078125 0.146875 0.4921876078125 0.1453125 0.490625215625 0.14375 0.48906239218750003 0.14375 0.4859376078125 0.140625 0.4859376078125 0.1390625 0.48437521562499997 0.1375 0.4828123921875 0.1375 0.47968760781249997 0.134375 0.46875 0.134375 0.46875 0.146875 0.4703123921875 0.1484375 0.471874784375 0.1484375 0.475 0.1515625
7 0.4296876078125 0.3765625 0.428124784375 0.375 0.39531239218750003 0.375 0.39531239218750003 0.4359375 0.428124784375 0.4359375 0.4296876078125 0.434375 0.4296876078125 0.3765625
26 0.5703123921875 0.45 0.5718747843750001 0.45 0.5734376078125 0.4515625 0.5734376078125 0.453125 0.5765623921875 0.45625 0.578125215625 0.45625 0.5796876078125 0.4578125 0.5796876078125 0.459375 0.5828123921875 0.4625 0.5843752156249999 0.4625 0.5859376078125 0.4640625 0.5859376078125 0.465625 0.59375 0.4734375 0.5984376078125 0.4734375 0.6 0.475 0.6031247843750001 0.475 0.6031247843750001 0.4734375 0.6046876078125 0.471875 0.6046876078125 0.4578125 0.6031247843750001 0.45625 0.6015623921875 0.45625 0.5984376078125 0.453125 0.5984376078125 0.4515625 0.596874784375 0.45 0.5953123921875 0.45 0.5921876078125 0.446875 0.5921876078125 0.4453125 0.590624784375 0.44375 0.5890623921875 0.44375 0.5796876078125 0.434375 0.5796876078125 0.4328125 0.5671876078125 0.4328125 0.5671876078125 0.4453125 0.56875 0.446875 0.56875 0.4484375 0.5703123921875 0.45
8 0.3796876078125 0.5796875 0.38125 0.578125 0.38125 0.5421875 0.3796876078125 0.540625 0.3796876078125 0.525 0.3484376078125 0.525 0.3484376078125 0.5859375 0.378124784375 0.5859375 0.3796876078125 0.584375 0.3796876078125 0.5796875
33 0.45 0.0984375 0.44843760781249997 0.1 0.44843760781249997 0.1015625 0.446874784375 0.103125 0.446874784375 0.1359375 0.45 0.1390625 0.45 0.140625 0.4515623921875 0.1421875 0.465624784375 0.1421875 0.4671876078125 0.140625 0.46875 0.140625 0.471874784375 0.1375 0.471874784375 0.1359375 0.4734376078125 0.134375 0.4734376078125 0.1015625 0.46875 0.096875 0.46875 0.0953125 0.4671876078125 0.09375 0.4671876078125 0.090625 0.465624784375 0.0890625 0.465624784375 0.0875 0.4625 0.0875 0.4609376078125 0.0859375 0.45781239218750003 0.0859375 0.4515623921875 0.0921875 0.4515623921875 0.09375 0.45 0.0953125 0.45 0.0984375
27 0.434374784375 0.1421875 0.4328123921875 0.1421875 0.4296876078125 0.1453125 0.4296876078125 0.146875 0.428124784375 0.1484375 0.42656239218750003 0.1484375 0.41875 0.15625 0.41875 0.1609375 0.41718760781249997 0.1625 0.41718760781249997 0.1671875 0.415624784375 0.16875 0.4140623921875 0.16875 0.4140623921875 0.1734375 0.415624784375 0.171875 0.41718760781249997 0.1734375 0.4234376078125 0.1734375 0.425 0.171875 0.42656239218750003 0.171875 0.43125 0.1671875 0.4328123921875 0.1671875 0.44843760781249997 0.1515625 0.44843760781249997 0.146875 0.45 0.1453125 0.45 0.14375 0.4515623921875 0.1421875 0.4515623921875 0.1359375 0.4375 0.1359375 0.4375 0.1375 0.4359376078125 0.1390625 0.4359376078125 0.140625 0.434374784375 0.1421875
25 0.3203123921875 0.178125 0.3125 0.178125 0.3125 0.2359375 0.3140623921875 0.2375 0.3203123921875 0.2375 0.3203123921875 0.178125
33 0.3515623921875 0.1359375 0.353124784375 0.1359375 0.35625 0.1390625 0.35625 0.140625 0.3578123921875 0.1421875 0.371874784375 0.1421875 0.3734376078125 0.140625 0.3734376078125 0.1390625 0.378124784375 0.134375 0.378124784375 0.1125 0.3765623921875 0.1109375 0.3765623921875 0.1078125 0.375 0.10625 0.375 0.1015625 0.3734376078125 0.1 0.3734376078125 0.09375 0.3671876078125 0.0875 0.3578123921875 0.0875 0.35625 0.0890625 0.35625 0.0953125 0.3515623921875 0.1 0.3515623921875 0.1359375
32 0.59375 0.546875 0.5921876078125 0.5484375 0.5921876078125 0.5875 0.59375 0.5890625 0.615624784375 0.5890625 0.615624784375 0.5875 0.6171876078125 0.5859375 0.6171876078125 0.5453125 0.615624784375 0.54375 0.615624784375 0.5421875 0.6125 0.5390625 0.6125 0.5375 0.5984376078125 0.5375 0.5953123921875 0.540625 0.5953123921875 0.5421875 0.59375 0.54375 0.59375 0.546875
34 0.3515623921875 0.4359375 0.353124784375 0.4359375 0.35625 0.4390625 0.35625 0.440625 0.3734376078125 0.440625 0.3734376078125 0.4390625 0.375 0.4375 0.375 0.4359375 0.3765623921875 0.434375 0.378124784375 0.434375 0.378124784375 0.4 0.3765623921875 0.4 0.375 0.3984375 0.375 0.396875 0.3734376078125 0.3953125 0.3734376078125 0.39375 0.371874784375 0.3921875 0.371874784375 0.390625 0.3703123921875 0.3890625 0.3703123921875 0.3875 0.3578123921875 0.3875 0.35625 0.3890625 0.35625 0.390625 0.3515623921875 0.3953125 0.3515623921875 0.4359375
34 0.54375 0.734375 0.5453123921875 0.7359375 0.546875215625 0.7359375 0.55 0.7390625 0.565624784375 0.7390625 0.5671876078125 0.7375 0.5671876078125 0.7328125 0.5703123921875 0.7296875 0.5703123921875 0.7015625 0.56875 0.7 0.56875 0.6984375 0.5671876078125 0.696875 0.5671876078125 0.690625 0.5625 0.6859375 0.5484376078125 0.6859375 0.5453123921875 0.6890625 0.5453123921875 0.690625 0.54375 0.6921875 0.54375 0.734375
33 0.4 0.2453125 0.4 0.2578125 0.3984376078125 0.259375 0.3984376078125 0.284375 0.4 0.2859375 0.4 0.2890625 0.403124784375 0.2921875 0.42187521562499997 0.2921875 0.4234376078125 0.290625 0.4234376078125 0.28125 0.425 0.2796875 0.425 0.2609375 0.4234376078125 0.259375 0.4234376078125 0.2453125 0.42187521562499997 0.24375 0.4203123921875 0.24375 0.41718760781249997 0.240625 0.41718760781249997 0.2390625 0.40625 0.2390625 0.40625 0.240625 0.403124784375 0.24375 0.4015623921875 0.24375 0.4 0.2453125
10 0.5078123921875 0.4375 0.5093747843750001 0.4359375 0.5109376078125 0.4375 0.5203123921875 0.4375 0.5218752156249999 0.4359375 0.525 0.4359375 0.5265623921875 0.434375 0.5265623921875 0.378125 0.5234376078125 0.375 0.490625215625 0.375 0.490625215625 0.4359375 0.4921876078125 0.4359375 0.49375 0.4375 0.5078123921875 0.4375
14 0.2796876078125 0.5875 0.28125 0.5859375 0.284375215625 0.5859375 0.2859376078125 0.584375 0.2859376078125 0.5265625 0.2828123921875 0.5234375 0.25 0.5234375 0.25 0.5859375 0.2734376078125 0.5859375 0.275 0.5875 0.2796876078125 0.5875
2 0.440624784375 0.728125 0.4421876078125 0.7296875 0.4421876078125 0.7328125 0.44375 0.734375 0.44375 0.7390625 0.446874784375 0.7421875 0.471874784375 0.7421875 0.4734376078125 0.740625 0.4734376078125 0.7390625 0.4765623921875 0.7359375 0.478124784375 0.7359375 0.47968760781249997 0.734375 0.47968760781249997 0.7140625 0.478124784375 0.7125 0.4765623921875 0.7125 0.4671876078125 0.703125 0.4671876078125 0.6953125 0.4609376078125 0.6890625 0.4609376078125 0.6859375 0.459375215625 0.684375 0.44843760781249997 0.684375 0.44375 0.6890625 0.44375 0.690625 0.440624784375 0.69375 0.440624784375 0.728125
15 0.35468760781249997 0.2859375 0.3734376078125 0.2859375 0.375 0.2875 0.3765623921875 0.2875 0.378124784375 0.2859375 0.3796876078125 0.2859375 0.38125 0.284375 0.38125 0.2328125 0.3796876078125 0.23125 0.3796876078125 0.2265625 0.378124784375 0.225 0.346874784375 0.225 0.346874784375 0.2859375 0.3484376078125 0.2875 0.353124784375 0.2875 0.35468760781249997 0.2859375
15 0.478124784375 0.825 0.4765623921875 0.8234375 0.44375 0.8234375 0.44375 0.8859375 0.4765623921875 0.8859375 0.478124784375 0.884375 0.478124784375 0.825
29 0.371874784375 0.3515625 0.371874784375 0.353125 0.3671876078125 0.3578125 0.3671876078125 0.38125 0.36875 0.3828125 0.3703123921875 0.3828125 0.3734376078125 0.3859375 0.375 0.3859375 0.3765623921875 0.3875 0.38593760781249997 0.3875 0.3890623921875 0.384375 0.39062521562499997 0.384375 0.39062521562499997 0.3828125 0.3921876078125 0.38125 0.3921876078125 0.3765625 0.39531239218750003 0.3734375 0.396874784375 0.3734375 0.3984376078125 0.371875 0.3984376078125 0.359375 0.3921876078125 0.353125 0.3921876078125 0.3390625 0.39062521562499997 0.3375 0.3890623921875 0.3375 0.3875 0.3359375 0.375 0.3359375 0.375 0.346875 0.3734376078125 0.3484375 0.3734376078125 0.35 0.371874784375 0.3515625
33 0.25625 0.396875 0.2546876078125 0.3984375 0.2546876078125 0.4359375 0.259374784375 0.440625 0.2734376078125 0.440625 0.2796876078125 0.434375 0.2796876078125 0.396875 0.278124784375 0.3953125 0.278124784375 0.39375 0.2765623921875 0.39375 0.2734376078125 0.390625 0.2734376078125 0.3875 0.2625 0.3875 0.2578123921875 0.3921875 0.2578123921875 0.39375 0.25625 0.3953125 0.25625 0.396875
27 0.415624784375 0.2359375 0.41718760781249997 0.234375 0.41718760781249997 0.1796875 0.415624784375 0.178125 0.409374784375 0.178125 0.409374784375 0.2375 0.4109376078125 0.2375 0.4125 0.2359375 0.415624784375 0.2359375
16 0.2359376078125 0.7296875 0.2375 0.728125 0.2375 0.696875 0.2359376078125 0.6953125 0.2359376078125 0.675 0.2015623921875 0.675 0.2015623921875 0.7359375 0.234375215625 0.7359375 0.2359376078125 0.734375 0.2359376078125 0.7296875
28 0.5609376078125 0.68125 0.5609376078125 0.6265625 0.5531252156249999 0.6265625 0.5531252156249999 0.684375 0.559374784375 0.684375 0.559374784375 0.6828125 0.5609376078125 0.68125
13 0.4671876078125 0.2875 0.46875 0.2859375 0.4765623921875 0.2859375 0.478124784375 0.284375 0.478124784375 0.2265625 0.44375 0.2265625 0.44375 0.2859375 0.45 0.2859375 0.4515623921875 0.2875 0.4671876078125 0.2875
28 0.36875 0.6953125 0.3671876078125 0.69375 0.3671876078125 0.6875 0.36875 0.6859375 0.36875 0.6296875 0.3671876078125 0.628125 0.36875 0.6265625 0.3609376078125 0.6265625 0.3609376078125 0.715625 0.3671876078125 0.715625 0.36875 0.7140625 0.36875 0.6953125
9 0.1546876078125 0.525 0.1546876078125 0.5859375 0.1890623921875 0.5859375 0.1890623921875 0.525 0.1546876078125 0.525
14 0.5753012046875 0.586419753125 0.575731496875 0.5324074078125001 0.573580034375 0.5246913578125 0.5460413078124999 0.5231481484375 0.5417383828125 0.5246913578125 0.5391566265625001 0.5293209875 0.5391566265625001 0.5871913578125 0.5481927703125 0.590277778125 0.570998278125 0.590277778125 0.5753012046875 0.586419753125
28 0.41824440625000003 0.5300925921874999 0.419104990625 0.5084876546875 0.41824440625000003 0.48456790156249996 0.4143717734375 0.47762345625 0.41135972499999995 0.47762345625 0.40791738437499997 0.4822530859375 0.4070567984375 0.5084876546875 0.4096385546875 0.5324074078125001 0.41652323593749996 0.5331790125 0.41824440625000003 0.5300925921874999
18 0.23745481875 0.0084413578125 0.19476549062499998 0.0084413578125 0.19476549062499998 0.0990740734375 0.23745481875 0.0990740734375 0.23745481875 0.0084413578125
18 0.4348278828125 0.0009413578125000001 0.3855163515625 0.0009413578125000001 0.3855163515625 0.097098765625 0.4348278828125 0.097098765625 0.4348278828125 0.0009413578125000001
18 0.5798687609375001 0.1444521609375 0.52936531875 0.1444521609375 0.52936531875 0.2460416671875 0.5798687609375001 0.2460416671875 0.5798687609375001 0.1444521609375
19 0.6691501718749999 0.4447106484375 0.6304109296875 0.4447106484375 0.6304109296875 0.5410146609375001 0.6691501718749999 0.5410146609375001 0.6691501718749999 0.4447106484375
18 0.5773128234375 0.752276234375 0.531456540625 0.752276234375 0.531456540625 0.8451311734375 0.5773128234375 0.8451311734375 0.5773128234375 0.752276234375
20 0.43007315 0.9051736109374999 0.38865318437499996 0.9051736109374999 0.38865318437499996 0.9924807093749999 0.43007315 0.9924807093749999 0.43007315 0.9051736109374999
22 0.2381604984375 0.9070524687500001 0.19510972499999998 0.9070524687500001 0.19510972499999998 0.9927623453125 0.2381604984375 0.9927623453125 0.2381604984375 0.9070524687500001
23 0.1411101546875 0.6019675921875 0.0983390703125 0.6019675921875 0.0983390703125 0.6959336421875 0.1411101546875 0.6959336421875 0.1411101546875 0.6019675921875
21 0.13888769375 0.3020370375 0.098341221875 0.3020370375 0.098341221875 0.3942901234375 0.13888769375 0.3942901234375 0.13888769375 0.3020370375