6 0.6906248359375 0.2671878875 0.6890627453125 0.26875 0.6859372546875 0.26875 0.6843751640625 0.2703128875 0.68281241875 0.2703128875 0.6765627453125 0.2765621125 0.675 0.2765621125 0.6718751640625 0.2796878875 0.67031241875 0.2796878875 0.6687503265625 0.28125 0.66718758125 0.28125 0.6656248359375 0.2828128875 0.6640627453125 0.2828128875 0.6593751640625001 0.2875 0.6578124187500001 0.2875 0.6515627453125 0.29375 0.6468751640625 0.29375 0.6406248359375 0.3 0.6390627453125 0.3 0.6312503265625 0.3078128875 0.6312503265625 0.3984378875 0.6375 0.4046871125 0.6390627453125 0.4046871125 0.6406248359375 0.40625 0.64218758125 0.40625 0.6437503265625 0.4078128875 0.6437503265625 0.409375 0.64531241875 0.4109378875 0.6468751640625 0.4109378875 0.6484372546875 0.4125 0.65 0.4125 0.6531248359374999 0.415625 0.6546875812499999 0.415625 0.6562503265624999 0.4171878875 0.6578124187500001 0.4171878875 0.6593751640625001 0.41875 0.6609372546875 0.41875 0.6625 0.4203121125 0.6625 0.421875 0.6640627453125 0.4234378875 0.66718758125 0.4234378875 0.6718751640625 0.428125 0.6734372546875 0.428125 0.675 0.4296878875 0.6765627453125 0.4296878875 0.68281241875 0.4359371125 0.6843751640625 0.4359371125 0.6890627453125 0.440625 0.7031248359375 0.440625 0.70781241875 0.4359371125 0.7109372546875 0.4359371125 0.7125 0.434375 0.7140627453125 0.434375 0.7187503265624999 0.4296878875 0.7203124187500001 0.4296878875 0.7218751640625001 0.428125 0.7234372546875 0.428125 0.7281248359375 0.4234378875 0.72968758125 0.4234378875 0.7312503265625 0.421875 0.73281241875 0.421875 0.7375 0.4171878875 0.7406248359375 0.4171878875 0.74218758125 0.415625 0.74218758125 0.4140628875 0.7437503265625 0.4125 0.74531241875 0.4125 0.7468751640625 0.4109378875 0.7484372546875 0.4109378875 0.75468758125 0.4046871125 0.7562503265625 0.4046871125 0.7593751640625 0.4015628875 0.7593751640625 0.4 0.7609372546875 0.3984378875 0.7609372546875 0.39375 0.7625 0.3921878875 0.7625 0.3453128875 0.7609372546875 0.34375 0.7609372546875 0.3046878875 0.7593751640625 0.303125 0.7593751640625 0.3015628875 0.7515627453125 0.29375 0.7484372546875 0.29375 0.7437503265625 0.2890628875 0.74218758125 0.2890628875 0.7406248359375 0.2875 0.7375 0.2875 0.7343751640625 0.284375 0.73281241875 0.284375 0.7312503265625 0.2828128875 0.72968758125 0.2828128875 0.7281248359375 0.28125 0.7265627453125 0.28125 0.7218751640625001 0.2765621125 0.7203124187500001 0.2765621125 0.7171875812499999 0.2734378875 0.7156248359374999 0.2734378875 0.7109372546875 0.26875 0.7093751640625 0.26875 0.70781241875 0.2671878875 0.7062503265625 0.2671878875 0.70468758125 0.265625 0.7031248359375 0.265625 0.7015627453125 0.2640628875 0.7 0.2640628875 0.6984372546875 0.265625 0.6937503265625 0.265625 0.69218758125 0.2671878875 0.6906248359375 0.2671878875
37 0.217391503125 0.28662888125 0.21582941249999998 0.2881917703125 0.21426666718749998 0.2881917703125 0.21270392187499998 0.28975388125 0.2111418296875 0.28975388125 0.20801699375 0.29287888125 0.2064542484375 0.29287888125 0.20489150312499999 0.2944417703125 0.20332941249999997 0.2944417703125 0.1986418296875 0.29912888125000003 0.197079084375 0.29912888125000003 0.197079084375 0.3006917703125 0.19551699375 0.30225388125 0.19551699375 0.3038167703125 0.192391503125 0.30694177031250003 0.192391503125 0.39600388125 0.1939542484375 0.3975667703125 0.1939542484375 0.39912888125 0.19551699375 0.4006917703125 0.19551699375 0.40225388124999994 0.197079084375 0.40381599375 0.1986418296875 0.40381599375 0.2064542484375 0.41162888124999997 0.20801699375 0.41162888124999997 0.2111418296875 0.41475388124999996 0.21270392187499998 0.41475388124999996 0.21426666718749998 0.4163167703125 0.217391503125 0.4163167703125 0.22364182968750002 0.42256677031249995 0.2267666671875 0.42256677031249995 0.2283294125 0.42412888125 0.229891503125 0.42412888125 0.23457908437500002 0.4288167703125 0.23614182968750003 0.4288167703125 0.23770392187499997 0.43037888124999996 0.23926666718749998 0.43037888124999996 0.2439542484375 0.43506599375 0.247079084375 0.43506599375 0.25176666718749996 0.43975388125 0.25332941249999996 0.43975388125 0.254891503125 0.44131677031249994 0.2658294125 0.44131677031249994 0.272079084375 0.43506599375 0.275203921875 0.43506599375 0.2783294125 0.4319417703125 0.279891503125 0.4319417703125 0.28301699375 0.4288167703125 0.2861418296875 0.4288167703125 0.2908294125 0.42412888125 0.292391503125 0.42412888125 0.2939542484375 0.42256677031249995 0.297079084375 0.42256677031249995 0.3033294125 0.4163167703125 0.304891503125 0.4163167703125 0.3064542484375 0.41475388124999996 0.3064542484375 0.40694177031249995 0.30801699375 0.40537888125 0.30801699375 0.40225388124999994 0.31114182968750004 0.39912888125 0.31114182968750004 0.3975667703125 0.31270392187499996 0.39600388125 0.31270392187499996 0.3788167703125 0.31426666718749996 0.37725388125000003 0.31426666718749996 0.3756917703125 0.3189542484375 0.37100388125 0.3189542484375 0.36787888125 0.32051699375 0.3663167703125 0.32051699375 0.3631917703125 0.322079084375 0.36162888125000003 0.3236418296875 0.36162888125000003 0.3236418296875 0.31162888125 0.3189542484375 0.30694177031250003 0.3189542484375 0.3038167703125 0.31426666718749996 0.29912888125000003 0.31270392187499996 0.29912888125000003 0.31114182968750004 0.2975667703125 0.30957908437500004 0.2975667703125 0.30801699375 0.29600388125 0.3064542484375 0.29600388125 0.304891503125 0.2944417703125 0.3017666671875 0.2944417703125 0.300203921875 0.29600388125 0.297079084375 0.29600388125 0.292391503125 0.29131599375 0.2892666671875 0.29131599375 0.287703921875 0.29287888125 0.2597464046875 0.266567546875 0.23301699375 0.2850667703125 0.23301699375 0.28350388125000003 0.229891503125 0.28037888125 0.2283294125 0.28037888125 0.2267666671875 0.2819417703125 0.22364182968750002 0.2819417703125 0.2189542484375 0.28662888125 0.217391503125 0.28662888125
37 0.6140627453125 0.115625 0.6125 0.1171878875 0.6109372546875 0.1171878875 0.6093751640625 0.11875 0.6062503265625 0.11875 0.60468758125 0.1203128875 0.6031248359375 0.1203128875 0.5984372546875 0.125 0.5968751640625001 0.125 0.5953124187500001 0.1265621125 0.5937503265624999 0.1265621125 0.5937503265624999 0.128125 0.5921875812499999 0.1296878875 0.5906248359374999 0.1296878875 0.5890627453125 0.13125 0.5875 0.13125 0.58281241875 0.1359378875 0.5812503265625 0.1359378875 0.57968758125 0.1375 0.5781248359375 0.1375 0.5734372546875 0.1421871125 0.5718751640625 0.1421871125 0.5640627453125 0.15 0.5625 0.15 0.55781241875 0.1546878875 0.55781241875 0.2484378875 0.5625 0.253125 0.5625 0.2546878875 0.5640627453125 0.2546878875 0.57031241875 0.2609371125 0.5718751640625 0.2609371125 0.5765627453125 0.265625 0.5781248359375 0.265625 0.57968758125 0.2671878875 0.58281241875 0.2671878875 0.5843751640625 0.26875 0.5859372546875 0.26875 0.5875 0.2703128875 0.5875 0.271875 0.5890627453125 0.271875 0.5906248359374999 0.2734378875 0.5937503265624999 0.2734378875 0.5984372546875 0.278125 0.6 0.278125 0.6015627453125 0.2796878875 0.6031248359375 0.2796878875 0.60468758125 0.28125 0.6062503265625 0.28125 0.6109372546875 0.2859378875 0.6140627453125 0.2859378875 0.6156248359375 0.2875 0.61718758125 0.2875 0.6187503265625 0.2890628875 0.62031241875 0.2890628875 0.6218751640625 0.290625 0.6234372546875 0.290625 0.625 0.2890628875 0.6281248359375 0.2890628875 0.62968758125 0.2875 0.6312503265625 0.2875 0.63281241875 0.2859378875 0.6359372546875 0.2859378875 0.6390627453125 0.2828128875 0.6406248359375 0.2828128875 0.6437503265625 0.2796878875 0.6468751640625 0.2796878875 0.6515627453125 0.275 0.6531248359374999 0.275 0.6546875812499999 0.2734378875 0.6578124187500001 0.2734378875 0.6640627453125 0.2671878875 0.66718758125 0.2671878875 0.6718751640625 0.2625 0.6734372546875 0.2625 0.675 0.2609371125 0.6781248359375 0.2609371125 0.6843751640625 0.2546878875 0.6859372546875 0.2546878875 0.6875 0.253125 0.6890627453125 0.253125 0.6906248359375 0.2515628875 0.6906248359375 0.25 0.69218758125 0.2484378875 0.69218758125 0.1625 0.6906248359375 0.1609378875 0.6906248359375 0.1578128875 0.6875 0.1546878875 0.6875 0.153125 0.6781248359375 0.14375 0.6765627453125 0.14375 0.67031241875 0.1375 0.6687503265625 0.1375 0.6640627453125 0.1328128875 0.6625 0.1328128875 0.6609372546875 0.13125 0.6578124187500001 0.13125 0.6515627453125 0.125 0.6484372546875 0.125 0.6468751640625 0.1234378875 0.64531241875 0.1234378875 0.64218758125 0.1203128875 0.6406248359375 0.1203128875 0.6390627453125 0.11875 0.6359372546875 0.11875 0.6343751640625 0.1171878875 0.63281241875 0.1171878875 0.6281248359375 0.1125 0.62031241875 0.1125 0.6187503265625 0.1140628875 0.61718758125 0.1140628875 0.6156248359375 0.115625 0.6140627453125 0.115625
35 0.54531241875 0.2734378875 0.5437503265625 0.275 0.54218758125 0.275 0.5406248359375 0.2765621125 0.5375 0.2765621125 0.5359372546875 0.278125 0.5328124187500001 0.278125 0.5312503265624999 0.2796878875 0.5281248359374999 0.2796878875 0.5265627453125 0.28125 0.5218751640625 0.28125 0.5109372546875 0.2921871125 0.5093751640625 0.2921871125 0.50781241875 0.29375 0.5062503265625 0.29375 0.50468758125 0.2953128875 0.5031248359375 0.2953128875 0.5015627453125 0.296875 0.5015627453125 0.3 0.5 0.3015628875 0.5 0.309375 0.49687516406250004 0.3125 0.49531241875000004 0.3125 0.49375032656249995 0.3140628875 0.49375032656249995 0.315625 0.49062483593749995 0.31875 0.49062483593749995 0.396875 0.49687516406250004 0.403125 0.4984372546875 0.403125 0.5015627453125 0.40625 0.5031248359375 0.40625 0.50781241875 0.4109378875 0.5109372546875 0.4109378875 0.5125 0.4125 0.5140627453125 0.4125 0.51718758125 0.415625 0.5187503265625 0.415625 0.52031241875 0.4171878875 0.5218751640625 0.4171878875 0.5234372546875 0.41875 0.525 0.41875 0.5265627453125 0.4203121125 0.5265627453125 0.421875 0.5281248359374999 0.421875 0.5296875812499999 0.4234378875 0.5343751640625001 0.4234378875 0.5406248359375 0.4296878875 0.54218758125 0.4296878875 0.54531241875 0.4328128875 0.54531241875 0.434375 0.5609372546875 0.434375 0.5640627453125 0.43125 0.5656248359375 0.43125 0.56718758125 0.4296878875 0.57031241875 0.4296878875 0.575 0.425 0.5765627453125 0.425 0.5781248359375 0.4234378875 0.57968758125 0.4234378875 0.5812503265625 0.421875 0.58281241875 0.421875 0.5859372546875 0.41875 0.5875 0.41875 0.5890627453125 0.4171878875 0.5906248359374999 0.4171878875 0.5921875812499999 0.415625 0.5937503265624999 0.415625 0.5953124187500001 0.4140628875 0.5968751640625001 0.4140628875 0.5984372546875 0.4125 0.6 0.4125 0.6015627453125 0.4109378875 0.60468758125 0.4109378875 0.60781241875 0.4078128875 0.6093751640625 0.4078128875 0.6156248359375 0.4015628875 0.6156248359375 0.4 0.61718758125 0.3984378875 0.61718758125 0.309375 0.6156248359375 0.3078128875 0.6156248359375 0.30625 0.6093751640625 0.3 0.60781241875 0.3 0.6031248359375 0.2953128875 0.6015627453125 0.2953128875 0.6 0.29375 0.5968751640625001 0.29375 0.5953124187500001 0.2921871125 0.5937503265624999 0.2921871125 0.5906248359374999 0.2890628875 0.5890627453125 0.2890628875 0.5875 0.2875 0.5843751640625 0.2875 0.58281241875 0.2859378875 0.5812503265625 0.2859378875 0.57968758125 0.284375 0.5781248359375 0.284375 0.57031241875 0.2765621125 0.56718758125 0.2765621125 0.5656248359375 0.275 0.5640627453125 0.275 0.5625 0.2734378875 0.5609372546875 0.2734378875 0.5593751640625 0.271875 0.5562503265625 0.271875 0.55468758125 0.2703128875 0.5515627453125 0.2703128875 0.55 0.271875 0.5484372546875 0.271875 0.5468751640625 0.2734378875 0.54531241875 0.2734378875
37 0.6109372546875 0.71875 0.60468758125 0.725 0.6015627453125 0.725 0.6 0.7265628875 0.6 0.728125 0.5984372546875 0.7296878875 0.5968751640625001 0.7296878875 0.5953124187500001 0.73125 0.5937503265624999 0.73125 0.5921875812499999 0.7328128875 0.5906248359374999 0.7328128875 0.5843751640625 0.7390628875 0.58281241875 0.7390628875 0.58281241875 0.740625 0.5781248359375 0.7453128875 0.5765627453125 0.7453128875 0.5765627453125 0.746875 0.575 0.7484378875 0.575 0.7578128875 0.5734372546875 0.759375 0.5734372546875 0.7609378875 0.5718751640625 0.7625 0.57031241875 0.7625 0.57031241875 0.7640628875 0.5593751640625 0.775 0.55781241875 0.775 0.55781241875 0.85 0.5609372546875 0.853125 0.5625 0.853125 0.5640627453125 0.8546878875000001 0.5656248359375 0.8546878875000001 0.5718751640625 0.8609378875000001 0.5734372546875 0.8609378875000001 0.57968758125 0.8671878875000001 0.58281241875 0.8671878875000001 0.5890627453125 0.8734378875000001 0.5906248359374999 0.8734378875000001 0.5921875812499999 0.875 0.5937503265624999 0.875 0.5953124187500001 0.8765628875000001 0.5953124187500001 0.878125 0.5968751640625001 0.878125 0.5984372546875 0.8796871124999999 0.6 0.8796871124999999 0.6015627453125 0.88125 0.6031248359375 0.88125 0.6093751640625 0.8875 0.6109372546875 0.8875 0.6125 0.8890628875000001 0.6125 0.890625 0.6140627453125 0.8921878875000001 0.61718758125 0.8921878875000001 0.6187503265625 0.89375 0.6281248359375 0.89375 0.62968758125 0.8921878875000001 0.6312503265625 0.8921878875000001 0.63281241875 0.890625 0.6343751640625 0.890625 0.6390627453125 0.8859378875000001 0.6406248359375 0.8859378875000001 0.6468751640625 0.8796871124999999 0.6484372546875 0.8796871124999999 0.6531248359374999 0.875 0.6546875812499999 0.875 0.6562503265624999 0.8734378875000001 0.6578124187500001 0.8734378875000001 0.6593751640625001 0.871875 0.6609372546875 0.871875 0.6656248359375 0.8671878875000001 0.6687503265625 0.8671878875000001 0.6734372546875 0.8625 0.675 0.8625 0.6765627453125 0.8609378875000001 0.6781248359375 0.8609378875000001 0.67968758125 0.859375 0.6812503265625 0.859375 0.6812503265625 0.8578128875000001 0.68281241875 0.85625 0.6843751640625 0.85625 0.6906248359375 0.85 0.6906248359375 0.8484371124999999 0.69218758125 0.846875 0.69218758125 0.7609378875 0.6906248359375 0.759375 0.6906248359375 0.7578128875 0.6859372546875 0.753125 0.6859372546875 0.7515628875 0.6843751640625 0.75 0.68281241875 0.75 0.67968758125 0.746875 0.67968758125 0.7453128875 0.6781248359375 0.7453128875 0.6765627453125 0.74375 0.675 0.74375 0.6734372546875 0.7421878875 0.6718751640625 0.7421878875 0.66718758125 0.7375 0.6640627453125 0.7375 0.6609372546875 0.734375 0.6609372546875 0.7328128875 0.6593751640625001 0.73125 0.6546875812499999 0.73125 0.6531248359374999 0.7296878875 0.6515627453125 0.7296878875 0.6406248359375 0.71875 0.6390627453125 0.71875 0.6359372546875 0.715625 0.61718758125 0.715625 0.6156248359375 0.7171878875 0.6140627453125 0.7171878875 0.6125 0.71875 0.6109372546875 0.71875
35 0.3093751640625 0.725 0.3031248359375 0.73125 0.3 0.73125 0.2984372546875 0.7328128875 0.2968751640625 0.7328128875 0.29218758125 0.7375 0.2906248359375 0.7375 0.2890627453125 0.7390628875 0.2875 0.7390628875 0.28281241874999996 0.74375 0.27812483593750004 0.74375 0.27031241875 0.7515628875 0.27031241875 0.8546878875000001 0.2718751640625 0.8546878875000001 0.2734372546875 0.85625 0.275 0.85625 0.27968758125000004 0.8609378875000001 0.28125032656250004 0.8609378875000001 0.2859372546875 0.865625 0.2875 0.865625 0.2890627453125 0.8671878875000001 0.2906248359375 0.8671878875000001 0.29218758125 0.86875 0.2937503265625 0.86875 0.2968751640625 0.871875 0.2984372546875 0.871875 0.3 0.8734378875000001 0.3015627453125 0.8734378875000001 0.30781241875 0.8796871124999999 0.3093751640625 0.8796871124999999 0.3109372546875 0.88125 0.3125 0.88125 0.31718758125 0.8859378875000001 0.3187503265625 0.8859378875000001 0.32031241875 0.8875 0.3218751640625 0.8875 0.325 0.890625 0.3265627453125 0.890625 0.3281248359375 0.8921878875000001 0.3343751640625 0.8921878875000001 0.3359372546875 0.890625 0.3375 0.890625 0.34062483593750004 0.8875 0.34218758125000004 0.8875 0.34375032656250004 0.8859378875000001 0.34687516406249996 0.8859378875000001 0.35468758125 0.878125 0.3562503265625 0.878125 0.3593751640625 0.875 0.3609372546875 0.875 0.3625 0.8734378875000001 0.3640627453125 0.8734378875000001 0.3656248359375 0.871875 0.36718758125 0.871875 0.3718751640625 0.8671878875000001 0.375 0.8671878875000001 0.3765627453125 0.865625 0.3781248359375 0.865625 0.38281241875 0.8609378875000001 0.3843751640625 0.8609378875000001 0.3906248359375 0.8546878875000001 0.39218758125000003 0.8546878875000001 0.39375032656250003 0.853125 0.39375032656250003 0.8515628875000001 0.39531241875 0.85 0.3968751640625 0.85 0.3968751640625 0.8484371124999999 0.3984372546875 0.846875 0.3984372546875 0.7625 0.3968751640625 0.7609378875 0.3968751640625 0.7578128875 0.3890627453125 0.75 0.3875 0.75 0.38281241875 0.7453128875 0.3812503265625 0.7453128875 0.37968758125 0.74375 0.3765627453125 0.74375 0.37031241875 0.7375 0.36718758125 0.7375 0.3656248359375 0.7359378875 0.3640627453125 0.7359378875 0.3593751640625 0.73125 0.35781241874999997 0.73125 0.3515627453125 0.725 0.35 0.725 0.3484372546875 0.7234378875 0.34687516406249996 0.7234378875 0.34531241874999996 0.721875 0.31718758125 0.721875 0.3156248359375 0.7234378875 0.3140627453125 0.7234378875 0.3125 0.725 0.3093751640625 0.725
35 0.6718751640625 0.58125 0.6656248359375 0.5875 0.6640627453125 0.5875 0.6625 0.5890628875 0.6609372546875 0.5890628875 0.6578124187500001 0.5921871125 0.6562503265624999 0.5921871125 0.6546875812499999 0.59375 0.6531248359374999 0.59375 0.6515627453125 0.5953128875 0.65 0.5953128875 0.6484372546875 0.596875 0.6468751640625 0.596875 0.64531241875 0.5984378875 0.6437503265625 0.5984378875 0.64218758125 0.6 0.6406248359375 0.6 0.6359372546875 0.6046878875 0.6343751640625 0.6046878875 0.6312503265625 0.6078128875 0.6312503265625 0.6125 0.62968758125 0.6140628875 0.62968758125 0.703125 0.6312503265625 0.7046878875 0.63281241875 0.7046878875 0.6375 0.709375 0.6390627453125 0.709375 0.6406248359375 0.7109378875 0.6437503265625 0.7109378875 0.64531241875 0.7125 0.6468751640625 0.7125 0.65 0.715625 0.6515627453125 0.715625 0.6531248359374999 0.7171878875 0.6562503265624999 0.7171878875 0.6578124187500001 0.71875 0.6593751640625001 0.71875 0.6640627453125 0.7234378875 0.6656248359375 0.7234378875 0.66718758125 0.725 0.6687503265625 0.725 0.6718751640625 0.728125 0.6734372546875 0.728125 0.675 0.7296878875 0.6765627453125 0.7296878875 0.6781248359375 0.73125 0.67968758125 0.73125 0.6843751640625 0.7359378875 0.6859372546875 0.7359378875 0.6890627453125 0.7390628875 0.6906248359375 0.7390628875 0.69218758125 0.740625 0.6937503265625 0.740625 0.69531241875 0.7421878875 0.6968751640625 0.7421878875 0.6984372546875 0.740625 0.7031248359375 0.740625 0.7062503265625 0.7375 0.70781241875 0.7375 0.7093751640625 0.7359378875 0.7109372546875 0.7359378875 0.7125 0.734375 0.7140627453125 0.734375 0.7187503265624999 0.7296878875 0.7218751640625001 0.7296878875 0.7234372546875 0.728125 0.7234372546875 0.7265628875 0.725 0.725 0.7265627453125 0.725 0.7281248359375 0.7234378875 0.72968758125 0.7234378875 0.7343751640625 0.71875 0.7359372546875 0.71875 0.7375 0.7171878875 0.7406248359375 0.7171878875 0.7468751640625 0.7109378875 0.7484372546875 0.7109378875 0.7531248359375 0.70625 0.75468758125 0.70625 0.7562503265625 0.7046878875 0.75781241875 0.7046878875 0.7593751640625 0.703125 0.7609372546875 0.703125 0.7609372546875 0.7015628875 0.7640627453125 0.6984378875 0.7640627453125 0.615625 0.7625 0.6140628875 0.7625 0.609375 0.7609372546875 0.6078128875 0.7609372546875 0.60625 0.75468758125 0.6 0.7531248359375 0.6 0.7515627453125 0.5984378875 0.75 0.5984378875 0.7468751640625 0.5953128875 0.74531241875 0.5953128875 0.7437503265625 0.59375 0.7406248359375 0.59375 0.7390627453125 0.5921871125 0.7375 0.5921871125 0.73281241875 0.5875 0.7265627453125 0.5875 0.7218751640625001 0.5828128875 0.7187503265624999 0.5828128875 0.7171875812499999 0.58125 0.7156248359374999 0.58125 0.7140627453125 0.5796878875 0.7125 0.5796878875 0.70781241875 0.575 0.7 0.575 0.6984372546875 0.5734378875 0.68281241875 0.5734378875 0.67968758125 0.5765621125 0.6781248359375 0.5765621125 0.6734372546875 0.58125 0.6718751640625 0.58125
0 0.4593751640625 0.11875 0.45781241875 0.1203128875 0.4562503265625 0.1203128875 0.4562503265625 0.121875 0.45312483593749997 0.125 0.4515627453125 0.125 0.45 0.1265621125 0.4484372546875 0.1265621125 0.44375032656249996 0.13125 0.44062483593749996 0.13125 0.43437516406250004 0.1375 0.43281241875000004 0.1375 0.4265627453125 0.14375 0.425 0.14375 0.4234372546875 0.1453128875 0.42187516406250003 0.1453128875 0.4187503265625 0.1484378875 0.4187503265625 0.15 0.4140627453125 0.1546878875 0.4140627453125 0.15625 0.4125 0.1578128875 0.4125 0.25 0.4140627453125 0.2515628875 0.4140627453125 0.253125 0.4156248359375 0.253125 0.4187503265625 0.25625 0.4187503265625 0.2578128875 0.42187516406250003 0.2609371125 0.4234372546875 0.2609371125 0.425 0.2625 0.4265627453125 0.2625 0.42968758124999995 0.265625 0.43125032656249995 0.265625 0.43281241875000004 0.2671878875 0.4390627453125 0.2671878875 0.44062483593749996 0.26875 0.4515627453125 0.26875 0.45312483593749997 0.2671878875 0.4593751640625 0.2671878875 0.4609372546875 0.265625 0.4640627453125 0.265625 0.46718758125 0.2625 0.4687503265625 0.2625 0.47031241875 0.2609371125 0.47968758125 0.2609371125 0.4812503265625 0.2625 0.48281241875 0.2625 0.48437516406250003 0.2640628875 0.4859372546875 0.2640628875 0.4875 0.265625 0.4890627453125 0.265625 0.49062483593749995 0.2671878875 0.5062503265625 0.2671878875 0.50781241875 0.265625 0.5109372546875 0.265625 0.5125 0.2640628875 0.5140627453125 0.2640628875 0.5156248359375 0.2625 0.52031241875 0.2625 0.5218751640625 0.2609371125 0.5328124187500001 0.2609371125 0.5390627453125 0.2546878875 0.5406248359375 0.2546878875 0.54218758125 0.253125 0.54218758125 0.25 0.5437503265625 0.2484378875 0.5437503265625 0.2109378875 0.54218758125 0.209375 0.54218758125 0.153125 0.5390627453125 0.15 0.5375 0.15 0.5312503265624999 0.14375 0.5281248359374999 0.14375 0.5218751640625 0.1375 0.52031241875 0.1375 0.5187503265625 0.1359378875 0.51718758125 0.1359378875 0.5156248359375 0.134375 0.5156248359375 0.1328128875 0.5140627453125 0.1328128875 0.5125 0.13125 0.5093751640625 0.13125 0.50781241875 0.1296878875 0.5062503265625 0.1296878875 0.50468758125 0.128125 0.50468758125 0.1265621125 0.5031248359375 0.125 0.5015627453125 0.125 0.49687516406250004 0.1203128875 0.49531241875000004 0.1203128875 0.49218758124999995 0.1171878875 0.49062483593749995 0.1171878875 0.4875 0.1140628875 0.4687503265625 0.1140628875 0.4656248359375 0.1171878875 0.4640627453125 0.1171878875 0.4625 0.11875 0.4593751640625 0.11875
36 0.75781241875 0.4203121125 0.7515627453125 0.4265628875 0.75 0.4265628875 0.7468751640625 0.4296878875 0.74531241875 0.4296878875 0.7437503265625 0.43125 0.74218758125 0.43125 0.7406248359375 0.4328128875 0.7390627453125 0.4328128875 0.7359372546875 0.4359371125 0.7343751640625 0.4359371125 0.73281241875 0.4375 0.7312503265625 0.4375 0.7265627453125 0.4421878875 0.725 0.4421878875 0.7234372546875 0.44375 0.7218751640625001 0.44375 0.7156248359374999 0.45 0.7140627453125 0.45 0.7093751640625 0.4546878875 0.7093751640625 0.51875 0.7125 0.521875 0.7125 0.5265628875 0.7156248359374999 0.5296871125 0.7156248359374999 0.53125 0.7171875812499999 0.5328128875 0.7171875812499999 0.534375 0.7187503265624999 0.5359378875 0.7187503265624999 0.5453121125 0.7203124187500001 0.546875 0.7203124187500001 0.5484378875 0.7234372546875 0.5515628875 0.7234372546875 0.553125 0.725 0.5546878875 0.725 0.5578128875 0.7312503265625 0.5640628875 0.7312503265625 0.565625 0.73281241875 0.5671878875 0.7343751640625 0.5671878875 0.7359372546875 0.56875 0.7375 0.56875 0.74218758125 0.5734378875 0.7437503265625 0.5734378875 0.7484372546875 0.578125 0.75 0.578125 0.7531248359375 0.58125 0.75468758125 0.58125 0.75781241875 0.584375 0.7593751640625 0.584375 0.7609372546875 0.5859378875 0.7640627453125 0.5859378875 0.7656248359375 0.5875 0.7687503265625 0.5875 0.77031241875 0.5890628875 0.7718751640625 0.5890628875 0.7734372546875 0.5875 0.7765627453125 0.5875 0.7781248359374999 0.5859378875 0.7796875812499999 0.5859378875 0.7812503265624999 0.584375 0.7828124187500001 0.584375 0.7859372546875 0.58125 0.7875 0.58125 0.7890627453125 0.5796878875 0.7906248359375 0.5796878875 0.79531241875 0.575 0.7968751640625 0.575 0.7984372546875 0.5734378875 0.8 0.5734378875 0.80468758125 0.56875 0.8062503265625001 0.56875 0.80781241875 0.5671878875 0.8093751640625 0.5671878875 0.8109372546875001 0.565625 0.8125 0.565625 0.81718758125 0.5609371125 0.82031241875 0.5609371125 0.8265627453125 0.5546878875 0.8281248359375001 0.5546878875 0.82968758125 0.553125 0.82968758125 0.5515628875 0.83281241875 0.5484378875 0.8343751640624999 0.5484378875 0.8359372546875001 0.546875 0.8359372546875001 0.4609378875 0.8343751640624999 0.459375 0.8343751640624999 0.4578128875 0.82968758125 0.453125 0.82968758125 0.4515621125 0.8281248359375001 0.4515621125 0.825 0.4484378875 0.8234372546875001 0.4484378875 0.8187503265625 0.44375 0.8156248359375 0.44375 0.8109372546875001 0.4390628875 0.8093751640625 0.4390628875 0.80781241875 0.4375 0.8062503265625001 0.4375 0.80468758125 0.4359371125 0.8031248359375001 0.4359371125 0.8 0.4328128875 0.7984372546875 0.4328128875 0.7968751640625 0.43125 0.79531241875 0.43125 0.7937503265625 0.4296878875 0.79218758125 0.4296878875 0.7875 0.425 0.7859372546875 0.425 0.7843751640625001 0.4234378875 0.7828124187500001 0.4234378875 0.7796875812499999 0.4203121125 0.7781248359374999 0.4203121125 0.7765627453125 0.41875 0.7734372546875 0.41875 0.7718751640625 0.4171878875 0.7640627453125 0.4171878875 0.7625 0.41875 0.7609372546875 0.41875 0.7593751640625 0.4203121125 0.75781241875 0.4203121125
36 0.4687503265625 0.7234378875 0.4656248359375 0.7265628875 0.4640627453125 0.7265628875 0.4625 0.728125 0.4609372546875 0.728125 0.4593751640625 0.7296878875 0.45781241875 0.7296878875 0.4562503265625 0.73125 0.4515627453125 0.73125 0.45 0.7328128875 0.4484372546875 0.7328128875 0.44531241875000005 0.7359378875 0.44375032656249996 0.7359378875 0.44218758124999996 0.7375 0.44062483593749996 0.7375 0.4390627453125 0.7390628875 0.4375 0.7390628875 0.43437516406250004 0.7421878875 0.43281241875000004 0.7421878875 0.43125032656249995 0.74375 0.42812483593749995 0.74375 0.4265627453125 0.7453128875 0.425 0.7453128875 0.42187516406250003 0.7484378875 0.42031241875 0.7484378875 0.41718758125 0.7515628875 0.4156248359375 0.7515628875 0.4140627453125 0.753125 0.4140627453125 0.7546878875 0.4125 0.75625 0.4125 0.7578128875 0.4109372546875 0.759375 0.4109372546875 0.8453128875000001 0.4125 0.846875 0.4125 0.8484371124999999 0.41718758125 0.853125 0.4187503265625 0.853125 0.42031241875 0.8546878875000001 0.42187516406250003 0.8546878875000001 0.4234372546875 0.85625 0.425 0.85625 0.42968758124999995 0.8609378875000001 0.43125032656249995 0.8609378875000001 0.43281241875000004 0.8625 0.43437516406250004 0.8625 0.4390627453125 0.8671878875000001 0.44218758124999996 0.8671878875000001 0.44687516406250005 0.871875 0.4484372546875 0.871875 0.4515627453125 0.875 0.45312483593749997 0.875 0.45468758125 0.8765628875000001 0.45468758125 0.878125 0.4562503265625 0.8796871124999999 0.45781241875 0.8796871124999999 0.4640627453125 0.8859378875000001 0.4656248359375 0.8859378875000001 0.47031241875 0.890625 0.4734372546875 0.890625 0.475 0.8921878875000001 0.47968758125 0.8921878875000001 0.4812503265625 0.890625 0.48437516406250003 0.890625 0.4890627453125 0.8859378875000001 0.49062483593749995 0.8859378875000001 0.5031248359375 0.8734378875000001 0.50468758125 0.8734378875000001 0.5093751640625 0.86875 0.5109372546875 0.86875 0.5125 0.8671878875000001 0.5156248359375 0.8671878875000001 0.52031241875 0.8625 0.5218751640625 0.8625 0.5234372546875 0.8609378875000001 0.5265627453125 0.8609378875000001 0.5312503265624999 0.85625 0.5328124187500001 0.85625 0.5343751640625001 0.8546878875000001 0.5359372546875 0.8546878875000001 0.5375 0.853125 0.5390627453125 0.853125 0.5437503265625 0.8484371124999999 0.54531241875 0.8484371124999999 0.54531241875 0.78125 0.54218758125 0.778125 0.54218758125 0.7765628875 0.5296875812499999 0.7640628875 0.5296875812499999 0.759375 0.5234372546875 0.753125 0.5234372546875 0.7453128875 0.5187503265625 0.740625 0.5187503265625 0.7390628875 0.51718758125 0.7390628875 0.5140627453125 0.7359378875 0.5125 0.7359378875 0.5109372546875 0.734375 0.5109372546875 0.7328128875 0.5093751640625 0.7328128875 0.50781241875 0.73125 0.5031248359375 0.73125 0.5015627453125 0.7296878875 0.5 0.7296878875 0.49687516406250004 0.7265628875 0.49375032656249995 0.7265628875 0.49218758124999995 0.725 0.4890627453125 0.725 0.4875 0.7234378875 0.4859372546875 0.7234378875 0.48281241875 0.7203128875 0.47968758125 0.7203128875 0.4781248359375 0.721875 0.4718751640625 0.721875 0.47031241875 0.7234378875 0.4687503265625 0.7234378875
0 0.1687503265625 0.41875 0.1656248359375 0.421875 0.1640627453125 0.421875 0.1609372546875 0.425 0.15937516406250002 0.425 0.15312483593749998 0.43125 0.15 0.43125 0.1468751640625 0.434375 0.14531241875 0.434375 0.14218758125 0.4375 0.1406248359375 0.4375 0.1343751640625 0.44375 0.13281241875 0.44375 0.1265627453125 0.45 0.125 0.45 0.1234372546875 0.4515621125 0.1234372546875 0.453125 0.12031241875000001 0.45625 0.12031241875000001 0.5515628875 0.1234372546875 0.5546878875 0.125 0.5546878875 0.1265627453125 0.55625 0.1281248359375 0.55625 0.13281241875 0.5609371125 0.1343751640625 0.5609371125 0.1406248359375 0.5671878875 0.1437503265625 0.5671878875 0.1484372546875 0.571875 0.15 0.571875 0.1515627453125 0.5734378875 0.15312483593749998 0.5734378875 0.15937516406250002 0.5796878875 0.1625 0.5796878875 0.1640627453125 0.58125 0.1656248359375 0.58125 0.17031241875 0.5859378875 0.1718751640625 0.5859378875 0.1734372546875 0.5875 0.175 0.5875 0.1781248359375 0.590625 0.1906248359375 0.590625 0.19531241875 0.5859378875 0.1968751640625 0.5859378875 0.2015627453125 0.58125 0.20312483593750003 0.58125 0.20468758125000003 0.5796878875 0.20625032656250003 0.5796878875 0.20781241874999998 0.578125 0.20937516406249998 0.578125 0.2140627453125 0.5734378875 0.2156248359375 0.5734378875 0.21718758125 0.571875 0.2187503265625 0.571875 0.2234372546875 0.5671878875 0.225 0.5671878875 0.22812483593750002 0.5640628875 0.22812483593750002 0.5625 0.22968758125000002 0.5609371125 0.22968758125000002 0.5578128875 0.23125032656250002 0.55625 0.23125032656250002 0.5546878875 0.23437516406249997 0.5515628875 0.23437516406249997 0.55 0.2359372546875 0.5484378875 0.2359372546875 0.5359378875 0.2375 0.534375 0.2375 0.5328128875 0.2406248359375 0.5296871125 0.2406248359375 0.528125 0.24218758125 0.5265628875 0.24218758125 0.5234378875 0.24687516406249999 0.51875 0.24687516406249999 0.5171878875 0.2484372546875 0.515625 0.2484372546875 0.5140621125 0.25 0.5125 0.25 0.4578128875 0.2484372546875 0.45625 0.2484372546875 0.4546878875 0.2437503265625 0.45 0.2406248359375 0.45 0.23437516406249997 0.44375 0.23125032656250002 0.44375 0.22968758125000002 0.4421878875 0.22812483593750002 0.4421878875 0.225 0.4390628875 0.2234372546875 0.4390628875 0.2218751640625 0.4375 0.22031241875 0.4375 0.21718758125 0.434375 0.21718758125 0.4328128875 0.2156248359375 0.4328128875 0.2125 0.4296878875 0.2109372546875 0.4296878875 0.20937516406249998 0.428125 0.20937516406249998 0.4265628875 0.20781241874999998 0.4265628875 0.20468758125000003 0.4234378875 0.20468758125000003 0.421875 0.2015627453125 0.41875 0.2 0.41875 0.1984372546875 0.4171878875 0.1968751640625 0.4171878875 0.19531241875 0.415625 0.175 0.415625 0.1734372546875 0.4171878875 0.1718751640625 0.4171878875 0.17031241875 0.41875 0.1687503265625 0.41875
17 0.60781241875 0.41875 0.6062503265625 0.4203121125 0.60468758125 0.4203121125 0.60468758125 0.421875 0.6031248359375 0.4234378875 0.6015627453125 0.4234378875 0.5953124187500001 0.4296878875 0.5937503265624999 0.4296878875 0.5921875812499999 0.43125 0.5906248359374999 0.43125 0.5843751640625 0.4375 0.58281241875 0.4375 0.5812503265625 0.4390628875 0.5812503265625 0.440625 0.5781248359375 0.44375 0.575 0.44375 0.5734372546875 0.4453128875 0.5718751640625 0.4453128875 0.5656248359375 0.4515621125 0.5640627453125 0.4515621125 0.5640627453125 0.453125 0.55781241875 0.459375 0.55781241875 0.4625 0.5562503265625 0.4640628875 0.5562503265625 0.5515628875 0.55781241875 0.553125 0.55781241875 0.5546878875 0.5593751640625 0.5546878875 0.5609372546875 0.55625 0.5625 0.55625 0.5656248359375 0.559375 0.56718758125 0.559375 0.5687503265625 0.5609371125 0.5718751640625 0.5609371125 0.575 0.5640628875 0.5765627453125 0.5640628875 0.5781248359375 0.565625 0.57968758125 0.565625 0.5812503265625 0.5671878875 0.5843751640625 0.5671878875 0.5890627453125 0.571875 0.5906248359374999 0.571875 0.5921875812499999 0.5734378875 0.5953124187500001 0.5734378875 0.5968751640625001 0.575 0.5984372546875 0.575 0.6031248359375 0.5796878875 0.60468758125 0.5796878875 0.6062503265625 0.58125 0.60781241875 0.58125 0.6109372546875 0.584375 0.6125 0.584375 0.6140627453125 0.5859378875 0.6187503265625 0.5859378875 0.62031241875 0.5875 0.62968758125 0.5875 0.6312503265625 0.5859378875 0.6359372546875 0.5859378875 0.6375 0.584375 0.6390627453125 0.584375 0.64218758125 0.58125 0.6437503265625 0.58125 0.64531241875 0.5796878875 0.6468751640625 0.5796878875 0.6515627453125 0.575 0.6531248359374999 0.575 0.6546875812499999 0.5734378875 0.6578124187500001 0.5734378875 0.6625 0.56875 0.6640627453125 0.56875 0.6734372546875 0.559375 0.6734372546875 0.546875 0.675 0.5453121125 0.675 0.5375 0.6765627453125 0.5359378875 0.6765627453125 0.5328128875 0.6781248359375 0.53125 0.6781248359375 0.5296871125 0.67968758125 0.528125 0.67968758125 0.5265628875 0.6843751640625 0.521875 0.6843751640625 0.5203128875 0.6859372546875 0.51875 0.6859372546875 0.5140621125 0.6875 0.5125 0.6875 0.471875 0.6859372546875 0.4703128875 0.6859372546875 0.4578128875 0.6843751640625 0.45625 0.6843751640625 0.4546878875 0.67968758125 0.45 0.6781248359375 0.45 0.6734372546875 0.4453128875 0.6718751640625 0.4453128875 0.67031241875 0.44375 0.6687503265625 0.44375 0.6640627453125 0.4390628875 0.6625 0.4390628875 0.6609372546875 0.4375 0.6593751640625001 0.4375 0.6531248359374999 0.43125 0.6515627453125 0.43125 0.6484372546875 0.428125 0.6484372546875 0.4265628875 0.6468751640625 0.425 0.64531241875 0.425 0.6375 0.4171878875 0.6359372546875 0.4171878875 0.63281241875 0.4140628875 0.6156248359375 0.4140628875 0.6125 0.4171878875 0.6109372546875 0.4171878875 0.6093751640625 0.41875 0.60781241875 0.41875
37 0.54531241875 0.5703128875 0.54531241875 0.571875 0.54218758125 0.575 0.5406248359375 0.575 0.5390627453125 0.5765621125 0.5359372546875 0.5765621125 0.5328124187500001 0.5796878875 0.5296875812499999 0.5796878875 0.5281248359374999 0.58125 0.525 0.58125 0.5234372546875 0.5828128875 0.5218751640625 0.5828128875 0.52031241875 0.584375 0.5187503265625 0.584375 0.51718758125 0.5859378875 0.5156248359375 0.5859378875 0.5140627453125 0.5875 0.5109372546875 0.5875 0.5093751640625 0.5890628875 0.50781241875 0.5890628875 0.50781241875 0.590625 0.5015627453125 0.596875 0.5015627453125 0.5984378875 0.5 0.6 0.5 0.609375 0.4984372546875 0.6109378875 0.4984372546875 0.6125 0.4859372546875 0.625 0.4859372546875 0.6984378875 0.4875 0.7 0.4875 0.703125 0.4890627453125 0.7046878875 0.49062483593749995 0.7046878875 0.49218758124999995 0.70625 0.49375032656249995 0.70625 0.49687516406250004 0.709375 0.4984372546875 0.709375 0.5 0.7109378875 0.5015627453125 0.7109378875 0.5031248359375 0.7125 0.50468758125 0.7125 0.5062503265625 0.7140628875 0.50781241875 0.7140628875 0.5093751640625 0.715625 0.5125 0.715625 0.5140627453125 0.7171878875 0.5187503265625 0.7171878875 0.52031241875 0.71875 0.5218751640625 0.71875 0.5234372546875 0.7171878875 0.5312503265624999 0.7171878875 0.5328124187500001 0.715625 0.5359372546875 0.715625 0.5375 0.7140628875 0.5390627453125 0.7140628875 0.5406248359375 0.7125 0.54218758125 0.7125 0.5437503265625 0.7109378875 0.5593751640625 0.7109378875 0.5609372546875 0.7125 0.5656248359375 0.7125 0.56718758125 0.7140628875 0.5687503265625 0.7140628875 0.57031241875 0.715625 0.5781248359375 0.715625 0.5812503265625 0.7125 0.58281241875 0.7125 0.5843751640625 0.7109378875 0.5937503265624999 0.7109378875 0.5953124187500001 0.709375 0.5968751640625001 0.709375 0.6 0.70625 0.6015627453125 0.70625 0.6031248359375 0.7046878875 0.6062503265625 0.7046878875 0.60781241875 0.703125 0.6093751640625 0.703125 0.6140627453125 0.6984378875 0.6156248359375 0.6984378875 0.61718758125 0.696875 0.6187503265625 0.696875 0.6187503265625 0.678125 0.61718758125 0.6765628875 0.61718758125 0.6109378875 0.6156248359375 0.609375 0.6156248359375 0.6078128875 0.6109372546875 0.603125 0.6109372546875 0.6015628875 0.6093751640625 0.6 0.60781241875 0.6 0.6015627453125 0.59375 0.5984372546875 0.59375 0.5968751640625001 0.5921871125 0.5953124187500001 0.5921871125 0.5906248359374999 0.5875 0.5890627453125 0.5875 0.5843751640625 0.5828128875 0.58281241875 0.5828128875 0.5812503265625 0.58125 0.5781248359375 0.58125 0.5718751640625 0.575 0.57031241875 0.575 0.5656248359375 0.5703128875 0.5640627453125 0.5703128875 0.5625 0.56875 0.55781241875 0.56875 0.5562503265625 0.5671878875 0.5515627453125 0.5671878875 0.55 0.56875 0.5484372546875 0.56875 0.5468751640625 0.5703128875 0.54531241875 0.5703128875
36 0.3234372546875 0.1171878875 0.3218751640625 0.11875 0.3187503265625 0.11875 0.3156248359375 0.121875 0.3140627453125 0.121875 0.3109372546875 0.125 0.3093751640625 0.125 0.30468758125 0.1296878875 0.3031248359375 0.1296878875 0.3015627453125 0.13125 0.2984372546875 0.13125 0.2968751640625 0.1328128875 0.29531241874999997 0.1328128875 0.2906248359375 0.1375 0.2890627453125 0.1375 0.28281241874999996 0.14375 0.28125032656250004 0.14375 0.275 0.15 0.2734372546875 0.15 0.26875032656250003 0.1546878875 0.26875032656250003 0.15625 0.2656248359375 0.159375 0.2656248359375 0.2390628875 0.26718758125000003 0.240625 0.26718758125000003 0.2421878875 0.26875032656250003 0.24375 0.26875032656250003 0.246875 0.27031241875 0.2484378875 0.2718751640625 0.2484378875 0.2765627453125 0.253125 0.27812483593750004 0.253125 0.27968758125000004 0.2546878875 0.28125032656250004 0.2546878875 0.2859372546875 0.259375 0.2875 0.259375 0.2890627453125 0.2609371125 0.29218758125 0.2609371125 0.2968751640625 0.265625 0.2984372546875 0.265625 0.3 0.2671878875 0.3031248359375 0.2671878875 0.30781241875 0.271875 0.3093751640625 0.271875 0.3109372546875 0.2734378875 0.3125 0.2734378875 0.3140627453125 0.275 0.3156248359375 0.275 0.32031241875 0.2796878875 0.3218751640625 0.2796878875 0.3265627453125 0.284375 0.34062483593750004 0.284375 0.34531241874999996 0.2796878875 0.3484372546875 0.2796878875 0.35 0.278125 0.3515627453125 0.278125 0.35468758125 0.275 0.3562503265625 0.275 0.35781241874999997 0.2734378875 0.3593751640625 0.2734378875 0.3640627453125 0.26875 0.3656248359375 0.26875 0.36718758125 0.2671878875 0.37031241875 0.2671878875 0.3718751640625 0.265625 0.3734372546875 0.265625 0.3765627453125 0.2625 0.3781248359375 0.2625 0.37968758125 0.2609371125 0.38281241875 0.2609371125 0.3843751640625 0.259375 0.3859372546875 0.259375 0.3906248359375 0.2546878875 0.39218758125000003 0.2546878875 0.3968751640625 0.25 0.3968751640625 0.2484378875 0.3984372546875 0.246875 0.3984372546875 0.1578128875 0.3906248359375 0.15 0.3890627453125 0.15 0.3843751640625 0.1453128875 0.38281241875 0.1453128875 0.3812503265625 0.14375 0.37968758125 0.14375 0.3781248359375 0.1421871125 0.3765627453125 0.1421871125 0.3718751640625 0.1375 0.37031241875 0.1375 0.3687503265625 0.1359378875 0.36718758125 0.1359378875 0.3656248359375 0.134375 0.3656248359375 0.1328128875 0.3640627453125 0.1328128875 0.3625 0.13125 0.3593751640625 0.13125 0.3531248359375 0.125 0.3515627453125 0.125 0.35 0.1234378875 0.3484372546875 0.1234378875 0.34687516406249996 0.121875 0.34687516406249996 0.1203128875 0.34531241874999996 0.1203128875 0.34375032656250004 0.11875 0.34062483593750004 0.11875 0.3390627453125 0.1171878875 0.3375 0.1171878875 0.3343751640625 0.1140628875 0.33125032656250003 0.1140628875 0.32968758125000003 0.115625 0.3265627453125 0.115625 0.325 0.1171878875 0.3234372546875 0.1171878875
17 0.45781241875 0.421875 0.4562503265625 0.4234378875 0.45468758125 0.4234378875 0.4484372546875 0.4296878875 0.44687516406250005 0.4296878875 0.44531241875000005 0.43125 0.44375032656249996 0.43125 0.4359372546875 0.4390628875 0.43437516406250004 0.4390628875 0.42968758124999995 0.44375 0.42812483593749995 0.44375 0.42187516406250003 0.45 0.42031241875 0.45 0.4187503265625 0.4515621125 0.4187503265625 0.453125 0.4140627453125 0.4578128875 0.4140627453125 0.4609378875 0.4125 0.4625 0.4125 0.546875 0.42031241875 0.5546878875 0.42187516406250003 0.5546878875 0.4265627453125 0.559375 0.42812483593749995 0.559375 0.42968758124999995 0.5609371125 0.43125032656249995 0.5609371125 0.43281241875000004 0.5625 0.43437516406250004 0.5625 0.4390627453125 0.5671878875 0.44218758124999996 0.5671878875 0.44375032656249996 0.56875 0.44531241875000005 0.56875 0.44687516406250005 0.5703128875 0.4484372546875 0.5703128875 0.45 0.571875 0.45312483593749997 0.571875 0.4562503265625 0.56875 0.45781241875 0.56875 0.4593751640625 0.5671878875 0.4625 0.5671878875 0.4640627453125 0.565625 0.4656248359375 0.565625 0.47031241875 0.5609371125 0.48437516406250003 0.5609371125 0.4859372546875 0.5625 0.4890627453125 0.5625 0.49218758124999995 0.565625 0.49375032656249995 0.565625 0.49531241875000004 0.5671878875 0.5031248359375 0.5671878875 0.50781241875 0.5625 0.5093751640625 0.5625 0.5109372546875 0.5609371125 0.51718758125 0.5609371125 0.5187503265625 0.559375 0.5218751640625 0.559375 0.5265627453125 0.5546878875 0.5281248359374999 0.5546878875 0.5296875812499999 0.553125 0.5312503265624999 0.553125 0.5343751640625001 0.55 0.5359372546875 0.55 0.5375 0.5484378875 0.5390627453125 0.5484378875 0.54218758125 0.5453121125 0.54218758125 0.5421878875 0.5437503265625 0.540625 0.5437503265625 0.50625 0.54218758125 0.5046878875 0.54218758125 0.4578128875 0.5343751640625001 0.45 0.5328124187500001 0.45 0.5312503265624999 0.4484378875 0.5296875812499999 0.4484378875 0.5281248359374999 0.446875 0.5281248359374999 0.4453128875 0.525 0.4453128875 0.5234372546875 0.44375 0.52031241875 0.44375 0.5140627453125 0.4375 0.5109372546875 0.4375 0.5062503265625 0.4328128875 0.50468758125 0.4328128875 0.5031248359375 0.43125 0.5015627453125 0.43125 0.49531241875000004 0.425 0.49218758124999995 0.425 0.49062483593749995 0.4234378875 0.4890627453125 0.4234378875 0.4859372546875 0.4203121125 0.48437516406250003 0.4203121125 0.48281241875 0.41875 0.4656248359375 0.41875 0.4640627453125 0.4203121125 0.4609372546875 0.4203121125 0.4593751640625 0.421875 0.45781241875 0.421875
35 0.2406248359375 0.575 0.2390627453125 0.5765621125 0.2375 0.5765621125 0.2359372546875 0.578125 0.23437516406249997 0.578125 0.2265627453125 0.5859378875 0.225 0.5859378875 0.2218751640625 0.5890628875 0.22031241875 0.5890628875 0.2187503265625 0.590625 0.2156248359375 0.590625 0.2140627453125 0.5921871125 0.2125 0.5921871125 0.2109372546875 0.59375 0.20937516406249998 0.59375 0.20781241874999998 0.5953128875 0.20625032656250003 0.5953128875 0.2015627453125 0.6 0.2 0.6 0.19531241875 0.6046878875 0.19531241875 0.60625 0.1937503265625 0.6078128875 0.1937503265625 0.6109378875 0.19218758125 0.6125 0.19218758125 0.6640628875 0.1937503265625 0.665625 0.1937503265625 0.66875 0.19531241875 0.6703128875 0.19531241875 0.671875 0.1968751640625 0.671875 0.1984372546875 0.6734378875 0.1984372546875 0.675 0.2 0.6765628875 0.2 0.6796878875 0.2015627453125 0.68125 0.2015627453125 0.684375 0.20468758125000003 0.6875 0.20468758125000003 0.6890628875 0.20625032656250003 0.690625 0.20625032656250003 0.7015628875 0.2109372546875 0.70625 0.2109372546875 0.7078128875 0.2156248359375 0.7125 0.21718758125 0.7125 0.2218751640625 0.7171878875 0.225 0.7171878875 0.2265627453125 0.71875 0.23125032656250002 0.71875 0.23437516406249997 0.721875 0.2359372546875 0.721875 0.2375 0.7234378875 0.2390627453125 0.7234378875 0.2406248359375 0.725 0.24218758125 0.725 0.2515627453125 0.734375 0.2531248359375 0.734375 0.25468758125 0.7359378875 0.25781241875 0.7359378875 0.2593751640625 0.7375 0.2609372546875 0.7359378875 0.2656248359375 0.7359378875 0.26718758125000003 0.734375 0.26875032656250003 0.734375 0.2718751640625 0.73125 0.2734372546875 0.73125 0.275 0.7296878875 0.2765627453125 0.7296878875 0.27812483593750004 0.728125 0.27968758125000004 0.728125 0.28281241874999996 0.725 0.28437516406249996 0.725 0.2859372546875 0.7234378875 0.2906248359375 0.7234378875 0.29218758125 0.721875 0.2937503265625 0.721875 0.2968751640625 0.71875 0.2984372546875 0.71875 0.3 0.7171878875 0.3015627453125 0.7171878875 0.30468758125 0.7140628875 0.30468758125 0.7078128875 0.3062503265625 0.70625 0.3062503265625 0.7046878875 0.3093751640625 0.7015628875 0.3093751640625 0.6984378875 0.3109372546875 0.696875 0.3109372546875 0.6828128875 0.3125 0.68125 0.3125 0.6796878875 0.3156248359375 0.6765628875 0.3156248359375 0.675 0.31718758125 0.6734378875 0.31718758125 0.6703128875 0.3218751640625 0.665625 0.3218751640625 0.609375 0.3187503265625 0.60625 0.3187503265625 0.6046878875 0.31718758125 0.603125 0.31718758125 0.6015628875 0.3156248359375 0.6 0.3140627453125 0.6 0.3093751640625 0.5953128875 0.30781241875 0.5953128875 0.3062503265625 0.59375 0.3015627453125 0.59375 0.3 0.5921871125 0.2984372546875 0.5921871125 0.29531241874999997 0.5890628875 0.2937503265625 0.5890628875 0.29218758125 0.5875 0.2890627453125 0.5875 0.2859372546875 0.584375 0.2859372546875 0.5828128875 0.28437516406249996 0.5828128875 0.28281241874999996 0.58125 0.27812483593750004 0.58125 0.2734372546875 0.5765621125 0.2718751640625 0.5765621125 0.27031241875 0.575 0.2640627453125 0.575 0.2625 0.5734378875 0.2609372546875 0.5734378875 0.2593751640625 0.571875 0.25781241875 0.571875 0.2562503265625 0.5734378875 0.24531241874999998 0.5734378875 0.2437503265625 0.575 0.2406248359375 0.575
0 0.39218758125000003 0.575 0.3906248359375 0.5765621125 0.3875 0.5765621125 0.3859372546875 0.578125 0.3843751640625 0.578125 0.38281241875 0.5796878875 0.3812503265625 0.5796878875 0.37968758125 0.58125 0.3765627453125 0.58125 0.375 0.5828128875 0.3734372546875 0.5828128875 0.3687503265625 0.5875 0.36718758125 0.5875 0.3656248359375 0.5890628875 0.3640627453125 0.5890628875 0.3593751640625 0.59375 0.35781241874999997 0.59375 0.35468758125 0.596875 0.3531248359375 0.596875 0.3515627453125 0.5984378875 0.35 0.5984378875 0.3484372546875 0.6 0.34687516406249996 0.6 0.34375032656250004 0.603125 0.34375032656250004 0.6703128875 0.35 0.6765628875 0.35 0.6796878875 0.3515627453125 0.68125 0.3515627453125 0.6828128875 0.3531248359375 0.684375 0.3531248359375 0.6859378875 0.35468758125 0.6875 0.35468758125 0.6921878875 0.3562503265625 0.69375 0.3562503265625 0.703125 0.35781241874999997 0.7046878875 0.35781241874999997 0.70625 0.3593751640625 0.7078128875 0.3593751640625 0.709375 0.3609372546875 0.7109378875 0.3609372546875 0.7125 0.3625 0.7140628875 0.3625 0.715625 0.3640627453125 0.7171878875 0.3656248359375 0.7171878875 0.37031241875 0.721875 0.3718751640625 0.721875 0.3734372546875 0.7234378875 0.3781248359375 0.7234378875 0.38281241875 0.728125 0.3843751640625 0.728125 0.3859372546875 0.7296878875 0.3875 0.7296878875 0.3890627453125 0.73125 0.3906248359375 0.73125 0.39531241875 0.7359378875 0.4 0.7359378875 0.4015627453125 0.7375 0.4093751640625 0.7375 0.4109372546875 0.7359378875 0.4140627453125 0.7359378875 0.4156248359375 0.734375 0.41718758125 0.734375 0.41718758125 0.7328128875 0.4187503265625 0.73125 0.42031241875 0.73125 0.42187516406250003 0.7296878875 0.4234372546875 0.7296878875 0.4265627453125 0.7265628875 0.42812483593749995 0.7265628875 0.42968758124999995 0.725 0.43125032656249995 0.725 0.43281241875000004 0.7234378875 0.43437516406250004 0.7234378875 0.4359372546875 0.721875 0.4375 0.721875 0.44062483593749996 0.71875 0.44218758124999996 0.71875 0.44375032656249996 0.7171878875 0.4484372546875 0.7171878875 0.45 0.715625 0.4515627453125 0.715625 0.45468758125 0.7125 0.4562503265625 0.7125 0.45781241875 0.7109378875 0.4593751640625 0.7109378875 0.4609372546875 0.709375 0.4625 0.709375 0.4625 0.7078128875 0.4640627453125 0.70625 0.4656248359375 0.70625 0.4656248359375 0.7046878875 0.46718758125 0.703125 0.46718758125 0.7 0.4687503265625 0.6984378875 0.4687503265625 0.690625 0.46718758125 0.6890628875 0.46718758125 0.653125 0.4687503265625 0.6515628875 0.4687503265625 0.628125 0.4640627453125 0.6234378875 0.4625 0.6234378875 0.4593751640625 0.6203128875 0.45781241875 0.6203128875 0.45468758125 0.6171878875 0.45468758125 0.615625 0.45312483593749997 0.6140628875 0.45312483593749997 0.6125 0.45 0.609375 0.45 0.60625 0.4484372546875 0.6046878875 0.4484372546875 0.596875 0.44687516406250005 0.5953128875 0.44687516406250005 0.59375 0.44531241875000005 0.59375 0.44218758124999996 0.590625 0.44218758124999996 0.5890628875 0.44062483593749996 0.5890628875 0.43437516406250004 0.5828128875 0.43281241875000004 0.5828128875 0.43125032656249995 0.58125 0.42968758124999995 0.58125 0.42812483593749995 0.5796878875 0.4265627453125 0.5796878875 0.4234372546875 0.5765621125 0.42187516406250003 0.5765621125 0.42031241875 0.575 0.41718758125 0.575 0.4156248359375 0.5734378875 0.4140627453125 0.5734378875 0.4125 0.571875 0.4109372546875 0.571875 0.4093751640625 0.5703128875 0.4 0.5703128875 0.3984372546875 0.571875 0.3968751640625 0.571875 0.39375032656250003 0.575 0.39218758125000003 0.575
31 0.4609372546875 0.2703128875 0.45781241875 0.2734378875 0.45781241875 0.3125 0.4625 0.3171878875 0.49062483593749995 0.3171878875 0.4984372546875 0.309375 0.4984372546875 0.2765621125 0.49687516406250004 0.275 0.49687516406250004 0.2734378875 0.49218758124999995 0.26875 0.49218758124999995 0.2671878875 0.4875 0.2625 0.4640627453125 0.2625 0.4625 0.2640628875 0.4625 0.2671878875 0.4609372546875 0.26875 0.4609372546875 0.2703128875
36 0.2984372546875 0.4296878875 0.2968751640625 0.43125 0.29531241874999997 0.43125 0.2937503265625 0.4328128875 0.2937503265625 0.434375 0.2906248359375 0.4375 0.2890627453125 0.4375 0.28437516406249996 0.4421878875 0.28281241874999996 0.4421878875 0.27968758125000004 0.4453128875 0.27812483593750004 0.4453128875 0.2734372546875 0.45 0.2718751640625 0.45 0.2656248359375 0.45625 0.2656248359375 0.5125 0.26875032656250003 0.515625 0.26875032656250003 0.5203128875 0.275 0.5265628875 0.275 0.5359378875 0.2765627453125 0.5375 0.2765627453125 0.540625 0.28125032656250004 0.5453121125 0.28125032656250004 0.55 0.28281241874999996 0.5515628875 0.28281241874999996 0.553125 0.28437516406249996 0.553125 0.2859372546875 0.5546878875 0.2859372546875 0.55625 0.29218758125 0.5625 0.2937503265625 0.5625 0.29531241874999997 0.5640628875 0.29531241874999997 0.565625 0.2984372546875 0.565625 0.3 0.5671878875 0.30468758125 0.5671878875 0.3062503265625 0.56875 0.3093751640625 0.56875 0.3125 0.571875 0.3140627453125 0.571875 0.3156248359375 0.5734378875 0.3187503265625 0.5734378875 0.3218751640625 0.5765621125 0.3234372546875 0.5765621125 0.3265627453125 0.5796878875 0.3281248359375 0.5796878875 0.33281241875 0.584375 0.3343751640625 0.584375 0.3359372546875 0.5828128875 0.3375 0.5828128875 0.3390627453125 0.58125 0.34218758125000004 0.58125 0.34375032656250004 0.5796878875 0.34531241874999996 0.5796878875 0.34687516406249996 0.578125 0.3484372546875 0.578125 0.3515627453125 0.575 0.3531248359375 0.575 0.35468758125 0.5734378875 0.35781241874999997 0.5734378875 0.3593751640625 0.571875 0.3609372546875 0.571875 0.3656248359375 0.5671878875 0.37031241875 0.5671878875 0.3718751640625 0.565625 0.3734372546875 0.565625 0.3765627453125 0.5625 0.3781248359375 0.5625 0.37968758125 0.5609371125 0.3812503265625 0.5609371125 0.38281241875 0.559375 0.3843751640625 0.559375 0.3890627453125 0.5546878875 0.3906248359375 0.5546878875 0.3906248359375 0.553125 0.3968751640625 0.546875 0.3968751640625 0.4625 0.39375032656250003 0.459375 0.39375032656250003 0.4578128875 0.3859372546875 0.45 0.3843751640625 0.45 0.38281241875 0.4484378875 0.3812503265625 0.4484378875 0.37968758125 0.446875 0.37968758125 0.4453128875 0.3781248359375 0.4453128875 0.3765627453125 0.44375 0.375 0.44375 0.3734372546875 0.4421878875 0.3718751640625 0.4421878875 0.3562503265625 0.4265628875 0.3562503265625 0.425 0.3531248359375 0.421875 0.33281241875 0.421875 0.33125032656250003 0.4234378875 0.3265627453125 0.4234378875 0.325 0.421875 0.3062503265625 0.421875 0.3031248359375 0.425 0.3031248359375 0.4265628875 0.3 0.4296878875 0.2984372546875 0.4296878875
32 0.67968758125 0.525 0.6781248359375 0.5265628875 0.6781248359375 0.5625 0.68281241875 0.5671878875 0.7140627453125 0.5671878875 0.7171875812499999 0.5640628875 0.7171875812499999 0.5265628875 0.7156248359374999 0.525 0.7156248359374999 0.5234378875 0.7109372546875 0.51875 0.7093751640625 0.51875 0.70468758125 0.5140621125 0.6875 0.5140621125 0.6812503265625 0.5203128875 0.6812503265625 0.521875 0.67968758125 0.5234378875 0.67968758125 0.525
31 0.4625 0.5671878875 0.45781241875 0.571875 0.45781241875 0.6125 0.4625 0.6171878875 0.47031241875 0.6171878875 0.4718751640625 0.61875 0.4859372546875 0.61875 0.4875 0.6171878875 0.49375032656249995 0.6171878875 0.49531241875000004 0.615625 0.49687516406250004 0.615625 0.49687516406250004 0.6140628875 0.4984372546875 0.6125 0.4984372546875 0.5765621125 0.49218758124999995 0.5703128875 0.49218758124999995 0.56875 0.49062483593749995 0.56875 0.4875 0.565625 0.4875 0.5640628875 0.4859372546875 0.5625 0.4859372546875 0.5609371125 0.46718758125 0.5609371125 0.4656248359375 0.5625 0.4640627453125 0.5625 0.4625 0.5640628875 0.4625 0.5671878875
8 0.4812503265625 0.5609371125 0.48281241875 0.5625 0.48437516406250003 0.5625 0.4875 0.565625 0.5 0.565625 0.50468758125 0.5609371125 0.50468758125 0.5015628875 0.4515627453125 0.5015628875 0.4515627453125 0.565625 0.4656248359375 0.565625 0.47031241875 0.5609371125 0.4812503265625 0.5609371125
17 0.4 0.2671878875 0.3984372546875 0.26875 0.39531241875 0.26875 0.39375032656250003 0.2703128875 0.3906248359375 0.2703128875 0.3890627453125 0.271875 0.3875 0.271875 0.3859372546875 0.2734378875 0.3843751640625 0.2734378875 0.3781248359375 0.2796878875 0.3765627453125 0.2796878875 0.375 0.28125 0.3718751640625 0.28125 0.37031241875 0.2828128875 0.3687503265625 0.2828128875 0.3640627453125 0.2875 0.3625 0.2875 0.3562503265625 0.29375 0.3562503265625 0.2953128875 0.3515627453125 0.3 0.34531241874999996 0.3 0.34375032656250004 0.3015628875 0.34375032656250004 0.3078128875 0.34531241874999996 0.309375 0.3484372546875 0.309375 0.3515627453125 0.30625 0.35781241874999997 0.30625 0.3609372546875 0.309375 0.3640627453125 0.309375 0.3656248359375 0.3109378875 0.36718758125 0.3109378875 0.3734372546875 0.3171878875 0.3734372546875 0.31875 0.375 0.3203128875 0.375 0.33125 0.3765627453125 0.3328128875 0.3765627453125 0.3359378875 0.37968758125 0.3390628875 0.37968758125 0.346875 0.375 0.3515628875 0.375 0.3546878875 0.3734372546875 0.35625 0.3734372546875 0.359375 0.3718751640625 0.3609378875 0.37031241875 0.3609378875 0.3640627453125 0.3671878875 0.3609372546875 0.3671878875 0.3593751640625 0.36875 0.3515627453125 0.36875 0.35 0.3703128875 0.3484372546875 0.3703128875 0.3484372546875 0.371875 0.35 0.3734378875 0.35 0.38125 0.3515627453125 0.3828128875 0.3515627453125 0.390625 0.3531248359375 0.3921878875 0.3531248359375 0.39375 0.35468758125 0.3953128875 0.35468758125 0.3984378875 0.3562503265625 0.4 0.3562503265625 0.415625 0.35781241874999997 0.4171878875 0.3609372546875 0.4171878875 0.3625 0.41875 0.3640627453125 0.41875 0.36718758125 0.421875 0.3687503265625 0.421875 0.37031241875 0.4234378875 0.3734372546875 0.4234378875 0.375 0.425 0.3765627453125 0.425 0.3812503265625 0.4296878875 0.38281241875 0.4296878875 0.3843751640625 0.43125 0.3859372546875 0.43125 0.3875 0.4328128875 0.3875 0.434375 0.3890627453125 0.434375 0.3906248359375 0.4359371125 0.39218758125000003 0.4359371125 0.39375032656250003 0.4375 0.39531241875 0.4375 0.3984372546875 0.440625 0.4109372546875 0.440625 0.4140627453125 0.4375 0.4156248359375 0.4375 0.41718758125 0.4359371125 0.4187503265625 0.4359371125 0.42031241875 0.434375 0.42187516406250003 0.434375 0.4265627453125 0.4296878875 0.42812483593749995 0.4296878875 0.42968758124999995 0.428125 0.43125032656249995 0.428125 0.43437516406250004 0.425 0.4359372546875 0.425 0.4375 0.4234378875 0.44062483593749996 0.4234378875 0.44218758124999996 0.421875 0.44375032656249996 0.421875 0.44687516406250005 0.41875 0.45 0.41875 0.4515627453125 0.4171878875 0.45312483593749997 0.4171878875 0.45781241875 0.4125 0.4593751640625 0.4125 0.46718758125 0.4046871125 0.46718758125 0.3234378875 0.4656248359375 0.321875 0.4656248359375 0.3203128875 0.4640627453125 0.31875 0.4625 0.31875 0.4593751640625 0.315625 0.4593751640625 0.3140628875 0.45468758125 0.309375 0.45468758125 0.303125 0.45312483593749997 0.3015628875 0.45312483593749997 0.2984378875 0.4515627453125 0.296875 0.4515627453125 0.2953128875 0.45 0.29375 0.45 0.2921871125 0.4484372546875 0.290625 0.4484372546875 0.2875 0.44218758124999996 0.28125 0.44062483593749996 0.28125 0.4390627453125 0.2796878875 0.4375 0.2796878875 0.43281241875000004 0.275 0.43125032656249995 0.275 0.4265627453125 0.2703128875 0.4140627453125 0.2671878875 0.4125 0.265625 0.40468758125 0.265625 0.4031248359375 0.2671878875 0.4 0.2671878875
34 0.3156248359375 0.675 0.3140627453125 0.675 0.3125 0.6765628875 0.3125 0.715625 0.3140627453125 0.7171878875 0.34687516406249996 0.7171878875 0.3484372546875 0.715625 0.35 0.715625 0.35 0.7140628875 0.3531248359375 0.7109378875 0.3531248359375 0.6921878875 0.3515627453125 0.690625 0.3515627453125 0.6890628875 0.35 0.6875 0.35 0.6828128875 0.3484372546875 0.68125 0.3484372546875 0.6734378875 0.34687516406249996 0.671875 0.34687516406249996 0.6703128875 0.34531241874999996 0.6703128875 0.34375032656250004 0.66875 0.34375032656250004 0.6671878875 0.34062483593750004 0.6640628875 0.3234372546875 0.6640628875 0.3234372546875 0.665625 0.3187503265625 0.6703128875 0.3187503265625 0.671875 0.3156248359375 0.675
33 0.5328124187500001 0.7234378875 0.5312503265624999 0.725 0.5312503265624999 0.7640628875 0.5343751640625001 0.7671878875 0.5359372546875 0.7671878875 0.5375 0.76875 0.5390627453125 0.76875 0.5406248359375 0.7703128875 0.5625 0.7703128875 0.5656248359375 0.7671878875 0.56718758125 0.7671878875 0.56718758125 0.765625 0.5718751640625 0.7609378875 0.5718751640625 0.7296878875 0.5687503265625 0.7265628875 0.5687503265625 0.725 0.56718758125 0.7234378875 0.56718758125 0.7203128875 0.5656248359375 0.71875 0.5640627453125 0.71875 0.5593751640625 0.7140628875 0.54218758125 0.7140628875 0.5359372546875 0.7203128875 0.5359372546875 0.721875 0.5343751640625001 0.7234378875 0.5328124187500001 0.7234378875
15 0.2859372546875 0.65625 0.28437516406249996 0.6546878875 0.28437516406249996 0.653125 0.28281241874999996 0.6515628875 0.23125032656250002 0.6515628875 0.23125032656250002 0.715625 0.28125032656250004 0.715625 0.2859372546875 0.7109378875 0.2859372546875 0.65625
25 0.4890627453125 0.421875 0.49062483593749995 0.421875 0.49218758124999995 0.4234378875 0.49375032656249995 0.4234378875 0.49531241875000004 0.425 0.49687516406250004 0.425 0.5015627453125 0.4296878875 0.5031248359375 0.4296878875 0.5062503265625 0.4328128875 0.5062503265625 0.434375 0.50781241875 0.4359371125 0.5109372546875 0.4359371125 0.5156248359375 0.440625 0.51718758125 0.440625 0.5187503265625 0.4421878875 0.5218751640625 0.4421878875 0.525 0.4453128875 0.525 0.446875 0.5265627453125 0.4484378875 0.5281248359374999 0.4484378875 0.5312503265624999 0.4515621125 0.5312503265624999 0.453125 0.5328124187500001 0.4546878875 0.5468751640625 0.4546878875 0.5484372546875 0.453125 0.5484372546875 0.4390628875 0.5406248359375 0.43125 0.5390627453125 0.43125 0.5359372546875 0.428125 0.5359372546875 0.4265628875 0.5343751640625001 0.425 0.5296875812499999 0.425 0.5281248359374999 0.4234378875 0.5265627453125 0.4234378875 0.525 0.421875 0.525 0.4203121125 0.5234372546875 0.4203121125 0.5218751640625 0.41875 0.52031241875 0.41875 0.51718758125 0.415625 0.51718758125 0.4140628875 0.5156248359375 0.4125 0.5140627453125 0.4125 0.5125 0.4109378875 0.5109372546875 0.4109378875 0.50781241875 0.4078128875 0.5062503265625 0.4078128875 0.50468758125 0.40625 0.5031248359375 0.40625 0.49687516406250004 0.4 0.47968758125 0.4 0.47968758125 0.4140628875 0.48281241875 0.4171878875 0.48437516406250003 0.4171878875 0.4890627453125 0.421875
34 0.3140627453125 0.375 0.3125 0.3765628875 0.3125 0.4109378875 0.3140627453125 0.4125 0.3156248359375 0.4125 0.31718758125 0.4140628875 0.31718758125 0.415625 0.3187503265625 0.415625 0.32031241875 0.4171878875 0.34687516406249996 0.4171878875 0.3484372546875 0.415625 0.3484372546875 0.4125 0.35 0.4109378875 0.35 0.409375 0.3531248359375 0.40625 0.3531248359375 0.384375 0.35 0.38125 0.35 0.3796878875 0.3484372546875 0.378125 0.3484372546875 0.3734378875 0.34687516406249996 0.371875 0.34687516406249996 0.3703128875 0.34062483593750004 0.3640628875 0.325 0.3640628875 0.3187503265625 0.3703128875 0.3187503265625 0.371875 0.3156248359375 0.375 0.3140627453125 0.375
32 0.2390627453125 0.5640628875 0.2406248359375 0.565625 0.24218758125 0.565625 0.2437503265625 0.5671878875 0.2765627453125 0.5671878875 0.27812483593750004 0.565625 0.27812483593750004 0.5640628875 0.27968758125000004 0.5625 0.27968758125000004 0.528125 0.27812483593750004 0.5265628875 0.27812483593750004 0.525 0.2734372546875 0.5203128875 0.2734372546875 0.51875 0.2718751640625 0.51875 0.2656248359375 0.5125 0.25 0.5125 0.2437503265625 0.51875 0.2437503265625 0.5203128875 0.2390627453125 0.525 0.2390627453125 0.5640628875
33 0.1687503265625 0.6734378875 0.16718758125 0.675 0.16718758125 0.7125 0.1687503265625 0.7140628875 0.1687503265625 0.715625 0.17031241875 0.7171878875 0.175 0.7171878875 0.1765627453125 0.71875 0.1984372546875 0.71875 0.2 0.7171878875 0.20312483593750003 0.7171878875 0.20468758125000003 0.715625 0.20468758125000003 0.7109378875 0.20625032656250003 0.709375 0.20625032656250003 0.7078128875 0.20468758125000003 0.70625 0.20468758125000003 0.6765628875 0.20312483593750003 0.675 0.2015627453125 0.675 0.1984372546875 0.671875 0.1984372546875 0.6703128875 0.1937503265625 0.665625 0.175 0.665625 0.1718751640625 0.66875 0.17031241875 0.66875 0.1687503265625 0.6703128875 0.1687503265625 0.6734378875
16 0.525 0.671875 0.525 0.7140628875 0.5281248359374999 0.7171878875 0.54218758125 0.7171878875 0.5437503265625 0.715625 0.55468758125 0.715625 0.5562503265625 0.7171878875 0.5718751640625 0.7171878875 0.5781248359375 0.7109378875 0.5781248359375 0.65625 0.5734372546875 0.6515628875 0.525 0.6515628875 0.525 0.653125 0.5234372546875 0.6546878875 0.5234372546875 0.6703128875 0.525 0.671875
28 0.2656248359375 0.2671878875 0.26875032656250003 0.2703128875 0.26875032656250003 0.271875 0.27031241875 0.2734378875 0.275 0.2734378875 0.2765627453125 0.275 0.27812483593750004 0.275 0.28281241874999996 0.2796878875 0.28437516406249996 0.2796878875 0.2906248359375 0.2859378875 0.29531241874999997 0.2859378875 0.3015627453125 0.2921871125 0.3031248359375 0.2921871125 0.3062503265625 0.2953128875 0.3062503265625 0.296875 0.30781241875 0.2984378875 0.3109372546875 0.2984378875 0.3125 0.3 0.3140627453125 0.3 0.3156248359375 0.3015628875 0.32968758125000003 0.3015628875 0.32968758125000003 0.2875 0.3281248359375 0.2859378875 0.3281248359375 0.284375 0.3265627453125 0.2828128875 0.325 0.2828128875 0.3234372546875 0.28125 0.32031241875 0.28125 0.31718758125 0.278125 0.31718758125 0.2765621125 0.3156248359375 0.275 0.3109372546875 0.275 0.3093751640625 0.2734378875 0.30781241875 0.2734378875 0.3031248359375 0.26875 0.3015627453125 0.26875 0.2984372546875 0.265625 0.2984372546875 0.2640628875 0.2968751640625 0.2625 0.29531241874999997 0.2625 0.29218758125 0.259375 0.29218758125 0.2578128875 0.2906248359375 0.25625 0.2875 0.25625 0.2859372546875 0.2546878875 0.28437516406249996 0.2546878875 0.27968758125000004 0.25 0.2625 0.25 0.2609372546875 0.2515628875 0.2609372546875 0.2640628875 0.2640627453125 0.2671878875 0.2656248359375 0.2671878875
7 0.6484372546875 0.2625 0.6484372546875 0.2609371125 0.65 0.259375 0.65 0.2578128875 0.6515627453125 0.25625 0.6515627453125 0.2078128875 0.65 0.20625 0.65 0.2046878875 0.6484372546875 0.203125 0.6484372546875 0.2015628875 0.5968751640625001 0.2015628875 0.5968751640625001 0.2625 0.6 0.265625 0.64531241875 0.265625 0.6484372546875 0.2625
27 0.20468758125000003 0.7265628875 0.20781241874999998 0.7296878875 0.20937516406249998 0.7296878875 0.2125 0.7328128875 0.2125 0.734375 0.2140627453125 0.7359378875 0.2156248359375 0.7359378875 0.21718758125 0.7375 0.2187503265625 0.7375 0.2218751640625 0.740625 0.2234372546875 0.740625 0.225 0.7421878875 0.22812483593750002 0.7421878875 0.23125032656250002 0.7453128875 0.23125032656250002 0.746875 0.23281241874999997 0.7484378875 0.2359372546875 0.7484378875 0.2375 0.75 0.2390627453125 0.75 0.24218758125 0.753125 0.2437503265625 0.753125 0.24531241874999998 0.7546878875 0.2531248359375 0.7546878875 0.25468758125 0.753125 0.25468758125 0.75 0.2562503265625 0.7484378875 0.2562503265625 0.74375 0.25468758125 0.7421878875 0.25468758125 0.7390628875 0.2531248359375 0.7375 0.2515627453125 0.7375 0.2484372546875 0.734375 0.2484372546875 0.7328128875 0.24687516406249999 0.73125 0.24531241874999998 0.73125 0.2390627453125 0.725 0.23437516406249997 0.725 0.22812483593750002 0.71875 0.2265627453125 0.71875 0.2218751640625 0.7140628875 0.22031241875 0.7140628875 0.2187503265625 0.7125 0.2 0.7125 0.2 0.721875 0.2015627453125 0.721875 0.20468758125000003 0.725 0.20468758125000003 0.7265628875
25 0.525 0.55625 0.5218751640625 0.55625 0.5156248359375 0.5625 0.5140627453125 0.5625 0.5125 0.5640628875 0.5109372546875 0.5640628875 0.50781241875 0.5671878875 0.5062503265625 0.5671878875 0.50468758125 0.56875 0.5031248359375 0.56875 0.5015627453125 0.5703128875 0.5 0.5703128875 0.5 0.59375 0.50468758125 0.59375 0.5062503265625 0.5921871125 0.5093751640625 0.5921871125 0.5140627453125 0.5875 0.5156248359375 0.5875 0.51718758125 0.5859378875 0.52031241875 0.5859378875 0.5265627453125 0.5796878875 0.5281248359374999 0.5796878875 0.5296875812499999 0.578125 0.5296875812499999 0.5765621125 0.5328124187500001 0.5734378875 0.5359372546875 0.5734378875 0.5375 0.571875 0.5390627453125 0.571875 0.5437503265625 0.5671878875 0.54531241875 0.5671878875 0.5484372546875 0.5640628875 0.5484372546875 0.5515628875 0.5296875812499999 0.5515628875 0.5296875812499999 0.553125 0.5281248359374999 0.5546878875 0.5265627453125 0.5546878875 0.525 0.55625
7 0.37968758125 0.7140628875 0.3812503265625 0.715625 0.42968758124999995 0.715625 0.42968758124999995 0.6515628875 0.37968758125 0.6515628875 0.3781248359375 0.653125 0.3781248359375 0.7109378875 0.37968758125 0.7125 0.37968758125 0.7140628875
27 0.5953124187500001 0.7078128875 0.5906248359374999 0.7125 0.5890627453125 0.7125 0.58281241875 0.71875 0.5781248359375 0.71875 0.575 0.721875 0.575 0.74375 0.5765627453125 0.74375 0.5781248359375 0.7421878875 0.5843751640625 0.7421878875 0.5859372546875 0.740625 0.5859372546875 0.7390628875 0.5890627453125 0.7359378875 0.5921875812499999 0.7359378875 0.5968751640625001 0.73125 0.5984372546875 0.73125 0.6 0.7296878875 0.6031248359375 0.7296878875 0.60468758125 0.728125 0.60468758125 0.7265628875 0.60781241875 0.7234378875 0.6109372546875 0.7234378875 0.6125 0.721875 0.6140627453125 0.721875 0.6156248359375 0.7203128875 0.6156248359375 0.71875 0.6218751640625 0.7125 0.6218751640625 0.7015628875 0.6062503265625 0.7015628875 0.6015627453125 0.70625 0.5984372546875 0.70625 0.5968751640625001 0.7078128875 0.5953124187500001 0.7078128875
25 0.4859372546875 0.396875 0.4859372546875 0.3234378875 0.48437516406250003 0.321875 0.4734372546875 0.321875 0.4718751640625 0.3234378875 0.4718751640625 0.3984378875 0.48437516406250003 0.3984378875 0.4859372546875 0.396875
26 0.27812483593750004 0.5796878875 0.27968758125000004 0.5796878875 0.28281241874999996 0.5828128875 0.28437516406249996 0.5828128875 0.2875 0.5859378875 0.2906248359375 0.5859378875 0.2937503265625 0.5890628875 0.2937503265625 0.590625 0.29531241874999997 0.5921871125 0.3015627453125 0.5921871125 0.30781241875 0.5984378875 0.3093751640625 0.5984378875 0.3125 0.6015628875 0.3125 0.603125 0.3140627453125 0.6046878875 0.3265627453125 0.6046878875 0.3281248359375 0.603125 0.3281248359375 0.5859378875 0.3234372546875 0.58125 0.3218751640625 0.58125 0.3156248359375 0.575 0.3140627453125 0.575 0.30781241875 0.56875 0.30468758125 0.56875 0.3031248359375 0.5671878875 0.3015627453125 0.5671878875 0.2968751640625 0.5625 0.29531241874999997 0.5625 0.2937503265625 0.5609371125 0.2734372546875 0.5609371125 0.2734372546875 0.571875 0.275 0.5734378875 0.275 0.5765621125 0.27812483593750004 0.5796878875
26 0.70468758125 0.45625 0.7031248359375 0.4546878875 0.7031248359375 0.453125 0.69218758125 0.453125 0.69218758125 0.5109378875 0.7031248359375 0.5109378875 0.70468758125 0.509375 0.70468758125 0.45625
29 0.3484372546875 0.309375 0.34687516406249996 0.3109378875 0.34531241874999996 0.3109378875 0.34531241874999996 0.3125 0.34375032656250004 0.3140628875 0.34375032656250004 0.3296878875 0.34218758125000004 0.33125 0.34218758125000004 0.3328128875 0.3375 0.3375 0.3375 0.340625 0.3359372546875 0.3421878875 0.3359372546875 0.3609378875 0.34062483593750004 0.365625 0.34218758125000004 0.365625 0.34375032656250004 0.3671878875 0.3656248359375 0.3671878875 0.36718758125 0.365625 0.3687503265625 0.365625 0.3718751640625 0.3625 0.3718751640625 0.3609378875 0.3734372546875 0.359375 0.3734372546875 0.35625 0.375 0.3546878875 0.375 0.353125 0.3781248359375 0.35 0.37968758125 0.35 0.3812503265625 0.3484378875 0.3843751640625 0.3484378875 0.3843751640625 0.3421878875 0.38281241875 0.340625 0.38281241875 0.3390628875 0.37968758125 0.3359378875 0.37968758125 0.334375 0.3734372546875 0.328125 0.3734372546875 0.3140628875 0.3718751640625 0.3125 0.3687503265625 0.3125 0.36718758125 0.3109378875 0.3656248359375 0.3109378875 0.3625 0.3078128875 0.3593751640625 0.3078128875 0.35781241874999997 0.30625 0.3562503265625 0.30625 0.35468758125 0.3078128875 0.3515627453125 0.3078128875 0.35 0.309375 0.3484372546875 0.309375
8 0.28437516406249996 0.4125 0.2859372546875 0.4109378875 0.2859372546875 0.35625 0.28437516406249996 0.3546878875 0.28437516406249996 0.353125 0.28281241874999996 0.3515628875 0.23281241874999997 0.3515628875 0.23281241874999997 0.415625 0.28281241874999996 0.415625 0.28437516406249996 0.4140628875 0.28437516406249996 0.4125
28 0.3359372546875 0.60625 0.3343751640625 0.6046878875 0.3265627453125 0.6046878875 0.3265627453125 0.6609378875 0.3343751640625 0.6609378875 0.3359372546875 0.659375 0.3359372546875 0.60625
28 0.3359372546875 0.359375 0.3359372546875 0.3546878875 0.3343751640625 0.353125 0.3343751640625 0.3515628875 0.3359372546875 0.35 0.3359372546875 0.33125 0.3375 0.3296878875 0.3375 0.328125 0.34062483593750004 0.325 0.34062483593750004 0.3078128875 0.3359372546875 0.303125 0.3265627453125 0.303125 0.3265627453125 0.3609378875 0.33281241875 0.3609378875 0.3343751640625 0.359375 0.3359372546875 0.359375
13 0.3062503265625 0.865625 0.30781241875 0.8671878875000001 0.3531248359375 0.8671878875000001 0.3593751640625 0.8609378875000001 0.3593751640625 0.80625 0.35781241874999997 0.80625 0.35468758125 0.803125 0.3062503265625 0.803125 0.30468758125 0.8046878875000001 0.30468758125 0.8546878875000001 0.3062503265625 0.85625 0.3062503265625 0.865625
12 0.5984372546875 0.5625 0.5984372546875 0.5640628875 0.6015627453125 0.5671878875 0.6468751640625 0.5671878875 0.6484372546875 0.565625 0.6484372546875 0.5640628875 0.65 0.5625 0.65 0.5609371125 0.6515627453125 0.559375 0.6515627453125 0.50625 0.65 0.50625 0.64531241875 0.5015628875 0.5984372546875 0.5015628875 0.5984372546875 0.503125 0.5968751640625001 0.5046878875 0.5968751640625001 0.5609371125 0.5984372546875 0.5625
16 0.48281241875 0.2625 0.48437516406250003 0.2640628875 0.4984372546875 0.2640628875 0.5 0.2625 0.5015627453125 0.2625 0.50468758125 0.259375 0.50468758125 0.2015628875 0.4515627453125 0.2015628875 0.4515627453125 0.2609371125 0.4625 0.2609371125 0.4640627453125 0.2625 0.48281241875 0.2625
11 0.7218751640625001 0.7171878875 0.7234372546875 0.715625 0.7234372546875 0.65625 0.7187503265624999 0.6515628875 0.6718751640625 0.6515628875 0.67031241875 0.653125 0.67031241875 0.7109378875 0.6765627453125 0.7171878875 0.7218751640625001 0.7171878875
14 0.383003921875 0.4125 0.3845666671875 0.4140628875 0.42675424843750004 0.4140628875 0.4314418296875 0.409375 0.4314418296875 0.3578128875 0.429879084375 0.35625 0.429879084375 0.3515628875 0.3767542484375 0.3515628875 0.3767542484375 0.4109378875 0.379879084375 0.4109378875 0.3814418296875 0.4125 0.383003921875 0.4125
27 0.26718758125000003 0.7578128875 0.2640627453125 0.7546878875 0.2625 0.7546878875 0.2609372546875 0.753125 0.25468758125 0.753125 0.25468758125 0.8484371124999999 0.2656248359375 0.8484371124999999 0.26718758125000003 0.846875 0.26718758125000003 0.7578128875
15 0.79531241875 0.5609371125 0.79531241875 0.5015628875 0.74531241875 0.5015628875 0.74531241875 0.5640628875 0.7468751640625 0.565625 0.7906248359375 0.565625 0.79531241875 0.5609371125
13 0.5765627453125 0.415625 0.5781248359375 0.415625 0.5781248359375 0.3515628875 0.5765627453125 0.3515628875 0.575 0.35 0.5265627453125 0.35 0.525 0.3515628875 0.525 0.4171878875 0.575 0.4171878875 0.5765627453125 0.415625
9 0.3593751640625 0.2046878875 0.3562503265625 0.2015628875 0.30468758125 0.2015628875 0.30468758125 0.265625 0.35468758125 0.265625 0.3593751640625 0.2609371125 0.3593751640625 0.2046878875
11 0.3431372546875 0.5683229812499999 0.354248365625 0.5675465843749999 0.3594771234375 0.563664596875 0.36013071874999997 0.510869565625 0.3568627453125 0.5031055906249999 0.3130718953125 0.5015527953125 0.30522875781250003 0.507763975 0.30457516406249996 0.5582298140625 0.3071895421875 0.565217390625 0.313725490625 0.5683229812499999 0.3431372546875 0.5683229812499999
12 0.2130718953125 0.56444099375 0.213725490625 0.5085403734375 0.210457515625 0.5031055906249999 0.1633986921875 0.5023291921874999 0.1594771234375 0.5062111796875 0.1588235296875 0.561335403125 0.1607843140625 0.5659937890625 0.20326797343749997 0.5675465843749999 0.2130718953125 0.56444099375
10 0.5013071890624999 0.8687888203125 0.5052287578125 0.8656832296875001 0.5065359484374999 0.8105590062499999 0.5026143796875 0.8035714281249999 0.45751634062499996 0.80279503125 0.45228758124999996 0.80667701875 0.4516339875 0.8633540375000001 0.454248365625 0.8672360250000001 0.45751634062499996 0.8695652171875 0.5013071890624999 0.8687888203125
14 0.641830065625 0.8687888203125 0.6509803921875 0.8656832296875001 0.653594771875 0.8586956515624999 0.6529411765625001 0.81832298125 0.649673203125 0.8043478265624999 0.601960784375 0.8035714281249999 0.5973856203125 0.8090062109374999 0.5973856203125 0.8625776390625 0.6 0.8664596265625001 0.6130718953125001 0.8695652171875 0.641830065625 0.8687888203125
22 0.5156248359375 0 0.5156248359375 0.06875 0.5718751640625 0.06875 0.5718751640625 0 0.5156248359375 0
18 0.0781248359375 0.5890628875 0.0781248359375 0.66875 0.13281241875 0.66875 0.13281241875 0.5890628875 0.0781248359375 0.5890628875
18 0.79218758125 0.8171871124999999 0.7937503265625 0.815625 0.7937503265625 0.7390628875 0.7359372546875 0.7390628875 0.7359372546875 0.8203128875000001 0.7906248359375 0.8203128875000001 0.79218758125 0.81875 0.79218758125 0.8171871124999999
18 0.9375 0.43125 0.88281241875 0.43125 0.88281241875 0.51875 0.9343751640625 0.51875 0.9375 0.515625 0.9375 0.43125
21 0.28125032656250004 0.8875 0.2218751640625 0.8875 0.2218751640625 0.96875 0.27968758125000004 0.96875 0.28125032656250004 0.9671878875000001 0.28125032656250004 0.8875
18 0.24218758125 0.0734378875 0.26718758125000003 0.0734378875 0.26875032656250003 0.075 0.27812483593750004 0.075 0.27968758125000004 0.0734378875 0.27968758125000004 0.0015628875 0.225 0.0015628875 0.225 0.0734378875 0.2265627453125 0.075 0.2406248359375 0.075 0.24218758125 0.0734378875
20 0.7359372546875 0.1328128875 0.7359372546875 0.2203128875 0.79218758125 0.2203128875 0.79218758125 0.1328128875 0.7359372546875 0.1328128875
19 0.5718751640625 0.8875 0.5187503265625 0.8875 0.5187503265625 0.96875 0.57031241875 0.96875 0.5718751640625 0.9671878875000001 0.5718751640625 0.8875
23 0.1343751640625 0.2828128875 0.0781248359375 0.2828128875 0.0781248359375 0.3703128875 0.13281241875 0.3703128875 0.1343751640625 0.36875 0.1343751640625 0.2828128875