35 0.6123506578125 0.7375 0.6107881578125001 0.73906259375 0.6076631578125 0.73906259375 0.6061006578125 0.7406251890625 0.6029756578125001 0.7406251890625 0.6014131578125 0.7421877828125 0.5998506578125 0.7421877828125 0.5982881578125 0.7437503765625 0.5967256578125 0.7437503765625 0.5951631578125001 0.7453122171875 0.5936006578125 0.7453122171875 0.5920381578125 0.7468748109375001 0.5904756578125 0.7468748109375001 0.5873506578125001 0.75 0.5857881578125 0.75 0.5842256578125 0.75156259375 0.5826631578125 0.75156259375 0.5764131578125 0.7578122171875 0.5748506578125 0.7578122171875 0.5732881578125 0.7593748109375 0.5732881578125 0.76093740625 0.5717256578125001 0.7625 0.5717256578125001 0.7640625937500001 0.5701631578125 0.7656251890625 0.5701631578125 0.8531251890625 0.5717256578125001 0.8546877828125 0.5732881578125 0.8546877828125 0.5779756578125 0.8593748109374999 0.5795381578125001 0.8593748109374999 0.5826631578125 0.8625 0.5842256578125 0.8625 0.5857881578125 0.8640625937499999 0.5857881578125 0.8656251890625001 0.5873506578125001 0.8656251890625001 0.5889131578125 0.8671877828125 0.5904756578125 0.8671877828125 0.5967256578125 0.8734374062500001 0.5982881578125 0.8734374062500001 0.6029756578125001 0.8781251890625 0.6045381578125 0.8781251890625 0.6061006578125 0.8796877828125 0.6076631578125 0.8796877828125 0.6092256578125 0.8812503765624999 0.6107881578125001 0.8812503765624999 0.6154756578125 0.8859374062500001 0.6170381578125 0.8859374062500001 0.6232881578125 0.8921877828125 0.6248506578125 0.8921877828125 0.6264131578125001 0.8937503765624999 0.6279756578125 0.8937503765624999 0.6295381578125 0.8953122171875 0.6404756578125 0.8953122171875 0.6436006578125 0.8921877828125 0.6451631578125 0.8921877828125 0.6498506578125001 0.8875 0.6514131578125 0.8875 0.6545381578125 0.8843748109374999 0.6561006578125 0.8843748109374999 0.6592256578125 0.8812503765624999 0.6607881578125 0.8812503765624999 0.6623506578125 0.8796877828125 0.6639131578125 0.8796877828125 0.6654756578125001 0.8781251890625 0.6670381578125 0.8781251890625 0.6717256578125 0.8734374062500001 0.6748506578125 0.8734374062500001 0.6764131578125 0.8718748109375 0.6779756578125 0.8718748109375 0.6779756578125 0.8703122171875 0.6811006578125001 0.8671877828125 0.6826631578125 0.8671877828125 0.6857881578125 0.8640625937499999 0.6857881578125 0.8421877828125 0.6873506578125 0.8406251890625001 0.6873506578125 0.8390625937499999 0.6889131578125001 0.8375 0.6889131578125001 0.83593740625 0.6904756578125 0.8343748109375 0.6904756578125 0.8328122171875 0.6920381578125 0.8312503765624999 0.6920381578125 0.82656259375 0.6951631578125 0.8234374062500001 0.6967256578125001 0.8234374062500001 0.6982881578125 0.8218748109374999 0.6982881578125 0.7656251890625 0.6967256578125001 0.7640625937500001 0.6967256578125001 0.7625 0.6904756578125 0.7562503765625 0.6889131578125001 0.7562503765625 0.6842256578125 0.75156259375 0.6811006578125001 0.75156259375 0.6795381578125 0.75 0.6764131578125 0.75 0.6717256578125 0.7453122171875 0.6686006578125 0.7453122171875 0.6670381578125 0.7437503765625 0.6639131578125 0.7437503765625 0.6592256578125 0.73906259375 0.6576631578125001 0.73906259375 0.6561006578125 0.7375 0.6529756578125 0.7375 0.6467256578125 0.7312503765625 0.6389131578125 0.7312503765625 0.6373506578125 0.7296877828125 0.6279756578125 0.7296877828125 0.6264131578125001 0.7312503765625 0.6217256578125 0.7312503765625 0.6154756578125 0.7375 0.6123506578125 0.7375
37 0.4765625 0.13906259375000002 0.4734375 0.1421877828125 0.471875 0.1421877828125 0.4703125 0.1437503765625 0.4671875 0.1437503765625 0.465625 0.1453122171875 0.4640625 0.1453122171875 0.459375 0.15 0.4578125 0.15 0.453125 0.1546877828125 0.4515625 0.1546877828125 0.45 0.15625037656250002 0.4484375 0.15625037656250002 0.446875 0.1578122171875 0.4453125 0.1578122171875 0.440625 0.1625 0.4390625 0.1625 0.4328125 0.1687503765625 0.43125 0.1687503765625 0.4296875 0.1703122171875 0.4296875 0.1718748109375 0.428125 0.17343740624999998 0.4265625 0.17343740624999998 0.421875 0.1781251890625 0.421875 0.2671877828125 0.425 0.2703122171875 0.425 0.2718748109375 0.4265625 0.27343740625 0.428125 0.27343740625 0.43125 0.27656259375 0.43125 0.2781251890625 0.4328125 0.2781251890625 0.434375 0.2796877828125 0.4359375 0.2796877828125 0.4390625 0.2828122171875 0.440625 0.2828122171875 0.44375 0.28593740625 0.446875 0.28593740625 0.4515625 0.2906251890625 0.4546875 0.2906251890625 0.45625 0.2921877828125 0.4671875 0.2921877828125 0.46875 0.2906251890625 0.4703125 0.2906251890625 0.4734375 0.2875 0.475 0.2875 0.4765625 0.28593740625 0.48125 0.28593740625 0.4828125 0.2843748109375 0.49375 0.2843748109375 0.4953125 0.28593740625 0.503125 0.28593740625 0.509375 0.2921877828125 0.5125 0.2921877828125 0.5140625 0.29375037656249997 0.515625 0.29375037656249997 0.5171875 0.2921877828125 0.521875 0.2921877828125 0.5265625 0.2875 0.528125 0.2875 0.5296875 0.28593740625 0.534375 0.28593740625 0.540625 0.2796877828125 0.54375 0.2796877828125 0.55 0.27343740625 0.5515625 0.27343740625 0.5546875 0.2703122171875 0.5546875 0.2656251890625 0.55625 0.26406259374999996 0.55625 0.26093740625 0.5546875 0.2593748109375 0.5546875 0.17656259375 0.553125 0.175 0.5515625 0.175 0.5484375 0.1718748109375 0.5484375 0.1703122171875 0.546875 0.1703122171875 0.5390625 0.1625 0.534375 0.1625 0.528125 0.15625037656250002 0.5265625 0.15625037656250002 0.525 0.1546877828125 0.5234375 0.1546877828125 0.51875 0.15 0.515625 0.15 0.5109375 0.1453122171875 0.509375 0.1453122171875 0.5078125 0.1437503765625 0.50625 0.1437503765625 0.5015625 0.13906259375000002 0.4984375 0.13906259375000002 0.496875 0.1375 0.4921875 0.1375 0.490625 0.13593740625 0.4890625 0.13593740625 0.4875 0.1375 0.48125 0.1375 0.4796875 0.13906259375000002 0.4765625 0.13906259375000002
35 0.6109375 0.1437503765625 0.609375 0.1453122171875 0.6078125 0.1453122171875 0.603125 0.15 0.6015625 0.15 0.5953125 0.15625037656250002 0.59375 0.15625037656250002 0.5890625 0.16093740625 0.5875 0.16093740625 0.5859375 0.1625 0.584375 0.1625 0.56875 0.1781251890625 0.56875 0.2 0.5671875 0.20156259375 0.5671875 0.2656251890625 0.56875 0.2671877828125 0.56875 0.2703122171875 0.571875 0.27343740625 0.5734375 0.27343740625 0.578125 0.2781251890625 0.5796875 0.2781251890625 0.58125 0.2796877828125 0.584375 0.2796877828125 0.5890625 0.2843748109375 0.590625 0.2843748109375 0.5921875 0.28593740625 0.596875 0.28593740625 0.5984375 0.2875 0.6015625 0.2875 0.603125 0.28906259375 0.6046875 0.28906259375 0.60625 0.2906251890625 0.609375 0.2906251890625 0.6109375 0.28906259375 0.6125 0.28906259375 0.6140625 0.2875 0.615625 0.2875 0.6171875 0.28593740625 0.63125 0.28593740625 0.6328125 0.2843748109375 0.6375 0.2843748109375 0.6390625 0.28593740625 0.6546875 0.28593740625 0.65625 0.2875 0.659375 0.2875 0.6625 0.2906251890625 0.6671875 0.2906251890625 0.6703125 0.2875 0.6734375 0.2875 0.675 0.28593740625 0.678125 0.28593740625 0.6828125 0.28125037656249996 0.684375 0.28125037656249996 0.6859375 0.2796877828125 0.6890625 0.2796877828125 0.690625 0.2781251890625 0.6921875 0.2781251890625 0.6921875 0.27656259375 0.6953125 0.27343740625 0.696875 0.27343740625 0.703125 0.2671877828125 0.703125 0.1781251890625 0.7 0.175 0.7 0.17343740624999998 0.6984375 0.1718748109375 0.6984375 0.1703122171875 0.696875 0.1687503765625 0.6953125 0.1687503765625 0.6890625 0.1625 0.6859375 0.1625 0.684375 0.16093740625 0.6828125 0.16093740625 0.678125 0.15625037656250002 0.6765625 0.15625037656250002 0.671875 0.15156259375 0.6703125 0.15156259375 0.66875 0.15 0.665625 0.15 0.659375 0.1437503765625 0.6578125 0.1437503765625 0.65625 0.1421877828125 0.6546875 0.1421877828125 0.653125 0.1406251890625 0.653125 0.13906259375000002 0.6515625 0.13906259375000002 0.65 0.1375 0.6484375 0.1375 0.646875 0.13593740625 0.6453125 0.13593740625 0.6421875 0.1328122171875 0.6265625 0.1328122171875 0.621875 0.1375 0.6203125 0.1375 0.6140625 0.1437503765625 0.6109375 0.1437503765625
35 0.24195000000000003 0.297377828125 0.24038750000000003 0.298940421875 0.238825 0.298940421875 0.23413750000000003 0.30362745156250004 0.2310125 0.30362745156250004 0.22632500000000003 0.308315234375 0.22476250000000003 0.308315234375 0.2232 0.309877828125 0.22163750000000002 0.309877828125 0.22007500000000002 0.311440421875 0.21851250000000003 0.311440421875 0.21382500000000002 0.3161274515625 0.21226250000000002 0.3161274515625 0.20445000000000002 0.323940421875 0.20445000000000002 0.3255030171875 0.20288750000000003 0.32706485625 0.20288750000000003 0.420815234375 0.20445000000000002 0.420815234375 0.20601250000000002 0.422377828125 0.207575 0.422377828125 0.21226250000000002 0.42706485625 0.2153875 0.42706485625 0.22007500000000002 0.4317526390625 0.22163750000000002 0.4317526390625 0.2232 0.433315234375 0.22945000000000002 0.433315234375 0.2310125 0.43487782812500003 0.23257500000000003 0.43487782812500003 0.23413750000000003 0.436440421875 0.23570000000000002 0.436440421875 0.23726250000000002 0.4380030171875 0.238825 0.4380030171875 0.24038750000000003 0.4395656109375 0.2466375 0.4395656109375 0.251325 0.43487782812500003 0.25288750000000004 0.43487782812500003 0.25445 0.433315234375 0.26070000000000004 0.433315234375 0.2622625 0.4317526390625 0.2732 0.4317526390625 0.2747625 0.433315234375 0.27945000000000003 0.433315234375 0.2810125 0.43487782812500003 0.28413750000000004 0.43487782812500003 0.28726250000000003 0.4380030171875 0.288825 0.4380030171875 0.2903875 0.4395656109375 0.29195000000000004 0.4395656109375 0.2935125 0.4380030171875 0.2982 0.4380030171875 0.301325 0.43487782812500003 0.30445 0.43487782812500003 0.3060125 0.433315234375 0.3122625 0.433315234375 0.313825 0.4317526390625 0.31538750000000004 0.4317526390625 0.320075 0.42706485625 0.3216375 0.42706485625 0.32632500000000003 0.422377828125 0.3278875 0.422377828125 0.32945 0.420815234375 0.32945 0.4192526390625 0.33413750000000003 0.41456485625 0.33413750000000003 0.334877828125 0.33101250000000004 0.33175263906249997 0.33101250000000004 0.3301900453125 0.32945 0.3301900453125 0.32632500000000003 0.32706485625 0.3247625 0.32706485625 0.32320000000000004 0.3255030171875 0.32320000000000004 0.323940421875 0.3216375 0.323940421875 0.320075 0.322377828125 0.31712236875 0.3170837109375 0.2657657890625 0.28592609375 0.25445 0.295815234375 0.25288750000000004 0.2942526390625 0.251325 0.295815234375 0.24820000000000003 0.295815234375 0.2466375 0.297377828125 0.24195000000000003 0.297377828125
35 0.46875 0.7312503765625 0.4671875 0.7328122171875 0.4671875 0.7343748109375 0.4625 0.73906259375 0.4609375 0.73906259375 0.45625 0.7437503765625 0.4546875 0.7437503765625 0.453125 0.7453122171875 0.4515625 0.7453122171875 0.45 0.7468748109375001 0.4484375 0.7468748109375001 0.446875 0.74843740625 0.44375 0.74843740625 0.4421875 0.75 0.4390625 0.75 0.434375 0.7546877828125 0.4328125 0.7546877828125 0.43125 0.7562503765625 0.4296875 0.7562503765625 0.428125 0.7578122171875 0.4265625 0.7578122171875 0.4265625 0.7593748109375 0.421875 0.7640625937500001 0.421875 0.8531251890625 0.4234375 0.8531251890625 0.4265625 0.8562503765624999 0.428125 0.8562503765624999 0.4328125 0.86093740625 0.434375 0.86093740625 0.4390625 0.8656251890625001 0.440625 0.8656251890625001 0.4421875 0.8671877828125 0.44375 0.8671877828125 0.4453125 0.8687503765625 0.446875 0.8687503765625 0.4515625 0.8734374062500001 0.453125 0.8734374062500001 0.4578125 0.8781251890625 0.459375 0.8781251890625 0.4609375 0.8796877828125 0.4625 0.8796877828125 0.4640625 0.8812503765624999 0.465625 0.8812503765624999 0.4703125 0.8859374062500001 0.471875 0.8859374062500001 0.478125 0.8921877828125 0.4828125 0.8921877828125 0.484375 0.8937503765624999 0.490625 0.8937503765624999 0.4921875 0.8921877828125 0.4953125 0.8921877828125 0.496875 0.8906251890625001 0.4984375 0.8906251890625001 0.503125 0.8859374062500001 0.5046875 0.8859374062500001 0.5078125 0.8828122171875 0.509375 0.8828122171875 0.5125 0.8796877828125 0.5140625 0.8796877828125 0.515625 0.8781251890625 0.5171875 0.8781251890625 0.521875 0.8734374062500001 0.525 0.8734374062500001 0.5265625 0.8718748109375 0.528125 0.8718748109375 0.5328125 0.8671877828125 0.5359375 0.8671877828125 0.5375 0.8656251890625001 0.5390625 0.8656251890625001 0.54375 0.86093740625 0.546875 0.86093740625 0.5546875 0.8531251890625 0.5546875 0.7984374062499999 0.55625 0.7968748109375 0.55625 0.7937503765625 0.5546875 0.7921877828125 0.5546875 0.7703122171875 0.553125 0.7687503765625 0.553125 0.7656251890625 0.5453125 0.7578122171875 0.5421875 0.7578122171875 0.540625 0.7562503765625 0.5375 0.7562503765625 0.5359375 0.7546877828125 0.534375 0.7546877828125 0.5328125 0.7531251890624999 0.53125 0.7531251890624999 0.5296875 0.7546877828125 0.5265625 0.7546877828125 0.525 0.7531251890624999 0.521875 0.7531251890624999 0.5203125 0.75156259375 0.51875 0.75156259375 0.5171875 0.75 0.515625 0.75 0.5125 0.7468748109375001 0.5125 0.7453122171875 0.5109375 0.7437503765625 0.5109375 0.73906259375 0.5046875 0.7328122171875 0.5046875 0.7312503765625 0.503125 0.7312503765625 0.49375 0.7218748109375 0.4921875 0.7218748109375 0.490625 0.7203122171875 0.4828125 0.7203122171875 0.4796875 0.72343740625 0.478125 0.72343740625 0.4703125 0.7312503765625 0.46875 0.7312503765625
17 0.6640625 0.59843740625 0.6625 0.59843740625 0.6609375 0.6 0.659375 0.6 0.6515625 0.6078122171875 0.65 0.6078122171875 0.6453125 0.6125 0.6453125 0.61406259375 0.64375 0.6156251890625 0.64375 0.6734374062499999 0.6453125 0.675 0.6453125 0.67656259375 0.65 0.6812503765625 0.65 0.6828122171875 0.6515625 0.6843748109375001 0.6515625 0.68593740625 0.653125 0.68593740625 0.6546875 0.6875 0.6546875 0.68906259375 0.65625 0.6906251890624999 0.65625 0.7015625937500001 0.6578125 0.7031251890625 0.6578125 0.7046877828125 0.6609375 0.7078122171875 0.6609375 0.7093748109375 0.6625 0.71093740625 0.6625 0.71406259375 0.671875 0.72343740625 0.6765625 0.72343740625 0.678125 0.725 0.6828125 0.725 0.6875 0.7296877828125 0.6890625 0.7296877828125 0.690625 0.7312503765625 0.6921875 0.7312503765625 0.6953125 0.7343748109375 0.696875 0.7343748109375 0.7 0.7375 0.7015625 0.7375 0.70625 0.7421877828125 0.7109375 0.7421877828125 0.7125 0.7437503765625 0.715625 0.7437503765625 0.7171875 0.7421877828125 0.721875 0.7421877828125 0.7265625 0.7375 0.728125 0.7375 0.7296875 0.7359374062499999 0.73125 0.7359374062499999 0.7328125 0.7343748109375 0.734375 0.7343748109375 0.7390625 0.7296877828125 0.740625 0.7296877828125 0.7421875 0.7281251890625 0.74375 0.7281251890625 0.746875 0.725 0.7484375 0.725 0.75 0.72343740625 0.753125 0.72343740625 0.759375 0.7171877828125 0.7625 0.7171877828125 0.7640625 0.7156251890625 0.765625 0.7156251890625 0.7703125 0.71093740625 0.771875 0.71093740625 0.7734375 0.7093748109375 0.7734375 0.7078122171875 0.775 0.7062503765625 0.775 0.7046877828125 0.7765625 0.7031251890625 0.7765625 0.61406259375 0.7734375 0.6109374062499999 0.7734375 0.6093748109375 0.7703125 0.6062503765625 0.7671875 0.6046877828125 0.765625 0.6046877828125 0.7609375 0.6 0.759375 0.6 0.7578125 0.59843740625 0.75625 0.59843740625 0.7546875 0.5968748109375 0.75 0.5937503765625001 0.7484375 0.5921877828125 0.746875 0.5921877828125 0.7421875 0.5875 0.7102657890625 0.5716297140625 0.675 0.5921877828125 0.6734375 0.5921877828125 0.671875 0.5937503765625001 0.66875 0.5937503765625001 0.6640625 0.59843740625
0 0.253125 0.5875 0.2515625 0.58906259375 0.25 0.58906259375 0.246875 0.5921877828125 0.240625 0.5921877828125 0.2390625 0.5937503765625001 0.2359375 0.5937503765625001 0.234375 0.5953122171875 0.2328125 0.5953122171875 0.228125 0.6 0.2265625 0.6 0.225 0.60156259375 0.225 0.6031251890625 0.2203125 0.6078122171875 0.2203125 0.6093748109375 0.21875 0.6109374062499999 0.21875 0.6171877828125 0.2171875 0.6187503765625 0.2171875 0.6203122171875 0.20625 0.6312503765625 0.20625 0.6328122171875 0.2046875 0.6343748109375 0.2046875 0.63593740625 0.203125 0.6375 0.203125 0.7062503765625 0.2140625 0.7171877828125 0.2171875 0.7171877828125 0.221875 0.7218748109375 0.2234375 0.7218748109375 0.225 0.72343740625 0.228125 0.72343740625 0.23125 0.72656259375 0.23125 0.7281251890625 0.2328125 0.7281251890625 0.234375 0.7296877828125 0.2359375 0.7296877828125 0.2390625 0.7328122171875 0.240625 0.7328122171875 0.24375 0.7359374062499999 0.2453125 0.7359374062499999 0.2515625 0.7421877828125 0.253125 0.7421877828125 0.2546875 0.7437503765625 0.25625 0.7437503765625 0.259375 0.7468748109375001 0.2625 0.7468748109375001 0.2640625 0.74843740625 0.271875 0.74843740625 0.2765625 0.7437503765625 0.278125 0.7437503765625 0.2796875 0.7421877828125 0.28125 0.7421877828125 0.2828125 0.7406251890625 0.284375 0.7406251890625 0.2890625 0.7359374062499999 0.290625 0.7359374062499999 0.2921875 0.7343748109375 0.29375 0.7343748109375 0.2984375 0.7296877828125 0.3 0.7296877828125 0.303125 0.72656259375 0.303125 0.725 0.3046875 0.72343740625 0.3046875 0.7203122171875 0.30625 0.7187503765625001 0.30625 0.71093740625 0.3078125 0.7093748109375 0.3078125 0.6968748109375 0.309375 0.6953122171875 0.309375 0.6921877828125 0.3109375 0.6906251890624999 0.3109375 0.6828122171875 0.3140625 0.6796877828125 0.315625 0.6796877828125 0.3171875 0.6781251890625 0.3171875 0.67656259375 0.3203125 0.6734374062499999 0.321875 0.6734374062499999 0.3234375 0.6718748109375 0.3234375 0.6703122171875 0.3265625 0.6671877828125 0.328125 0.6671877828125 0.3296875 0.6656251890625 0.3296875 0.6546877828125 0.33125 0.6531251890625 0.33125 0.6421877828125 0.3296875 0.6406251890625 0.3296875 0.6171877828125 0.328125 0.6156251890625 0.328125 0.61406259375 0.321875 0.6078122171875 0.31875 0.6078122171875 0.3171875 0.6062503765625 0.3140625 0.6062503765625 0.309375 0.60156259375 0.3078125 0.60156259375 0.30625 0.6 0.303125 0.6 0.2953125 0.5921877828125 0.29375 0.5921877828125 0.290625 0.58906259375 0.2890625 0.58906259375 0.2875 0.5875 0.284375 0.5875 0.2828125 0.58593740625 0.28125 0.58593740625 0.278125 0.5828122171875 0.275 0.5828122171875 0.2734375 0.5812503765625 0.2625 0.5812503765625 0.2609375 0.5828122171875 0.259375 0.5828122171875 0.2546875 0.5875 0.253125 0.5875
36 0.171875 0.4406251890625 0.16875 0.44375037656250005 0.1671875 0.44375037656250005 0.165625 0.4453122171875 0.1640625 0.4453122171875 0.159375 0.45 0.1578125 0.45 0.15625 0.45156259375 0.1546875 0.45156259375 0.1515625 0.4546877828125 0.15 0.4546877828125 0.1484375 0.4562503765625 0.146875 0.4562503765625 0.1453125 0.4578122171875 0.14375 0.4578122171875 0.1390625 0.4625 0.1375 0.4625 0.1359375 0.46406259375000003 0.134375 0.46406259375000003 0.1328125 0.46562518906249994 0.1328125 0.4671877828125 0.13125 0.4687503765625 0.13125 0.4703122171875 0.128125 0.47343740624999997 0.128125 0.5625 0.1296875 0.5625 0.134375 0.5671877828125 0.1390625 0.5671877828125 0.1453125 0.57343740625 0.1484375 0.57343740625 0.15 0.575 0.1515625 0.575 0.1546875 0.5781251890625 0.15625 0.5781251890625 0.1578125 0.5796877828125 0.1625 0.5796877828125 0.1640625 0.5812503765625 0.1671875 0.5812503765625 0.16875 0.5828122171875 0.171875 0.5828122171875 0.1734375 0.5812503765625 0.175 0.5812503765625 0.1765625 0.5796877828125 0.178125 0.5796877828125 0.184375 0.57343740625 0.2015625 0.57343740625 0.203125 0.575 0.2046875 0.575 0.20625 0.5765625937500001 0.20625 0.5781251890625 0.2078125 0.5781251890625 0.209375 0.5796877828125 0.221875 0.5796877828125 0.2265625 0.575 0.228125 0.575 0.2296875 0.57343740625 0.2359375 0.57343740625 0.2375 0.5718748109375 0.240625 0.5718748109375 0.2453125 0.5671877828125 0.246875 0.5671877828125 0.253125 0.56093740625 0.25625 0.56093740625 0.259375 0.5578122171875 0.259375 0.48906259375000005 0.2546875 0.4843748109375 0.2546875 0.4828122171875 0.253125 0.4812503765625 0.2515625 0.4812503765625 0.2484375 0.47812518906249996 0.2484375 0.47656259375000004 0.246875 0.475 0.2453125 0.475 0.2421875 0.47187481093750006 0.2421875 0.4625 0.240625 0.46093740624999996 0.240625 0.45937481093750004 0.2390625 0.4578122171875 0.2375 0.4578122171875 0.2359375 0.4562503765625 0.234375 0.4562503765625 0.2328125 0.4546877828125 0.23125 0.4546877828125 0.228125 0.45156259375 0.2265625 0.45156259375 0.225 0.45 0.2234375 0.45 0.21875 0.4453122171875 0.2171875 0.4453122171875 0.215625 0.44375037656250005 0.2140625 0.44375037656250005 0.2125 0.4421877828125 0.2109375 0.4421877828125 0.20625 0.4375 0.203125 0.4375 0.1984375 0.4328122171875 0.196875 0.4328122171875 0.1953125 0.43125037656250004 0.184375 0.43125037656250004 0.178125 0.4375 0.1765625 0.4375 0.1734375 0.4406251890625 0.171875 0.4406251890625
36 0.328125 0.1421877828125 0.3265625 0.1437503765625 0.325 0.1437503765625 0.3234375 0.1453122171875 0.321875 0.1453122171875 0.3171875 0.15 0.315625 0.15 0.309375 0.15625037656250002 0.30625 0.15625037656250002 0.3046875 0.1578122171875 0.303125 0.1578122171875 0.3 0.16093740625 0.2984375 0.16093740625 0.296875 0.1625 0.2953125 0.1625 0.2890625 0.1687503765625 0.2875 0.1687503765625 0.284375 0.1718748109375 0.2828125 0.1718748109375 0.2828125 0.17343740624999998 0.2765625 0.1796877828125 0.2765625 0.2703122171875 0.28125 0.275 0.28125 0.27656259375 0.284375 0.2796877828125 0.2875 0.2796877828125 0.2890625 0.28125037656249996 0.290625 0.28125037656249996 0.2953125 0.28593740625 0.3015625 0.28593740625 0.30625 0.2906251890625 0.3078125 0.2906251890625 0.309375 0.2921877828125 0.3125 0.2921877828125 0.3171875 0.2968748109375 0.31875 0.2968748109375 0.3203125 0.29843740625000004 0.321875 0.29843740625000004 0.3234375 0.3 0.325 0.3 0.328125 0.3031251890625 0.3296875 0.3031251890625 0.33125 0.3046877828125 0.3375 0.3046877828125 0.3390625 0.3062503765625 0.3421875 0.3062503765625 0.34375 0.3046877828125 0.3515625 0.3046877828125 0.353125 0.3031251890625 0.3546875 0.3031251890625 0.3546875 0.30156259375 0.35625 0.3 0.3578125 0.3 0.359375 0.29843740625000004 0.3625 0.29843740625000004 0.3640625 0.2968748109375 0.365625 0.2968748109375 0.3703125 0.2921877828125 0.371875 0.2921877828125 0.378125 0.28593740625 0.384375 0.28593740625 0.3890625 0.28125037656249996 0.390625 0.28125037656249996 0.3921875 0.2796877828125 0.3953125 0.2796877828125 0.4015625 0.27343740625 0.403125 0.27343740625 0.4046875 0.2718748109375 0.4046875 0.2703122171875 0.4109375 0.26406259374999996 0.4109375 0.19218778281249999 0.409375 0.19062518906249998 0.409375 0.1875 0.4078125 0.18593740625 0.4078125 0.18437481093750002 0.40625 0.18281221718750001 0.40625 0.1812503765625 0.4046875 0.1796877828125 0.4046875 0.1781251890625 0.4015625 0.175 0.4 0.175 0.3984375 0.17343740624999998 0.396875 0.17343740624999998 0.3921875 0.1687503765625 0.3890625 0.1687503765625 0.384375 0.16406259375 0.3828125 0.16406259375 0.38125 0.1625 0.378125 0.1625 0.3765625 0.16093740625 0.375 0.16093740625 0.371875 0.1578122171875 0.3703125 0.1578122171875 0.36875 0.15625037656250002 0.3671875 0.15625037656250002 0.3625 0.15156259375 0.3609375 0.15156259375 0.3578125 0.14843740625 0.35625 0.14843740625 0.3515625 0.1437503765625 0.35 0.1437503765625 0.3484375 0.1421877828125 0.346875 0.1421877828125 0.34375 0.13906259375000002 0.3421875 0.13906259375000002 0.340625 0.1375 0.3375 0.1375 0.3359375 0.13906259375000002 0.3328125 0.13906259375000002 0.3296875 0.1421877828125 0.328125 0.1421877828125
37 0.585978946875 0.4597730015625 0.5864894734375 0.4682549015625 0.5802394734375 0.47450452500000007 0.5802394734375 0.47606711874999996 0.5755519734375001 0.4807549015625 0.5739894734375001 0.4807549015625 0.5739894734375001 0.48231749687500003 0.5708644734375 0.485442684375 0.5693019734375 0.485442684375 0.5693019734375 0.487004525 0.5677394734375001 0.48856711875 0.5677394734375001 0.558880090625 0.5693019734375 0.560442684375 0.5693019734375 0.5620045250000001 0.5911769734375001 0.5776297140625 0.5927394734375 0.5791923078125001 0.5958644734375 0.5791923078125001 0.6005519734375 0.583880090625 0.6036769734375 0.583880090625 0.6052394734375001 0.585442684375 0.6068019734375001 0.585442684375 0.6099269734375 0.58856711875 0.6114894734375 0.58856711875 0.6130519734375001 0.5901297140625 0.6146144734375001 0.5901297140625 0.6193019734375 0.594817496875 0.6208644734375001 0.594817496875 0.6224269734375001 0.5963800906250001 0.6255519734375 0.5963800906250001 0.6271144734375 0.597942684375 0.6411769734375 0.597942684375 0.6427394734375 0.5963800906250001 0.6458644734375001 0.5963800906250001 0.6474269734375 0.594817496875 0.6489894734375 0.594817496875 0.6521144734375001 0.5916923078125 0.6552394734375 0.5916923078125 0.6568019734375 0.5901297140625 0.6583644734375 0.5901297140625 0.6630519734375 0.585442684375 0.6646144734375 0.585442684375 0.6661769734375 0.583880090625 0.6677394734375001 0.583880090625 0.6724269734375 0.5791923078125001 0.6739894734375 0.5791923078125001 0.6755519734375001 0.5776297140625 0.6771144734375001 0.5776297140625 0.6786769734375 0.5760671187499999 0.6802394734375 0.5760671187499999 0.6833644734375001 0.572942684375 0.6849269734375001 0.572942684375 0.6864894734375 0.5713800906250001 0.6896144734375 0.5713800906250001 0.6943019734375 0.5666923078125 0.6958644734375 0.5666923078125 0.7021144734375 0.560442684375 0.7021144734375 0.558880090625 0.7036769734375 0.557317496875 0.7036769734375 0.487004525 0.7021144734375 0.485442684375 0.7005519734375001 0.485442684375 0.6943019734375 0.47919230781250005 0.6927394734375001 0.47919230781250005 0.6911769734375001 0.4776297140625 0.6896144734375 0.4776297140625 0.6864894734375 0.47450452500000007 0.6864894734375 0.472942684375 0.6849269734375001 0.471380090625 0.6849269734375001 0.4620052796875 0.6833644734375001 0.46044268437499997 0.6833644734375001 0.458880090625 0.6818019734375 0.457317496875 0.6818019734375 0.4557549015625 0.6802394734375 0.4557549015625 0.6739894734375 0.4495052796875 0.6724269734375 0.4495052796875 0.6708644734375 0.44794268437499996 0.6630519734375 0.44794268437499996 0.6614894734375001 0.44638009062500006 0.638773684375 0.42993740625 0.6161769734375 0.44325490156249997 0.6146144734375001 0.44325490156249997 0.6130519734375001 0.4416923078125 0.6114894734375 0.44325490156249997 0.585978946875 0.4597730015625
17 0.309375 0.7375 0.303125 0.7437503765625 0.3 0.7437503765625 0.296875 0.7468748109375001 0.2953125 0.7468748109375001 0.2921875 0.75 0.290625 0.75 0.2859375 0.7546877828125 0.284375 0.7546877828125 0.275 0.7640625937500001 0.275 0.8531251890625 0.2765625 0.8546877828125 0.278125 0.8546877828125 0.2828125 0.8593748109374999 0.284375 0.8593748109374999 0.2859375 0.86093740625 0.2890625 0.86093740625 0.2953125 0.8671877828125 0.296875 0.8671877828125 0.2984375 0.8687503765625 0.3 0.8687503765625 0.303125 0.8718748109375 0.3046875 0.8718748109375 0.30625 0.8734374062500001 0.3078125 0.8734374062500001 0.3140625 0.8796877828125 0.3171875 0.8796877828125 0.3234375 0.8859374062500001 0.325 0.8859374062500001 0.3296875 0.8906251890625001 0.33125 0.8906251890625001 0.3328125 0.8921877828125 0.334375 0.8921877828125 0.3359375 0.8937503765624999 0.34375 0.8937503765624999 0.3453125 0.8921877828125 0.35 0.8921877828125 0.3515625 0.8906251890625001 0.353125 0.8906251890625001 0.3578125 0.8859374062500001 0.359375 0.8859374062500001 0.365625 0.8796877828125 0.3671875 0.8796877828125 0.36875 0.8781251890625 0.3703125 0.8781251890625 0.375 0.8734374062500001 0.3765625 0.8734374062500001 0.38125 0.8687503765625 0.3828125 0.8687503765625 0.384375 0.8671877828125 0.3875 0.8671877828125 0.39375 0.86093740625 0.3953125 0.86093740625 0.4015625 0.8546877828125 0.403125 0.8546877828125 0.40625 0.85156259375 0.40625 0.85 0.409375 0.8468748109374999 0.409375 0.7828122171875 0.4078125 0.7812503765625001 0.4078125 0.7781251890625 0.40625 0.77656259375 0.40625 0.7656251890625 0.4046875 0.7640625937500001 0.4046875 0.7625 0.3984375 0.7562503765625 0.396875 0.7562503765625 0.390625 0.75 0.3890625 0.75 0.3828125 0.7437503765625 0.38125 0.7437503765625 0.3703125 0.7328122171875 0.36875 0.7328122171875 0.3671875 0.7312503765625 0.3203125 0.7312503765625 0.315625 0.7359374062499999 0.3125 0.7359374062499999 0.3109375 0.7375 0.309375 0.7375
17 0.5337717109375 0.5932978890625 0.528891446875 0.5958657609375 0.523616446875 0.5999841625 0.523616446875 0.6031093515625 0.5220539468750001 0.6046719453125 0.5220539468750001 0.61092156875 0.520491446875 0.6124841625 0.520491446875 0.6171719453125 0.518928946875 0.6187337859375 0.518928946875 0.62342156875 0.507991446875 0.6343589749999999 0.5064289468750001 0.6343589749999999 0.501741446875 0.6390467578125001 0.49705394687500004 0.6390467578125001 0.49705394687500004 0.7077963796875 0.503303946875 0.7140467578125 0.504866446875 0.7140467578125 0.5064289468750001 0.7156093515624999 0.5064289468750001 0.7171719453125001 0.507991446875 0.7171719453125001 0.509553946875 0.7187337859375 0.511116446875 0.7187337859375 0.512678946875 0.7202963796875 0.5142414468750001 0.7202963796875 0.517366446875 0.72342156875 0.518928946875 0.72342156875 0.520491446875 0.7249841625 0.5220539468750001 0.7249841625 0.526741446875 0.7296719453125 0.528303946875 0.7296719453125 0.5298664468750001 0.7312337859375 0.532991446875 0.7312337859375 0.539241446875 0.7374841625 0.542366446875 0.7374841625 0.5454914468750001 0.7406093515625 0.547053946875 0.7406093515625 0.550178946875 0.7437337859375 0.554866446875 0.7437337859375 0.556428946875 0.7452963796875001 0.559553946875 0.7452963796875001 0.5611164468750001 0.7437337859375 0.564241446875 0.7437337859375 0.565803946875 0.7421719453125 0.567366446875 0.7421719453125 0.570491446875 0.7390467578125001 0.572053946875 0.7390467578125001 0.573616446875 0.7374841625 0.5767414468750001 0.7374841625 0.578303946875 0.73592156875 0.579866446875 0.73592156875 0.579866446875 0.7343589749999999 0.581428946875 0.7327963796875 0.582991446875 0.7327963796875 0.5845539468750001 0.7312337859375 0.586116446875 0.7312337859375 0.587678946875 0.7296719453125 0.589241446875 0.7296719453125 0.5923664468750001 0.7265467578125 0.593928946875 0.7265467578125 0.595491446875 0.7249841625 0.597053946875 0.7249841625 0.598616446875 0.72342156875 0.6001789468750001 0.72342156875 0.604866446875 0.7187337859375 0.606428946875 0.7187337859375 0.609553946875 0.7156093515624999 0.609553946875 0.7140467578125 0.611116446875 0.7124841625 0.611116446875 0.7015467578125001 0.612678946875 0.6999841625000001 0.612678946875 0.6968589749999999 0.617366446875 0.6921719453125 0.617366446875 0.6874841625 0.618928946875 0.68592156875 0.618928946875 0.684358975 0.6236164468750001 0.6796719453125 0.6236164468750001 0.6781093515625 0.629866446875 0.6718589749999999 0.629866446875 0.6187337859375 0.628303946875 0.6171719453125 0.628303946875 0.6156093515625 0.620491446875 0.6077963796875 0.618928946875 0.6077963796875 0.617366446875 0.6062337859375 0.6158039468750001 0.6062337859375 0.611116446875 0.6015467578125 0.6079914468750001 0.6015467578125 0.601741446875 0.5952963796875 0.6001789468750001 0.5952963796875 0.598616446875 0.5937337859375 0.597053946875 0.5937337859375 0.5639059203125 0.5772797890625 0.5554934203124999 0.5820859734375 0.5489822375 0.587960784375 0.5420585531250001 0.5889509796875 0.5337717109375 0.5932978890625
6 0.384375 0.3 0.378125 0.3062503765625 0.3765625 0.3062503765625 0.375 0.3078122171875 0.3734375 0.3078122171875 0.3703125 0.31093740625 0.36875 0.31093740625 0.3671875 0.3125 0.365625 0.3125 0.3609375 0.3171877828125 0.359375 0.3171877828125 0.3578125 0.3187503765625 0.35625 0.3187503765625 0.35 0.325 0.3484375 0.325 0.3484375 0.41406259375000004 0.35 0.41562518906249996 0.35 0.4171877828125 0.3515625 0.4187503765625 0.353125 0.4187503765625 0.3578125 0.42343740625 0.359375 0.42343740625 0.3640625 0.42812518906249997 0.3671875 0.42812518906249997 0.36875 0.4296877828125 0.371875 0.4296877828125 0.3765625 0.4343748109375 0.378125 0.4343748109375 0.3796875 0.43593740625 0.3828125 0.43593740625 0.384375 0.4375 0.3859375 0.4375 0.3875 0.43906259375 0.3875 0.4406251890625 0.3890625 0.4406251890625 0.390625 0.4421877828125 0.39375 0.4421877828125 0.3984375 0.44687481093750003 0.4 0.44687481093750003 0.403125 0.45 0.4046875 0.45 0.4078125 0.4531251890625 0.409375 0.4531251890625 0.4109375 0.4546877828125 0.4171875 0.4546877828125 0.41875 0.4531251890625 0.421875 0.4531251890625 0.425 0.45 0.4265625 0.45 0.428125 0.44843740624999995 0.4296875 0.44843740624999995 0.43125 0.44687481093750003 0.4328125 0.44687481093750003 0.4359375 0.44375037656250005 0.4375 0.44375037656250005 0.4390625 0.4421877828125 0.440625 0.4421877828125 0.4453125 0.4375 0.446875 0.4375 0.4484375 0.43593740625 0.4515625 0.43593740625 0.4578125 0.4296877828125 0.4609375 0.4296877828125 0.4625 0.42812518906249997 0.4640625 0.42812518906249997 0.46875 0.42343740625 0.4703125 0.42343740625 0.471875 0.4218748109375 0.4734375 0.4218748109375 0.4734375 0.4203122171875 0.475 0.4187503765625 0.4765625 0.4187503765625 0.478125 0.4171877828125 0.478125 0.3421877828125 0.4734375 0.3375 0.471875 0.3375 0.4671875 0.3328122171875 0.4671875 0.3312503765625 0.465625 0.3296877828125 0.465625 0.3281251890625 0.4625 0.325 0.4625 0.3218748109375 0.4609375 0.3203122171875 0.4609375 0.31093740625 0.459375 0.30937481093749997 0.459375 0.3078122171875 0.4578125 0.3078122171875 0.45625 0.3062503765625 0.453125 0.3062503765625 0.4515625 0.3046877828125 0.45 0.3046877828125 0.446875 0.30156259375 0.44375 0.30156259375 0.4421875 0.3 0.4390625 0.3 0.4328125 0.29375037656249997 0.43125 0.29375037656249997 0.4296875 0.2921877828125 0.4296875 0.2906251890625 0.428125 0.28906259375 0.4265625 0.28906259375 0.4234375 0.28593740625 0.421875 0.28593740625 0.4203125 0.2843748109375 0.41875 0.2843748109375 0.4171875 0.2828122171875 0.4046875 0.2828122171875 0.403125 0.2843748109375 0.4015625 0.2843748109375 0.3859375 0.3 0.384375 0.3
37 0.30209342031249997 0.4600241328125 0.2974059203125 0.46471191562499997 0.2958434203125 0.46471191562499997 0.29428092031249997 0.466274509375 0.29428092031249997 0.47096153906250005 0.2927184203125 0.47252413281249994 0.2927184203125 0.4740867265625 0.2880309203125 0.478774509375 0.2880309203125 0.4803371046875 0.2849059203125 0.4834615390625 0.2833434203125 0.4834615390625 0.2817809203125 0.48502413281249995 0.2817809203125 0.48814932187500004 0.2802184203125 0.48971191562499994 0.2802184203125 0.491274509375 0.27865592031249997 0.4928371046875 0.27865592031249997 0.563149321875 0.2802184203125 0.563149321875 0.2817809203125 0.564711915625 0.2817809203125 0.566274509375 0.2833434203125 0.5678371046875 0.2849059203125 0.5678371046875 0.28646842031249997 0.56939894375 0.2895934203125 0.56939894375 0.2958434203125 0.5756493218750001 0.3005309203125 0.5756493218750001 0.30209342031249997 0.577211915625 0.3036559203125 0.577211915625 0.3067809203125 0.5803371046875 0.3083434203125 0.5803371046875 0.30990592031249997 0.58189894375 0.3130309203125 0.58189894375 0.3145934203125 0.5834615390625 0.3161559203125 0.5834615390625 0.3208434203125 0.588149321875 0.3224059203125 0.588149321875 0.3270934203125 0.5928371046875001 0.3286559203125 0.5928371046875001 0.3302184203125 0.59439894375 0.3317809203125 0.59439894375 0.33334342031249997 0.5959615390625 0.3364684203125 0.5959615390625 0.3395934203125 0.5990867265625 0.3474059203125 0.5990867265625 0.3520934203125 0.59439894375 0.3536559203125 0.59439894375 0.3552184203125 0.5928371046875001 0.35678092031249997 0.5928371046875001 0.3599059203125 0.5897119156249999 0.3614684203125 0.5897119156249999 0.3630309203125 0.588149321875 0.36459342031249997 0.588149321875 0.3708434203125 0.58189894375 0.37240592031249997 0.58189894375 0.3739684203125 0.5803371046875 0.3755309203125 0.5803371046875 0.3786559203125 0.577211915625 0.38021842031249997 0.577211915625 0.3817809203125 0.5756493218750001 0.3849059203125 0.5756493218750001 0.3864684203125 0.5740867265625 0.38803092031249997 0.5740867265625 0.3911559203125 0.5709615390625 0.3927184203125 0.5709615390625 0.3942809203125 0.56939894375 0.3974059203125 0.56939894375 0.4020934203125 0.564711915625 0.40365592031249997 0.564711915625 0.4099059203125 0.5584615390625001 0.4099059203125 0.4803371046875 0.4067809203125 0.477211915625 0.4067809203125 0.47564932187500003 0.4052184203125 0.4740867265625 0.4052184203125 0.47252413281249994 0.40365592031249997 0.47096153906250005 0.4020934203125 0.47096153906250005 0.3974059203125 0.466274509375 0.39584342031249997 0.466274509375 0.3942809203125 0.46471191562499997 0.3911559203125 0.46471191562499997 0.3895934203125 0.463149321875 0.3864684203125 0.463149321875 0.3849059203125 0.4615867265625 0.3429282890625 0.43228582187500003 0.3083434203125 0.45689894375 0.3067809203125 0.45846153906250003 0.3052184203125 0.45846153906250003 0.3036559203125 0.4600241328125 0.30209342031249997 0.4600241328125
32 0.1765625 0.5812503765625 0.175 0.5828122171875 0.175 0.5875 0.1734375 0.58906259375 0.1734375 0.62343740625 0.178125 0.6281251890624999 0.20625 0.6281251890624999 0.2109375 0.62343740625 0.2125 0.62343740625 0.215625 0.6203122171875 0.215625 0.6187503765625 0.2171875 0.6171877828125 0.2171875 0.58906259375 0.2109375 0.5828122171875 0.2109375 0.5796877828125 0.20625 0.575 0.1828125 0.575 0.1796875 0.5781251890625 0.1796875 0.5796877828125 0.178125 0.5812503765625 0.1765625 0.5812503765625
37 0.778125 0.4406251890625 0.7765625 0.4406251890625 0.7734375 0.44375037656250005 0.771875 0.44375037656250005 0.7703125 0.4453122171875 0.7671875 0.4453122171875 0.765625 0.44687481093750003 0.7625 0.44687481093750003 0.7609375 0.44843740624999995 0.7515625 0.44843740624999995 0.75 0.45 0.7484375 0.45 0.746875 0.45156259375 0.74375 0.45156259375 0.740625 0.4546877828125 0.7390625 0.4546877828125 0.7359375 0.4578122171875 0.734375 0.4578122171875 0.7328125 0.45937481093750004 0.7328125 0.4625 0.73125 0.46406259375000003 0.73125 0.47187481093750006 0.715625 0.4875 0.715625 0.56093740625 0.71875 0.56406259375 0.71875 0.5656251890624999 0.728125 0.575 0.7296875 0.575 0.73125 0.5765625937500001 0.7328125 0.5765625937500001 0.734375 0.5781251890625 0.7359375 0.5781251890625 0.7375 0.5796877828125 0.740625 0.5796877828125 0.7421875 0.5812503765625 0.7453125 0.5812503765625 0.75 0.58593740625 0.7515625 0.58593740625 0.753125 0.5875 0.7546875 0.5875 0.7578125 0.5906251890625 0.759375 0.5906251890625 0.7609375 0.5921877828125 0.7625 0.5921877828125 0.7640625 0.5937503765625001 0.765625 0.5937503765625001 0.7671875 0.5953122171875 0.7671875 0.5968748109375 0.76875 0.59843740625 0.7734375 0.59843740625 0.775 0.6 0.784375 0.6 0.7859375 0.59843740625 0.7890625 0.59843740625 0.79375 0.5937503765625001 0.7953125 0.5937503765625001 0.796875 0.5921877828125 0.7984375 0.5921877828125 0.8 0.5906251890625 0.8015625 0.5906251890625 0.80625 0.58593740625 0.8078125 0.58593740625 0.8140625 0.5796877828125 0.8203125 0.5796877828125 0.821875 0.5781251890625 0.8234375 0.5781251890625 0.8265625 0.575 0.828125 0.575 0.8296875 0.57343740625 0.8328125 0.57343740625 0.8390625 0.5671877828125 0.8421875 0.5671877828125 0.8453125 0.56406259375 0.846875 0.56406259375 0.85 0.56093740625 0.85 0.5468748109375 0.8484375 0.5453122171875 0.85 0.5437503765625 0.85 0.5281251890625 0.8484375 0.52656259375 0.8484375 0.48593740625 0.846875 0.4843748109375 0.846875 0.4828122171875 0.8453125 0.4828122171875 0.8359375 0.47343740624999997 0.8359375 0.4687503765625 0.834375 0.4671877828125 0.834375 0.46406259375000003 0.83125 0.46093740624999996 0.83125 0.45937481093750004 0.8296875 0.4578122171875 0.8296875 0.4531251890625 0.8265625 0.45 0.825 0.45 0.8234375 0.44843740624999995 0.821875 0.44843740624999995 0.81875 0.4453122171875 0.8171875 0.4453122171875 0.815625 0.44375037656250005 0.809375 0.44375037656250005 0.8078125 0.4421877828125 0.80625 0.4421877828125 0.803125 0.43906259375 0.8015625 0.43906259375 0.8 0.4375 0.79375 0.4375 0.7921875 0.43593740625 0.790625 0.43593740625 0.7890625 0.4343748109375 0.7875 0.4343748109375 0.7859375 0.4328122171875 0.7828125 0.4328122171875 0.7828125 0.4343748109375 0.78125 0.43593740625 0.78125 0.4375 0.778125 0.4406251890625
36 0.7046875 0.2968748109375 0.703125 0.29843740625000004 0.7 0.29843740625000004 0.6984375 0.3 0.6953125 0.3 0.6921875 0.2968748109375 0.684375 0.2968748109375 0.6828125 0.29843740625000004 0.68125 0.29843740625000004 0.678125 0.30156259375 0.6734375 0.30156259375 0.671875 0.3031251890625 0.6703125 0.3031251890625 0.66875 0.3046877828125 0.6671875 0.3046877828125 0.665625 0.3062503765625 0.6640625 0.3062503765625 0.6640625 0.3078122171875 0.6625 0.30937481093749997 0.6625 0.3203122171875 0.6609375 0.3218748109375 0.6609375 0.32656259374999996 0.6578125 0.3296877828125 0.6578125 0.3312503765625 0.65625 0.3328122171875 0.65625 0.3343748109375 0.653125 0.3375 0.6515625 0.3375 0.646875 0.3421877828125 0.646875 0.41406259375000004 0.6484375 0.41562518906249996 0.65 0.41562518906249996 0.6515625 0.4171877828125 0.653125 0.4171877828125 0.6578125 0.4218748109375 0.659375 0.4218748109375 0.6609375 0.42343740625 0.665625 0.42343740625 0.6703125 0.42812518906249997 0.671875 0.42812518906249997 0.6734375 0.4296877828125 0.678125 0.4296877828125 0.6796875 0.43125037656250004 0.6875 0.43125037656250004 0.6890625 0.4296877828125 0.7453125 0.4296877828125 0.7515625 0.42343740625 0.7578125 0.42343740625 0.7640625 0.4171877828125 0.7671875 0.4171877828125 0.775 0.40937481093750006 0.775 0.3343748109375 0.7734375 0.3328122171875 0.7734375 0.32656259374999996 0.771875 0.325 0.771875 0.32343740625 0.7671875 0.3187503765625 0.765625 0.3187503765625 0.7640625 0.3171877828125 0.7625 0.3171877828125 0.7609375 0.31562518906250003 0.7609375 0.31406259375 0.759375 0.31406259375 0.7578125 0.3125 0.7546875 0.3125 0.753125 0.31093740625 0.7515625 0.31093740625 0.7484375 0.3078122171875 0.746875 0.3078122171875 0.7453125 0.3062503765625 0.74375 0.3062503765625 0.7421875 0.3046877828125 0.740625 0.3046877828125 0.7375 0.30156259375 0.7359375 0.30156259375 0.734375 0.3 0.7328125 0.3 0.73125 0.29843740625000004 0.7296875 0.29843740625000004 0.7265625 0.2953122171875 0.725 0.2953122171875 0.7234375 0.29375037656249997 0.7140625 0.29375037656249997 0.7125 0.2953122171875 0.709375 0.2953122171875 0.7078125 0.2968748109375 0.7046875 0.2968748109375
31 0.55 0.4328122171875 0.55 0.4343748109375 0.546875 0.4375 0.5453125 0.4375 0.54375 0.43906259375 0.54375 0.44375037656250005 0.5421875 0.4453122171875 0.5421875 0.44843740624999995 0.540625 0.45 0.540625 0.47343740624999997 0.54375 0.47656259375000004 0.54375 0.47812518906249996 0.5453125 0.4796877828125 0.5546875 0.4796877828125 0.55625 0.4812503765625 0.5734375 0.4812503765625 0.575 0.4796877828125 0.578125 0.4796877828125 0.5796875 0.47812518906249996 0.5796875 0.47656259375000004 0.584375 0.47187481093750006 0.584375 0.4562503765625 0.5796875 0.45156259375 0.5796875 0.43906259375 0.5734375 0.4328122171875 0.5734375 0.43125037656250004 0.571875 0.4296877828125 0.571875 0.42812518906249997 0.5546875 0.42812518906249997 0.553125 0.4296877828125 0.5515625 0.4296877828125 0.5515625 0.43125037656250004 0.55 0.4328122171875
0 0.4 0.5828122171875 0.396875 0.58593740625 0.3953125 0.58593740625 0.39375 0.5875 0.390625 0.5875 0.384375 0.5937503765625001 0.3828125 0.5937503765625001 0.38125 0.5953122171875 0.3796875 0.5953122171875 0.3765625 0.59843740625 0.375 0.59843740625 0.371875 0.60156259375 0.3703125 0.60156259375 0.365625 0.6062503765625 0.3625 0.6062503765625 0.3609375 0.6078122171875 0.359375 0.6078122171875 0.353125 0.61406259375 0.353125 0.6812503765625 0.3546875 0.6828122171875 0.3546875 0.6843748109375001 0.35625 0.68593740625 0.35625 0.6906251890624999 0.3578125 0.6921877828125 0.3609375 0.6921877828125 0.3625 0.6937503765625 0.3640625 0.6937503765625 0.36875 0.69843740625 0.371875 0.69843740625 0.375 0.7015625937500001 0.375 0.7171877828125 0.3765625 0.7187503765625001 0.3765625 0.7203122171875 0.3796875 0.72343740625 0.3796875 0.725 0.38125 0.72656259375 0.38125 0.7281251890625 0.3828125 0.7296877828125 0.384375 0.7296877828125 0.390625 0.7359374062499999 0.3921875 0.7359374062499999 0.39375 0.7375 0.3953125 0.7375 0.3984375 0.7406251890625 0.4 0.7406251890625 0.4015625 0.7421877828125 0.403125 0.7421877828125 0.4078125 0.7468748109375001 0.4234375 0.7468748109375001 0.4265625 0.7437503765625 0.428125 0.7437503765625 0.4296875 0.7421877828125 0.4328125 0.7421877828125 0.4375 0.7375 0.4390625 0.7375 0.440625 0.7359374062499999 0.4421875 0.7359374062499999 0.446875 0.7312503765625 0.4484375 0.7312503765625 0.45 0.7296877828125 0.4515625 0.7296877828125 0.453125 0.7281251890625 0.4546875 0.7281251890625 0.459375 0.72343740625 0.4640625 0.72343740625 0.4703125 0.7171877828125 0.471875 0.7171877828125 0.4796875 0.7093748109375 0.4796875 0.6406251890625 0.471875 0.6328122171875 0.4703125 0.6328122171875 0.46875 0.6312503765625 0.4671875 0.6312503765625 0.465625 0.6296877828125 0.4640625 0.6296877828125 0.4609375 0.62656259375 0.4609375 0.625 0.459375 0.62343740625 0.459375 0.6218748109375001 0.45625 0.6187503765625 0.45625 0.6171877828125 0.4546875 0.6156251890625 0.4546875 0.6078122171875 0.453125 0.6062503765625 0.453125 0.6031251890625 0.45 0.6 0.45 0.59843740625 0.446875 0.5953122171875 0.4453125 0.5953122171875 0.44375 0.5937503765625001 0.4421875 0.5937503765625001 0.440625 0.5921877828125 0.4390625 0.5921877828125 0.4359375 0.58906259375 0.434375 0.58906259375 0.4328125 0.5875 0.4296875 0.5875 0.428125 0.58593740625 0.4265625 0.58593740625 0.421875 0.5812503765625 0.41875 0.5812503765625 0.4171875 0.5796877828125 0.4109375 0.5796877828125 0.409375 0.5812503765625 0.403125 0.5812503765625 0.4015625 0.5828122171875 0.4 0.5828122171875
34 0.253125 0.4343748109375 0.25 0.4375 0.25 0.4406251890625 0.2484375 0.4421877828125 0.2484375 0.475 0.25 0.47656259375000004 0.25 0.47812518906249996 0.2515625 0.4796877828125 0.284375 0.4796877828125 0.2859375 0.47812518906249996 0.2859375 0.47343740624999997 0.2875 0.47187481093750006 0.2875 0.4703122171875 0.2890625 0.4687503765625 0.2890625 0.44375037656250005 0.2875 0.4421877828125 0.2875 0.4406251890625 0.2859375 0.43906259375 0.2859375 0.4375 0.284375 0.43593740625 0.284375 0.4343748109375 0.278125 0.42812518906249997 0.25625 0.42812518906249997 0.2546875 0.4296877828125 0.2546875 0.43125037656250004 0.253125 0.4328122171875 0.253125 0.4343748109375
31 0.46875 0.2953122171875 0.46875 0.3046877828125 0.4671875 0.3062503765625 0.4671875 0.3296877828125 0.471875 0.3343748109375 0.4734375 0.3343748109375 0.475 0.33593740625 0.503125 0.33593740625 0.5046875 0.3343748109375 0.5046875 0.3328122171875 0.5078125 0.3296877828125 0.509375 0.3296877828125 0.509375 0.3 0.50625 0.2968748109375 0.50625 0.2953122171875 0.5046875 0.29375037656249997 0.5046875 0.28906259375 0.5 0.2843748109375 0.5 0.2828122171875 0.4765625 0.2828122171875 0.4765625 0.2843748109375 0.475 0.28593740625 0.475 0.28906259375 0.46875 0.2953122171875
36 0.4515625 0.4578122171875 0.4484375 0.46093740624999996 0.4453125 0.46093740624999996 0.44375 0.4625 0.440625 0.4625 0.4390625 0.46406259375000003 0.4375 0.46406259375000003 0.434375 0.4671877828125 0.4328125 0.4671877828125 0.4296875 0.4703122171875 0.428125 0.4703122171875 0.425 0.47343740624999997 0.425 0.475 0.4234375 0.47656259375000004 0.4234375 0.47812518906249996 0.421875 0.4796877828125 0.421875 0.55 0.4234375 0.55156259375 0.4234375 0.5531251890625 0.425 0.5546877828125 0.425 0.5562503765625 0.434375 0.5656251890624999 0.4359375 0.5656251890624999 0.4375 0.5671877828125 0.440625 0.5671877828125 0.4421875 0.5687503765625 0.44375 0.5687503765625 0.446875 0.5718748109375 0.4484375 0.5718748109375 0.45 0.57343740625 0.453125 0.57343740625 0.4546875 0.575 0.4609375 0.575 0.4625 0.57343740625 0.490625 0.57343740625 0.4921875 0.575 0.49375 0.575 0.4953125 0.5765625937500001 0.496875 0.5765625937500001 0.4984375 0.5781251890625 0.5 0.5781251890625 0.5015625 0.5796877828125 0.5109375 0.5796877828125 0.5125 0.5812503765625 0.515625 0.5812503765625 0.5171875 0.5796877828125 0.521875 0.5796877828125 0.5265625 0.575 0.528125 0.575 0.5296875 0.57343740625 0.534375 0.57343740625 0.5359375 0.5718748109375 0.5375 0.5718748109375 0.5421875 0.5671877828125 0.5453125 0.5671877828125 0.5546875 0.5578122171875 0.5546875 0.48906259375000005 0.553125 0.4875 0.5515625 0.4875 0.5484375 0.4843748109375 0.5484375 0.4828122171875 0.546875 0.4812503765625 0.5453125 0.4812503765625 0.5421875 0.47812518906249996 0.5421875 0.47656259375000004 0.540625 0.475 0.5390625 0.475 0.5375 0.47343740624999997 0.5375 0.47187481093750006 0.5359375 0.4703122171875 0.5359375 0.46406259375000003 0.534375 0.4625 0.534375 0.46093740624999996 0.528125 0.4546877828125 0.5265625 0.4546877828125 0.525 0.4531251890625 0.5234375 0.4531251890625 0.521875 0.45156259375 0.51875 0.45156259375 0.5171875 0.45 0.5140625 0.45 0.5125 0.44843740624999995 0.5109375 0.44843740624999995 0.5078125 0.4453122171875 0.5012302625 0.44122850625 0.49573486874999995 0.4372518859375 0.4855480265625 0.43368853749999997 0.4742815796875 0.441477375 0.4622315796875 0.45037556562500003 0.4515625 0.4578122171875
0 0.553125 0.2921877828125 0.5515625 0.29375037656249997 0.546875 0.29375037656249997 0.5453125 0.2953122171875 0.5421875 0.2953122171875 0.540625 0.2968748109375 0.5390625 0.2968748109375 0.5375 0.29843740625000004 0.5359375 0.29843740625000004 0.534375 0.3 0.53125 0.3 0.5296875 0.30156259375 0.528125 0.30156259375 0.525 0.3046877828125 0.5234375 0.3046877828125 0.521875 0.3062503765625 0.51875 0.3062503765625 0.5171875 0.3078122171875 0.5171875 0.30937481093749997 0.5140625 0.3125 0.5140625 0.31562518906250003 0.515625 0.3171877828125 0.515625 0.3187503765625 0.5171875 0.3203122171875 0.5171875 0.3218748109375 0.5203125 0.325 0.5203125 0.32656259374999996 0.528125 0.3343748109375 0.528125 0.33593740625 0.53125 0.33906259375 0.53125 0.3453122171875 0.5328125 0.3468748109375 0.5328125 0.34843740625 0.5375 0.3531251890625 0.5375 0.3546877828125 0.5390625 0.35625037656249997 0.5390625 0.3578122171875 0.540625 0.3593748109375 0.540625 0.3625 0.5421875 0.36406259375 0.5421875 0.3656251890625 0.540625 0.3671877828125 0.5390625 0.3671877828125 0.5328125 0.37343740625 0.53125 0.37343740625 0.5265625 0.37812518906250003 0.525 0.37812518906250003 0.521875 0.3812503765625 0.5140625 0.3812503765625 0.5125 0.3796877828125 0.5109375 0.3796877828125 0.509375 0.37812518906250003 0.5078125 0.37812518906250003 0.50625 0.37656259375 0.5046875 0.37656259375 0.503125 0.375 0.5015625 0.375 0.5015625 0.37656259375 0.5 0.37812518906250003 0.5 0.40937481093750006 0.5015625 0.41093740624999997 0.503125 0.41093740624999997 0.50625 0.41406259375000004 0.50625 0.41562518906249996 0.5140625 0.42343740625 0.5171875 0.42343740625 0.51875 0.425 0.5203125 0.425 0.5234375 0.42812518906249997 0.525 0.42812518906249997 0.5265625 0.4296877828125 0.5375 0.4296877828125 0.5390625 0.43125037656250004 0.5421875 0.43125037656250004 0.54375 0.4296877828125 0.5921875 0.4296877828125 0.5953125 0.42656259375000005 0.596875 0.42656259375000005 0.5984375 0.425 0.6 0.425 0.6015625 0.42343740625 0.6078125 0.42343740625 0.6125 0.4187503765625 0.6140625 0.4187503765625 0.615625 0.4171877828125 0.6171875 0.4171877828125 0.621875 0.4125 0.621875 0.41093740624999997 0.6234375 0.40937481093750006 0.6234375 0.34375037656249996 0.621875 0.3421877828125 0.621875 0.3406251890625 0.6203125 0.33906259375 0.61875 0.33906259375 0.6125 0.3328122171875 0.6125 0.3312503765625 0.6109375 0.3296877828125 0.6109375 0.3171877828125 0.609375 0.31562518906250003 0.609375 0.3125 0.6078125 0.31093740625 0.6078125 0.30937481093749997 0.60625 0.3078122171875 0.6046875 0.3078122171875 0.603125 0.3062503765625 0.6015625 0.3062503765625 0.6 0.3046877828125 0.5984375 0.3046877828125 0.596875 0.3031251890625 0.5953125 0.3031251890625 0.59375 0.30156259375 0.5921875 0.30156259375 0.590625 0.3 0.5890625 0.3 0.5875 0.29843740625000004 0.5859375 0.29843740625000004 0.5828125 0.2953122171875 0.58125 0.2953122171875 0.5796875 0.29375037656249997 0.578125 0.29375037656249997 0.5734375 0.28906259375 0.5671875 0.28906259375 0.565625 0.2906251890625 0.5640625 0.2906251890625 0.5625 0.2921877828125 0.553125 0.2921877828125
2 0.3125 0.6828122171875 0.3125 0.7156251890625 0.3140625 0.7171877828125 0.315625 0.7171877828125 0.31875 0.7203122171875 0.31875 0.72656259375 0.3203125 0.7281251890625 0.321875 0.7281251890625 0.3234375 0.7296877828125 0.359375 0.7296877828125 0.365625 0.72343740625 0.3671875 0.72343740625 0.3671875 0.7218748109375 0.371875 0.7171877828125 0.371875 0.7 0.36875 0.7 0.3671875 0.69843740625 0.365625 0.69843740625 0.3625 0.6953122171875 0.3609375 0.6953122171875 0.359375 0.6937503765625 0.353125 0.6937503765625 0.3484375 0.68906259375 0.3484375 0.6781251890625 0.3453125 0.675 0.34375 0.675 0.3390625 0.6703122171875 0.325 0.6703122171875 0.325 0.6718748109375 0.321875 0.675 0.3203125 0.675 0.3125 0.6828122171875
33 0.6203125 0.28906259375 0.61875 0.2906251890625 0.61875 0.29375037656249997 0.6171875 0.2953122171875 0.6171875 0.2968748109375 0.6140625 0.3 0.6140625 0.3296877828125 0.6203125 0.33593740625 0.653125 0.33593740625 0.6546875 0.3343748109375 0.6546875 0.3296877828125 0.65625 0.3281251890625 0.65625 0.3187503765625 0.6546875 0.3171877828125 0.6546875 0.2953122171875 0.6484375 0.28906259375 0.6484375 0.2828122171875 0.625 0.2828122171875 0.625 0.2843748109375 0.621875 0.2875 0.6203125 0.2875 0.6203125 0.28906259375
27 0.6578125 0.7359374062499999 0.659375 0.7359374062499999 0.6625 0.73906259375 0.6625 0.7406251890625 0.6640625 0.7421877828125 0.6671875 0.7421877828125 0.66875 0.7437503765625 0.6703125 0.7437503765625 0.6734375 0.7468748109375001 0.675 0.7468748109375001 0.6765625 0.74843740625 0.678125 0.74843740625 0.68125 0.75156259375 0.68125 0.7531251890624999 0.6828125 0.7546877828125 0.6890625 0.7546877828125 0.6953125 0.76093740625 0.703125 0.76093740625 0.7046875 0.7593748109375 0.7046875 0.7578122171875 0.70625 0.7562503765625 0.70625 0.75 0.7046875 0.74843740625 0.7046875 0.7453122171875 0.703125 0.7437503765625 0.7015625 0.7437503765625 0.6984375 0.7406251890625 0.6984375 0.73906259375 0.696875 0.7375 0.6953125 0.7375 0.6890625 0.7312503765625 0.6828125 0.7312503765625 0.6796875 0.7281251890625 0.6796875 0.72656259375 0.678125 0.725 0.6765625 0.725 0.671875 0.7203122171875 0.6515625 0.7203122171875 0.6515625 0.7281251890625 0.65625 0.7328122171875 0.65625 0.7343748109375 0.6578125 0.7359374062499999
32 0.8390625 0.4375 0.8375 0.43906259375 0.8375 0.47812518906249996 0.8390625 0.4796877828125 0.8421875 0.4796877828125 0.84375 0.4812503765625 0.8453125 0.4812503765625 0.8484375 0.4843748109375 0.86875 0.4843748109375 0.8703125 0.4828122171875 0.871875 0.4828122171875 0.8765625 0.47812518906249996 0.878125 0.47812518906249996 0.878125 0.44375037656250005 0.875 0.4406251890625 0.875 0.43906259375 0.86875 0.4328122171875 0.8671875 0.4328122171875 0.865625 0.43125037656250004 0.8640625 0.43125037656250004 0.8609375 0.42812518906249997 0.8484375 0.42812518906249997 0.84375 0.4328122171875 0.84375 0.4343748109375 0.840625 0.4375 0.8390625 0.4375
32 0.6890625 0.47812518906249996 0.690625 0.4796877828125 0.6921875 0.4796877828125 0.69375 0.4812503765625 0.6953125 0.4812503765625 0.696875 0.4828122171875 0.721875 0.4828122171875 0.725 0.4796877828125 0.728125 0.4796877828125 0.7296875 0.47812518906249996 0.7296875 0.4406251890625 0.7234375 0.4343748109375 0.7234375 0.43125037656250004 0.721875 0.4296877828125 0.6984375 0.4296877828125 0.69375 0.4343748109375 0.69375 0.43593740625 0.6890625 0.4406251890625 0.6890625 0.47812518906249996
26 0.8265625 0.5687503765625 0.825 0.5703122171875 0.825 0.5718748109375 0.821875 0.575 0.81875 0.575 0.8171875 0.5765625937500001 0.815625 0.5765625937500001 0.8109375 0.5812503765625 0.8078125 0.5812503765625 0.80625 0.5828122171875 0.80625 0.5843748109375 0.803125 0.5875 0.8015625 0.5875 0.8 0.58906259375 0.7984375 0.58906259375 0.7953125 0.5921877828125 0.79375 0.5921877828125 0.7921875 0.5937503765625001 0.7890625 0.5937503765625001 0.7875 0.5953122171875 0.7875 0.61406259375 0.7984375 0.61406259375 0.8015625 0.6109374062499999 0.803125 0.6109374062499999 0.8046875 0.6093748109375 0.80625 0.6093748109375 0.809375 0.6062503765625 0.8109375 0.6062503765625 0.8125 0.6046877828125 0.815625 0.6046877828125 0.8171875 0.6031251890625 0.8171875 0.60156259375 0.8203125 0.59843740625 0.825 0.59843740625 0.8265625 0.5968748109375 0.828125 0.5968748109375 0.8328125 0.5921877828125 0.834375 0.5921877828125 0.840625 0.58593740625 0.8453125 0.58593740625 0.8515625 0.5796877828125 0.853125 0.5796877828125 0.8546875 0.5781251890625 0.8546875 0.56406259375 0.85625 0.5625 0.8390625 0.5625 0.8375 0.56406259375 0.8375 0.5656251890624999 0.834375 0.5687503765625 0.8265625 0.5687503765625
28 0.275 0.5781251890625 0.2765625 0.5796877828125 0.278125 0.5796877828125 0.28125 0.5828122171875 0.28125 0.5843748109375 0.2828125 0.58593740625 0.284375 0.58593740625 0.2859375 0.5875 0.2875 0.5875 0.290625 0.5906251890625 0.2921875 0.5906251890625 0.29375 0.5921877828125 0.296875 0.5921877828125 0.3 0.5953122171875 0.3 0.5968748109375 0.3015625 0.59843740625 0.3046875 0.59843740625 0.30625 0.6 0.3078125 0.6 0.3109375 0.6031251890625 0.3125 0.6031251890625 0.3140625 0.6046877828125 0.315625 0.6046877828125 0.31875 0.6078122171875 0.31875 0.6093748109375 0.3203125 0.6109374062499999 0.321875 0.6109374062499999 0.325 0.61406259375 0.325 0.6156251890625 0.3328125 0.6156251890625 0.3375 0.6109374062499999 0.3375 0.59843740625 0.3359375 0.5968748109375 0.3359375 0.5953122171875 0.334375 0.5937503765625001 0.3328125 0.5937503765625001 0.3296875 0.5906251890625 0.3296875 0.58906259375 0.328125 0.5875 0.3203125 0.5875 0.3171875 0.5843748109375 0.3171875 0.5828122171875 0.315625 0.5812503765625 0.3140625 0.5812503765625 0.3125 0.5796877828125 0.3109375 0.5796877828125 0.3078125 0.5765625937500001 0.30625 0.5765625937500001 0.3046875 0.575 0.303125 0.575 0.296875 0.5687503765625 0.2953125 0.5687503765625 0.290625 0.56406259375 0.2703125 0.56406259375 0.2703125 0.5765625937500001 0.271875 0.5765625937500001 0.2734375 0.5781251890625 0.275 0.5781251890625
12 0.5375 0.7218748109375 0.5390625 0.72343740625 0.584375 0.72343740625 0.5859375 0.7218748109375 0.5875 0.7218748109375 0.5890625 0.7203122171875 0.5890625 0.6625 0.5375 0.6625 0.5359375 0.66406259375 0.5359375 0.7171877828125 0.5375 0.7187503765625001 0.5375 0.7218748109375
25 0.609375 0.4187503765625 0.603125 0.425 0.6015625 0.425 0.596875 0.4296877828125 0.5953125 0.4296877828125 0.59375 0.43125037656250004 0.5921875 0.43125037656250004 0.590625 0.4328122171875 0.5890625 0.4328122171875 0.5875 0.4343748109375 0.5875 0.43593740625 0.5859375 0.4375 0.584375 0.4375 0.584375 0.4578122171875 0.590625 0.4578122171875 0.5921875 0.4562503765625 0.59375 0.4562503765625 0.5953125 0.4546877828125 0.596875 0.4546877828125 0.5984375 0.4531251890625 0.6 0.4531251890625 0.6046875 0.44843740624999995 0.6078125 0.44843740624999995 0.6140625 0.4421877828125 0.615625 0.4421877828125 0.621875 0.43593740625 0.6265625 0.43593740625 0.634375 0.42812518906249997 0.634375 0.41562518906249996 0.6171875 0.41562518906249996 0.615625 0.4171877828125 0.6140625 0.4171877828125 0.6125 0.4187503765625 0.609375 0.4187503765625
25 0.49375 0.42812518906249997 0.49375 0.4296877828125 0.4953125 0.4296877828125 0.5015625 0.43593740625 0.503125 0.43593740625 0.50625 0.43906259375 0.50625 0.4406251890625 0.5078125 0.4421877828125 0.509375 0.4421877828125 0.515625 0.44843740624999995 0.51875 0.44843740624999995 0.5203125 0.45 0.521875 0.45 0.5234375 0.45156259375 0.5234375 0.4531251890625 0.525 0.4531251890625 0.5265625 0.4546877828125 0.5296875 0.4546877828125 0.53125 0.4562503765625 0.5328125 0.4562503765625 0.534375 0.4578122171875 0.5359375 0.4562503765625 0.5375 0.4562503765625 0.5390625 0.4546877828125 0.540625 0.4546877828125 0.540625 0.43906259375 0.5359375 0.4343748109375 0.5359375 0.4328122171875 0.534375 0.43125037656250004 0.5296875 0.43125037656250004 0.528125 0.4296877828125 0.5265625 0.4296877828125 0.521875 0.425 0.5203125 0.425 0.5171875 0.4218748109375 0.5171875 0.4203122171875 0.515625 0.4187503765625 0.5109375 0.4187503765625 0.509375 0.4171877828125 0.50625 0.4171877828125 0.5046875 0.4187503765625 0.5015625 0.4187503765625 0.5 0.4171877828125 0.4984375 0.4171877828125 0.496875 0.41562518906249996 0.4953125 0.41562518906249996 0.49375 0.4171877828125 0.4921875 0.4171877828125 0.4921875 0.42656259375000005 0.49375 0.42812518906249997
15 0.759375 0.5781251890625 0.8046875 0.5781251890625 0.8078125 0.575 0.809375 0.575 0.809375 0.57343740625 0.8109375 0.5718748109375 0.8109375 0.5203122171875 0.809375 0.5187503765625 0.809375 0.5171877828125 0.80625 0.5140625937500001 0.75625 0.5140625937500001 0.75625 0.57343740625 0.7578125 0.575 0.7578125 0.5765625937500001 0.759375 0.5781251890625
8 0.315625 0.2843748109375 0.3171875 0.28593740625 0.365625 0.28593740625 0.3671875 0.2843748109375 0.3671875 0.25312518906250003 0.36875 0.25156259375 0.36875 0.2281251890625 0.3671875 0.22656259374999999 0.3671875 0.2218748109375 0.3171875 0.2218748109375 0.315625 0.22343740625000003 0.3140625 0.22343740625000003 0.3140625 0.2843748109375 0.315625 0.2843748109375
8 0.490625 0.575 0.4921875 0.5765625937500001 0.5109375 0.5765625937500001 0.5140625 0.57343740625 0.515625 0.57343740625 0.515625 0.5171877828125 0.5140625 0.5156251890625 0.4625 0.5156251890625 0.4625 0.57343740625 0.4875 0.57343740625 0.4890625 0.575 0.490625 0.575
28 0.384375 0.5703122171875 0.3828125 0.5703122171875 0.378125 0.575 0.3765625 0.575 0.375 0.5765625937500001 0.375 0.5781251890625 0.371875 0.5812503765625 0.365625 0.5812503765625 0.359375 0.5875 0.3578125 0.5875 0.3515625 0.5937503765625001 0.3484375 0.5937503765625001 0.346875 0.5953122171875 0.346875 0.6109374062499999 0.35 0.61406259375 0.35625 0.61406259375 0.359375 0.6109374062499999 0.3640625 0.6109374062499999 0.3703125 0.6046877828125 0.371875 0.6046877828125 0.3734375 0.6031251890625 0.3734375 0.60156259375 0.3765625 0.59843740625 0.3796875 0.59843740625 0.38125 0.5968748109375 0.3828125 0.5968748109375 0.3875 0.5921877828125 0.390625 0.5921877828125 0.3921875 0.5906251890625 0.3921875 0.58906259375 0.3953125 0.58593740625 0.4 0.58593740625 0.4015625 0.5843748109375 0.403125 0.5843748109375 0.4078125 0.5796877828125 0.409375 0.5796877828125 0.4109375 0.5781251890625 0.4109375 0.575 0.4125 0.57343740625 0.4125 0.56406259375 0.39375 0.56406259375 0.39375 0.5656251890624999 0.390625 0.5687503765625 0.3859375 0.5687503765625 0.384375 0.5703122171875
29 0.5015625 0.3421877828125 0.5015625 0.34375037656249996 0.5 0.3453122171875 0.5 0.3468748109375 0.496875 0.35 0.4953125 0.35 0.4953125 0.3625 0.5 0.3671877828125 0.5015625 0.3671877828125 0.5140625 0.3796877828125 0.5234375 0.3796877828125 0.525 0.37812518906250003 0.5265625 0.37812518906250003 0.53125 0.37343740625 0.53125 0.37187481093749997 0.534375 0.3687503765625 0.5359375 0.3687503765625 0.5375 0.3671877828125 0.540625 0.3671877828125 0.5421875 0.3656251890625 0.5421875 0.3578122171875 0.540625 0.35625037656249997 0.5390625 0.35625037656249997 0.5359375 0.3531251890625 0.5359375 0.35156259375 0.534375 0.35 0.534375 0.34843740625 0.53125 0.3453122171875 0.53125 0.34375037656249996 0.5296875 0.3421877828125 0.5296875 0.3343748109375 0.5265625 0.3312503765625 0.5234375 0.3312503765625 0.521875 0.3296877828125 0.515625 0.3296877828125 0.5125 0.32656259374999996 0.50625 0.32656259374999996 0.50625 0.3312503765625 0.5046875 0.3328122171875 0.5046875 0.33906259375 0.5015625 0.3421877828125
26 0.2265625 0.575 0.225 0.5765625937500001 0.2234375 0.5765625937500001 0.2203125 0.5796877828125 0.21875 0.5796877828125 0.2171875 0.5812503765625 0.2171875 0.6031251890625 0.228125 0.6031251890625 0.2328125 0.59843740625 0.234375 0.59843740625 0.2359375 0.5968748109375 0.2375 0.5968748109375 0.2421875 0.5921877828125 0.24375 0.5921877828125 0.2453125 0.5906251890625 0.246875 0.5906251890625 0.2515625 0.58593740625 0.253125 0.58593740625 0.259375 0.5796877828125 0.2640625 0.5796877828125 0.265625 0.5781251890625 0.2671875 0.5781251890625 0.2671875 0.56406259375 0.24375 0.56406259375 0.2390625 0.5687503765625 0.234375 0.5687503765625 0.228125 0.575 0.2265625 0.575
33 0.6875 0.8312503765624999 0.6875 0.8656251890625001 0.6890625 0.8671877828125 0.690625 0.8671877828125 0.69375 0.8703122171875 0.69375 0.8718748109375 0.7234375 0.8718748109375 0.7234375 0.8703122171875 0.7265625 0.8671877828125 0.728125 0.8671877828125 0.7296875 0.8656251890625001 0.7296875 0.8343748109375 0.7234375 0.8281251890625001 0.7234375 0.82656259375 0.721875 0.825 0.7203125 0.825 0.7171875 0.8218748109374999 0.7171875 0.8203122171875 0.696875 0.8203122171875 0.690625 0.82656259375 0.6890625 0.82656259375 0.6890625 0.8296877828125 0.6875 0.8312503765624999
28 0.2640625 0.56093740625 0.271875 0.56093740625 0.2734375 0.5593748109375001 0.2734375 0.48906259375000005 0.271875 0.4875 0.2609375 0.4875 0.2609375 0.5562503765625 0.2625 0.5578122171875 0.2625 0.5593748109375001 0.2640625 0.56093740625
26 0.7953125 0.43593740625 0.796875 0.43593740625 0.8 0.43906259375 0.8 0.4406251890625 0.8015625 0.4421877828125 0.803125 0.4421877828125 0.80625 0.4453122171875 0.80625 0.44687481093750003 0.8078125 0.44843740624999995 0.8109375 0.44843740624999995 0.8125 0.45 0.8140625 0.45 0.8171875 0.4531251890625 0.81875 0.4531251890625 0.8203125 0.4546877828125 0.8234375 0.4546877828125 0.825 0.4562503765625 0.828125 0.4562503765625 0.8296875 0.4546877828125 0.83125 0.4546877828125 0.8328125 0.4531251890625 0.8328125 0.4375 0.8296875 0.4343748109375 0.8296875 0.4328122171875 0.828125 0.4328122171875 0.8265625 0.43125037656250004 0.8203125 0.43125037656250004 0.8171875 0.42812518906249997 0.8171875 0.42656259375000005 0.815625 0.425 0.8140625 0.425 0.8078125 0.4187503765625 0.803125 0.4187503765625 0.8015625 0.4171877828125 0.8 0.4171877828125 0.7984375 0.41562518906249996 0.7859375 0.41562518906249996 0.7859375 0.425 0.7875 0.42656259375000005 0.7875 0.42812518906249997 0.7953125 0.43593740625
27 0.715625 0.7625 0.7140625 0.7625 0.7109375 0.7593748109375 0.703125 0.7593748109375 0.703125 0.8171877828125 0.7140625 0.8171877828125 0.715625 0.8156251890625 0.715625 0.7625
16 0.390625 0.72343740625 0.440625 0.72343740625 0.4421875 0.7218748109375 0.4421875 0.66406259375 0.440625 0.6625 0.4359375 0.6625 0.434375 0.66093740625 0.3953125 0.66093740625 0.39375 0.6625 0.3890625 0.6625 0.3890625 0.7218748109375 0.390625 0.72343740625
28 0.421875 0.5796877828125 0.4265625 0.5796877828125 0.4328125 0.58593740625 0.434375 0.58593740625 0.4375 0.58906259375 0.4375 0.5906251890625 0.4390625 0.5921877828125 0.440625 0.5921877828125 0.4453125 0.5968748109375 0.446875 0.5968748109375 0.4484375 0.59843740625 0.453125 0.59843740625 0.4578125 0.5937503765625001 0.4578125 0.5921877828125 0.459375 0.5906251890625 0.459375 0.5812503765625 0.4578125 0.5812503765625 0.4546875 0.5781251890625 0.4546875 0.5765625937500001 0.453125 0.575 0.4515625 0.575 0.4453125 0.5687503765625 0.440625 0.5687503765625 0.434375 0.5625 0.4328125 0.5625 0.43125 0.56093740625 0.4171875 0.56093740625 0.4171875 0.57343740625 0.41875 0.575 0.41875 0.5765625937500001 0.421875 0.5796877828125
27 0.6375 0.41406259375000004 0.6390625 0.4125 0.640625 0.4125 0.640625 0.41093740624999997 0.6421875 0.40937481093750006 0.6421875 0.3453122171875 0.640625 0.34375037656249996 0.6359375 0.34375037656249996 0.634375 0.3421877828125 0.6296875 0.3421877828125 0.6296875 0.4125 0.63125 0.4125 0.6328125 0.41406259375000004 0.6375 0.41406259375000004
26 0.7484375 0.425 0.746875 0.42656259375000005 0.7453125 0.42656259375000005 0.7453125 0.42812518906249997 0.74375 0.4296877828125 0.7421875 0.4296877828125 0.740625 0.43125037656250004 0.7390625 0.43125037656250004 0.7328125 0.4375 0.73125 0.4375 0.73125 0.4578122171875 0.7390625 0.4578122171875 0.740625 0.4562503765625 0.7421875 0.4562503765625 0.74375 0.4546877828125 0.746875 0.4546877828125 0.753125 0.44843740624999995 0.7546875 0.44843740624999995 0.75625 0.44687481093750003 0.7578125 0.44687481093750003 0.7609375 0.44375037656250005 0.7625 0.44375037656250005 0.7640625 0.4421877828125 0.765625 0.4421877828125 0.7671875 0.4406251890625 0.7671875 0.43906259375 0.7703125 0.43593740625 0.7734375 0.43593740625 0.775 0.4343748109375 0.7765625 0.4343748109375 0.778125 0.4328122171875 0.778125 0.43125037656250004 0.7796875 0.4296877828125 0.7796875 0.41562518906249996 0.7625 0.41562518906249996 0.759375 0.4187503765625 0.7578125 0.4187503765625 0.7515625 0.425 0.7484375 0.425
13 0.6609375 0.5781251890625 0.6609375 0.5765625937500001 0.6625 0.575 0.6625 0.57343740625 0.6640625 0.5718748109375 0.6640625 0.52656259375 0.6625 0.525 0.6625 0.5203122171875 0.6609375 0.5187503765625 0.6609375 0.5140625937500001 0.6125 0.5140625937500001 0.6109375 0.5156251890625 0.6109375 0.5765625937500001 0.6125 0.5781251890625 0.6609375 0.5781251890625
27 0.590625 0.725 0.584375 0.7312503765625 0.5828125 0.7312503765625 0.5765625 0.7375 0.575 0.7375 0.565625 0.7468748109375001 0.565625 0.7562503765625 0.5671875 0.7578122171875 0.578125 0.7578122171875 0.5796875 0.7562503765625 0.58125 0.7562503765625 0.5828125 0.7546877828125 0.5859375 0.7546877828125 0.5890625 0.75156259375 0.590625 0.75156259375 0.59375 0.74843740625 0.596875 0.74843740625 0.5984375 0.7468748109375001 0.5984375 0.7453122171875 0.6015625 0.7421877828125 0.60625 0.7421877828125 0.6078125 0.7406251890625 0.609375 0.7406251890625 0.609375 0.73906259375 0.6109375 0.7375 0.6125 0.7375 0.6171875 0.7328122171875 0.6171875 0.7281251890625 0.61875 0.72656259375 0.61875 0.725 0.621875 0.7218748109375 0.621875 0.7203122171875 0.5984375 0.7203122171875 0.5953125 0.72343740625 0.59375 0.72343740625 0.5921875 0.725 0.590625 0.725
7 0.7359375 0.37187481093749997 0.7328125 0.3687503765625 0.6828125 0.3687503765625 0.6828125 0.4296877828125 0.734375 0.4296877828125 0.7359375 0.42812518906249997 0.7359375 0.37187481093749997
25 0.3484375 0.6703122171875 0.3484375 0.6156251890625 0.334375 0.6156251890625 0.334375 0.6687503765625 0.3375 0.6718748109375 0.346875 0.6718748109375 0.3484375 0.6703122171875
15 0.175 0.5765625937500001 0.178125 0.5765625937500001 0.1796875 0.575 0.18125 0.575 0.1828125 0.57343740625 0.2 0.57343740625 0.2015625 0.575 0.203125 0.575 0.2046875 0.5765625937500001 0.215625 0.5765625937500001 0.21875 0.57343740625 0.2203125 0.57343740625 0.221875 0.5718748109375 0.221875 0.5187503765625 0.2171875 0.5140625937500001 0.16875 0.5140625937500001 0.16875 0.5718748109375 0.171875 0.575 0.1734375 0.575 0.175 0.5765625937500001
25 0.4875 0.41406259375000004 0.4921875 0.41406259375000004 0.4953125 0.41093740624999997 0.496875 0.41093740624999997 0.496875 0.34843740625 0.4921875 0.34375037656249996 0.4890625 0.34375037656249996 0.4875 0.3421877828125 0.4828125 0.3421877828125 0.4828125 0.41093740624999997 0.484375 0.4125 0.4859375 0.4125 0.4875 0.41406259375000004
26 0.8484375 0.4921877828125 0.8484375 0.5062503765625 0.85 0.5078122171875 0.85 0.5593748109375001 0.8515625 0.56093740625 0.859375 0.56093740625 0.8640625 0.5562503765625 0.8640625 0.48593740625 0.8484375 0.48593740625 0.8484375 0.4875 0.85 0.48906259375000005 0.85 0.49062518906249997 0.8484375 0.4921877828125
7 0.2421875 0.7187503765625001 0.2421875 0.7203122171875 0.2453125 0.72343740625 0.290625 0.72343740625 0.2921875 0.7218748109375 0.2921875 0.7203122171875 0.29375 0.7187503765625001 0.29375 0.7171877828125 0.2953125 0.7156251890625 0.2953125 0.66406259375 0.29375 0.6625 0.2921875 0.6625 0.290625 0.66093740625 0.2453125 0.66093740625 0.24375 0.6625 0.240625 0.6625 0.240625 0.7171877828125 0.2421875 0.7187503765625001
5 0.4640625 0.5765625937500001 0.4640625 0.5781251890625 0.4625 0.5796877828125 0.4625 0.5828122171875 0.4609375 0.5843748109375 0.4609375 0.58593740625 0.459375 0.5875 0.459375 0.6125 0.4609375 0.61406259375 0.4609375 0.6156251890625 0.4625 0.6171877828125 0.4625 0.6218748109375001 0.4703125 0.6296877828125 0.471875 0.6296877828125 0.4734375 0.6312503765625 0.484375 0.6312503765625 0.4859375 0.6296877828125 0.5109375 0.6296877828125 0.5125 0.6281251890624999 0.5140625 0.6281251890624999 0.515625 0.62656259375 0.515625 0.625 0.5171875 0.62343740625 0.5171875 0.60156259375 0.5140625 0.59843740625 0.5125 0.59843740625 0.5078125 0.5937503765625001 0.5015625 0.5937503765625001 0.4984375 0.5906251890625 0.4984375 0.5828122171875 0.496875 0.5812503765625 0.4953125 0.5812503765625 0.4921875 0.5781251890625 0.4921875 0.5765625937500001 0.490625 0.575 0.4875 0.575 0.4859375 0.57343740625 0.4734375 0.57343740625 0.471875 0.575 0.4671875 0.575 0.465625 0.5765625937500001 0.4640625 0.5765625937500001
13 0.3671875 0.8656251890625001 0.3671875 0.8078122171875 0.3140625 0.8078122171875 0.3140625 0.86093740625 0.3203125 0.8671877828125 0.365625 0.8671877828125 0.3671875 0.8656251890625001
33 0.6265625 0.675 0.625 0.67656259375 0.625 0.6781251890625 0.621875 0.6812503765625 0.6203125 0.6812503765625 0.61875 0.6828122171875 0.61875 0.68593740625 0.6171875 0.6875 0.6171875 0.6906251890624999 0.615625 0.6921877828125 0.615625 0.7187503765625001 0.6203125 0.72343740625 0.653125 0.72343740625 0.6546875 0.7218748109375 0.6546875 0.6875 0.653125 0.68593740625 0.653125 0.6843748109375001 0.646875 0.6781251890625 0.646875 0.67656259375 0.6453125 0.67656259375 0.640625 0.6718748109375 0.634375 0.6718748109375 0.6328125 0.6734374062499999 0.6296875 0.6734374062499999 0.628125 0.675 0.6265625 0.675
12 0.273508553125 0.42790573125 0.275071053125 0.4294683265625 0.29225855312500004 0.4294683265625 0.293821053125 0.42790573125 0.293821053125 0.42165610937500003 0.29538355312500003 0.4200935140625 0.29538355312500003 0.3732179484375 0.293821053125 0.37165610937500004 0.293821053125 0.3700935140625 0.29225855312500004 0.3685309203125 0.24382105312500002 0.3685309203125 0.24382105312500002 0.4294683265625 0.262571053125 0.4294683265625 0.26413355312500003 0.42790573125 0.273508553125 0.42790573125
16 0.609375 0.2796877828125 0.6109375 0.28125037656249996 0.6109375 0.2828122171875 0.6140625 0.28593740625 0.6265625 0.28593740625 0.63125 0.28125037656249996 0.6328125 0.28125037656249996 0.634375 0.2796877828125 0.6359375 0.28125037656249996 0.6375 0.28125037656249996 0.6390625 0.2828122171875 0.640625 0.2828122171875 0.64375 0.28593740625 0.659375 0.28593740625 0.6609375 0.2843748109375 0.6609375 0.2718748109375 0.6625 0.2703122171875 0.6625 0.24531221718750001 0.6609375 0.24375037656249998 0.6609375 0.22656259374999999 0.65625 0.2218748109375 0.6125 0.2218748109375 0.609375 0.225 0.6078125 0.225 0.6078125 0.2796877828125 0.609375 0.2796877828125
14 0.6111842109375 0.86877828125 0.6177631578125 0.8710407234374999 0.6618421046875 0.8695324281250001 0.664473684375 0.8634992453124999 0.6625 0.8099547515625 0.6572368421875 0.806938159375 0.6282894734375 0.806938159375 0.6243421046875001 0.806938159375 0.6118421046875 0.8084464562499999 0.6092105265625001 0.8144796375000001 0.60855263125 0.8627450984375 0.6111842109375 0.86877828125
9 0.4651315796875 0.283559578125 0.476973684375 0.2850678734375 0.4888157890625 0.27828054375 0.5006578953124999 0.2873303171875 0.5118421046875 0.28657616875 0.5151315796875 0.28431372499999996 0.5171052625 0.2775263953125 0.5177631578125 0.23076923124999998 0.514473684375 0.22398189999999998 0.5085526312499999 0.2224736046875 0.50394736875 0.2224736046875 0.46644736875000004 0.22322775312499998 0.46315789531249996 0.2254901953125 0.46184210468750003 0.276772246875 0.4651315796875 0.283559578125
11 0.32039473749999997 0.578431371875 0.36644736875 0.577677225 0.37039473749999996 0.570135746875 0.36973684218749997 0.5188536953125 0.3631578953125 0.5143288078125 0.3427631578125 0.5143288078125 0.339078946875 0.5143288078125 0.319078946875 0.51508295625 0.3151315796875 0.5188536953125 0.3151315796875 0.5739064859375 0.32039473749999997 0.578431371875
11 0.685526315625 0.723227753125 0.694078946875 0.7254901953124999 0.730921053125 0.72624434375 0.7381578953125 0.7202111609374999 0.7388157890625 0.6674208140625 0.73355263125 0.660633484375 0.730111184375 0.660633484375 0.6888157890625 0.660633484375 0.68355263125 0.663650075 0.6828947375000001 0.715686275 0.685526315625 0.723227753125
10 0.4697368421875 0.8710407234374999 0.514473684375 0.8695324281250001 0.5171052625 0.8657616890625001 0.5177631578125 0.8552036203125001 0.5171052625 0.8107088984375 0.5118421046875 0.806938159375 0.476973684375 0.806938159375 0.4736842109375 0.806938159375 0.46710526249999995 0.806938159375 0.4625 0.811463046875 0.46315789531249996 0.8665158375 0.4697368421875 0.8710407234374999
14 0.5401315796875 0.432126696875 0.548026315625 0.43288084531250004 0.5532894734375 0.43137254843750006 0.5572368421875 0.4268476625 0.564473684375 0.4253393671875 0.5756578953125 0.43288084531250004 0.5888157890625 0.43137254843750006 0.59144736875 0.421568628125 0.5907894734375 0.37254902031250003 0.585526315625 0.3680241328125 0.5467105265625001 0.3680241328125 0.54605263125 0.3680241328125 0.5407894734375 0.369532428125 0.5361842109375 0.3785822015625 0.5355263156250001 0.42835595781249997 0.5401315796875 0.432126696875
20 0.7484375 0.73906259375 0.7484375 0.8218748109374999 0.803125 0.8218748109374999 0.803125 0.73906259375 0.7484375 0.73906259375
18 0.528125 0.8921877828125 0.528125 0.9671877828125 0.584375 0.9671877828125 0.584375 0.8921877828125 0.528125 0.8921877828125
18 0.953125 0.44843740624999995 0.8953125 0.44843740624999995 0.8953125 0.5312503765625001 0.9515625 0.5312503765625001 0.953125 0.5296877828125 0.953125 0.44843740624999995
18 0.7484375 0.1593748109375 0.7484375 0.24062518906250002 0.8046875 0.24062518906250002 0.8046875 0.1593748109375 0.7484375 0.1593748109375
21 0.2640625 0.9734374062500001 0.265625 0.975 0.2859375 0.975 0.2890625 0.9718748109374999 0.2890625 0.8859374062500001 0.234375 0.8859374062500001 0.234375 0.975 0.2578125 0.975 0.259375 0.9734374062500001 0.2640625 0.9734374062500001
23 0.1421875 0.3875 0.14375 0.38593740625 0.14375 0.3031251890625 0.084375 0.3031251890625 0.084375 0.3906251890625 0.140625 0.3906251890625 0.1421875 0.38906259374999996 0.1421875 0.3875
18 0.5265625 0.0125 0.5265625 0.0906251890625 0.584375 0.0906251890625 0.584375 0.0125 0.5265625 0.0125
19 0.1390625 0.675 0.140625 0.6734374062499999 0.140625 0.5968748109375 0.0859375 0.5968748109375 0.0859375 0.67656259375 0.1359375 0.67656259375 0.1375 0.675 0.1390625 0.675
22 0.2921875 0.0125 0.23125 0.0125 0.23125 0.0953122171875 0.2890625 0.0953122171875 0.2921875 0.0921877828125 0.2921875 0.0125