35 0.43125 0.45781231250000004 0.425 0.4640623125 0.425 0.46562462499999996 0.42031283124999996 0.47031231250000005 0.41875 0.47031231250000005 0.41406283125 0.475 0.40781216875000004 0.475 0.40625 0.47656231250000003 0.40625 0.47812462499999997 0.40468783124999996 0.47968768749999996 0.40468783124999996 0.546875375 0.40625 0.546875375 0.40781216875000004 0.5484376875 0.41093716875 0.5484376875 0.4125 0.55 0.41406283125 0.55 0.415625 0.5515623125 0.41718716875000006 0.5515623125 0.42031283124999996 0.5546876875 0.421875 0.5546876875 0.42343716875000004 0.55625 0.425 0.55625 0.428125 0.559374625 0.42968783125 0.559374625 0.43125 0.5609376875 0.434375 0.5609376875 0.43593783124999996 0.5625 0.4375 0.5625 0.440625 0.565624625 0.44218716875 0.565624625 0.44375 0.5671876874999999 0.446875 0.5671876874999999 0.45156283124999996 0.571874625 0.453125 0.571874625 0.45468716875000004 0.5734376875 0.45625 0.5734376875 0.45781216875 0.575 0.459375 0.575 0.46406216875000006 0.5796876875 0.46718783124999996 0.5796876875 0.46875 0.58125 0.47031216875000004 0.58125 0.471875 0.5828123125 0.47656283125 0.5828123125 0.478125 0.58125 0.47968716875000006 0.58125 0.48125 0.5796876875 0.48593716875000004 0.5796876875 0.48906216875 0.5765623125 0.490625 0.5765623125 0.49375 0.5734376875 0.496875 0.5734376875 0.503125 0.5671876874999999 0.50625 0.5671876874999999 0.50781283125 0.565624625 0.509375 0.565624625 0.5125 0.5625 0.51406283125 0.5625 0.515625 0.5609376875 0.5203121687500001 0.5609376875 0.5265621687500001 0.5546876875 0.528125 0.5546876875 0.5359371687500001 0.546875375 0.5359371687500001 0.5453123125 0.5375 0.54375 0.5375 0.5421876875 0.53906283125 0.540624625 0.53906283125 0.47656231250000003 0.53281216875 0.47031231250000005 0.53125 0.47031231250000005 0.52968783125 0.46875 0.5265621687500001 0.46875 0.52343783125 0.46562462499999996 0.52343783125 0.45937537500000003 0.521875 0.45781231250000004 0.521875 0.45625 0.51875 0.45312537500000005 0.51875 0.4515623125 0.51718716875 0.45 0.51718716875 0.44687462499999997 0.509375 0.43906231250000005 0.50625 0.43906231250000005 0.5046871687500001 0.440624625 0.50156216875 0.440624625 0.5 0.43906231250000005 0.49843783124999996 0.43906231250000005 0.496875 0.4375 0.49375 0.4375 0.490625 0.440624625 0.48281283124999996 0.440624625 0.48281283124999996 0.44375 0.48125 0.44531231250000003 0.48125 0.44687462499999997 0.47968716875000006 0.44843768749999996 0.47968716875000006 0.4515623125 0.47656283125 0.4546876875 0.47343716875 0.4546876875 0.471875 0.45625 0.465625 0.45625 0.46093783125 0.4515623125 0.46093783125 0.43906231250000005 0.459375 0.43906231250000005 0.45781216875 0.4375 0.45468716875000004 0.4375 0.453125 0.43593768749999995 0.43906216875000004 0.43593768749999995 0.434375 0.440624625 0.434375 0.4421876875 0.43125 0.44531231250000003 0.43125 0.45781231250000004
35 0.44843716875000006 0.71875 0.446875 0.7203123125 0.44531283125 0.7203123125 0.43593783124999996 0.7296876875 0.434375 0.7296876875 0.43281216875000006 0.73125 0.42968783125 0.73125 0.428125 0.7328123125 0.42656216875 0.7328123125 0.425 0.734375375 0.42343716875000004 0.734375375 0.42031283124999996 0.7375 0.41875 0.7375 0.4125 0.74375 0.41093716875 0.74375 0.40781216875000004 0.746874625 0.40781216875000004 0.7484376875 0.40625 0.75 0.40625 0.8390623125 0.409375 0.8421876875000001 0.41093716875 0.8421876875000001 0.4125 0.84375 0.41406283125 0.84375 0.41718716875000006 0.8468746250000001 0.41875 0.8468746250000001 0.42031283124999996 0.8484376875 0.421875 0.8484376875 0.42656216875 0.8531246250000001 0.428125 0.8531246250000001 0.42968783125 0.8546876875 0.43281216875000006 0.8546876875 0.43906216875000004 0.8609376875000001 0.44218716875 0.8609376875000001 0.446875 0.865624625 0.44843716875000006 0.865624625 0.45 0.8671876875000001 0.45156283124999996 0.8671876875000001 0.45781216875 0.8734376875000001 0.46093783125 0.8734376875000001 0.4625 0.875 0.465625 0.875 0.46718783124999996 0.8765623124999999 0.47343716875 0.8765623124999999 0.475 0.875 0.47656283125 0.875 0.478125 0.8734376875000001 0.48281283124999996 0.8734376875000001 0.48906216875 0.8671876875000001 0.490625 0.8671876875000001 0.496875 0.8609376875000001 0.49843783124999996 0.8609376875000001 0.50156216875 0.8578123124999999 0.503125 0.8578123124999999 0.50625 0.8546876875 0.509375 0.8546876875 0.5109371687500001 0.8531246250000001 0.5125 0.8531246250000001 0.515625 0.85 0.51718716875 0.85 0.51875 0.8484376875 0.5203121687500001 0.8484376875 0.5265621687500001 0.8421876875000001 0.528125 0.8421876875000001 0.52968783125 0.8406253749999999 0.53125 0.8406253749999999 0.5359371687500001 0.8359376875000001 0.5359371687500001 0.834374625 0.5375 0.8328123125 0.5375 0.83125 0.53906283125 0.8296876875000001 0.53906283125 0.75625 0.5375 0.7546876874999999 0.5375 0.7515623125 0.5359371687500001 0.75 0.5359371687500001 0.7484376875 0.534375 0.746874625 0.534375 0.7453123125000001 0.53281216875 0.7453123125000001 0.52968783125 0.7421876875 0.528125 0.7421876875 0.52343783125 0.7375 0.521875 0.7375 0.5203121687500001 0.7359376875 0.51875 0.7359376875 0.51718716875 0.734375375 0.51718716875 0.7328123125 0.515625 0.7328123125 0.51406283125 0.73125 0.5125 0.73125 0.5109371687500001 0.7296876875 0.509375 0.7296876875 0.5046871687500001 0.725 0.503125 0.725 0.50156216875 0.7234376874999999 0.5 0.7234376874999999 0.496875 0.7203123125 0.49531216875000006 0.7203123125 0.49375 0.71875 0.490625 0.71875 0.48906216875 0.7171876875 0.4875 0.7171876875 0.484375 0.7140623125000001 0.48281283124999996 0.7140623125000001 0.48125 0.7125 0.459375 0.7125 0.45781216875 0.7140623125000001 0.45625 0.7140623125000001 0.45156283124999996 0.71875 0.44843716875000006 0.71875
37 0.315625 0.7078123125 0.3125 0.7109376875 0.31093716875 0.7109376875 0.309375 0.7125 0.30781216875 0.7125 0.30468783125 0.715624625 0.303125 0.715624625 0.3 0.71875 0.296875 0.71875 0.29531216875 0.7203123125 0.29375 0.7203123125 0.28906283125 0.725 0.2875 0.725 0.28593716874999997 0.7265623125 0.284375 0.7265623125 0.275 0.7359376875 0.275 0.7421876875 0.27343783125 0.74375 0.27343783125 0.746874625 0.26875 0.7515623125 0.26875 0.7546876874999999 0.2625 0.7609376875 0.26093783125000003 0.7609376875 0.259375 0.7625 0.25781283125 0.7625 0.25625 0.7640623125 0.25625 0.8375 0.25781283125 0.8390623125 0.25781283125 0.8406253749999999 0.259375 0.8406253749999999 0.26093783125000003 0.8421876875000001 0.265625 0.8421876875000001 0.271875 0.8484376875 0.27343783125 0.8484376875 0.275 0.85 0.27656283125000003 0.85 0.27968716875 0.8531246250000001 0.28125 0.8531246250000001 0.28281216875 0.8546876875 0.284375 0.8546876875 0.28593716874999997 0.85625 0.2875 0.85625 0.290625 0.8593753749999999 0.29218783125000003 0.8593753749999999 0.29375 0.8609376875000001 0.29531216875 0.8609376875000001 0.30156216874999997 0.8671876875000001 0.303125 0.8671876875000001 0.309375 0.8734376875000001 0.31406216875 0.8734376875000001 0.315625 0.875 0.31875 0.875 0.32031283125 0.8765623124999999 0.32343716875 0.8765623124999999 0.325 0.875 0.32968716875 0.875 0.33125 0.8734376875000001 0.33593783125 0.8734376875000001 0.3375 0.8718753749999999 0.33906216875 0.8718753749999999 0.34218783125 0.86875 0.34375 0.86875 0.34531216875 0.8671876875000001 0.346875 0.8671876875000001 0.34843716874999997 0.865624625 0.34843716874999997 0.8640623125 0.35 0.8625 0.35156283125 0.8625 0.35468716875 0.8593753749999999 0.35625 0.8593753749999999 0.359375 0.85625 0.36093716875 0.85625 0.3625 0.8546876875 0.365625 0.8546876875 0.36718783125 0.8531246250000001 0.36875 0.8531246250000001 0.36875 0.8515623124999999 0.37031216875 0.85 0.37343783125 0.85 0.375 0.8484376875 0.378125 0.8484376875 0.38281283125 0.84375 0.384375 0.84375 0.390625 0.8375 0.390625 0.8359376875000001 0.39218716875 0.834374625 0.39218716875 0.7546876874999999 0.390625 0.753124625 0.390625 0.75 0.38906283125 0.7484376875 0.38906283125 0.746874625 0.38593716875 0.74375 0.38593716875 0.7421876875 0.38125 0.7375 0.37968716874999997 0.7375 0.378125 0.7359376875 0.37656216875 0.7359376875 0.371875 0.73125 0.36875 0.73125 0.36718783125 0.7296876875 0.365625 0.7296876875 0.36093716875 0.725 0.359375 0.725 0.353125 0.71875 0.35 0.71875 0.34843716874999997 0.7171876875 0.346875 0.7171876875 0.3375 0.7078123125 0.33593783125 0.7078123125 0.334375 0.70625 0.32343716875 0.70625 0.321875 0.7046876875 0.32031283125 0.70625 0.31875 0.70625 0.31718716874999997 0.7078123125 0.315625 0.7078123125
35 0.25156216875 0.290624625 0.253125 0.290624625 0.25468716874999997 0.2921876875 0.25625 0.2921876875 0.259375 0.2953123125 0.259375 0.296875375 0.25781283125 0.2984376875 0.25781283125 0.3 0.25156216875 0.30625 0.24375 0.30625 0.2375 0.3 0.2375 0.2984376875 0.23593716874999998 0.296875375 0.2375 0.2953123125 0.2375 0.29375 0.23906216875 0.2921876875 0.240625 0.2921876875 0.24218783125 0.290624625 0.24375 0.290624625 0.24375 0.2890623125 0.24218783125 0.2875 0.240625 0.2875 0.23906216875 0.28593768750000004 0.228125 0.28593768750000004 0.22656283125 0.2875 0.221875 0.2875 0.22031216874999998 0.2890623125 0.215625 0.2890623125 0.21406283125 0.290624625 0.21406283125 0.2921876875 0.21093783125 0.2953123125 0.21093783125 0.296875375 0.209375 0.2984376875 0.209375 0.3015623125 0.20781216875 0.30312462500000004 0.20781216875 0.30625 0.20625 0.30781231249999996 0.20625 0.315624625 0.203125 0.31875 0.20156216875 0.31875 0.19531283125 0.325 0.19375 0.325 0.18906216874999998 0.3296876875 0.1875 0.3296876875 0.18593716875 0.33125 0.184375 0.33125 0.18281283125 0.3328123125 0.18281283125 0.4015623125 0.184375 0.40312462499999996 0.18593716875 0.40312462499999996 0.1875 0.40468768749999995 0.18906216874999998 0.40468768749999995 0.19531283125 0.4109376875 0.19843783125 0.4109376875 0.203125 0.41562462499999997 0.20468716874999998 0.41562462499999997 0.20625 0.41718768749999996 0.209375 0.41718768749999996 0.21093783125 0.41875 0.2125 0.41875 0.215625 0.42187537500000005 0.21718716875 0.42187537500000005 0.21875 0.4234376875 0.22656283125 0.4234376875 0.228125 0.42187537500000005 0.22968783125 0.42187537500000005 0.22968783125 0.4203123125 0.23125 0.41875 0.23281216875 0.41875 0.234375 0.41718768749999996 0.240625 0.41718768749999996 0.24531283125 0.4125 0.253125 0.4125 0.25625 0.41562462499999997 0.259375 0.41562462499999997 0.26093783125000003 0.41718768749999996 0.27968716875 0.41718768749999996 0.28125 0.41562462499999997 0.284375 0.41562462499999997 0.28906283125 0.4109376875 0.29531216875 0.4109376875 0.3 0.40625 0.30156216874999997 0.40625 0.303125 0.40468768749999995 0.30468783125 0.40468768749999995 0.30625 0.40312462499999996 0.30781216875 0.40312462499999996 0.31406216875 0.396875375 0.315625 0.396875375 0.315625 0.3328123125 0.31406216875 0.33125 0.31093716875 0.33125 0.309375 0.3296876875 0.30781216875 0.3296876875 0.30625 0.328125375 0.30625 0.3265623125 0.30468783125 0.3265623125 0.303125 0.325 0.30156216874999997 0.325 0.29843716875 0.321874625 0.29843716875 0.3203123125 0.296875 0.31875 0.296875 0.31718768750000004 0.29531216875 0.315624625 0.29531216875 0.3140623125 0.29218783125000003 0.3109376875 0.29218783125000003 0.30625 0.290625 0.3046876875 0.290625 0.3015623125 0.2875 0.2984376875 0.2875 0.296875375 0.27968716875 0.2890623125 0.278125 0.2890623125 0.27656283125000003 0.2875 0.271875 0.2875 0.27031216874999997 0.28593768750000004 0.26875 0.28593768750000004 0.26718716875 0.284375375 0.265625 0.284375375 0.26406216875 0.2828123125 0.25781283125 0.2828123125 0.25625 0.284375375 0.25468716874999997 0.284375375 0.25 0.2890623125 0.25156216875 0.290624625
37 0.52968783125 0.5671876874999999 0.528125 0.56875 0.5265621687500001 0.56875 0.525 0.5703123125 0.521875 0.5703123125 0.51718716875 0.575 0.515625 0.575 0.5109371687500001 0.5796876875 0.509375 0.5796876875 0.50781283125 0.58125 0.50625 0.58125 0.5046871687500001 0.5828123125 0.503125 0.5828123125 0.49843783124999996 0.5875 0.496875 0.5875 0.490625 0.59375 0.48906216875 0.59375 0.48281283124999996 0.6 0.48281283124999996 0.6609376874999999 0.484375 0.6609376874999999 0.4875 0.6640623125 0.4875 0.6703123125 0.48906216875 0.671875375 0.48906216875 0.6734376875 0.490625 0.675 0.490625 0.6765623125 0.49218783125 0.6781246249999999 0.49218783125 0.684374625 0.49375 0.6859376875 0.49375 0.7 0.49531216875000006 0.7015623125 0.49531216875000006 0.703125375 0.5 0.7078123125 0.5 0.7093746249999999 0.50156216875 0.7109376875 0.503125 0.7109376875 0.5046871687500001 0.7125 0.50625 0.7125 0.509375 0.715624625 0.5109371687500001 0.715624625 0.5125 0.7171876875 0.51406283125 0.7171876875 0.515625 0.71875 0.51718716875 0.71875 0.5203121687500001 0.721874625 0.521875 0.721874625 0.52343783125 0.7234376874999999 0.525 0.7234376874999999 0.5265621687500001 0.725 0.528125 0.725 0.53125 0.728124625 0.53281216875 0.728124625 0.534375 0.7296876875 0.540625 0.7296876875 0.5421871687500001 0.73125 0.546875 0.73125 0.54843716875 0.7296876875 0.553125 0.7296876875 0.55468783125 0.728124625 0.55625 0.728124625 0.559375 0.725 0.56093783125 0.725 0.5625 0.7234376874999999 0.565625 0.7234376874999999 0.57031283125 0.71875 0.5734371687500001 0.71875 0.575 0.7171876875 0.578125 0.7171876875 0.5875 0.7078123125 0.5875 0.70625 0.590625 0.703125375 0.590625 0.6796876875 0.59218783125 0.6781246249999999 0.59218783125 0.6671876875 0.59375 0.665624625 0.59375 0.6640623125 0.59531216875 0.6625 0.596875 0.6625 0.5984371687500001 0.6609376874999999 0.6 0.6609376874999999 0.609375 0.6515623125000001 0.609375 0.6015623125 0.60781216875 0.6 0.60625 0.6 0.6 0.59375 0.5984371687500001 0.59375 0.596875 0.5921876875 0.59531216875 0.5921876875 0.590625 0.5875 0.5875 0.5875 0.58593783125 0.5859376875 0.584375 0.5859376875 0.58125 0.5828123125 0.57968716875 0.5828123125 0.578125 0.58125 0.571875 0.58125 0.57031283125 0.5796876875 0.56875 0.5796876875 0.565625 0.5765623125 0.56406216875 0.5765623125 0.5515621687500001 0.5640623125 0.55 0.5640623125 0.54843716875 0.5625 0.5375 0.5625 0.5359371687500001 0.5640623125 0.534375 0.5640623125 0.53125 0.5671876874999999 0.52968783125 0.5671876874999999
37 0.38281283125 0.56875 0.38125 0.5703123125 0.37968716874999997 0.5703123125 0.375 0.575 0.371875 0.575 0.37031216875 0.5765623125 0.36875 0.5765623125 0.365625 0.5796876875 0.36406216874999997 0.5796876875 0.3625 0.58125 0.359375 0.58125 0.35 0.590624625 0.35 0.596874625 0.34843716874999997 0.5984376874999999 0.34843716874999997 0.6015623125 0.34531216875 0.6046876875 0.34531216875 0.60625 0.34375 0.6078123125 0.34375 0.609375375 0.33281216874999997 0.6203123125000001 0.33281216874999997 0.69375 0.3375 0.6984376875 0.33906216875 0.6984376875 0.34531216875 0.7046876875 0.34843716874999997 0.7046876875 0.35 0.70625 0.35156283125 0.70625 0.35468716875 0.7093746249999999 0.35625 0.7093746249999999 0.35781283125 0.7109376875 0.359375 0.7109376875 0.36093716875 0.7125 0.3625 0.7125 0.365625 0.715624625 0.36718783125 0.715624625 0.36875 0.7171876875 0.371875 0.7171876875 0.37343783125 0.71875 0.375 0.71875 0.37656216875 0.7203123125 0.378125 0.7203123125 0.38125 0.7234376874999999 0.384375 0.7234376874999999 0.38593716875 0.725 0.3875 0.725 0.38906283125 0.7265623125 0.390625 0.7265623125 0.39218716875 0.728124625 0.40468783124999996 0.728124625 0.40781216875000004 0.725 0.41093716875 0.725 0.4125 0.7234376874999999 0.415625 0.7234376874999999 0.42031283124999996 0.71875 0.42343716875000004 0.71875 0.425 0.7171876875 0.428125 0.7171876875 0.434375 0.7109376875 0.4375 0.7109376875 0.44531283125 0.703125375 0.44531283125 0.7015623125 0.446875 0.7 0.446875 0.6984376875 0.44843716875000006 0.696874625 0.44843716875000006 0.6765623125 0.45 0.675 0.45 0.6734376875 0.453125 0.6703123125 0.453125 0.66875 0.45468716875000004 0.6671876875 0.45468716875000004 0.6640623125 0.46093783125 0.6578123125 0.46093783125 0.6015623125 0.44843716875000006 0.5890623125000001 0.446875 0.5890623125000001 0.44531283125 0.5875 0.44218716875 0.5875 0.440625 0.5859376875 0.43906216875000004 0.5859376875 0.434375 0.58125 0.43281216875000006 0.58125 0.43125 0.5796876875 0.42968783125 0.5796876875 0.428125 0.578125375 0.42656216875 0.578125375 0.42343716875000004 0.575 0.42031283124999996 0.575 0.415625 0.5703123125 0.41406283125 0.5703123125 0.4125 0.56875 0.41093716875 0.56875 0.409375 0.5671876874999999 0.40781216875000004 0.5671876874999999 0.403125 0.5625 0.39375 0.5625 0.39218716875 0.5640623125 0.390625 0.5640623125 0.38593716875 0.56875 0.38281283125 0.56875
32 0.38125 0.1328123125 0.378125 0.1359376875 0.378125 0.171875375 0.37968716874999997 0.171875375 0.38125 0.1734376875 0.415625 0.1734376875 0.41718716875000006 0.171875375 0.41718716875000006 0.1328123125 0.415625 0.13125 0.41406283125 0.13125 0.40781216875000004 0.125 0.40625 0.125 0.40468783124999996 0.12343768749999999 0.390625 0.12343768749999999 0.38906283125 0.125 0.3875 0.125 0.38125 0.13125 0.38125 0.1328123125
37 0.31406216875 0.42812537500000003 0.3125 0.42968768749999997 0.30156216874999997 0.42968768749999997 0.3 0.43125 0.29531216875 0.43125 0.29375 0.4328123125 0.290625 0.4328123125 0.28593716874999997 0.4375 0.284375 0.4375 0.278125 0.44375 0.27656283125000003 0.44375 0.275 0.44531231250000003 0.275 0.4546876875 0.27343783125 0.45625 0.27343783125 0.45781231250000004 0.27031216874999997 0.46093768749999997 0.27031216874999997 0.4625 0.26875 0.4640623125 0.26875 0.46562462499999996 0.265625 0.46875 0.26406216875 0.46875 0.2625 0.47031231250000005 0.2625 0.47656231250000003 0.259375 0.47968768749999996 0.259375 0.5484376875 0.265625 0.5546876875 0.26875 0.5546876875 0.27031216874999997 0.55625 0.271875 0.55625 0.275 0.559374625 0.27656283125000003 0.559374625 0.278125 0.5609376875 0.28125 0.5609376875 0.28281216875 0.5625 0.284375 0.5625 0.2875 0.565624625 0.290625 0.565624625 0.29218783125000003 0.5671876874999999 0.296875 0.5671876874999999 0.3 0.5640623125 0.30156216874999997 0.5640623125 0.303125 0.5625 0.30468783125 0.5625 0.30625 0.5609376875 0.340625 0.5609376875 0.34218783125 0.5625 0.34375 0.5625 0.34531216875 0.5640623125 0.34843716874999997 0.5640623125 0.35 0.5625 0.353125 0.5625 0.35468716875 0.5609376875 0.359375 0.5609376875 0.36093716875 0.559374625 0.3625 0.559374625 0.365625 0.55625 0.36718783125 0.55625 0.36875 0.5546876875 0.371875 0.5546876875 0.37343783125 0.553125375 0.375 0.553125375 0.378125 0.55 0.37968716874999997 0.55 0.38125 0.5484376875 0.384375 0.5484376875 0.39218716875 0.540624625 0.39218716875 0.47812462499999997 0.38906283125 0.475 0.38125 0.475 0.37968716874999997 0.4734376875 0.378125 0.4734376875 0.375 0.47031231250000005 0.375 0.46875 0.37343783125 0.46718768749999995 0.37343783125 0.46562462499999996 0.371875 0.4640623125 0.371875 0.4625 0.37031216875 0.4625 0.36875 0.46093768749999997 0.36875 0.45937537500000003 0.36718783125 0.45781231250000004 0.36718783125 0.4515623125 0.365625 0.45 0.365625 0.44843768749999996 0.36093716875 0.44375 0.36093716875 0.440624625 0.35781283125 0.4375 0.35625 0.4375 0.35468716875 0.43593768749999995 0.353125 0.43593768749999995 0.35156283125 0.43437462499999996 0.35 0.43437462499999996 0.34843716874999997 0.4328123125 0.34375 0.4328123125 0.33906216875 0.4375 0.3375 0.43593768749999995 0.3375 0.43437462499999996 0.33593783125 0.4328123125 0.33593783125 0.43125 0.334375 0.42968768749999997 0.334375 0.42656231250000004 0.33281216874999997 0.42656231250000004 0.328125 0.42187537500000005 0.325 0.42187537500000005 0.321875 0.425 0.321875 0.42656231250000004 0.32031283125 0.42812537500000003 0.31406216875 0.42812537500000003
17 0.45 0.1421876875 0.44843716875000006 0.14375 0.44375 0.14375 0.44218716875 0.1453123125 0.434375 0.1453123125 0.43125 0.1484376875 0.43125 0.15 0.425 0.15625 0.425 0.159374625 0.42343716875000004 0.16093768749999998 0.42343716875000004 0.165624625 0.42031283124999996 0.16875 0.42031283124999996 0.1703123125 0.41875 0.171875375 0.41875 0.1734376875 0.415625 0.1765623125 0.41406283125 0.1765623125 0.40781216875000004 0.18281231250000002 0.40781216875000004 0.253125375 0.409375 0.25468768750000004 0.41093716875 0.25468768750000004 0.41718716875000006 0.2609376875 0.41875 0.2609376875 0.42343716875000004 0.265625375 0.425 0.265625375 0.42656216875 0.2671876875 0.43125 0.2671876875 0.43281216875000006 0.26875 0.434375 0.26875 0.43906216875000004 0.2734376875 0.44375 0.2734376875 0.44531283125 0.275 0.446875 0.275 0.45 0.278124625 0.45156283124999996 0.278124625 0.453125 0.2796876875 0.45468716875000004 0.2796876875 0.459375 0.284375375 0.46093783125 0.284375375 0.4625 0.28593768750000004 0.46406216875000006 0.28593768750000004 0.465625 0.2875 0.46718783124999996 0.2875 0.47031216875000004 0.290624625 0.47968716875000006 0.290624625 0.48125 0.2890623125 0.48281283124999996 0.2890623125 0.484375 0.2875 0.48593716875000004 0.2875 0.4875 0.28593768750000004 0.49218783125 0.28593768750000004 0.49375 0.284375375 0.49531216875000006 0.284375375 0.5 0.2796876875 0.503125 0.2796876875 0.5109371687500001 0.27187462500000004 0.5109371687500001 0.2703123125 0.515625 0.265625375 0.515625 0.25625 0.51406283125 0.25468768750000004 0.51406283125 0.24687462500000001 0.515625 0.2453123125 0.515625 0.240624625 0.51718716875 0.23906231249999998 0.51718716875 0.22812462500000003 0.521875 0.2234376875 0.52343783125 0.2234376875 0.534375 0.2125 0.534375 0.21093768750000003 0.5359371687500001 0.209374625 0.5359371687500001 0.1703123125 0.53125 0.165624625 0.53125 0.1640623125 0.52968783125 0.1625 0.52968783125 0.16093768749999998 0.5265621687500001 0.1578123125 0.52343783125 0.1578123125 0.521875 0.15625 0.51718716875 0.15625 0.515625 0.1546876875 0.51406283125 0.1546876875 0.5125 0.153124625 0.5109371687500001 0.153124625 0.509375 0.15156231250000002 0.50625 0.15156231250000002 0.5046871687500001 0.15 0.503125 0.15 0.496875 0.14375 0.49218783125 0.14375 0.490625 0.1421876875 0.48906216875 0.1421876875 0.484375 0.1375 0.48281283124999996 0.1375 0.478125 0.1328123125 0.47656283125 0.1328123125 0.475 0.13125 0.465625 0.13125 0.45781216875 0.1390623125 0.45625 0.1390623125 0.453125 0.1421876875 0.45 0.1421876875
36 0.6765621687500001 0.284375375 0.66875 0.2921876875 0.6671871687500001 0.2921876875 0.665625 0.29375 0.6609371687500001 0.29375 0.659375 0.2953123125 0.65781216875 0.2953123125 0.653125 0.3 0.6515621687500001 0.3 0.65 0.3015623125 0.646875 0.3015623125 0.64375 0.3046876875 0.64218716875 0.3046876875 0.640625 0.30625 0.6359371687500001 0.30625 0.634375 0.30781231249999996 0.63281283125 0.30781231249999996 0.63281283125 0.309374625 0.62656216875 0.315624625 0.62656216875 0.31718768750000004 0.625 0.31875 0.625 0.40312462499999996 0.62656216875 0.40468768749999995 0.6296871687500001 0.40468768749999995 0.634375 0.409374625 0.6359371687500001 0.409374625 0.6375 0.4109376875 0.63906216875 0.4109376875 0.640625 0.4125 0.64218716875 0.4125 0.64375 0.41406231250000003 0.64375 0.41562462499999997 0.6453121687500001 0.41562462499999997 0.646875 0.41718768749999996 0.6515621687500001 0.41718768749999996 0.653125 0.41875 0.65468716875 0.41875 0.65625 0.4203123125 0.65625 0.42187537500000005 0.65781216875 0.42187537500000005 0.659375 0.4234376875 0.6609371687500001 0.4234376875 0.66406283125 0.42656231250000004 0.665625 0.42656231250000004 0.66875 0.42968768749999997 0.671875 0.42968768749999997 0.678125 0.43593768749999995 0.68125 0.43593768749999995 0.6828121687500001 0.4375 0.684375 0.4375 0.68593716875 0.43906231250000005 0.6875 0.43906231250000005 0.68906216875 0.440624625 0.6984371687500001 0.440624625 0.70156216875 0.4375 0.703125 0.4375 0.70468716875 0.43593768749999995 0.70625 0.43593768749999995 0.71093783125 0.43125 0.7125 0.43125 0.7140621687500001 0.42968768749999997 0.715625 0.42968768749999997 0.71718716875 0.42812537500000003 0.71875 0.42812537500000003 0.7234378312499999 0.4234376875 0.72656283125 0.4234376875 0.73125 0.41875 0.73281216875 0.41875 0.734375 0.41718768749999996 0.7390628312499999 0.41718768749999996 0.7453121687500001 0.4109376875 0.746875 0.4109376875 0.74843716875 0.409374625 0.75 0.409374625 0.75 0.40781231250000005 0.75156216875 0.40625 0.753125 0.40625 0.75625 0.40312462499999996 0.75625 0.4015623125 0.7609371687500001 0.396875375 0.7609371687500001 0.3203123125 0.759375 0.31875 0.759375 0.315624625 0.75625 0.3125 0.75625 0.3109376875 0.75 0.3046876875 0.74843716875 0.3046876875 0.746875 0.30312462500000004 0.746875 0.3015623125 0.7453121687500001 0.3015623125 0.74375 0.3 0.74218783125 0.3 0.7390628312499999 0.296875375 0.7375 0.296875375 0.734375 0.29375 0.73125 0.29375 0.7296871687500001 0.2921876875 0.72656283125 0.2921876875 0.7234378312499999 0.2890623125 0.721875 0.2890623125 0.72031216875 0.2875 0.71718716875 0.2875 0.7140621687500001 0.284375375 0.7125 0.284375375 0.709375 0.28125 0.6984371687500001 0.28125 0.696875 0.2796876875 0.684375 0.2796876875 0.6828121687500001 0.28125 0.68125 0.28125 0.678125 0.284375375 0.6765621687500001 0.284375375
36 0.5890621687500001 0.71875 0.57656283125 0.73125 0.575 0.73125 0.5734371687500001 0.7328123125 0.571875 0.7328123125 0.56093783125 0.74375 0.559375 0.74375 0.55625 0.746874625 0.55625 0.75 0.55468783125 0.7515623125 0.55468783125 0.7546876874999999 0.553125 0.75625 0.553125 0.759374625 0.5515621687500001 0.7609376875 0.5515621687500001 0.834374625 0.553125 0.8359376875000001 0.55468783125 0.8359376875000001 0.559375 0.8406253749999999 0.56093783125 0.8406253749999999 0.5625 0.8421876875000001 0.565625 0.8421876875000001 0.571875 0.8484376875 0.575 0.8484376875 0.57968716875 0.8531246250000001 0.58125 0.8531246250000001 0.5828121687500001 0.8546876875 0.584375 0.8546876875 0.5890621687500001 0.8593753749999999 0.590625 0.8593753749999999 0.596875 0.865624625 0.5984371687500001 0.865624625 0.6 0.8671876875000001 0.60156283125 0.8671876875000001 0.60781216875 0.8734376875000001 0.61093716875 0.8734376875000001 0.6125 0.875 0.615625 0.875 0.61718783125 0.8765623124999999 0.621875 0.8765623124999999 0.62343716875 0.875 0.625 0.875 0.62656216875 0.8734376875000001 0.6296871687500001 0.8734376875000001 0.634375 0.86875 0.6359371687500001 0.86875 0.6375 0.8671876875000001 0.63906216875 0.8671876875000001 0.64375 0.8625 0.6453121687500001 0.8625 0.646875 0.8609376875000001 0.64843783125 0.8609376875000001 0.65 0.8593753749999999 0.6515621687500001 0.8593753749999999 0.65468716875 0.85625 0.65625 0.85625 0.65781216875 0.8546876875 0.6609371687500001 0.8546876875 0.6625 0.8531246250000001 0.66406283125 0.8531246250000001 0.665625 0.8515623124999999 0.665625 0.85 0.6671871687500001 0.8484376875 0.6671871687500001 0.8390623125 0.66875 0.8375 0.66875 0.834374625 0.67031216875 0.8328123125 0.67031216875 0.8296876875000001 0.671875 0.8281253749999999 0.671875 0.8234376875 0.67343716875 0.8218746250000001 0.67343716875 0.8140623124999999 0.678125 0.8093753749999999 0.678125 0.8078123125 0.67968783125 0.80625 0.67968783125 0.803124625 0.68125 0.8015623125 0.68125 0.8 0.6828121687500001 0.7984376875 0.6828121687500001 0.7484376875 0.67968783125 0.7453123125000001 0.678125 0.7453123125000001 0.671875 0.7390623125 0.67031216875 0.7390623125 0.66875 0.7375 0.665625 0.7375 0.66406283125 0.7359376875 0.6625 0.7359376875 0.659375 0.7328123125 0.65781216875 0.7328123125 0.65625 0.73125 0.65468716875 0.73125 0.653125 0.7296876875 0.6515621687500001 0.7296876875 0.64218716875 0.7203123125 0.640625 0.7203123125 0.63906216875 0.71875 0.634375 0.71875 0.63281283125 0.7171876875 0.625 0.7171876875 0.62343716875 0.715624625 0.61718783125 0.715624625 0.615625 0.7171876875 0.59375 0.7171876875 0.59218783125 0.71875 0.5890621687500001 0.71875
36 0.2375 0.56875 0.23593716874999998 0.5703123125 0.234375 0.5703123125 0.23125 0.5734376875 0.22968783125 0.5734376875 0.228125 0.575 0.225 0.575 0.221875 0.578125375 0.22031216874999998 0.578125375 0.21875 0.5796876875 0.21718716875 0.5796876875 0.215625 0.58125 0.21406283125 0.58125 0.2125 0.5828123125 0.209375 0.5828123125 0.20781216875 0.584375375 0.20781216875 0.5859376875 0.20468716874999998 0.5890623125000001 0.20468716874999998 0.590624625 0.203125 0.5921876875 0.20156216875 0.5921876875 0.20156216875 0.59375 0.2 0.5953123125 0.2 0.603124625 0.19375 0.609375375 0.19375 0.6109376875 0.19218716875 0.6125 0.190625 0.6125 0.1875 0.6156246249999999 0.1875 0.6171876875 0.184375 0.6203123125000001 0.184375 0.6921876874999999 0.190625 0.6921876874999999 0.19375 0.6953123125 0.19375 0.696874625 0.19531283125 0.696874625 0.196875 0.6984376875 0.19843783125 0.6984376875 0.2 0.7 0.20156216875 0.7 0.203125 0.7015623125 0.20468716874999998 0.7015623125 0.20625 0.703125375 0.20781216875 0.703125375 0.209375 0.7046876875 0.21093783125 0.7046876875 0.2125 0.70625 0.21406283125 0.70625 0.21718716875 0.7093746249999999 0.21875 0.7093746249999999 0.22031216874999998 0.7109376875 0.23593716874999998 0.7109376875 0.2375 0.7093746249999999 0.23906216875 0.7093746249999999 0.240625 0.7078123125 0.24218783125 0.7078123125 0.24375 0.70625 0.24531283125 0.70625 0.246875 0.7046876875 0.25 0.7046876875 0.25156216875 0.70625 0.25625 0.70625 0.25781283125 0.7078123125 0.2625 0.7078123125 0.26406216875 0.7093746249999999 0.26875 0.7093746249999999 0.27031216874999997 0.7109376875 0.27656283125000003 0.7109376875 0.28125 0.70625 0.28281216875 0.70625 0.284375 0.7046876875 0.2875 0.7046876875 0.28906283125 0.703125375 0.290625 0.703125375 0.29375 0.7 0.29531216875 0.7 0.296875 0.6984376875 0.30156216874999997 0.6984376875 0.30781216875 0.6921876874999999 0.309375 0.6921876874999999 0.3125 0.6890623125 0.3125 0.6875 0.31406216875 0.6859376875 0.31406216875 0.6203123125000001 0.31093716875 0.6171876875 0.31093716875 0.6156246249999999 0.29843716875 0.603124625 0.29843716875 0.59375 0.296875 0.5921876875 0.296875 0.5890623125000001 0.29375 0.5859376875 0.29375 0.584375375 0.290625 0.58125 0.2875 0.58125 0.28593716874999997 0.5796876875 0.284375 0.5796876875 0.28125 0.5765623125 0.27968716875 0.5765623125 0.278125 0.575 0.27656283125000003 0.575 0.27031216874999997 0.56875 0.26875 0.56875 0.26718716875 0.5671876874999999 0.265625 0.5671876874999999 0.2625 0.5640623125 0.26093783125000003 0.5640623125 0.259375 0.5625 0.25 0.5625 0.24843716875 0.5640623125 0.24531283125 0.5640623125 0.240625 0.56875 0.2375 0.56875
17 0.384375 0.284375375 0.38281283125 0.28593768750000004 0.38125 0.28593768750000004 0.37968716874999997 0.2875 0.37031216875 0.2875 0.36875 0.2890623125 0.365625 0.2890623125 0.3625 0.2921876875 0.36093716875 0.2921876875 0.35625 0.296875375 0.35625 0.3140623125 0.35468716875 0.315624625 0.35468716875 0.31718768750000004 0.353125 0.31875 0.35156283125 0.31875 0.35156283125 0.3203123125 0.346875 0.325 0.34531216875 0.325 0.33906216875 0.33125 0.33281216874999997 0.33125 0.33125 0.3328123125 0.33125 0.33437462500000004 0.32968716875 0.3359376875 0.32968716875 0.4 0.33125 0.4015623125 0.33125 0.40312462499999996 0.33281216874999997 0.40468768749999995 0.33593783125 0.40468768749999995 0.3375 0.40625 0.33906216875 0.40625 0.34218783125 0.409374625 0.34375 0.409374625 0.34531216875 0.4109376875 0.34843716874999997 0.4109376875 0.353125 0.41562462499999997 0.35468716875 0.41562462499999997 0.35625 0.41718768749999996 0.371875 0.41718768749999996 0.37343783125 0.41562462499999997 0.37343783125 0.41406231250000003 0.37656216875 0.4109376875 0.39531216874999997 0.4109376875 0.396875 0.4125 0.39843783125 0.4125 0.4 0.41406231250000003 0.4 0.41562462499999997 0.40156216875000006 0.41562462499999997 0.403125 0.41718768749999996 0.40625 0.41718768749999996 0.40781216875000004 0.41875 0.409375 0.41875 0.4125 0.42187537500000005 0.41875 0.42187537500000005 0.42031283124999996 0.4203123125 0.421875 0.4203123125 0.425 0.41718768749999996 0.428125 0.41718768749999996 0.42968783125 0.41562462499999997 0.43125 0.41562462499999997 0.434375 0.4125 0.43593783124999996 0.4125 0.4375 0.4109376875 0.440625 0.4109376875 0.44218716875 0.409374625 0.44375 0.409374625 0.44843716875000006 0.40468768749999995 0.45 0.40468768749999995 0.45156283124999996 0.40312462499999996 0.453125 0.40312462499999996 0.45781216875 0.3984376875 0.459375 0.3984376875 0.46093783125 0.396875375 0.46093783125 0.3203123125 0.459375 0.31875 0.459375 0.31718768750000004 0.45781216875 0.315624625 0.45781216875 0.3140623125 0.45625 0.3125 0.45625 0.309374625 0.453125 0.30625 0.45156283124999996 0.30625 0.45 0.3046876875 0.44843716875000006 0.3046876875 0.44531283125 0.3015623125 0.44375 0.3015623125 0.44218716875 0.3 0.43906216875000004 0.3 0.434375 0.2953123125 0.43281216875000006 0.2953123125 0.43125 0.29375 0.42656216875 0.29375 0.42031283124999996 0.2875 0.41718716875000006 0.2875 0.41406283125 0.284375375 0.4125 0.284375375 0.41093716875 0.2828123125 0.40781216875000004 0.2828123125 0.40625 0.28125 0.390625 0.28125 0.38906283125 0.2828123125 0.3875 0.2828123125 0.38593716875 0.284375375 0.384375 0.284375375
17 0.67031216875 0.5765623125 0.6671871687500001 0.5796876875 0.66406283125 0.5796876875 0.6625 0.58125 0.659375 0.58125 0.65781216875 0.5828123125 0.65625 0.5828123125 0.6515621687500001 0.5875 0.64843783125 0.5875 0.64375 0.5921876875 0.64218716875 0.5921876875 0.640625 0.59375 0.63906216875 0.59375 0.6375 0.5953123125 0.6359371687500001 0.5953123125 0.63281283125 0.5984376874999999 0.63281283125 0.6 0.63125 0.6015623125 0.63125 0.60625 0.6296871687500001 0.6078123125 0.6296871687500001 0.6671876875 0.63125 0.66875 0.63125 0.675 0.63281283125 0.6765623125 0.63281283125 0.6781246249999999 0.634375 0.6781246249999999 0.6359371687500001 0.6796876875 0.640625 0.6796876875 0.65 0.6890623125 0.65 0.703125375 0.65468716875 0.7078123125 0.65468716875 0.7093746249999999 0.65625 0.7109376875 0.65781216875 0.7109376875 0.659375 0.7125 0.6609371687500001 0.7125 0.665625 0.7171876875 0.66875 0.7171876875 0.67031216875 0.71875 0.671875 0.71875 0.67343716875 0.7203123125 0.675 0.7203123125 0.678125 0.7234376874999999 0.68125 0.7234376874999999 0.6828121687500001 0.725 0.69375 0.725 0.69531283125 0.7234376874999999 0.6984371687500001 0.7234376874999999 0.70156216875 0.7203123125 0.703125 0.7203123125 0.70625 0.7171876875 0.709375 0.7171876875 0.71093783125 0.715624625 0.7125 0.715624625 0.7140621687500001 0.7140623125000001 0.715625 0.7140623125000001 0.71875 0.7109376875 0.721875 0.7109376875 0.7234378312499999 0.7093746249999999 0.72656283125 0.7093746249999999 0.7296871687500001 0.70625 0.73125 0.70625 0.73281216875 0.7046876875 0.73593716875 0.7046876875 0.74218783125 0.6984376875 0.74218783125 0.69375 0.74375 0.6921876874999999 0.74375 0.6890623125 0.746875 0.6859376875 0.746875 0.684374625 0.74843716875 0.6828123125000001 0.74843716875 0.6703123125 0.753125 0.665624625 0.753125 0.6640623125 0.7546878312499999 0.6625 0.7546878312499999 0.6578123125 0.75625 0.65625 0.75625 0.6546876875 0.75781283125 0.653124625 0.75781283125 0.60625 0.75625 0.6046876875 0.75625 0.6015623125 0.7546878312499999 0.6 0.7546878312499999 0.596874625 0.75156216875 0.59375 0.75 0.59375 0.74843716875 0.5921876875 0.746875 0.5921876875 0.74375 0.5890623125000001 0.74218783125 0.5890623125000001 0.740625 0.5875 0.734375 0.5875 0.7296871687500001 0.5828123125 0.728125 0.5828123125 0.72656283125 0.58125 0.7234378312499999 0.58125 0.721875 0.5796876875 0.72031216875 0.5796876875 0.71718716875 0.5765623125 0.715625 0.5765623125 0.709375 0.5703123125 0.70625 0.5703123125 0.70468716875 0.56875 0.68125 0.56875 0.67968783125 0.5703123125 0.678125 0.5703123125 0.671875 0.5765623125 0.67031216875 0.5765623125
0 0.609375 0.42968768749999997 0.603125 0.42968768749999997 0.60156283125 0.43125 0.59531216875 0.43125 0.59375 0.4328123125 0.5875 0.4328123125 0.58593783125 0.43437462499999996 0.584375 0.43437462499999996 0.584375 0.43593768749999995 0.578125 0.4421876875 0.57656283125 0.4421876875 0.571875 0.44687462499999997 0.571875 0.44843768749999996 0.57031283125 0.45 0.57031283125 0.4515623125 0.56875 0.45312537500000005 0.56875 0.46562462499999996 0.565625 0.46875 0.56406216875 0.46875 0.55625 0.47656231250000003 0.55625 0.5515623125 0.559375 0.5546876875 0.56093783125 0.5546876875 0.5625 0.55625 0.56406216875 0.55625 0.56875 0.5609376875 0.571875 0.5609376875 0.5734371687500001 0.5625 0.575 0.5625 0.578125 0.565624625 0.57968716875 0.565624625 0.58125 0.5671876874999999 0.584375 0.5671876874999999 0.58593783125 0.56875 0.5875 0.56875 0.590625 0.571874625 0.59218783125 0.571874625 0.59375 0.5734376875 0.596875 0.5734376875 0.5984371687500001 0.575 0.6 0.575 0.603125 0.578125375 0.60625 0.578125375 0.60781216875 0.5796876875 0.61875 0.5796876875 0.6203121687500001 0.578125375 0.621875 0.578125375 0.62656216875 0.5734376875 0.628125 0.5734376875 0.6296871687500001 0.571874625 0.63281283125 0.571874625 0.6359371687500001 0.56875 0.6375 0.56875 0.63906216875 0.5671876874999999 0.64218716875 0.5671876874999999 0.6453121687500001 0.5640623125 0.646875 0.5640623125 0.65 0.5609376875 0.653125 0.5609376875 0.659375 0.5546876875 0.6609371687500001 0.5546876875 0.6671871687500001 0.5484376875 0.6671871687500001 0.540624625 0.66875 0.5390623125 0.66875 0.5375 0.671875 0.534374625 0.671875 0.53125 0.67343716875 0.5296876875 0.67343716875 0.5265623125000001 0.675 0.525 0.675 0.5234376875 0.678125 0.5203123125 0.678125 0.51875 0.67968783125 0.5171876875 0.67968783125 0.5140623125 0.68593716875 0.5078123125 0.68593716875 0.46093768749999997 0.684375 0.45937537500000003 0.684375 0.45781231250000004 0.678125 0.4515623125 0.6765621687500001 0.4515623125 0.675 0.45 0.67343716875 0.45 0.66875 0.44531231250000003 0.6671871687500001 0.44531231250000003 0.665625 0.44375 0.66406283125 0.44375 0.6625 0.4421876875 0.6609371687500001 0.4421876875 0.65625 0.4375 0.653125 0.4375 0.646875 0.43125 0.6453121687500001 0.43125 0.64375 0.42968768749999997 0.64218716875 0.42968768749999997 0.63906216875 0.42656231250000004 0.6375 0.42656231250000004 0.6359371687500001 0.425 0.63281283125 0.425 0.63125 0.4234376875 0.628125 0.4234376875 0.62656216875 0.42187537500000005 0.625 0.42187537500000005 0.62343716875 0.4203123125 0.6140621687500001 0.4203123125 0.6140621687500001 0.42656231250000004 0.6125 0.42812537500000003 0.61093716875 0.42812537500000003 0.609375 0.42968768749999997
0 0.75 0.4234376875 0.74843716875 0.425 0.746875 0.425 0.74218783125 0.42968768749999997 0.740625 0.42968768749999997 0.7390628312499999 0.43125 0.7375 0.43125 0.73593716875 0.4328123125 0.734375 0.4328123125 0.728125 0.43906231250000005 0.72656283125 0.43906231250000005 0.721875 0.44375 0.72031216875 0.44375 0.71875 0.44531231250000003 0.71718716875 0.44531231250000003 0.7140621687500001 0.44843768749999996 0.7125 0.44843768749999996 0.71093783125 0.45 0.709375 0.45 0.70625 0.45312537500000005 0.70625 0.4546876875 0.70156216875 0.45937537500000003 0.70156216875 0.5109376875 0.703125 0.5109376875 0.70625 0.5140623125 0.70625 0.515625375 0.7078128312499999 0.5171876875 0.7078128312499999 0.51875 0.71093783125 0.521875375 0.71093783125 0.5234376875 0.7125 0.525 0.7125 0.534374625 0.7140621687500001 0.5359376874999999 0.7140621687500001 0.540624625 0.71718716875 0.54375 0.71718716875 0.5453123125 0.71875 0.546875375 0.71875 0.5515623125 0.725 0.5578123125000001 0.725 0.559374625 0.72656283125 0.559374625 0.728125 0.5609376875 0.7296871687500001 0.5609376875 0.734375 0.565624625 0.7375 0.565624625 0.7390628312499999 0.5671876874999999 0.74375 0.5671876874999999 0.7453121687500001 0.56875 0.746875 0.56875 0.75156216875 0.5734376875 0.7546878312499999 0.5734376875 0.75625 0.575 0.75781283125 0.575 0.759375 0.5765623125 0.765625 0.5765623125 0.76718716875 0.578125375 0.77343783125 0.578125375 0.7765621687500001 0.575 0.778125 0.575 0.77968716875 0.5734376875 0.78281216875 0.5734376875 0.784375 0.571874625 0.7859378312499999 0.571874625 0.78906283125 0.56875 0.790625 0.56875 0.7921871687500001 0.5671876874999999 0.79375 0.5671876874999999 0.79843716875 0.5625 0.8 0.5625 0.80156283125 0.5609376875 0.8046878312500001 0.5609376875 0.80625 0.559374625 0.80781216875 0.559374625 0.8140621687499999 0.553125375 0.815625 0.553125375 0.815625 0.55 0.81718783125 0.5484376875 0.81718783125 0.5375 0.81875 0.5359376874999999 0.81875 0.5328123125 0.82343716875 0.528124625 0.82343716875 0.525 0.825 0.5234376875 0.825 0.5203123125 0.8296871687499999 0.515625375 0.8296871687499999 0.5125 0.83125 0.5109376875 0.83125 0.5078123125 0.83281283125 0.50625 0.83281283125 0.5046876874999999 0.834375 0.503124625 0.834375 0.4828123125 0.83281283125 0.48125 0.83281283125 0.47812462499999997 0.83125 0.47656231250000003 0.83281283125 0.475 0.83281283125 0.4640623125 0.83125 0.4625 0.83125 0.45781231250000004 0.8296871687499999 0.45625 0.8296871687499999 0.4546876875 0.828125 0.45312537500000005 0.828125 0.4515623125 0.82656216875 0.4515623125 0.82343716875 0.44843768749999996 0.821875 0.44843768749999996 0.81718783125 0.44375 0.815625 0.44375 0.8140621687499999 0.4421876875 0.8125 0.4421876875 0.81093716875 0.440624625 0.81093716875 0.43906231250000005 0.809375 0.43906231250000005 0.80781216875 0.4375 0.80625 0.4375 0.8046878312500001 0.43593768749999995 0.803125 0.43593768749999995 0.79843716875 0.43125 0.79531216875 0.43125 0.78906283125 0.425 0.7859378312499999 0.425 0.784375 0.4234376875 0.78281216875 0.4234376875 0.77968716875 0.4203123125 0.778125 0.4203123125 0.7765621687500001 0.41875 0.771875 0.41875 0.7703128312499999 0.41718768749999996 0.7625 0.41718768749999996 0.7609371687500001 0.41875 0.75625 0.41875 0.75156216875 0.4234376875 0.75 0.4234376875
0 0.53125 0.2890623125 0.52968783125 0.290624625 0.52968783125 0.2921876875 0.528125 0.29375 0.5265621687500001 0.29375 0.525 0.2953123125 0.52343783125 0.2953123125 0.521875 0.296875375 0.5203121687500001 0.296875375 0.51875 0.2984376875 0.51718716875 0.2984376875 0.515625 0.3 0.51406283125 0.3 0.5125 0.3015623125 0.5109371687500001 0.3015623125 0.509375 0.30312462500000004 0.50781283125 0.30312462500000004 0.50625 0.3015623125 0.50156216875 0.3015623125 0.49843783124999996 0.3046876875 0.496875 0.3046876875 0.49531216875000006 0.30625 0.49375 0.30625 0.48906216875 0.3109376875 0.4875 0.3109376875 0.48593716875000004 0.3125 0.484375 0.3125 0.48281283124999996 0.3140623125 0.48281283124999996 0.40312462499999996 0.48906216875 0.409374625 0.490625 0.409374625 0.49218783125 0.4109376875 0.49531216875000006 0.4109376875 0.496875 0.4125 0.49843783124999996 0.4125 0.50156216875 0.41562462499999997 0.503125 0.41562462499999997 0.5046871687500001 0.41718768749999996 0.509375 0.41718768749999996 0.5109371687500001 0.41875 0.5125 0.41875 0.515625 0.42187537500000005 0.52343783125 0.42187537500000005 0.52343783125 0.4203123125 0.525 0.41875 0.5265621687500001 0.41875 0.528125 0.41718768749999996 0.534375 0.41718768749999996 0.5359371687500001 0.41562462499999997 0.5375 0.41562462499999997 0.540625 0.4125 0.54843716875 0.4125 0.55 0.41406231250000003 0.5515621687500001 0.41406231250000003 0.553125 0.41562462499999997 0.55468783125 0.41562462499999997 0.55625 0.41718768749999996 0.57656283125 0.41718768749999996 0.578125 0.41562462499999997 0.58125 0.41562462499999997 0.5828121687500001 0.41406231250000003 0.584375 0.41406231250000003 0.58593783125 0.4125 0.5875 0.4125 0.5890621687500001 0.4109376875 0.59375 0.4109376875 0.59531216875 0.409374625 0.596875 0.409374625 0.60156283125 0.40468768749999995 0.603125 0.40468768749999995 0.6046871687500001 0.40312462499999996 0.6046871687500001 0.4015623125 0.60625 0.4 0.60781216875 0.4 0.61093716875 0.396875375 0.61093716875 0.37031231249999996 0.6125 0.36875 0.6125 0.3375 0.61093716875 0.3359376875 0.61093716875 0.315624625 0.603125 0.30781231249999996 0.60156283125 0.30781231249999996 0.6 0.30625 0.5984371687500001 0.30625 0.596875 0.3046876875 0.59531216875 0.3046876875 0.59218783125 0.3015623125 0.590625 0.3015623125 0.5890621687500001 0.3 0.578125 0.3 0.575 0.296875375 0.5734371687500001 0.296875375 0.565625 0.2890623125 0.5625 0.2890623125 0.56093783125 0.2875 0.55468783125 0.2875 0.553125 0.28593768750000004 0.5515621687500001 0.28593768750000004 0.55 0.284375375 0.546875 0.284375375 0.54531283125 0.2828123125 0.534375 0.2828123125 0.53281216875 0.284375375 0.53281216875 0.28593768750000004 0.53125 0.2875 0.53125 0.2890623125
6 0.159375 0.4234376875 0.15781216874999998 0.425 0.15625 0.425 0.15468716875 0.42656231250000004 0.153125 0.42656231250000004 0.15 0.42968768749999997 0.14843783125 0.42968768749999997 0.146875 0.43125 0.14531216875 0.43125 0.14375 0.4328123125 0.14218783125 0.4328123125 0.13906216875 0.43593768749999995 0.1375 0.43593768749999995 0.13593716875 0.4375 0.134375 0.4375 0.128125 0.44375 0.12656283125 0.44375 0.125 0.44531231250000003 0.12343716874999999 0.44531231250000003 0.12031216874999999 0.44843768749999996 0.11875 0.44843768749999996 0.115625 0.4515623125 0.11406216875 0.4515623125 0.11406216875 0.45312537500000005 0.11093783125000001 0.45625 0.11093783125000001 0.5484376875 0.1125 0.55 0.11406216875 0.55 0.11875 0.5546876875 0.121875 0.5546876875 0.128125 0.5609376875 0.13281283125 0.5609376875 0.13906216875 0.5671876874999999 0.14218783125 0.5671876874999999 0.14375 0.56875 0.14531216875 0.56875 0.146875 0.5703123125 0.15625 0.5703123125 0.15781216874999998 0.56875 0.159375 0.56875 0.16093716875 0.5671876874999999 0.16406283125 0.5671876874999999 0.16875 0.5625 0.17031216875 0.5625 0.171875 0.5609376875 0.17968783125 0.5609376875 0.18125 0.5625 0.18281283125 0.5625 0.184375 0.5640623125 0.18593716875 0.5640623125 0.1875 0.565624625 0.18906216874999998 0.565624625 0.190625 0.5671876874999999 0.20156216875 0.5671876874999999 0.203125 0.565624625 0.20468716874999998 0.565624625 0.20781216875 0.5625 0.209375 0.5625 0.21093783125 0.5609376875 0.21406283125 0.5609376875 0.215625 0.559374625 0.21718716875 0.559374625 0.221875 0.5546876875 0.225 0.5546876875 0.22968783125 0.55 0.23125 0.55 0.23281216875 0.5484376875 0.234375 0.5484376875 0.2375 0.5453123125 0.2375 0.54375 0.240625 0.540624625 0.240625 0.47812462499999997 0.2375 0.475 0.2375 0.4734376875 0.23593716874999998 0.471874625 0.23593716874999998 0.47031231250000005 0.234375 0.47031231250000005 0.22968783125 0.46562462499999996 0.22968783125 0.4640623125 0.225 0.45937537500000003 0.225 0.45625 0.22343716875 0.4546876875 0.22343716875 0.44531231250000003 0.221875 0.44375 0.22031216874999998 0.44375 0.21718716875 0.440624625 0.21718716875 0.43906231250000005 0.215625 0.43906231250000005 0.21406283125 0.4375 0.2125 0.4375 0.21093783125 0.43593768749999995 0.209375 0.43593768749999995 0.20625 0.4328123125 0.20468716874999998 0.4328123125 0.203125 0.43125 0.2 0.43125 0.19843783125 0.42968768749999997 0.196875 0.42968768749999997 0.19218716875 0.425 0.190625 0.425 0.18593716875 0.4203123125 0.184375 0.4203123125 0.18281283125 0.41875 0.17968783125 0.41875 0.178125 0.41718768749999996 0.17031216875 0.41718768749999996 0.16875 0.41875 0.165625 0.41875 0.16093716875 0.4234376875 0.159375 0.4234376875
36 0.30781216875 0.13125 0.30156216874999997 0.1375 0.3 0.1375 0.29531216875 0.1421876875 0.29375 0.1421876875 0.29218783125000003 0.14375 0.290625 0.14375 0.284375 0.15 0.28281216875 0.15 0.28281216875 0.15156231250000002 0.28125 0.153124625 0.28125 0.1671876875 0.28281216875 0.16875 0.28281216875 0.1703123125 0.2875 0.175 0.2875 0.1765623125 0.28906283125 0.17812462499999998 0.28906283125 0.1796876875 0.290625 0.18125 0.290625 0.18281231250000002 0.29218783125000003 0.184374625 0.29218783125000003 0.1859376875 0.29375 0.1875 0.29375 0.190624625 0.29531216875 0.19218768749999998 0.29531216875 0.19375 0.29843716875 0.196874625 0.29843716875 0.20156231249999998 0.3 0.203125375 0.29843716875 0.20468768750000002 0.29843716875 0.20781231249999998 0.28906283125 0.2171876875 0.2875 0.2171876875 0.28593716874999997 0.21875 0.271875 0.21875 0.27031216874999997 0.2171876875 0.26875 0.2171876875 0.265625 0.2140623125 0.26093783125000003 0.2140623125 0.26093783125000003 0.253125375 0.2625 0.253125375 0.26406216875 0.25468768750000004 0.265625 0.25468768750000004 0.26875 0.2578123125 0.26875 0.259374625 0.27031216874999997 0.2609376875 0.271875 0.2609376875 0.27343783125 0.2625 0.275 0.2625 0.278125 0.265625375 0.28125 0.265625375 0.28281216875 0.2671876875 0.290625 0.2671876875 0.29218783125000003 0.26875 0.29843716875 0.26875 0.3 0.2671876875 0.321875 0.2671876875 0.325 0.2703123125 0.325 0.27187462500000004 0.32656216875 0.27187462500000004 0.328125 0.2734376875 0.35156283125 0.2734376875 0.353125 0.27187462500000004 0.35468716875 0.27187462500000004 0.35468716875 0.2703123125 0.35625 0.26875 0.35781283125 0.26875 0.359375 0.2671876875 0.36093716875 0.2671876875 0.3625 0.265625375 0.36406216874999997 0.265625375 0.36718783125 0.2625 0.36875 0.2625 0.37031216875 0.2609376875 0.37343783125 0.2609376875 0.378125 0.25625 0.37968716874999997 0.25625 0.38281283125 0.253125375 0.384375 0.253125375 0.384375 0.25 0.38593716875 0.2484376875 0.38593716875 0.1796876875 0.384375 0.17812462499999998 0.384375 0.1765623125 0.38281283125 0.1765623125 0.38125 0.175 0.37968716874999997 0.175 0.375 0.1703123125 0.375 0.16875 0.37343783125 0.1671876875 0.37343783125 0.1578123125 0.371875 0.15625 0.371875 0.1546876875 0.36875 0.15156231250000002 0.36875 0.15 0.36406216874999997 0.1453123125 0.3625 0.1453123125 0.36093716875 0.14375 0.359375 0.14375 0.35781283125 0.1421876875 0.35625 0.1421876875 0.35468716875 0.140625375 0.35468716875 0.1390623125 0.353125 0.1390623125 0.35156283125 0.1375 0.34843716874999997 0.1375 0.346875 0.1359376875 0.34531216875 0.1359376875 0.340625 0.13125 0.3375 0.13125 0.33593783125 0.12968768749999998 0.334375 0.12968768749999998 0.32968716875 0.125 0.31875 0.125 0.31718716874999997 0.1265623125 0.315625 0.1265623125 0.31093716875 0.13125 0.30781216875 0.13125
33 0.23281216875 0.425 0.23125 0.42656231250000004 0.23125 0.42812537500000003 0.22968783125 0.42968768749999997 0.22968783125 0.4625 0.23125 0.4640623125 0.23125 0.46562462499999996 0.23281216875 0.46562462499999996 0.234375 0.46718768749999995 0.265625 0.46718768749999995 0.26718716875 0.46562462499999996 0.26718716875 0.4640623125 0.26875 0.4625 0.26875 0.46093768749999997 0.271875 0.45781231250000004 0.271875 0.4421876875 0.27031216874999997 0.440624625 0.27031216874999997 0.43906231250000005 0.26875 0.4375 0.26875 0.43437462499999996 0.26718716875 0.4328123125 0.26718716875 0.42656231250000004 0.25625 0.41562462499999997 0.24218783125 0.41562462499999997 0.2375 0.4203123125 0.2375 0.42187537500000005 0.234375 0.425 0.23281216875 0.425
35 0.59375 0.1421876875 0.59218783125 0.14375 0.590625 0.14375 0.5890621687500001 0.1453123125 0.58593783125 0.1453123125 0.584375 0.14687462499999998 0.5828121687500001 0.14687462499999998 0.57968716875 0.15 0.578125 0.15 0.57656283125 0.15156231250000002 0.575 0.15156231250000002 0.5734371687500001 0.153124625 0.571875 0.153124625 0.56875 0.15625 0.565625 0.15625 0.56406216875 0.1578123125 0.5625 0.1578123125 0.559375 0.16093768749999998 0.5578121687500001 0.16093768749999998 0.5578121687500001 0.1625 0.55625 0.1640623125 0.55625 0.23906231249999998 0.5578121687500001 0.240624625 0.5578121687500001 0.24218768750000003 0.56093783125 0.24218768750000003 0.5625 0.24375 0.56406216875 0.24375 0.5671871687500001 0.24687462500000001 0.56875 0.24687462500000001 0.57031283125 0.2484376875 0.571875 0.2484376875 0.575 0.2515623125 0.575 0.2640623125 0.57656283125 0.265625375 0.57656283125 0.2671876875 0.578125 0.2671876875 0.5828121687500001 0.27187462500000004 0.584375 0.27187462500000004 0.58593783125 0.2734376875 0.59218783125 0.2734376875 0.59531216875 0.27656231249999996 0.596875 0.27656231249999996 0.5984371687500001 0.278124625 0.6 0.278124625 0.60156283125 0.2796876875 0.6046871687500001 0.2796876875 0.60625 0.28125 0.60781216875 0.28125 0.609375 0.2828123125 0.61093716875 0.2828123125 0.6140621687500001 0.28593768750000004 0.615625 0.28593768750000004 0.61875 0.2890623125 0.62343716875 0.2890623125 0.625 0.2875 0.62656216875 0.2875 0.634375 0.2796876875 0.6375 0.2796876875 0.63906216875 0.278124625 0.640625 0.278124625 0.64218716875 0.27656231249999996 0.64375 0.27656231249999996 0.6453121687500001 0.275 0.646875 0.275 0.64843783125 0.2734376875 0.653125 0.2734376875 0.65468716875 0.27187462500000004 0.65625 0.27187462500000004 0.6609371687500001 0.2671876875 0.66406283125 0.2671876875 0.6671871687500001 0.2640623125 0.6671871687500001 0.2609376875 0.66875 0.259374625 0.66875 0.25625 0.67031216875 0.25468768750000004 0.67031216875 0.253125375 0.671875 0.2515623125 0.671875 0.2484376875 0.67343716875 0.24687462500000001 0.67343716875 0.2375 0.675 0.23593768750000002 0.675 0.234375375 0.678125 0.23125 0.678125 0.22968768750000002 0.67968783125 0.22812462500000003 0.67968783125 0.22656231249999997 0.6828121687500001 0.2234376875 0.684375 0.2234376875 0.684375 0.1640623125 0.6828121687500001 0.1640623125 0.6765621687500001 0.1578123125 0.675 0.1578123125 0.67343716875 0.15625 0.67031216875 0.15625 0.66875 0.1546876875 0.6671871687500001 0.1546876875 0.66406283125 0.15156231250000002 0.6609371687500001 0.15156231250000002 0.659375 0.15 0.65781216875 0.15 0.65625 0.1484376875 0.65468716875 0.1484376875 0.65 0.14375 0.64843783125 0.14375 0.63906216875 0.13437537500000002 0.6375 0.13437537500000002 0.6359371687500001 0.1328123125 0.628125 0.1328123125 0.62656216875 0.13125 0.60781216875 0.13125 0.60625 0.1328123125 0.6046871687500001 0.1328123125 0.59531216875 0.1421876875 0.59375 0.1421876875
31 0.7453121687500001 0.70625 0.746875 0.70625 0.75156216875 0.7109376875 0.78281216875 0.7109376875 0.7859378312499999 0.7078123125 0.7859378312499999 0.70625 0.7875 0.7046876875 0.7875 0.7015623125 0.78906283125 0.7 0.78906283125 0.6953123125 0.7875 0.69375 0.7875 0.6890623125 0.7859378312499999 0.6875 0.7859378312499999 0.665624625 0.78281216875 0.6625 0.78125 0.6625 0.77968716875 0.6609376874999999 0.778125 0.6609376874999999 0.775 0.6578123125 0.7546878312499999 0.6578123125 0.74843716875 0.6640623125 0.74843716875 0.665624625 0.7453121687500001 0.66875 0.7453121687500001 0.70625
33 0.1625 0.565624625 0.159375 0.56875 0.15781216874999998 0.56875 0.15625 0.5703123125 0.15625 0.575 0.15468716875 0.5765623125 0.15468716875 0.609375375 0.15625 0.6109376875 0.159375 0.6109376875 0.1625 0.6140623125 0.18593716875 0.6140623125 0.18906216874999998 0.6109376875 0.190625 0.6109376875 0.196875 0.6046876875 0.196875 0.5734376875 0.19218716875 0.56875 0.190625 0.56875 0.184375 0.5625 0.18281283125 0.5625 0.18125 0.5609376875 0.16718716875 0.5609376875 0.165625 0.5625 0.16406283125 0.5625 0.1625 0.5640623125 0.1625 0.565624625
3 0.59375 0.665624625 0.590625 0.66875 0.590625 0.7 0.59375 0.703125375 0.59375 0.70625 0.596875 0.7093746249999999 0.5984371687500001 0.7093746249999999 0.6 0.7109376875 0.60156283125 0.7109376875 0.603125 0.7125 0.61718783125 0.7125 0.61875 0.7109376875 0.62343716875 0.7109376875 0.625 0.7125 0.6359371687500001 0.7125 0.6375 0.7109376875 0.640625 0.7109376875 0.64218716875 0.7093746249999999 0.64218716875 0.7078123125 0.6453121687500001 0.7046876875 0.646875 0.7046876875 0.64843783125 0.703125375 0.64843783125 0.6828123125000001 0.646875 0.68125 0.63281283125 0.68125 0.6296871687500001 0.6781246249999999 0.6296871687500001 0.6703123125 0.625 0.665624625 0.625 0.6640623125 0.62343716875 0.6625 0.62343716875 0.6609376874999999 0.621875 0.659374625 0.621875 0.6578123125 0.6203121687500001 0.65625 0.6203121687500001 0.6546876875 0.6046871687500001 0.6546876875 0.603125 0.65625 0.60156283125 0.65625 0.59375 0.6640623125 0.59375 0.665624625
32 0.68125 0.22656231249999997 0.675 0.23281231249999998 0.675 0.2375 0.67343716875 0.23906231249999998 0.67343716875 0.2671876875 0.6765621687500001 0.2703123125 0.6765621687500001 0.27187462500000004 0.678125 0.27187462500000004 0.67968783125 0.2734376875 0.70468716875 0.2734376875 0.70625 0.27187462500000004 0.7078128312499999 0.27187462500000004 0.71093783125 0.26875 0.71093783125 0.2671876875 0.715625 0.2625 0.715625 0.234375375 0.7140621687500001 0.23281231249999998 0.7140621687500001 0.23125 0.7078128312499999 0.225 0.70625 0.225 0.703125 0.22187537499999999 0.68593716875 0.22187537499999999 0.684375 0.2234376875 0.6828121687500001 0.2234376875 0.68125 0.225 0.68125 0.22656231249999997
31 0.45156283124999996 0.66875 0.45156283124999996 0.7046876875 0.45625 0.7093746249999999 0.48593716875000004 0.7093746249999999 0.49218783125 0.703125375 0.49218783125 0.671875375 0.48593716875000004 0.665624625 0.48593716875000004 0.6640623125 0.484375 0.6625 0.48281283124999996 0.6625 0.47968716875000006 0.659374625 0.47968716875000006 0.65625 0.46406216875000006 0.65625 0.45625 0.6640623125 0.45625 0.665624625 0.453125 0.66875 0.45156283124999996 0.66875
31 0.82343716875 0.525 0.82343716875 0.528124625 0.8203128312500001 0.53125 0.8203128312500001 0.5609376875 0.82343716875 0.5609376875 0.828125 0.565624625 0.853125 0.565624625 0.8609371687499999 0.5578123125000001 0.8609371687499999 0.5265623125000001 0.859375 0.525 0.859375 0.5234376875 0.85781216875 0.521875375 0.85781216875 0.5203123125 0.85468716875 0.5171876875 0.85468716875 0.5140623125 0.853125 0.5125 0.83125 0.5125 0.83125 0.5140623125 0.825 0.5203123125 0.825 0.5234376875 0.82343716875 0.525
31 0.6765621687500001 0.51875 0.675 0.5203123125 0.675 0.5296876875 0.67343716875 0.53125 0.67343716875 0.5578123125000001 0.68125 0.565624625 0.7078128312499999 0.565624625 0.7125 0.5609376875 0.7125 0.559374625 0.715625 0.55625 0.715625 0.540624625 0.7125 0.5375 0.7125 0.534374625 0.71093783125 0.5328123125 0.71093783125 0.5203123125 0.709375 0.51875 0.7078128312499999 0.51875 0.70468716875 0.515625375 0.70468716875 0.5140623125 0.703125 0.5125 0.6828121687500001 0.5125 0.68125 0.5140623125 0.68125 0.515625375 0.678125 0.51875 0.6765621687500001 0.51875
33 0.23125 0.7171876875 0.22968783125 0.71875 0.22968783125 0.7515623125 0.23125 0.753124625 0.23125 0.7546876874999999 0.23593716874999998 0.759374625 0.2375 0.759374625 0.23906216875 0.7609376875 0.2625 0.7609376875 0.26406216875 0.759374625 0.265625 0.759374625 0.265625 0.7578123125 0.26718716875 0.75625 0.26718716875 0.753124625 0.26875 0.7515623125 0.26875 0.75 0.27031216874999997 0.7484376875 0.27031216874999997 0.7328123125 0.26875 0.73125 0.26875 0.7296876875 0.26718716875 0.728124625 0.26718716875 0.7140623125000001 0.265625 0.7125 0.26406216875 0.7125 0.26093783125000003 0.7093746249999999 0.26093783125000003 0.70625 0.23906216875 0.70625 0.2375 0.7078123125 0.2375 0.7093746249999999 0.23125 0.715624625 0.23125 0.7171876875
3 0.5203121687500001 0.225 0.51875 0.22656231249999997 0.51875 0.22812462500000003 0.51718716875 0.22968768750000002 0.51718716875 0.23125 0.515625 0.23281231249999998 0.515625 0.259374625 0.51718716875 0.2609376875 0.51718716875 0.2625 0.51875 0.2640623125 0.51875 0.265625375 0.5203121687500001 0.2671876875 0.5203121687500001 0.26875 0.521875 0.26875 0.52343783125 0.2703123125 0.52343783125 0.27187462500000004 0.525 0.2734376875 0.528125 0.2734376875 0.52968783125 0.275 0.534375 0.275 0.5359371687500001 0.27656231249999996 0.559375 0.27656231249999996 0.56093783125 0.275 0.5625 0.275 0.56406216875 0.2734376875 0.565625 0.2734376875 0.575 0.2640623125 0.575 0.25468768750000004 0.5734371687500001 0.253125375 0.5734371687500001 0.24687462500000001 0.57031283125 0.24375 0.5578121687500001 0.24375 0.55468783125 0.240624625 0.55468783125 0.23281231249999998 0.54843716875 0.22656231249999997 0.54843716875 0.225 0.54375 0.2203123125 0.54375 0.21875 0.5265621687500001 0.21875 0.525 0.2203123125 0.525 0.22187537499999999 0.521875 0.225 0.5203121687500001 0.225
26 0.575 0.2890623125 0.575 0.290624625 0.57656283125 0.2921876875 0.578125 0.2921876875 0.57968716875 0.29375 0.58125 0.29375 0.584375 0.296875375 0.58593783125 0.296875375 0.5875 0.2984376875 0.590625 0.2984376875 0.59375 0.3015623125 0.59375 0.30312462500000004 0.59531216875 0.3046876875 0.60156283125 0.3046876875 0.60625 0.309374625 0.61718783125 0.309374625 0.61718783125 0.2953123125 0.609375 0.2875 0.60781216875 0.2875 0.6046871687500001 0.284375375 0.6046871687500001 0.2828123125 0.603125 0.28125 0.60156283125 0.28125 0.5984371687500001 0.278124625 0.5984371687500001 0.27656231249999996 0.596875 0.275 0.59531216875 0.275 0.59218783125 0.27187462500000004 0.56875 0.27187462500000004 0.56875 0.284375375 0.57031283125 0.28593768750000004 0.571875 0.28593768750000004 0.575 0.2890623125
27 0.40625 0.565624625 0.40781216875000004 0.5671876874999999 0.409375 0.5671876874999999 0.415625 0.5734376875 0.42031283124999996 0.5734376875 0.42656216875 0.5796876875 0.428125 0.5796876875 0.434375 0.5859376875 0.440625 0.5859376875 0.44375 0.5890623125000001 0.44375 0.590624625 0.44531283125 0.5921876875 0.446875 0.5921876875 0.44843716875000006 0.59375 0.45 0.59375 0.453125 0.596874625 0.45468716875000004 0.596874625 0.45625 0.5984376874999999 0.465625 0.5984376874999999 0.46718783124999996 0.596874625 0.46718783124999996 0.5828123125 0.465625 0.58125 0.46406216875000006 0.58125 0.46093783125 0.578125375 0.46093783125 0.5765623125 0.459375 0.575 0.45468716875000004 0.575 0.453125 0.5734376875 0.45156283124999996 0.5734376875 0.45 0.571874625 0.45 0.5703123125 0.44843716875000006 0.5703123125 0.446875 0.56875 0.44531283125 0.56875 0.43906216875000004 0.5625 0.43281216875000006 0.5625 0.42968783125 0.559374625 0.42968783125 0.5578123125000001 0.428125 0.55625 0.42656216875 0.55625 0.425 0.5546876875 0.42343716875000004 0.5546876875 0.42031283124999996 0.5515623125 0.41875 0.5515623125 0.41718716875000006 0.55 0.41406283125 0.55 0.4125 0.5484376875 0.4 0.5484376875 0.4 0.5609376875 0.403125 0.5609376875 0.40625 0.5640623125 0.40625 0.565624625
28 0.40625 0.2703123125 0.40625 0.27187462500000004 0.40781216875000004 0.2734376875 0.409375 0.2734376875 0.4125 0.27656231249999996 0.4125 0.278124625 0.41406283125 0.2796876875 0.415625 0.2796876875 0.41875 0.2828123125 0.41875 0.284375375 0.42031283124999996 0.28593768750000004 0.42343716875000004 0.28593768750000004 0.425 0.2875 0.42656216875 0.2875 0.42968783125 0.290624625 0.43125 0.290624625 0.43281216875000006 0.2921876875 0.434375 0.2921876875 0.4375 0.2953123125 0.4375 0.296875375 0.43906216875000004 0.2984376875 0.44218716875 0.2984376875 0.44375 0.3 0.44531283125 0.3 0.44843716875000006 0.30312462500000004 0.45 0.30312462500000004 0.45156283124999996 0.3046876875 0.453125 0.3046876875 0.45625 0.30781231249999996 0.46718783124999996 0.30781231249999996 0.47031216875000004 0.3046876875 0.47031216875000004 0.29375 0.46718783124999996 0.290624625 0.46718783124999996 0.2890623125 0.465625 0.2875 0.459375 0.2875 0.453125 0.28125 0.45156283124999996 0.28125 0.44531283125 0.275 0.44218716875 0.275 0.440625 0.2734376875 0.43906216875000004 0.2734376875 0.434375 0.26875 0.43281216875000006 0.26875 0.42656216875 0.2625 0.42031283124999996 0.2625 0.41718716875000006 0.259374625 0.41718716875000006 0.2578123125 0.415625 0.25625 0.40156216875000006 0.25625 0.40156216875000006 0.2640623125 0.40468783124999996 0.2671876875 0.40468783124999996 0.26875 0.40625 0.2703123125
33 0.31093716875 0.5625 0.309375 0.5640623125 0.30781216875 0.5640623125 0.30781216875 0.565624625 0.30625 0.5671876874999999 0.30625 0.56875 0.30468783125 0.5703123125 0.30468783125 0.6078123125 0.30781216875 0.6109376875 0.309375 0.6109376875 0.3125 0.6140623125 0.33593783125 0.6140623125 0.33906216875 0.6109376875 0.340625 0.6109376875 0.34218783125 0.609375375 0.34218783125 0.5703123125 0.334375 0.5625 0.33281216874999997 0.5625 0.32968716875 0.559374625 0.31718716874999997 0.559374625 0.315625 0.5609376875 0.31406216875 0.5609376875 0.3125 0.5625 0.31093716875 0.5625
27 0.1875 0.7140623125000001 0.1875 0.715624625 0.18906216874999998 0.7171876875 0.19375 0.7171876875 0.19531283125 0.71875 0.196875 0.71875 0.20156216875 0.7234376874999999 0.203125 0.7234376874999999 0.20625 0.7265623125 0.20625 0.728124625 0.20781216875 0.7296876875 0.209375 0.7296876875 0.21093783125 0.73125 0.2125 0.73125 0.215625 0.734375375 0.21718716875 0.734375375 0.21875 0.7359376875 0.221875 0.7359376875 0.225 0.7328123125 0.225 0.728124625 0.22656283125 0.7265623125 0.22656283125 0.7203123125 0.225 0.71875 0.225 0.7171876875 0.22343716875 0.715624625 0.22343716875 0.7140623125000001 0.221875 0.7125 0.22031216874999998 0.7125 0.21718716875 0.7093746249999999 0.21718716875 0.7078123125 0.215625 0.70625 0.2125 0.70625 0.21093783125 0.7046876875 0.209375 0.7046876875 0.20625 0.7015623125 0.20468716874999998 0.7015623125 0.20156216875 0.6984376875 0.2 0.6984376875 0.19843783125 0.696874625 0.19843783125 0.6953123125 0.196875 0.69375 0.18906216874999998 0.69375 0.1875 0.6921876874999999 0.17656216875 0.6921876874999999 0.17656216875 0.7046876875 0.18281283125 0.7109376875 0.184375 0.7109376875 0.1875 0.7140623125000001
25 0.7140621687500001 0.5734376875 0.715625 0.5734376875 0.71875 0.5765623125 0.71875 0.578125375 0.72031216875 0.5796876875 0.725 0.5796876875 0.72656283125 0.58125 0.728125 0.58125 0.7296871687500001 0.5828123125 0.7296871687500001 0.584375375 0.73125 0.584375375 0.73281216875 0.5859376875 0.734375 0.5859376875 0.7375 0.5890623125000001 0.7375 0.590624625 0.7390628312499999 0.5921876875 0.74218783125 0.5921876875 0.74375 0.59375 0.7453121687500001 0.59375 0.74843716875 0.596874625 0.75 0.596874625 0.75156216875 0.5984376874999999 0.7625 0.5984376874999999 0.76406216875 0.596874625 0.76406216875 0.584375375 0.7609371687500001 0.58125 0.7609371687500001 0.5796876875 0.75781283125 0.5765623125 0.75625 0.5765623125 0.7546878312499999 0.575 0.753125 0.575 0.75156216875 0.5734376875 0.75 0.5734376875 0.74843716875 0.571874625 0.74843716875 0.5703123125 0.746875 0.56875 0.74375 0.56875 0.74218783125 0.5671876874999999 0.740625 0.5671876874999999 0.7375 0.5640623125 0.73593716875 0.5640623125 0.73281216875 0.5609376875 0.73125 0.5609376875 0.7296871687500001 0.559374625 0.7296871687500001 0.5578123125000001 0.709375 0.5578123125000001 0.709375 0.5671876874999999 0.7125 0.5703123125 0.7125 0.571874625 0.7140621687500001 0.5734376875
7 0.22656283125 0.41718768749999996 0.23906216875 0.41718768749999996 0.240625 0.41562462499999997 0.24218783125 0.41562462499999997 0.24531283125 0.4125 0.25 0.4125 0.25156216875 0.41406231250000003 0.253125 0.41406231250000003 0.25468716874999997 0.41562462499999997 0.25625 0.41562462499999997 0.25781283125 0.41718768749999996 0.271875 0.41718768749999996 0.27343783125 0.41562462499999997 0.27343783125 0.41406231250000003 0.275 0.4125 0.275 0.4109376875 0.27656283125000003 0.409374625 0.27656283125000003 0.3578123125 0.275 0.3578123125 0.27343783125 0.35625 0.26875 0.35625 0.26718716875 0.3546876875 0.228125 0.3546876875 0.22656283125 0.35625 0.22343716875 0.35625 0.22343716875 0.41406231250000003 0.22656283125 0.41718768749999996
28 0.40468783124999996 0.253125375 0.40468783124999996 0.18281231250000002 0.390625 0.18281231250000002 0.390625 0.253125375 0.39218716875 0.25468768750000004 0.403125 0.25468768750000004 0.40468783124999996 0.253125375
28 0.35781283125 0.26875 0.35156283125 0.275 0.34843716874999997 0.275 0.34375 0.2796876875 0.34218783125 0.2796876875 0.340625 0.28125 0.340625 0.2921876875 0.35 0.2921876875 0.35156283125 0.29375 0.353125 0.29375 0.35468716875 0.2921876875 0.365625 0.2921876875 0.36718783125 0.290624625 0.36718783125 0.2890623125 0.37031216875 0.28593768750000004 0.371875 0.28593768750000004 0.37343783125 0.284375375 0.375 0.284375375 0.378125 0.28125 0.37968716874999997 0.28125 0.38125 0.2796876875 0.384375 0.2796876875 0.38593716875 0.278124625 0.38593716875 0.27656231249999996 0.38906283125 0.2734376875 0.390625 0.2734376875 0.39843783125 0.265625375 0.39843783125 0.25625 0.37656216875 0.25625 0.37031216875 0.2625 0.365625 0.2625 0.359375 0.26875 0.35781283125 0.26875
25 0.64843783125 0.5640623125 0.6453121687500001 0.5671876874999999 0.64375 0.5671876874999999 0.64218716875 0.56875 0.63906216875 0.56875 0.63281283125 0.575 0.628125 0.575 0.625 0.578125375 0.625 0.5796876875 0.621875 0.5828123125 0.621875 0.596874625 0.62343716875 0.596874625 0.625 0.5984376874999999 0.6359371687500001 0.5984376874999999 0.6375 0.596874625 0.63906216875 0.596874625 0.64375 0.5921876875 0.6453121687500001 0.5921876875 0.6515621687500001 0.5859376875 0.653125 0.5859376875 0.659375 0.5796876875 0.66406283125 0.5796876875 0.67031216875 0.5734376875 0.671875 0.5734376875 0.67968783125 0.565624625 0.67968783125 0.5578123125000001 0.65781216875 0.5578123125000001 0.653125 0.5625 0.6515621687500001 0.5625 0.65 0.5640623125 0.64843783125 0.5640623125
28 0.478125 0.309374625 0.465625 0.309374625 0.465625 0.3984376875 0.47656283125 0.3984376875 0.478125 0.396875375 0.478125 0.309374625
26 0.48125 0.12968768749999998 0.48281283124999996 0.12968768749999998 0.48906216875 0.1359376875 0.490625 0.1359376875 0.49375 0.1390623125 0.49375 0.140625375 0.49531216875000006 0.1421876875 0.5 0.1421876875 0.50156216875 0.14375 0.503125 0.14375 0.5046871687500001 0.1453123125 0.5046871687500001 0.14687462499999998 0.50625 0.14687462499999998 0.50781283125 0.1484376875 0.509375 0.1484376875 0.5125 0.15156231250000002 0.5125 0.153124625 0.51406283125 0.1546876875 0.5203121687500001 0.1546876875 0.5265621687500001 0.16093768749999998 0.53125 0.16093768749999998 0.53281216875 0.1625 0.53906283125 0.1625 0.540625 0.16093768749999998 0.5421871687500001 0.16093768749999998 0.5421871687500001 0.159374625 0.54375 0.1578123125 0.54375 0.1484376875 0.5421871687500001 0.14687462499999998 0.5421871687500001 0.1453123125 0.540625 0.14375 0.53906283125 0.14375 0.53281216875 0.1375 0.528125 0.1375 0.521875 0.13125 0.5203121687500001 0.13125 0.51406283125 0.125 0.5109371687500001 0.125 0.509375 0.12343768749999999 0.50781283125 0.12343768749999999 0.49375 0.10937537500000001 0.47656283125 0.10937537500000001 0.47656283125 0.1265623125 0.478125 0.128124625 0.47968716875000006 0.128124625 0.48125 0.12968768749999998
25 0.77343783125 0.653124625 0.77343783125 0.6015623125 0.7609371687500001 0.6015623125 0.7609371687500001 0.65625 0.771875 0.65625 0.771875 0.6546876875 0.77343783125 0.653124625
13 0.75156216875 0.5625 0.753125 0.5609376875 0.7921871687500001 0.5609376875 0.79375 0.559374625 0.79375 0.5578123125000001 0.79531216875 0.55625 0.79531216875 0.50625 0.79375 0.5046876874999999 0.79375 0.503124625 0.790625 0.5 0.74218783125 0.5 0.74218783125 0.5609376875 0.74375 0.5609376875 0.7453121687500001 0.5625 0.75156216875 0.5625
31 0.6765621687500001 0.8109376875000001 0.675 0.8125 0.675 0.8140623124999999 0.67343716875 0.8156246250000001 0.67343716875 0.85 0.675 0.8515623124999999 0.675 0.8531246250000001 0.6765621687500001 0.8546876875 0.7 0.8546876875 0.70156216875 0.85625 0.703125 0.8546876875 0.709375 0.8546876875 0.71093783125 0.8531246250000001 0.71093783125 0.8515623124999999 0.7125 0.85 0.7125 0.8484376875 0.7140621687500001 0.8468746250000001 0.715625 0.8468746250000001 0.715625 0.8281253749999999 0.7140621687500001 0.8265623124999999 0.7140621687500001 0.8218746250000001 0.7125 0.8203123124999999 0.7125 0.8140623124999999 0.71093783125 0.8125 0.71093783125 0.8078123125 0.70468716875 0.8015623125 0.6828121687500001 0.8015623125 0.68125 0.803124625 0.68125 0.8046876875000001 0.6765621687500001 0.8093753749999999 0.6765621687500001 0.8109376875000001
27 0.36406216874999997 0.55625 0.3625 0.5578123125000001 0.3625 0.559374625 0.359375 0.5625 0.35781283125 0.5625 0.35625 0.5640623125 0.35468716875 0.5640623125 0.35468716875 0.565624625 0.353125 0.5671876874999999 0.35156283125 0.5671876874999999 0.35 0.56875 0.346875 0.56875 0.346875 0.5875 0.35468716875 0.5875 0.35625 0.5859376875 0.359375 0.5859376875 0.36093716875 0.584375375 0.36093716875 0.5828123125 0.36406216874999997 0.5796876875 0.36718783125 0.5796876875 0.36875 0.578125375 0.37031216875 0.578125375 0.37343783125 0.575 0.375 0.575 0.37656216875 0.5734376875 0.378125 0.5734376875 0.37968716874999997 0.571874625 0.37968716874999997 0.5703123125 0.38281283125 0.5671876874999999 0.38593716875 0.5671876874999999 0.3875 0.565624625 0.38906283125 0.565624625 0.39531216874999997 0.559374625 0.396875 0.559374625 0.396875 0.5484376875 0.37968716874999997 0.5484376875 0.378125 0.55 0.37656216875 0.55 0.37031216875 0.55625 0.36406216874999997 0.55625
27 0.225 0.553125375 0.221875 0.55625 0.22031216874999998 0.55625 0.21406283125 0.5625 0.20781216875 0.5625 0.20625 0.5640623125 0.20625 0.565624625 0.203125 0.56875 0.2 0.56875 0.19843783125 0.5703123125 0.19843783125 0.5890623125000001 0.20468716874999998 0.5890623125000001 0.20781216875 0.5859376875 0.21093783125 0.5859376875 0.2125 0.584375375 0.21406283125 0.584375375 0.21875 0.5796876875 0.221875 0.5796876875 0.22343716875 0.578125375 0.22343716875 0.5765623125 0.22656283125 0.5734376875 0.228125 0.5734376875 0.23281216875 0.56875 0.234375 0.56875 0.23593716874999998 0.5671876874999999 0.240625 0.5671876874999999 0.24218783125 0.565624625 0.24218783125 0.5640623125 0.24531283125 0.5609376875 0.246875 0.5609376875 0.246875 0.5484376875 0.24531283125 0.5484376875 0.24375 0.546875375 0.23593716874999998 0.546875375 0.23281216875 0.55 0.22656283125 0.55 0.225 0.5515623125 0.225 0.553125375
28 0.43906216875000004 0.4109376875 0.4375 0.4125 0.43281216875000006 0.4125 0.43125 0.41406231250000003 0.43125 0.41562462499999997 0.428125 0.41875 0.42656216875 0.41875 0.425 0.4203123125 0.425 0.42187537500000005 0.421875 0.425 0.41406283125 0.425 0.41406283125 0.43593768749999995 0.421875 0.43593768749999995 0.425 0.43906231250000005 0.42968783125 0.43906231250000005 0.43125 0.4375 0.43281216875000006 0.4375 0.434375 0.43593768749999995 0.440625 0.43593768749999995 0.446875 0.42968768749999997 0.44843716875000006 0.42968768749999997 0.453125 0.425 0.45468716875000004 0.425 0.45625 0.4234376875 0.459375 0.4234376875 0.46093783125 0.42187537500000005 0.46093783125 0.4203123125 0.46406216875000006 0.41718768749999996 0.465625 0.41718768749999996 0.46718783124999996 0.41562462499999997 0.46718783124999996 0.409374625 0.46875 0.40781231250000005 0.46875 0.40312462499999996 0.45 0.40312462499999996 0.446875 0.40625 0.44531283125 0.40625 0.440625 0.4109376875 0.43906216875000004 0.4109376875
28 0.22031216874999998 0.2625 0.21406283125 0.26875 0.21093783125 0.26875 0.209375 0.2703123125 0.20781216875 0.2703123125 0.203125 0.275 0.2 0.275 0.19843783125 0.27656231249999996 0.196875 0.27656231249999996 0.19375 0.2796876875 0.19218716875 0.2796876875 0.19218716875 0.2921876875 0.215625 0.2921876875 0.21718716875 0.290624625 0.21875 0.290624625 0.221875 0.2875 0.22343716875 0.2875 0.225 0.28593768750000004 0.228125 0.28593768750000004 0.22968783125 0.284375375 0.22968783125 0.2828123125 0.23281216875 0.2796876875 0.234375 0.2796876875 0.240625 0.2734376875 0.246875 0.2734376875 0.24843716875 0.27187462500000004 0.24843716875 0.25625 0.22968783125 0.25625 0.225 0.2609376875 0.22343716875 0.2609376875 0.221875 0.2625 0.22031216874999998 0.2625
27 0.3 0.696874625 0.296875 0.7 0.29375 0.7 0.29218783125000003 0.7015623125 0.28906283125 0.7015623125 0.28906283125 0.703125375 0.2875 0.7046876875 0.28593716874999997 0.7046876875 0.284375 0.70625 0.28281216875 0.70625 0.27656283125000003 0.7125 0.275 0.7125 0.271875 0.715624625 0.271875 0.7328123125 0.27968716875 0.7328123125 0.28281216875 0.7296876875 0.28593716874999997 0.7296876875 0.2875 0.728124625 0.290625 0.728124625 0.290625 0.7265623125 0.29218783125000003 0.725 0.29375 0.725 0.29531216875 0.7234376874999999 0.296875 0.7234376874999999 0.29843716875 0.721874625 0.29843716875 0.7203123125 0.30156216874999997 0.7171876875 0.30468783125 0.7171876875 0.30781216875 0.7140623125000001 0.309375 0.7140623125000001 0.3125 0.7109376875 0.315625 0.7109376875 0.31718716874999997 0.7093746249999999 0.31718716874999997 0.7078123125 0.321875 0.703125375 0.321875 0.6921876874999999 0.30468783125 0.6921876874999999 0.303125 0.69375 0.30156216874999997 0.69375 0.3 0.6953123125 0.3 0.696874625
25 0.46718783124999996 0.6015623125 0.46718783124999996 0.6546876875 0.478125 0.6546876875 0.478125 0.6015623125 0.46718783124999996 0.6015623125
25 0.78906283125 0.56875 0.784375 0.5734376875 0.78281216875 0.5734376875 0.78125 0.575 0.778125 0.575 0.771875 0.58125 0.7703128312499999 0.58125 0.7703128312499999 0.596874625 0.77343783125 0.596874625 0.775 0.5984376874999999 0.784375 0.5984376874999999 0.790625 0.5921876875 0.79375 0.5921876875 0.79843716875 0.5875 0.8 0.5875 0.80156283125 0.5859376875 0.803125 0.5859376875 0.8046878312500001 0.584375375 0.8046878312500001 0.5828123125 0.80781216875 0.5796876875 0.8140621687499999 0.5796876875 0.8203128312500001 0.5734376875 0.821875 0.5734376875 0.82343716875 0.571874625 0.82343716875 0.5703123125 0.82656216875 0.5671876874999999 0.82656216875 0.5578123125000001 0.80625 0.5578123125000001 0.80156283125 0.5625 0.796875 0.5625 0.790625 0.56875 0.78906283125 0.56875
26 0.65 0.1453123125 0.65 0.14687462499999998 0.6515621687500001 0.1484376875 0.65781216875 0.1484376875 0.66406283125 0.1546876875 0.665625 0.1546876875 0.66875 0.1578123125 0.66875 0.159374625 0.67031216875 0.16093768749999998 0.678125 0.16093768749999998 0.68125 0.1640623125 0.68593716875 0.1640623125 0.68906216875 0.16093768749999998 0.690625 0.16093768749999998 0.6921878312499999 0.159374625 0.6921878312499999 0.1453123125 0.690625 0.14375 0.68906216875 0.14375 0.6875 0.1421876875 0.68593716875 0.1421876875 0.6828121687500001 0.1390623125 0.68125 0.1390623125 0.67968783125 0.1375 0.678125 0.1375 0.671875 0.13125 0.67031216875 0.13125 0.6625 0.12343768749999999 0.6609371687500001 0.12343768749999999 0.659375 0.12187462499999999 0.64375 0.12187462499999999 0.64375 0.140625375 0.6453121687500001 0.1421876875 0.646875 0.1421876875 0.65 0.1453123125
27 0.590625 0.40781231250000005 0.58593783125 0.4125 0.5828121687500001 0.4125 0.58125 0.41406231250000003 0.58125 0.41562462499999997 0.578125 0.41875 0.571875 0.41875 0.56875 0.42187537500000005 0.56875 0.44375 0.5734371687500001 0.44375 0.575 0.4421876875 0.578125 0.4421876875 0.5828121687500001 0.4375 0.584375 0.4375 0.58593783125 0.43593768749999995 0.590625 0.43593768749999995 0.59218783125 0.43437462499999996 0.59218783125 0.4328123125 0.59531216875 0.42968768749999997 0.596875 0.42968768749999997 0.5984371687500001 0.42812537500000003 0.5984371687500001 0.42656231250000004 0.60156283125 0.4234376875 0.6046871687500001 0.4234376875 0.60625 0.42187537500000005 0.60781216875 0.42187537500000005 0.61093716875 0.41875 0.6125 0.41875 0.6140621687500001 0.41718768749999996 0.615625 0.41718768749999996 0.61718783125 0.41562462499999997 0.61718783125 0.40468768749999995 0.615625 0.40312462499999996 0.6 0.40312462499999996 0.596875 0.40625 0.59375 0.40625 0.59218783125 0.40781231250000005 0.590625 0.40781231250000005
26 0.63906216875 0.2796876875 0.6375 0.28125 0.63281283125 0.28125 0.63125 0.2828123125 0.63125 0.284375375 0.628125 0.2875 0.62656216875 0.2875 0.625 0.2890623125 0.625 0.29375 0.62343716875 0.2953123125 0.62343716875 0.3046876875 0.625 0.30625 0.625 0.309374625 0.634375 0.309374625 0.63906216875 0.3046876875 0.64218716875 0.3046876875 0.646875 0.3 0.64843783125 0.3 0.65 0.2984376875 0.653125 0.2984376875 0.65468716875 0.296875375 0.65468716875 0.2953123125 0.65781216875 0.2921876875 0.659375 0.2921876875 0.6609371687500001 0.290624625 0.6625 0.290624625 0.665625 0.2875 0.6671871687500001 0.2875 0.66875 0.28593768750000004 0.67031216875 0.28593768750000004 0.678125 0.278124625 0.678125 0.26875 0.653125 0.26875 0.6515621687500001 0.2703123125 0.65 0.2703123125 0.640625 0.2796876875 0.63906216875 0.2796876875
25 0.6984371687500001 0.8015623125 0.7 0.8 0.7 0.7984376875 0.70156216875 0.796875375 0.70156216875 0.7921876875 0.7 0.790624625 0.7 0.784374625 0.70156216875 0.7828123125 0.70156216875 0.7765623125000001 0.7 0.775 0.7 0.7515623125 0.70156216875 0.75 0.70156216875 0.7453123125000001 0.6875 0.7453123125000001 0.6875 0.8015623125 0.68906216875 0.803124625 0.6984371687500001 0.803124625 0.6984371687500001 0.8015623125
7 0.646875 0.559374625 0.646875 0.5015623125 0.6453121687500001 0.5 0.59375 0.5 0.59375 0.559374625 0.59531216875 0.5609376875 0.6453121687500001 0.5609376875 0.646875 0.559374625
27 0.28906283125 0.4125 0.28281216875 0.41875 0.27968716875 0.41875 0.278125 0.4203123125 0.27656283125000003 0.4203123125 0.27656283125000003 0.42187537500000005 0.27343783125 0.425 0.27343783125 0.4421876875 0.284375 0.4421876875 0.28593716874999997 0.440624625 0.28593716874999997 0.43906231250000005 0.28906283125 0.43593768749999995 0.290625 0.43593768749999995 0.296875 0.42968768749999997 0.30156216874999997 0.42968768749999997 0.30781216875 0.4234376875 0.309375 0.4234376875 0.315625 0.41718768749999996 0.31718716874999997 0.41718768749999996 0.31718716874999997 0.41562462499999997 0.321875 0.4109376875 0.321875 0.4015623125 0.30625 0.4015623125 0.30156216874999997 0.40625 0.296875 0.40625 0.290625 0.4125 0.28906283125 0.4125
26 0.446875 0.1125 0.440625 0.11875 0.43906216875000004 0.11875 0.4375 0.1203123125 0.43593783124999996 0.1203123125 0.43125 0.125 0.428125 0.125 0.421875 0.13125 0.42031283124999996 0.13125 0.42031283124999996 0.1546876875 0.428125 0.1546876875 0.42968783125 0.153124625 0.42968783125 0.15156231250000002 0.43281216875000006 0.1484376875 0.43906216875000004 0.1484376875 0.44531283125 0.1421876875 0.446875 0.1421876875 0.44843716875000006 0.140625375 0.44843716875000006 0.1390623125 0.45156283124999996 0.1359376875 0.453125 0.1359376875 0.45781216875 0.13125 0.459375 0.13125 0.46093783125 0.12968768749999998 0.46406216875000006 0.12968768749999998 0.46718783124999996 0.1265623125 0.46718783124999996 0.125 0.471875 0.1203123125 0.471875 0.10937537500000001 0.453125 0.10937537500000001 0.45156283124999996 0.11093768749999999 0.45 0.11093768749999999 0.44843716875000006 0.1125 0.446875 0.1125
25 0.71875 0.7109376875 0.71718716875 0.7125 0.715625 0.7125 0.709375 0.71875 0.7078128312499999 0.71875 0.70625 0.7203123125 0.70468716875 0.7203123125 0.69375 0.73125 0.69375 0.7421876875 0.69531283125 0.7421876875 0.7 0.746874625 0.70468716875 0.746874625 0.70625 0.7453123125000001 0.7078128312499999 0.7453123125000001 0.709375 0.74375 0.71093783125 0.74375 0.7125 0.7421876875 0.715625 0.7421876875 0.71718716875 0.7406246249999999 0.71718716875 0.7390623125 0.72031216875 0.7359376875 0.721875 0.7359376875 0.7234378312499999 0.734375375 0.725 0.734375375 0.728125 0.73125 0.7296871687500001 0.73125 0.73125 0.7296876875 0.734375 0.7296876875 0.740625 0.7234376874999999 0.746875 0.7234376874999999 0.74843716875 0.721874625 0.74843716875 0.7203123125 0.75 0.71875 0.75156216875 0.71875 0.7546878312499999 0.715624625 0.7546878312499999 0.703125375 0.73125 0.703125375 0.728125 0.70625 0.725 0.70625 0.72031216875 0.7109376875 0.71875 0.7109376875
15 0.675 0.70625 0.7 0.70625 0.70156216875 0.7078123125 0.70468716875 0.7078123125 0.70625 0.7093746249999999 0.715625 0.7093746249999999 0.72031216875 0.7046876875 0.72031216875 0.6484376875 0.71875 0.6468746249999999 0.6671871687500001 0.6468746249999999 0.6671871687500001 0.703125375 0.66875 0.7046876875 0.67343716875 0.7046876875 0.675 0.70625
27 0.32968716875 0.690624625 0.32968716875 0.6296876874999999 0.33125 0.628124625 0.33125 0.6265623125 0.32968716875 0.625 0.32968716875 0.61875 0.31875 0.61875 0.31875 0.690624625 0.32031283125 0.6921876874999999 0.328125 0.6921876874999999 0.32968716875 0.690624625
28 0.25625 0.2703123125 0.25625 0.27187462500000004 0.25781283125 0.2734376875 0.259375 0.2734376875 0.2625 0.27656231249999996 0.2625 0.278124625 0.26406216875 0.2796876875 0.265625 0.2796876875 0.26875 0.2828123125 0.26875 0.284375375 0.27031216874999997 0.28593768750000004 0.27656283125000003 0.28593768750000004 0.28125 0.290624625 0.29218783125000003 0.290624625 0.29218783125000003 0.2703123125 0.290625 0.26875 0.28593716874999997 0.26875 0.284375 0.2671876875 0.28281216875 0.2671876875 0.28125 0.265625375 0.28125 0.2640623125 0.27968716875 0.2640623125 0.27656283125000003 0.2609376875 0.275 0.2609376875 0.27343783125 0.259374625 0.27343783125 0.2578123125 0.271875 0.25625 0.253125 0.25625 0.253125 0.2640623125 0.25468716874999997 0.265625375 0.25468716874999997 0.26875 0.25625 0.2703123125
3 0.59375 0.0828123125 0.59218783125 0.08437462500000001 0.59218783125 0.0859376875 0.5890621687500001 0.08906231249999999 0.5890621687500001 0.11406231250000001 0.59375 0.11875 0.59375 0.1203123125 0.603125 0.12968768749999998 0.6375 0.12968768749999998 0.63906216875 0.128124625 0.640625 0.128124625 0.64843783125 0.1203123125 0.64843783125 0.1015623125 0.646875 0.1 0.64375 0.1 0.64218716875 0.09843768750000001 0.640625 0.09843768750000001 0.6375 0.0953123125 0.6359371687500001 0.0953123125 0.6296871687500001 0.08906231249999999 0.6296871687500001 0.08437462500000001 0.62656216875 0.08125 0.625 0.08125 0.61875 0.075 0.61718783125 0.075 0.615625 0.0734376875 0.60156283125 0.0734376875 0.6 0.075 0.5984371687500001 0.075 0.59375 0.0796876875 0.59375 0.0828123125
26 0.56875 0.13125 0.5671871687500001 0.1328123125 0.5671871687500001 0.13437537500000002 0.565625 0.1359376875 0.56406216875 0.1359376875 0.5625 0.1375 0.559375 0.1375 0.553125 0.14375 0.5515621687500001 0.14375 0.55 0.1453123125 0.55 0.159374625 0.5515621687500001 0.16093768749999998 0.565625 0.16093768749999998 0.571875 0.1546876875 0.575 0.1546876875 0.57656283125 0.153124625 0.578125 0.153124625 0.5828121687500001 0.1484376875 0.584375 0.1484376875 0.58593783125 0.14687462499999998 0.58593783125 0.1453123125 0.5890621687500001 0.1421876875 0.590625 0.1421876875 0.59375 0.1390623125 0.59375 0.1375 0.5984371687500001 0.1328123125 0.5984371687500001 0.1203123125 0.57968716875 0.1203123125 0.575 0.125 0.575 0.1265623125 0.57031283125 0.13125 0.56875 0.13125
5 0.225 0.128124625 0.221875 0.13125 0.22031216874999998 0.13125 0.22031216874999998 0.16093768749999998 0.225 0.165624625 0.225 0.171875375 0.23281216875 0.1796876875 0.2625 0.1796876875 0.26406216875 0.17812462499999998 0.265625 0.17812462499999998 0.26718716875 0.1765623125 0.26718716875 0.175 0.275 0.1671876875 0.27656283125000003 0.1671876875 0.27968716875 0.1640623125 0.27968716875 0.15156231250000002 0.278125 0.15 0.27343783125 0.15 0.271875 0.1484376875 0.27031216874999997 0.1484376875 0.265625 0.14375 0.26406216875 0.14375 0.26093783125000003 0.140625375 0.26093783125000003 0.1375 0.259375 0.1359376875 0.259375 0.13437537500000002 0.25625 0.13125 0.25625 0.12968768749999998 0.25468716874999997 0.128124625 0.25468716874999997 0.1265623125 0.253125 0.125 0.25156216875 0.125 0.24843716875 0.12187462499999999 0.24843716875 0.1203123125 0.23281216875 0.1203123125 0.228125 0.125 0.22656283125 0.125 0.225 0.1265623125 0.225 0.128124625
29 0.26406216875 0.18125 0.2625 0.18281231250000002 0.2625 0.184374625 0.25625 0.190624625 0.25625 0.19218768749999998 0.25468716874999997 0.19375 0.25468716874999997 0.20468768750000002 0.25781283125 0.20468768750000002 0.259375 0.20625 0.26093783125000003 0.20625 0.2625 0.20781231249999998 0.2625 0.209374625 0.26406216875 0.21093768750000003 0.265625 0.21093768750000003 0.26875 0.2140623125 0.26875 0.21562462500000001 0.27343783125 0.2203123125 0.284375 0.2203123125 0.28593716874999997 0.21875 0.2875 0.21875 0.29531216875 0.21093768750000003 0.296875 0.21093768750000003 0.29843716875 0.209374625 0.3 0.209374625 0.30156216874999997 0.20781231249999998 0.30156216874999997 0.20625 0.30468783125 0.203125375 0.30468783125 0.20156231249999998 0.29843716875 0.1953123125 0.29843716875 0.19218768749999998 0.29375 0.1875 0.29375 0.1859376875 0.29218783125000003 0.184374625 0.29218783125000003 0.17812462499999998 0.28593716874999997 0.171875375 0.28593716874999997 0.1703123125 0.284375 0.16875 0.27343783125 0.16875 0.26718716875 0.175 0.26718716875 0.1765623125 0.26406216875 0.1796876875 0.26406216875 0.18125
33 0.5265621687500001 0.46718768749999995 0.56406216875 0.46718768749999995 0.5671871687500001 0.4640623125 0.5671871687500001 0.42968768749999997 0.565625 0.42812537500000003 0.565625 0.42656231250000004 0.56093783125 0.42187537500000005 0.56093783125 0.4203123125 0.559375 0.41875 0.5578121687500001 0.41875 0.55468783125 0.41562462499999997 0.534375 0.41562462499999997 0.53125 0.41875 0.53125 0.4203123125 0.5265621687500001 0.425 0.5265621687500001 0.46718768749999995
12 0.37343783125 0.4125 0.375 0.4109376875 0.39375 0.4109376875 0.39531216874999997 0.4125 0.396875 0.4125 0.40156216875000006 0.41718768749999996 0.421875 0.41718768749999996 0.42343716875000004 0.41562462499999997 0.42343716875000004 0.3578123125 0.421875 0.35625 0.42031283124999996 0.35625 0.41875 0.3546876875 0.37656216875 0.3546876875 0.375 0.35625 0.371875 0.35625 0.371875 0.4125 0.37343783125 0.4125
27 0.25 0.5453123125 0.25 0.546875375 0.253125 0.546875375 0.25468716874999997 0.5453123125 0.25468716874999997 0.5421876875 0.25625 0.540624625 0.25625 0.5375 0.25781283125 0.5359376874999999 0.25781283125 0.475 0.24531283125 0.475 0.24531283125 0.5421876875 0.246875 0.54375 0.24843716875 0.54375 0.25 0.5453123125
15 0.296875 0.2671876875 0.32031283125 0.2671876875 0.325 0.27187462500000004 0.34218783125 0.27187462500000004 0.346875 0.2671876875 0.34843716874999997 0.2671876875 0.35 0.265625375 0.35 0.25625 0.35156283125 0.25468768750000004 0.35156283125 0.2140623125 0.35 0.2140623125 0.34843716874999997 0.2125 0.346875 0.2125 0.34531216875 0.21093768750000003 0.3 0.21093768750000003 0.29843716875 0.2125 0.29843716875 0.2140623125 0.296875 0.21562462500000001 0.296875 0.2671876875
26 0.690625 0.2203123125 0.696875 0.2203123125 0.6984371687500001 0.21875 0.70156216875 0.21875 0.70156216875 0.16875 0.6984371687500001 0.165624625 0.6984371687500001 0.1625 0.696875 0.16093768749999998 0.68593716875 0.16093768749999998 0.68593716875 0.1875 0.6875 0.1890623125 0.6875 0.2171876875 0.690625 0.2203123125
27 0.18281283125 0.6875 0.18281283125 0.625 0.18125 0.6234376875 0.18125 0.61875 0.16875 0.61875 0.16875 0.6890623125 0.171875 0.6921876874999999 0.178125 0.6921876874999999 0.18281283125 0.6875
8 0.49843783124999996 0.5015623125 0.44531283125 0.5015623125 0.44531283125 0.5609376875 0.496875 0.5609376875 0.49843783124999996 0.559374625 0.49843783124999996 0.5015623125
26 0.54531283125 0.2234376875 0.5515621687500001 0.2234376875 0.553125 0.22187537499999999 0.553125 0.1671876875 0.5515621687500001 0.165624625 0.540625 0.165624625 0.540625 0.2171876875 0.54375 0.2203123125 0.54375 0.22187537499999999 0.54531283125 0.2234376875
8 0.496875 0.8515623124999999 0.49843783124999996 0.85 0.49843783124999996 0.79375 0.496875 0.7921876875 0.496875 0.790624625 0.44375 0.790624625 0.44375 0.85 0.446875 0.8531246250000001 0.496875 0.8531246250000001 0.496875 0.8515623124999999
5 0.14843783125 0.278124625 0.146875 0.2796876875 0.14531216875 0.2796876875 0.14531216875 0.30781231249999996 0.14843783125 0.3109376875 0.14843783125 0.3125 0.15 0.3140623125 0.15 0.321874625 0.15156216875 0.3234376875 0.196875 0.3234376875 0.19843783125 0.321874625 0.19843783125 0.3203123125 0.20156216875 0.31718768750000004 0.203125 0.31718768750000004 0.20468716874999998 0.315624625 0.20468716874999998 0.2953123125 0.203125 0.29375 0.196875 0.29375 0.19218716875 0.2890623125 0.190625 0.2890623125 0.18593716875 0.284375375 0.18593716875 0.278124625 0.17968783125 0.27187462500000004 0.17968783125 0.2703123125 0.178125 0.26875 0.17343716874999998 0.26875 0.171875 0.2671876875 0.159375 0.2671876875 0.15156216875 0.275 0.15 0.275 0.14843783125 0.27656231249999996 0.14843783125 0.278124625
26 0.625 0.659374625 0.625 0.6015623125 0.6140621687500001 0.6015623125 0.6140621687500001 0.659374625 0.615625 0.6609376874999999 0.62343716875 0.6609376874999999 0.625 0.659374625
5 0.3 0.27187462500000004 0.29375 0.278124625 0.29375 0.309374625 0.3 0.315624625 0.3 0.321874625 0.30156216874999997 0.3234376875 0.34531216875 0.3234376875 0.35468716875 0.3140623125 0.35468716875 0.3015623125 0.353125 0.3 0.353125 0.2984376875 0.35 0.2953123125 0.34843716874999997 0.2953123125 0.346875 0.29375 0.34531216875 0.29375 0.34375 0.2921876875 0.34218783125 0.2921876875 0.33593783125 0.28593768750000004 0.33593783125 0.284375375 0.334375 0.2828123125 0.334375 0.28125 0.32968716875 0.27656231249999996 0.32968716875 0.275 0.328125 0.275 0.32343716875 0.2703123125 0.32343716875 0.26875 0.321875 0.26875 0.32031283125 0.2671876875 0.30468783125 0.2671876875 0.303125 0.26875 0.30156216874999997 0.26875 0.3 0.2703123125 0.3 0.27187462500000004
28 0.25468716874999997 0.1953123125 0.253125 0.1953123125 0.246875 0.1890623125 0.24375 0.1890623125 0.24375 0.2515623125 0.24531283125 0.253125375 0.25468716874999997 0.253125375 0.25468716874999997 0.1953123125
5 0.36875 0.4546876875 0.37031216875 0.45625 0.37031216875 0.45781231250000004 0.37343783125 0.46093768749999997 0.37343783125 0.4625 0.375 0.4640623125 0.375 0.46718768749999995 0.37656216875 0.46875 0.37656216875 0.47031231250000005 0.378125 0.471874625 0.415625 0.471874625 0.42031283124999996 0.46718768749999995 0.421875 0.46718768749999995 0.42343716875000004 0.46562462499999996 0.42343716875000004 0.4640623125 0.42968783125 0.45781231250000004 0.42968783125 0.44531231250000003 0.421875 0.4375 0.415625 0.4375 0.40468783124999996 0.42656231250000004 0.40468783124999996 0.42187537500000005 0.39843783125 0.41562462499999997 0.39843783125 0.41406231250000003 0.396875 0.4125 0.378125 0.4125 0.375 0.41562462499999997 0.375 0.41718768749999996 0.36875 0.4234376875 0.36875 0.4546876875
11 0.45156283124999996 0.27187462500000004 0.49531216875000006 0.27187462500000004 0.496875 0.2703123125 0.496875 0.26875 0.49843783124999996 0.2671876875 0.49843783124999996 0.2140623125 0.49375 0.209374625 0.44531283125 0.209374625 0.44531283125 0.2671876875 0.446875 0.26875 0.44843716875000006 0.26875 0.45156283124999996 0.27187462500000004
14 0.64218716875 0.2703123125 0.6453121687500001 0.2671876875 0.646875 0.2671876875 0.646875 0.2125 0.6453121687500001 0.21093768750000003 0.59375 0.21093768750000003 0.59375 0.2671876875 0.59531216875 0.26875 0.59531216875 0.2703123125 0.64218716875 0.2703123125
16 0.5265621687500001 0.41718768749999996 0.53281216875 0.41718768749999996 0.5375 0.4125 0.53906283125 0.4125 0.540625 0.4109376875 0.546875 0.4109376875 0.5515621687500001 0.41562462499999997 0.553125 0.41562462499999997 0.55468783125 0.41718768749999996 0.5671871687500001 0.41718768749999996 0.56875 0.41562462499999997 0.571875 0.41562462499999997 0.571875 0.4125 0.5734371687500001 0.4109376875 0.5734371687500001 0.3578123125 0.571875 0.35625 0.56875 0.35625 0.5671871687500001 0.3546876875 0.5203121687500001 0.3546876875 0.5203121687500001 0.4125 0.52343783125 0.41562462499999997 0.525 0.41562462499999997 0.5265621687500001 0.41718768749999996
9 0.29843716875 0.8484376875 0.3 0.85 0.3 0.8531246250000001 0.30156216874999997 0.8546876875 0.346875 0.8546876875 0.34843716874999997 0.8531246250000001 0.34843716874999997 0.8484376875 0.35 0.8468746250000001 0.35 0.8421876875000001 0.35156283125 0.8406253749999999 0.35156283125 0.834374625 0.35 0.8328123125 0.35 0.8046876875000001 0.35156283125 0.803124625 0.35156283125 0.8015623125 0.35 0.8 0.35 0.7953123125 0.34843716874999997 0.79375 0.34843716874999997 0.7921876875 0.346875 0.790624625 0.3 0.790624625 0.296875 0.79375 0.296875 0.8453123124999999 0.29843716875 0.8468746250000001 0.29843716875 0.8484376875
12 0.64375 0.8531246250000001 0.646875 0.85 0.646875 0.79375 0.6453121687500001 0.7921876875 0.64375 0.7921876875 0.64218716875 0.790624625 0.596875 0.790624625 0.59531216875 0.7921876875 0.59375 0.7921876875 0.59375 0.8531246250000001 0.64375 0.8531246250000001
13 0.3375 0.5609376875 0.33906216875 0.5625 0.340625 0.5625 0.34218783125 0.5609376875 0.346875 0.5609376875 0.34843716874999997 0.559374625 0.34843716874999997 0.5578123125000001 0.35 0.55625 0.35 0.51875 0.34843716874999997 0.5171876875 0.34843716874999997 0.5015623125 0.346875 0.5 0.3 0.5 0.29843716875 0.5015623125 0.29843716875 0.559374625 0.3 0.5609376875 0.3375 0.5609376875
10 0.683862434375 0.4196696703125 0.7136243390625 0.41891891875000004 0.721560846875 0.415915915625 0.7228835984375 0.3738738734375 0.7202380953125 0.35660660625 0.6732804234375 0.3543543546875 0.6679894187500001 0.35660660625 0.6666666671875 0.3603603609375 0.666005290625 0.41141141093750005 0.66865079375 0.4166666671875 0.6739417984375 0.4196696703125 0.683862434375 0.4196696703125
16 0.241402115625 0.7102102109375 0.246693121875 0.7034534531250001 0.2552910046875 0.70645645625 0.2579365078125 0.7102102109375 0.2771164015625 0.7072072078125 0.2791005296875 0.6996997 0.2791005296875 0.6569069062499999 0.2757936515625 0.647147146875 0.228835978125 0.6456456453125 0.2228835984375 0.6509009015625 0.222222221875 0.6951951953125 0.22486772500000002 0.7072072078125 0.2374338625 0.7109609609375 0.241402115625 0.7102102109375
14 0.42526454999999996 0.7072072078125 0.4265873015625 0.6666666671875 0.42592592656250006 0.6509009015625 0.4232804234375 0.647147146875 0.3763227515625 0.6456456453125 0.3703703703125 0.6516516515624999 0.3697089953125 0.7012012015625 0.372354496875 0.708708709375 0.384259259375 0.7117117109375 0.42526454999999996 0.7072072078125
11 0.5734126984375 0.70645645625 0.5740740734374999 0.6509009015625 0.572089946875 0.647147146875 0.5257936515625 0.6456456453125 0.521825396875 0.646396396875 0.51917989375 0.6516516515624999 0.51851851875 0.6981981984375001 0.521825396875 0.7079579578125 0.541005290625 0.7102102109375 0.5734126984375 0.70645645625
19 0.73281216875 0.14375 0.73281216875 0.2234376875 0.7875 0.2234376875 0.7875 0.14375 0.73281216875 0.14375
18 0.5109371687500001 0.8734376875000001 0.5109371687500001 0.95625 0.57031283125 0.95625 0.57031283125 0.8734376875000001 0.5109371687500001 0.8734376875000001
18 0.065625 0.2921876875 0.065625 0.36875 0.12343716874999999 0.36875 0.12343716874999999 0.2921876875 0.065625 0.2921876875
18 0.56875 0.0734376875 0.56875 0.0046876875 0.509375 0.0046876875 0.509375 0.078125375 0.5671871687500001 0.078125375 0.5671871687500001 0.075 0.56875 0.0734376875
22 0.94218783125 0.43593768749999995 0.878125 0.43593768749999995 0.878125 0.51875 0.940625 0.51875 0.94218783125 0.5171876875 0.94218783125 0.43593768749999995
18 0.271875 0.9546876875000001 0.271875 0.8734376875000001 0.215625 0.8734376875000001 0.215625 0.95625 0.26875 0.95625 0.27031216874999997 0.9546876875000001 0.271875 0.9546876875000001
20 0.11875 0.6609376874999999 0.11875 0.5828123125 0.06875 0.5828123125 0.06875 0.6625 0.071875 0.6625 0.07343716875 0.6609376874999999 0.11875 0.6609376874999999
21 0.27126124375 0.08437462500000001 0.2728240734375 0.0828123125 0.2728240734375 0.003124625 0.2134490734375 0.003124625 0.2134490734375 0.0828123125 0.21501124374999997 0.0828123125 0.2165740734375 0.08437462500000001 0.27126124375 0.08437462500000001
23 0.78906283125 0.8093753749999999 0.78906283125 0.725 0.734375 0.725 0.734375 0.8093753749999999 0.73593716875 0.8109376875000001 0.7875 0.8109376875000001 0.78906283125 0.8093753749999999