35 0.61718758125 0.125 0.6109372578125 0.13125 0.60781241875 0.13125 0.5953124187500001 0.14375 0.5937503234375 0.14375 0.5921875812499999 0.1453125 0.5906248390625 0.1453125 0.5890627421875 0.146875 0.5890627421875 0.15 0.5875 0.1515625 0.5875 0.165625 0.575 0.178125 0.575 0.2609375 0.5781248390625 0.2609375 0.5843751609375001 0.2671875 0.5875 0.2671875 0.5890627421875 0.26875 0.5921875812499999 0.26875 0.5953124187500001 0.271875 0.5968751609375 0.271875 0.5984372578125 0.2734375 0.6015627421875 0.2734375 0.6031248390624999 0.275 0.60781241875 0.275 0.6093751609375 0.2765625 0.6156248390625 0.2765625 0.61718758125 0.275 0.6187503234375 0.275 0.62031241875 0.2734375 0.6265627421875 0.2734375 0.6281248390624999 0.271875 0.62968758125 0.271875 0.62968758125 0.2703125 0.6312503234375 0.26875 0.6375 0.26875 0.6406248390625 0.271875 0.6437503234374999 0.271875 0.64531241875 0.2734375 0.6546875812499999 0.2734375 0.6562503234375 0.275 0.6609372578125 0.275 0.6625 0.2734375 0.66718758125 0.2734375 0.6687503234375 0.271875 0.67031241875 0.271875 0.675 0.2671875 0.67968758125 0.2671875 0.6812503234375 0.265625 0.68281241875 0.265625 0.6875 0.2609375 0.6906248390624999 0.2609375 0.6984372578125 0.253125 0.6984372578125 0.25 0.7 0.2484375 0.7 0.2328125 0.6984372578125 0.23125 0.6984372578125 0.2109375 0.7 0.209375 0.7 0.1765625 0.6968751609375 0.1734375 0.69531241875 0.1734375 0.6937503234375 0.171875 0.6937503234375 0.1703125 0.69218758125 0.16875 0.6906248390624999 0.16875 0.6859372578125 0.1640625 0.6859372578125 0.1515625 0.6812503234375 0.146875 0.6812503234375 0.1453125 0.6734372578125 0.1375 0.6718751609375 0.1375 0.66718758125 0.1328125 0.6656248390624999 0.1328125 0.6640627421875 0.13125 0.6625 0.13125 0.6609372578125 0.1296875 0.6593751609375 0.1296875 0.6546875812499999 0.125 0.6531248390625 0.125 0.6515627421875 0.1234375 0.65 0.1234375 0.6484372578125 0.121875 0.6484372578125 0.1203125 0.6468751609375001 0.1203125 0.64531241875 0.11875 0.6265627421875 0.11875 0.6218751609375001 0.1234375 0.62031241875 0.1234375 0.6187503234375 0.125 0.61718758125 0.125
35 0.3359372578125 0.7125 0.33437516093749997 0.7140625 0.33281241875 0.7140625 0.32968758125000003 0.7171875 0.3281248390625 0.7171875 0.32656274218750003 0.71875 0.325 0.71875 0.32031241875 0.7234375 0.3187503234375 0.7234375 0.31718758125 0.725 0.3156248390625 0.725 0.3140627421875 0.7265625 0.3125 0.7265625 0.3093751609375 0.7296875 0.30781241875 0.7296875 0.3015627421875 0.7359375 0.3015627421875 0.7375 0.3 0.7390625 0.3 0.746875 0.29531241874999997 0.7515625 0.29531241874999997 0.753125 0.29375032343749996 0.7546875 0.29375032343749996 0.75625 0.2875 0.7625 0.2843751609375 0.7625 0.28281241874999996 0.7640625 0.28281241874999996 0.840625 0.2843751609375 0.840625 0.2859372578125 0.8421875 0.2890627421875 0.8421875 0.29531241874999997 0.8484375 0.29843725781249997 0.8484375 0.3031248390625 0.853125 0.30468758125 0.853125 0.30625032343749997 0.8546875 0.3093751609375 0.8546875 0.3140627421875 0.859375 0.3156248390625 0.859375 0.31718758125 0.8609375 0.3312503234375 0.8609375 0.33281241875 0.859375 0.33437516093749997 0.859375 0.3390627421875 0.8546875 0.3593751609375 0.8546875 0.36093725781249997 0.853125 0.3640627421875 0.853125 0.3656248390625 0.8515625 0.3781248390625 0.8515625 0.37968758125 0.85 0.38281241875 0.85 0.3843751609375 0.8484375 0.39218758125000003 0.8484375 0.3937503234375 0.846875 0.39531241875 0.846875 0.4 0.8421875 0.4015627421875 0.8421875 0.40781241875 0.8359375 0.40937516093750004 0.8359375 0.4109372578125 0.834375 0.4109372578125 0.765625 0.3984372578125 0.753125 0.3984372578125 0.7453125 0.39687516093749997 0.74375 0.39687516093749997 0.7421875 0.3859372578125 0.73125 0.3843751609375 0.73125 0.38281241875 0.7296875 0.3812503234375 0.7296875 0.3781248390625 0.7265625 0.3765627421875 0.7265625 0.375 0.725 0.3734372578125 0.725 0.3718751609375 0.7234375 0.37031241875 0.7234375 0.3593751609375 0.7125 0.35468758125 0.7125 0.35312483906250003 0.7109375 0.3515627421875 0.7109375 0.35 0.709375 0.3437503234375 0.709375 0.34218758125000004 0.7109375 0.3406248390625 0.7109375 0.3390627421875 0.7125 0.3359372578125 0.7125
37 0.38906274218750003 0.58125 0.3843751609375 0.5859375 0.38281241875 0.5859375 0.3812503234375 0.5875 0.3781248390625 0.5875 0.3765627421875 0.5890625 0.375 0.5890625 0.3718751609375 0.5921875 0.36875032343749997 0.5921875 0.36718758125 0.59375 0.3640627421875 0.59375 0.3625 0.5953125 0.3593751609375 0.5953125 0.35625032343749996 0.5984375 0.35625032343749996 0.6 0.35468758125 0.6015625 0.35468758125 0.684375 0.35625032343749996 0.6859375 0.35625032343749996 0.690625 0.3640627421875 0.6984375 0.3656248390625 0.6984375 0.36718758125 0.7 0.36875032343749997 0.7 0.3718751609375 0.703125 0.3734372578125 0.703125 0.375 0.7046875 0.37968758125 0.7046875 0.3812503234375 0.70625 0.38281241875 0.70625 0.3859372578125 0.709375 0.3875 0.709375 0.38906274218750003 0.7109375 0.4062503234375 0.7109375 0.40781241875 0.709375 0.4109372578125 0.709375 0.4125 0.7078125 0.4140627421875 0.7078125 0.4156248390625 0.70625 0.425 0.70625 0.4265627421875 0.7078125 0.4281248390625 0.7078125 0.42968758124999995 0.709375 0.43281241875000004 0.709375 0.43437516093750006 0.7109375 0.4390627421875 0.7109375 0.44062483906249994 0.7125 0.4437503234375 0.7125 0.44531241875000005 0.7140625 0.4468751609375 0.7140625 0.4484372578125 0.7125 0.45312483906249995 0.7125 0.45468758125 0.7109375 0.4593751609375 0.7109375 0.4640627421875 0.70625 0.46562483906249996 0.70625 0.46718758125 0.7046875 0.47187516093750004 0.7046875 0.4781248390625 0.6984375 0.47968758125 0.6984375 0.47968758125 0.696875 0.48593725781249997 0.690625 0.48593725781249997 0.6046875 0.48437516093750005 0.603125 0.48437516093750005 0.6015625 0.4765627421875 0.59375 0.475 0.59375 0.4734372578125 0.5921875 0.47187516093750004 0.5921875 0.46718758125 0.5875 0.46562483906249996 0.5875 0.4593751609375 0.58125 0.4562503234375 0.58125 0.4437503234375 0.56875 0.40312483906249996 0.56875 0.4 0.571875 0.4 0.5734375 0.39218758125000003 0.58125 0.38906274218750003 0.58125
36 0.7015627421875 0.56875 0.7 0.5703125 0.6984372578125 0.5703125 0.69531241875 0.5734375 0.6937503234375 0.5734375 0.69218758125 0.575 0.6890627421875 0.575 0.68281241875 0.58125 0.6765627421875 0.58125 0.67031241875 0.5875 0.66718758125 0.5875 0.6656248390624999 0.5890625 0.6640627421875 0.5890625 0.6593751609375 0.59375 0.6562503234375 0.59375 0.6546875812499999 0.5953125 0.6531248390625 0.5953125 0.65 0.5984375 0.6484372578125 0.5984375 0.6468751609375001 0.6 0.64531241875 0.6 0.64218758125 0.603125 0.64218758125 0.60625 0.6406248390625 0.6078125 0.6406248390625 0.675 0.64218758125 0.6765625 0.64218758125 0.6828125 0.6437503234374999 0.684375 0.6437503234374999 0.6875 0.64531241875 0.6890625 0.64531241875 0.690625 0.6468751609375001 0.690625 0.6484372578125 0.6921875 0.6515627421875 0.6921875 0.6578124187500001 0.6984375 0.6593751609375 0.6984375 0.6609372578125 0.7 0.6625 0.7 0.6656248390624999 0.703125 0.6687503234375 0.703125 0.67031241875 0.7046875 0.6734372578125 0.7046875 0.6781248390625 0.709375 0.67968758125 0.709375 0.6812503234375 0.7109375 0.6937503234375 0.7109375 0.69531241875 0.709375 0.6968751609375 0.709375 0.6984372578125 0.7078125 0.7 0.7078125 0.7015627421875 0.70625 0.7031248390625 0.70625 0.70468758125 0.7046875 0.7156248390625 0.7046875 0.7171875812499999 0.70625 0.7203124187500001 0.70625 0.7234372578125 0.709375 0.725 0.709375 0.7265627421875 0.7109375 0.7281248390624999 0.7109375 0.72968758125 0.7125 0.7312503234375 0.7125 0.73281241875 0.7140625 0.7343751609375 0.7140625 0.7359372578125 0.7125 0.7406248390625 0.7125 0.74218758125 0.7109375 0.74531241875 0.7109375 0.7515627421875 0.7046875 0.75468758125 0.7046875 0.7593751609375 0.7 0.7609372578125 0.7 0.7625 0.6984375 0.7640627421875 0.6984375 0.7656248390625 0.696875 0.76718758125 0.696875 0.76718758125 0.6953125 0.77031241875 0.6921875 0.7718751609375001 0.6921875 0.7734372578125 0.690625 0.7734372578125 0.6796875 0.775 0.678125 0.775 0.6421875 0.7734372578125 0.640625 0.7734372578125 0.6359375 0.775 0.634375 0.775 0.6328125 0.7734372578125 0.63125 0.7734372578125 0.6234375 0.775 0.621875 0.775 0.6078125 0.7734372578125 0.60625 0.7734372578125 0.603125 0.7640627421875 0.59375 0.7593751609375 0.59375 0.75781241875 0.5921875 0.7562503234375 0.5921875 0.7531248390624999 0.5890625 0.7515627421875 0.5890625 0.75 0.5875 0.74531241875 0.5875 0.7390627421875 0.58125 0.7343751609375 0.58125 0.73281241875 0.5796875 0.7312503234375 0.5796875 0.7281248390624999 0.5765625 0.7265627421875 0.5765625 0.7203124187500001 0.5703125 0.7187503234375 0.5703125 0.7171875812499999 0.56875 0.7156248390625 0.56875 0.7140627421875 0.5671875 0.7125 0.5671875 0.7109372578125 0.565625 0.70781241875 0.565625 0.7062503234374999 0.5671875 0.70468758125 0.5671875 0.7031248390625 0.56875 0.7015627421875 0.56875
37 0.4687503234375 0.71875 0.46718758125 0.7203125 0.46562483906249996 0.7203125 0.4625 0.7234375 0.4609372578125 0.7234375 0.45312483906249995 0.73125 0.45156274218750003 0.73125 0.45 0.7328125 0.45 0.734375 0.44531241875000005 0.7390625 0.44531241875000005 0.740625 0.4437503234375 0.7421875 0.4437503234375 0.746875 0.44218758124999996 0.7484375 0.44218758124999996 0.75 0.44062483906249994 0.7515625 0.44062483906249994 0.753125 0.4375 0.75625 0.4375 0.759375 0.43437516093750006 0.7625 0.43281241875000004 0.7625 0.43125032343749997 0.7640625 0.43125032343749997 0.8421875 0.43281241875000004 0.8421875 0.4390627421875 0.8484375 0.44062483906249994 0.8484375 0.44218758124999996 0.85 0.4437503234375 0.85 0.4484372578125 0.8546875 0.45156274218750003 0.8546875 0.4562503234375 0.859375 0.45781241875 0.859375 0.4593751609375 0.8609375 0.4609372578125 0.8609375 0.46562483906249996 0.865625 0.46718758125 0.865625 0.4687503234375 0.8671875 0.47031241875 0.8671875 0.4765627421875 0.8734375 0.4781248390625 0.8734375 0.47968758125 0.875 0.48125032343749996 0.875 0.48437516093750005 0.878125 0.4875 0.878125 0.4890627421875 0.8796875 0.49687516093750006 0.8796875 0.4984372578125 0.878125 0.5 0.878125 0.50468758125 0.8734375 0.50781241875 0.8734375 0.5140627421875 0.8671875 0.5156248390625 0.8671875 0.5218751609375001 0.8609375 0.525 0.8609375 0.5296875812499999 0.85625 0.5312503234375 0.85625 0.5328124187500001 0.8546875 0.5343751609375 0.8546875 0.5390627421875 0.85 0.5406248390624999 0.85 0.54218758125 0.8484375 0.5437503234375 0.8484375 0.54531241875 0.846875 0.5468751609375 0.846875 0.5515627421875 0.8421875 0.5531248390625 0.8421875 0.55468758125 0.840625 0.55468758125 0.8390625 0.5562503234375 0.8375 0.5562503234375 0.8359375 0.5593751609375001 0.8328125 0.5593751609375001 0.7671875 0.5562503234375 0.7640625 0.55468758125 0.7640625 0.5531248390625 0.7625 0.5515627421875 0.7625 0.54218758125 0.753125 0.54218758125 0.75 0.5406248390624999 0.7484375 0.5406248390624999 0.746875 0.5375 0.74375 0.5375 0.7421875 0.5359372578125 0.740625 0.5359372578125 0.7359375 0.5343751609375 0.734375 0.5343751609375 0.7328125 0.5328124187500001 0.7328125 0.5312503234375 0.73125 0.5296875812499999 0.73125 0.5234372578125 0.725 0.5218751609375001 0.725 0.5156248390625 0.71875 0.5125 0.71875 0.5031248390624999 0.709375 0.5015627421875 0.709375 0.5 0.7078125 0.4984372578125 0.7078125 0.49687516093750006 0.70625 0.48437516093750005 0.70625 0.48281241875 0.7078125 0.48125032343749996 0.7078125 0.47031241875 0.71875 0.4687503234375 0.71875
15 0.32656274218750003 0.8546875 0.3718751609375 0.8546875 0.3734372578125 0.853125 0.3734372578125 0.7953125 0.3718751609375 0.79375 0.3625 0.79375 0.36093725781249997 0.7921875 0.325 0.7921875 0.3234372578125 0.79375 0.3218751609375 0.79375 0.3218751609375 0.85 0.32656274218750003 0.8546875
36 0.17968758125 0.4296875 0.1781248390625 0.43125 0.1734372578125 0.43125 0.1718751609375 0.4328125 0.17031241875 0.4328125 0.1656248390625 0.4375 0.1640627421875 0.4375 0.1625 0.4390625 0.16093725781249998 0.4390625 0.15781241875000002 0.4421875 0.1562503234375 0.4421875 0.15468758124999998 0.44375 0.15312483906250002 0.44375 0.15156274218750002 0.4453125 0.15 0.4453125 0.14531241875 0.45 0.1437503234375 0.45 0.1390627421875 0.4546875 0.1390627421875 0.45625 0.1375 0.4578125 0.1375 0.5421875 0.1390627421875 0.54375 0.1406248390625 0.54375 0.14531241875 0.5484375 0.1468751609375 0.5484375 0.15156274218750002 0.553125 0.15312483906250002 0.553125 0.15468758124999998 0.5546875 0.15781241875000002 0.5546875 0.15937516093749998 0.55625 0.16093725781249998 0.55625 0.1625 0.5578125 0.1625 0.559375 0.1640627421875 0.559375 0.1656248390625 0.5609375 0.17031241875 0.5609375 0.175 0.565625 0.1765627421875 0.565625 0.1781248390625 0.5671875 0.17968758125 0.5671875 0.1843751609375 0.571875 0.18593725781249998 0.571875 0.1875 0.5734375 0.1906248390625 0.5734375 0.19218758125 0.575 0.2109372578125 0.575 0.2125 0.5734375 0.21406274218750002 0.5734375 0.21562483906250002 0.571875 0.21718758125 0.571875 0.21718758125 0.5703125 0.21875032343749998 0.56875 0.22031241875 0.56875 0.22187516093749998 0.5671875 0.2265627421875 0.5671875 0.23281241874999997 0.5609375 0.2390627421875 0.5609375 0.24375032343749997 0.55625 0.24531241874999998 0.55625 0.24843725781249998 0.553125 0.24843725781249998 0.55 0.25 0.5484375 0.25 0.546875 0.2515627421875 0.5453125 0.2515627421875 0.54375 0.2531248390625 0.5421875 0.2531248390625 0.5390625 0.25468758125 0.5375 0.25468758125 0.5296875 0.2562503234375 0.528125 0.2562503234375 0.5265625 0.2593751609375 0.5234375 0.2593751609375 0.521875 0.2609372578125 0.5203125 0.2609372578125 0.515625 0.2687503234375 0.5078125 0.2687503234375 0.5046875 0.27031241875 0.503125 0.27031241875 0.5015625 0.27187516093749997 0.5 0.27187516093749997 0.4703125 0.27031241875 0.46875 0.27031241875 0.4671875 0.2687503234375 0.465625 0.2687503234375 0.4640625 0.26718758125000003 0.4625 0.26718758125000003 0.459375 0.26406274218750003 0.45625 0.2609372578125 0.45625 0.2593751609375 0.4546875 0.25781241875 0.4546875 0.2531248390625 0.45 0.25 0.45 0.24843725781249998 0.4484375 0.2468751609375 0.4484375 0.24375032343749997 0.4453125 0.24218758125 0.4453125 0.2406248390625 0.44375 0.2375 0.44375 0.2343751609375 0.440625 0.23281241874999997 0.440625 0.2312503234375 0.4390625 0.2265627421875 0.4390625 0.225 0.4375 0.22031241875 0.4375 0.21875032343749998 0.4359375 0.2125 0.4359375 0.2109372578125 0.434375 0.20781241874999998 0.434375 0.20468758125000003 0.43125 0.2031248390625 0.43125 0.1968751609375 0.425 0.18906274218750002 0.425 0.1875 0.4265625 0.1843751609375 0.4265625 0.1812503234375 0.4296875 0.17968758125 0.4296875
32 0.4015627421875 0.5609375 0.40312483906249996 0.5609375 0.4062503234375 0.5640625 0.4062503234375 0.565625 0.40781241875 0.5671875 0.43281241875000004 0.5671875 0.4359372578125 0.5640625 0.4359372578125 0.559375 0.4375 0.5578125 0.4375 0.55625 0.44062483906249994 0.553125 0.44062483906249994 0.5453125 0.4390627421875 0.54375 0.4390627421875 0.5390625 0.4375 0.5375 0.4375 0.528125 0.4359372578125 0.5265625 0.4359372578125 0.5203125 0.43437516093750006 0.51875 0.43281241875000004 0.51875 0.42968758124999995 0.515625 0.42968758124999995 0.5140625 0.4281248390625 0.5125 0.40781241875 0.5125 0.4062503234375 0.5140625 0.4062503234375 0.515625 0.4015627421875 0.5203125 0.4015627421875 0.5609375
0 0.24531241874999998 0.2828125 0.2406248390625 0.2875 0.2390627421875 0.2875 0.23281241874999997 0.29375 0.22968758125000002 0.29375 0.2281248390625 0.2953125 0.2265627421875 0.2953125 0.2265627421875 0.296875 0.22343725781249998 0.3 0.22187516093749998 0.3 0.21875032343749998 0.303125 0.21875032343749998 0.3046875 0.21562483906250002 0.3078125 0.21406274218750002 0.3078125 0.21406274218750002 0.309375 0.2125 0.3109375 0.2125 0.403125 0.21406274218750002 0.4046875 0.21562483906250002 0.4046875 0.22187516093749998 0.4109375 0.225 0.4109375 0.2265627421875 0.4125 0.2281248390625 0.4125 0.23281241874999997 0.4171875 0.2375 0.4171875 0.2390627421875 0.41875 0.2406248390625 0.41875 0.24531241874999998 0.4234375 0.24843725781249998 0.4234375 0.2515627421875 0.4265625 0.2531248390625 0.4265625 0.2562503234375 0.4296875 0.25781241875 0.4296875 0.26406274218750003 0.4359375 0.26718758125000003 0.4359375 0.2687503234375 0.4375 0.27968758125000004 0.4375 0.2812503234375 0.4359375 0.2859372578125 0.4359375 0.2875 0.434375 0.2890627421875 0.434375 0.29218758125 0.43125 0.29375032343749996 0.43125 0.29531241874999997 0.4296875 0.2968751609375 0.4296875 0.29843725781249997 0.428125 0.3 0.428125 0.3 0.4265625 0.3015627421875 0.425 0.3031248390625 0.425 0.30468758125 0.4234375 0.30781241875 0.4234375 0.3125 0.41875 0.3125 0.4171875 0.3156248390625 0.4140625 0.3156248390625 0.396875 0.31718758125 0.3953125 0.31718758125 0.3796875 0.3187503234375 0.378125 0.3187503234375 0.3765625 0.3234372578125 0.371875 0.3234372578125 0.3703125 0.3359372578125 0.3578125 0.3359372578125 0.31875 0.33437516093749997 0.3171875 0.33437516093749997 0.315625 0.33281241875 0.3140625 0.33281241875 0.3109375 0.3312503234375 0.309375 0.3312503234375 0.3078125 0.32968758125000003 0.30625 0.32968758125000003 0.3046875 0.32656274218750003 0.3015625 0.32031241875 0.3015625 0.3187503234375 0.3 0.3156248390625 0.3 0.3093751609375 0.29375 0.30781241875 0.29375 0.30625032343749997 0.2921875 0.30468758125 0.2921875 0.29531241874999997 0.2828125 0.29375032343749996 0.2828125 0.29218758125 0.28125 0.2890627421875 0.28125 0.2875 0.2796875 0.28281241874999996 0.2796875 0.2812503234375 0.278125 0.2781248390625 0.278125 0.2765627421875 0.2765625 0.25781241875 0.2765625 0.2531248390625 0.28125 0.25 0.28125 0.24843725781249998 0.2828125 0.24531241874999998 0.2828125
0 0.62031241875 0.709375 0.61718758125 0.7125 0.6156248390625 0.7125 0.6093751609375 0.71875 0.60781241875 0.71875 0.6062503234375 0.7203125 0.60468758125 0.7203125 0.6 0.725 0.5984372578125 0.725 0.5937503234375 0.7296875 0.5937503234375 0.73125 0.5921875812499999 0.7328125 0.5921875812499999 0.734375 0.5890627421875 0.7375 0.5890627421875 0.7390625 0.5875 0.740625 0.5875 0.753125 0.5859372578125 0.7546875 0.5859372578125 0.75625 0.57968758125 0.7625 0.5781248390625 0.7625 0.575 0.765625 0.575 0.840625 0.5765627421875 0.8421875 0.5781248390625 0.8421875 0.5843751609375001 0.8484375 0.5859372578125 0.8484375 0.5875 0.85 0.5890627421875 0.85 0.5937503234375 0.8546875 0.5968751609375 0.8546875 0.6015627421875 0.859375 0.6031248390624999 0.859375 0.60468758125 0.8609375 0.6062503234375 0.8609375 0.60781241875 0.8625 0.6093751609375 0.8625 0.6109372578125 0.8640625 0.6109372578125 0.865625 0.6125 0.865625 0.62031241875 0.8734375 0.6218751609375001 0.8734375 0.6234372578125 0.875 0.625 0.875 0.6281248390624999 0.878125 0.62968758125 0.878125 0.6312503234375 0.8796875 0.6406248390625 0.8796875 0.64218758125 0.878125 0.6437503234374999 0.878125 0.6468751609375001 0.875 0.6484372578125 0.875 0.65 0.8734375 0.6531248390625 0.8734375 0.6593751609375 0.8671875 0.6609372578125 0.8671875 0.66718758125 0.8609375 0.67031241875 0.8609375 0.6765627421875 0.8546875 0.67968758125 0.8546875 0.6843751609375001 0.85 0.6859372578125 0.85 0.6875 0.8484375 0.6906248390624999 0.8484375 0.7015627421875 0.8375 0.7015627421875 0.7671875 0.6968751609375 0.7625 0.69531241875 0.7625 0.6859372578125 0.753125 0.6859372578125 0.7453125 0.6843751609375001 0.74375 0.6843751609375001 0.7421875 0.68281241875 0.740625 0.68281241875 0.7390625 0.6812503234375 0.7375 0.6812503234375 0.7359375 0.67968758125 0.734375 0.67968758125 0.73125 0.675 0.7265625 0.6734372578125 0.7265625 0.6718751609375 0.725 0.66718758125 0.725 0.6656248390624999 0.7234375 0.6640627421875 0.7234375 0.6593751609375 0.71875 0.6578124187500001 0.71875 0.6546875812499999 0.715625 0.6546875812499999 0.7140625 0.6531248390625 0.7140625 0.6515627421875 0.7125 0.6468751609375001 0.7125 0.6437503234374999 0.709375 0.64218758125 0.709375 0.6406248390625 0.7078125 0.6390627421875 0.7078125 0.6375 0.70625 0.6281248390624999 0.70625 0.6265627421875 0.7078125 0.6234372578125 0.7078125 0.6218751609375001 0.709375 0.62031241875 0.709375
17 0.5406248390624999 0.5734375 0.5390627421875 0.5734375 0.5343751609375 0.578125 0.5328124187500001 0.578125 0.5296875812499999 0.58125 0.5265627421875 0.58125 0.52031241875 0.5875 0.5187503234374999 0.5875 0.51718758125 0.5890625 0.51718758125 0.590625 0.5156248390625 0.5921875 0.5140627421875 0.5921875 0.5125 0.59375 0.5109372578125 0.59375 0.5093751609375 0.5953125 0.50781241875 0.5953125 0.5062503234375 0.596875 0.5062503234375 0.5984375 0.5015627421875 0.603125 0.5015627421875 0.60625 0.5 0.6078125 0.5 0.6921875 0.5015627421875 0.69375 0.5031248390624999 0.69375 0.50468758125 0.6953125 0.50468758125 0.696875 0.5062503234375 0.696875 0.5093751609375 0.7 0.5109372578125 0.7 0.5156248390625 0.7046875 0.5187503234374999 0.7046875 0.52031241875 0.70625 0.5218751609375001 0.70625 0.5234372578125 0.7078125 0.525 0.7078125 0.5281248390625 0.7109375 0.5296875812499999 0.7109375 0.5312503234375 0.7125 0.5328124187500001 0.7125 0.5343751609375 0.7140625 0.5375 0.7140625 0.5390627421875 0.715625 0.5406248390624999 0.715625 0.5437503234375 0.7125 0.54531241875 0.7125 0.5468751609375 0.7109375 0.55 0.7109375 0.5515627421875 0.709375 0.5531248390625 0.709375 0.55781241875 0.7046875 0.5734372578125 0.7046875 0.575 0.70625 0.5781248390625 0.70625 0.58281241875 0.7109375 0.5906248390625 0.7109375 0.5921875812499999 0.709375 0.5937503234375 0.709375 0.5968751609375 0.70625 0.5984372578125 0.70625 0.6 0.7046875 0.6031248390624999 0.7046875 0.60468758125 0.703125 0.6062503234375 0.703125 0.6093751609375 0.7 0.6109372578125 0.7 0.6125 0.6984375 0.6156248390625 0.6984375 0.62031241875 0.69375 0.6218751609375001 0.69375 0.625 0.690625 0.6265627421875 0.690625 0.6281248390624999 0.6890625 0.6281248390624999 0.6875 0.62968758125 0.6859375 0.62968758125 0.609375 0.6281248390624999 0.6078125 0.6281248390624999 0.60625 0.6265627421875 0.6046875 0.6265627421875 0.603125 0.6187503234375 0.5953125 0.61718758125 0.5953125 0.6156248390625 0.59375 0.6140627421875 0.59375 0.6125 0.5921875 0.6109372578125 0.5921875 0.60781241875 0.5890625 0.6062503234375 0.5890625 0.60468758125 0.5875 0.6015627421875 0.5875 0.5968751609375 0.5828125 0.5953124187500001 0.5828125 0.5937503234375 0.58125 0.5890627421875 0.58125 0.58281241875 0.575 0.5812503234374999 0.575 0.5765627421875 0.5703125 0.575 0.5703125 0.5734372578125 0.56875 0.54531241875 0.56875 0.5437503234375 0.5703125 0.54218758125 0.5703125 0.54218758125 0.571875 0.5406248390624999 0.5734375
37 0.5265433374999999 0.2938644578125 0.523417853125 0.29698945781249997 0.52185575625 0.29698945781249997 0.518730271875 0.3001144578125 0.5156054328125 0.3001144578125 0.510917853125 0.30480195781249997 0.50935575625 0.30480195781249997 0.5077930140625 0.3063644578125 0.506230271875 0.3063644578125 0.5046681765625001 0.3079269578125 0.5046681765625001 0.3094894578125 0.5031054328125 0.3110519578125 0.5031054328125 0.3782394578125 0.5046681765625001 0.3798019578125 0.5046681765625001 0.3813644578125 0.506230271875 0.38292695781249997 0.506230271875 0.3844894578125 0.5077930140625 0.3860519578125 0.50935575625 0.3860519578125 0.510917853125 0.3876144578125 0.5124805953125 0.3876144578125 0.5171681765625 0.3923019578125 0.5202930140625 0.3923019578125 0.5249805953125 0.3969894578125 0.5249805953125 0.4094894578125 0.5265433374999999 0.41105195781250004 0.5265433374999999 0.41261445781250006 0.5312302718749999 0.4173019578125 0.53435575625 0.4173019578125 0.5406054328125001 0.42355195781250005 0.543730271875 0.42355195781250005 0.5452930140625 0.4251144578125 0.54685575625 0.4251144578125 0.5515433375 0.4298019578125 0.5531054328125 0.4298019578125 0.556230271875 0.4329269578125 0.556230271875 0.43448945781250004 0.5577930140625 0.43448945781250004 0.5609178531250001 0.4376144578125 0.5624805953124999 0.4376144578125 0.5656054328125 0.4407394578125 0.57185575625 0.4407394578125 0.5765433375 0.43605195781250006 0.5781054328125 0.43605195781250006 0.5827930140625 0.43136445781250005 0.58435575625 0.43136445781250005 0.585917853125 0.4298019578125 0.5874805953125 0.4298019578125 0.5890433374999999 0.42823945781250006 0.5906054328125 0.42823945781250006 0.5952930140625 0.42355195781250005 0.59685575625 0.42355195781250005 0.6015433375 0.41886445781250004 0.6031054328125001 0.41886445781250004 0.6046681765625 0.4173019578125 0.6077930140625 0.4173019578125 0.60935575625 0.41573945781250005 0.610917853125 0.41573945781250005 0.6156054328125 0.41105195781250004 0.618730271875 0.41105195781250004 0.6249805953124999 0.40480195781250006 0.6265433375 0.40480195781250006 0.6281054328125 0.40323945781250004 0.6281054328125 0.32823945781249997 0.6202930140625 0.32042695781249997 0.618730271875 0.32042695781249997 0.6156054328125 0.3173019578125 0.6140433375 0.3173019578125 0.6124805953125 0.3157394578125 0.6124805953125 0.31261445781249997 0.613491590625 0.30477334375 0.5874805953125 0.2876144578125 0.585917853125 0.2860519578125 0.5827930140625 0.2860519578125 0.565371928125 0.272291415625 0.53435575625 0.2923019578125 0.5327930140625 0.2938644578125 0.5265433374999999 0.2938644578125
35 0.44531241875000005 0.45 0.4437503234375 0.45 0.44062483906249994 0.453125 0.43437516093750006 0.453125 0.43125032343749997 0.45625 0.43125032343749997 0.459375 0.42968758124999995 0.4609375 0.42968758124999995 0.5125 0.43125032343749997 0.5140625 0.43125032343749997 0.521875 0.4359372578125 0.5265625 0.4359372578125 0.528125 0.4375 0.5296875 0.4375 0.5421875 0.4390627421875 0.54375 0.4390627421875 0.546875 0.44218758124999996 0.55 0.44218758124999996 0.5515625 0.4437503234375 0.553125 0.4437503234375 0.559375 0.45156274218750003 0.5671875 0.45312483906249995 0.5671875 0.45468758125 0.56875 0.4562503234375 0.56875 0.4593751609375 0.571875 0.4609372578125 0.571875 0.4625 0.5734375 0.4640627421875 0.5734375 0.46562483906249996 0.575 0.46718758125 0.575 0.47031241875 0.578125 0.47187516093750004 0.578125 0.4734372578125 0.5796875 0.4765627421875 0.5796875 0.4781248390625 0.58125 0.47968758125 0.58125 0.48281241875 0.584375 0.48437516093750005 0.584375 0.48593725781249997 0.5859375 0.49687516093750006 0.5859375 0.5015627421875 0.58125 0.5031248390624999 0.58125 0.50468758125 0.5796875 0.5062503234375 0.5796875 0.50781241875 0.578125 0.5093751609375 0.578125 0.5140627421875 0.5734375 0.51718758125 0.5734375 0.52031241875 0.5703125 0.5218751609375001 0.5703125 0.5234372578125 0.56875 0.525 0.56875 0.5265627421875 0.5671875 0.5281248390625 0.5671875 0.5375 0.5578125 0.5375 0.55625 0.5406248390624999 0.553125 0.5406248390624999 0.55 0.54218758125 0.5484375 0.54218758125 0.53125 0.5437503234375 0.5296875 0.5437503234375 0.528125 0.5468751609375 0.525 0.5468751609375 0.5234375 0.5484372578125 0.521875 0.5484372578125 0.51875 0.55 0.5171875 0.55 0.515625 0.5531248390625 0.5125 0.5531248390625 0.5109375 0.55468758125 0.509375 0.55468758125 0.46875 0.5531248390625 0.4671875 0.5531248390625 0.4625 0.55468758125 0.4609375 0.55468758125 0.459375 0.5531248390625 0.4578125 0.5531248390625 0.45625 0.5515627421875 0.45625 0.55 0.4546875 0.5484372578125 0.4546875 0.54531241875 0.4515625 0.54218758125 0.4515625 0.5406248390624999 0.45 0.506776196875 0.4254698796875 0.48114553750000005 0.4263531625 0.45156274218750003 0.446875 0.45 0.4484375 0.4468751609375 0.4484375 0.44531241875000005 0.45
36 0.7687503234374999 0.4265625 0.76718758125 0.428125 0.7640627421875 0.428125 0.7625 0.4296875 0.7609372578125 0.4296875 0.7593751609375 0.43125 0.7562503234375 0.43125 0.75468758125 0.4328125 0.7515627421875 0.4328125 0.7468751609375001 0.4375 0.74531241875 0.4375 0.7437503234375 0.4390625 0.74218758125 0.4390625 0.7406248390625 0.440625 0.7390627421875 0.440625 0.7359372578125 0.44375 0.7359372578125 0.4453125 0.7343751609375 0.446875 0.7343751609375 0.45 0.73281241875 0.4515625 0.73281241875 0.45625 0.7312503234375 0.4578125 0.7312503234375 0.4609375 0.7234372578125 0.46875 0.7203124187500001 0.46875 0.7187503234375 0.4703125 0.7187503234375 0.471875 0.7140627421875 0.4765625 0.7140627421875 0.540625 0.7203124187500001 0.546875 0.7218751609375 0.546875 0.7234372578125 0.5484375 0.7265627421875 0.5484375 0.7281248390624999 0.55 0.72968758125 0.55 0.7343751609375 0.5546875 0.7359372578125 0.5546875 0.7390627421875 0.5578125 0.7390627421875 0.559375 0.7406248390625 0.559375 0.74218758125 0.5609375 0.7437503234375 0.5609375 0.74531241875 0.5625 0.7468751609375001 0.5625 0.7515627421875 0.5671875 0.75468758125 0.5671875 0.7593751609375 0.571875 0.7609372578125 0.571875 0.7625 0.5734375 0.7656248390625 0.5734375 0.77031241875 0.578125 0.7734372578125 0.578125 0.775 0.5796875 0.7875 0.5796875 0.7890627421875 0.578125 0.7906248390624999 0.578125 0.7937503234375 0.575 0.79531241875 0.575 0.7968751609375 0.5734375 0.8015627421874999 0.5734375 0.80781241875 0.5671875 0.8125 0.5671875 0.8140627421875 0.565625 0.8156248390625 0.565625 0.8187503234375001 0.5625 0.82031241875 0.5625 0.8218751609374999 0.5609375 0.8265627421874999 0.5609375 0.83281241875 0.5546875 0.8343751609375 0.5546875 0.8453124187500001 0.54375 0.8453124187500001 0.5421875 0.8468751609374999 0.540625 0.8468751609374999 0.475 0.8437503234375001 0.471875 0.8437503234375001 0.4703125 0.8421875812499999 0.4703125 0.8406248390625001 0.46875 0.8390627421874999 0.46875 0.8359372578125001 0.465625 0.8359372578125001 0.4640625 0.82968758125 0.4578125 0.82968758125 0.4453125 0.8281248390625 0.44375 0.8281248390625 0.4421875 0.825 0.4390625 0.8234372578125001 0.4390625 0.8218751609374999 0.4375 0.8187503234375001 0.4375 0.8156248390625 0.434375 0.8140627421875 0.434375 0.8125 0.4328125 0.8109372578125 0.4328125 0.8093751609375 0.43125 0.8031248390625001 0.43125 0.7968751609375 0.425 0.7937503234375 0.425 0.79218758125 0.4234375 0.7906248390624999 0.4234375 0.7875 0.4203125 0.7859372578125 0.4203125 0.7843751609375 0.41875 0.7828124187500001 0.41875 0.7765627421875 0.425 0.775 0.425 0.7734372578125 0.4265625 0.7687503234374999 0.4265625
32 0.2562503234375 0.5578125 0.2593751609375 0.5609375 0.2609372578125 0.5609375 0.2625 0.5625 0.26406274218750003 0.5625 0.2656248390625 0.5640625 0.27187516093749997 0.5640625 0.2734372578125 0.565625 0.2843751609375 0.565625 0.2875 0.5625 0.2890627421875 0.5625 0.29218758125 0.559375 0.29218758125 0.55625 0.29375032343749996 0.5546875 0.29375032343749996 0.5484375 0.29218758125 0.546875 0.29218758125 0.5203125 0.29062483906250003 0.51875 0.2890627421875 0.51875 0.2859372578125 0.515625 0.2859372578125 0.5140625 0.28281241874999996 0.5109375 0.26406274218750003 0.5109375 0.25781241875 0.5171875 0.25781241875 0.51875 0.2562503234375 0.5203125 0.2562503234375 0.5578125
17 0.4734372578125 0.13125 0.47187516093750004 0.1328125 0.47031241875 0.1328125 0.46562483906249996 0.1375 0.4640627421875 0.1375 0.45781241875 0.14375 0.45468758125 0.14375 0.45312483906249995 0.1453125 0.45156274218750003 0.1453125 0.45156274218750003 0.146875 0.45 0.1484375 0.4484372578125 0.1484375 0.4468751609375 0.15 0.44531241875000005 0.15 0.4390627421875 0.15625 0.4375 0.15625 0.4359372578125 0.1578125 0.43437516093750006 0.1578125 0.43281241875000004 0.159375 0.43281241875000004 0.1609375 0.42968758124999995 0.1640625 0.42968758124999995 0.165625 0.4265627421875 0.16875 0.4265627421875 0.221875 0.43125032343749997 0.2265625 0.43125032343749997 0.228125 0.4375 0.234375 0.4375 0.246875 0.4390627421875 0.2484375 0.4390627421875 0.25 0.44062483906249994 0.2515625 0.44062483906249994 0.253125 0.4437503234375 0.25625 0.4437503234375 0.259375 0.44531241875000005 0.2609375 0.44531241875000005 0.2625 0.4484372578125 0.265625 0.45 0.265625 0.45156274218750003 0.2671875 0.45312483906249995 0.2671875 0.45781241875 0.271875 0.4593751609375 0.271875 0.4609372578125 0.2734375 0.46718758125 0.2734375 0.4687503234375 0.275 0.47031241875 0.275 0.4734372578125 0.278125 0.475 0.278125 0.4765627421875 0.2796875 0.4781248390625 0.2796875 0.47968758125 0.28125 0.48125032343749996 0.28125 0.48437516093750005 0.284375 0.4890627421875 0.284375 0.4906248390625 0.2859375 0.49687516093750006 0.2859375 0.5015627421875 0.28125 0.5031248390624999 0.28125 0.5062503234375 0.278125 0.50781241875 0.278125 0.5109372578125 0.275 0.5125 0.275 0.5140627421875 0.2734375 0.5156248390625 0.2734375 0.51718758125 0.271875 0.5187503234374999 0.271875 0.5187503234374999 0.2703125 0.52031241875 0.26875 0.5234372578125 0.26875 0.525 0.2671875 0.5296875812499999 0.2671875 0.5312503234375 0.265625 0.5328124187500001 0.265625 0.5359372578125 0.2625 0.5375 0.2625 0.5390627421875 0.2609375 0.54218758125 0.2609375 0.5437503234375 0.259375 0.54531241875 0.259375 0.5515627421875 0.253125 0.5531248390625 0.253125 0.5531248390625 0.2515625 0.55468758125 0.25 0.55468758125 0.1859375 0.5531248390625 0.184375 0.5531248390625 0.1828125 0.5484372578125 0.178125 0.5484372578125 0.1765625 0.5468751609375 0.175 0.54531241875 0.175 0.54218758125 0.171875 0.54218758125 0.165625 0.5406248390624999 0.1640625 0.5406248390624999 0.1609375 0.5375 0.1578125 0.5375 0.1546875 0.5359372578125 0.153125 0.5359372578125 0.1515625 0.5343751609375 0.15 0.5343751609375 0.1484375 0.5296875812499999 0.14375 0.5281248390625 0.14375 0.5234372578125 0.1390625 0.5218751609375001 0.1390625 0.52031241875 0.1375 0.5187503234374999 0.1375 0.5140627421875 0.1328125 0.5125 0.1328125 0.5093751609375 0.1296875 0.50781241875 0.1296875 0.5062503234375 0.128125 0.5062503234375 0.1265625 0.50468758125 0.125 0.48437516093750005 0.125 0.47968758125 0.1296875 0.4781248390625 0.1296875 0.4765627421875 0.13125 0.4734372578125 0.13125
35 0.2968751609375 0.45002710781250005 0.29531241874999997 0.4515896078125 0.29375032343749996 0.4515896078125 0.2890627421875 0.4562771078125 0.2875 0.4562771078125 0.2859372578125 0.45783960781250005 0.2859372578125 0.4594021078125 0.2843751609375 0.46096460781250004 0.2843751609375 0.5172146078125001 0.2875 0.5203396078125 0.2875 0.5219021078125 0.2890627421875 0.5234646078125 0.2890627421875 0.5250271078125001 0.29218758125 0.5281521078125 0.29218758125 0.5297146078125 0.29375032343749996 0.5312771078125 0.29375032343749996 0.5390896078125 0.29531241874999997 0.5406521078125001 0.29531241874999997 0.5422146078125001 0.29843725781249997 0.5453396078125 0.29843725781249997 0.5469021078125 0.3 0.5484646078125001 0.3 0.5515896078125 0.30625032343749997 0.5578396078125001 0.30625032343749997 0.5594021078125 0.30781241875 0.5594021078125 0.3093751609375 0.5609646078125 0.3125 0.5609646078125 0.3140627421875 0.5625271078125 0.3156248390625 0.5625271078125 0.3187503234375 0.5656521078125001 0.32031241875 0.5656521078125001 0.3218751609375 0.5672146078125 0.325 0.5672146078125 0.32656274218750003 0.5687771078125 0.3281248390625 0.5687771078125 0.3312503234375 0.5719021078125001 0.33281241875 0.5719021078125001 0.33437516093749997 0.5734646078125001 0.3359372578125 0.5734646078125001 0.3406248390625 0.5781521078125 0.34218758125000004 0.5781521078125 0.3437503234375 0.5797146078125001 0.35312483906250003 0.5797146078125001 0.35468758125 0.5781521078125 0.35625032343749996 0.5781521078125 0.35781241874999997 0.5765896078125 0.3593751609375 0.5765896078125 0.3625 0.5734646078125001 0.3640627421875 0.5734646078125001 0.37031241875 0.5672146078125 0.375 0.5672146078125 0.3765627421875 0.5656521078125001 0.3781248390625 0.5656521078125001 0.38281241875 0.5609646078125 0.3859372578125 0.5609646078125 0.3875 0.5594021078125 0.38906274218750003 0.5594021078125 0.39218758125000003 0.5562771078125001 0.39218758125000003 0.5547146078125 0.39531241875 0.5515896078125 0.39531241875 0.5500271078125001 0.3984372578125 0.5469021078125 0.3984372578125 0.5328396078125001 0.4 0.5312771078125 0.4 0.5297146078125 0.4015627421875 0.5281521078125 0.4015627421875 0.5265896078125001 0.40312483906249996 0.5250271078125001 0.40312483906249996 0.5234646078125 0.40468758125 0.5219021078125 0.40468758125 0.5187771078125001 0.4062503234375 0.5172146078125001 0.4062503234375 0.5156521078125 0.40937516093750004 0.5125271078125 0.40937516093750004 0.5109646078125001 0.4109372578125 0.5094021078125001 0.4109372578125 0.46096460781250004 0.40937516093750004 0.4594021078125 0.40937516093750004 0.45783960781250005 0.4062503234375 0.45471460781250006 0.4062503234375 0.45315210781250004 0.40468758125 0.4515896078125 0.40312483906249996 0.4515896078125 0.4015627421875 0.45002710781250005 0.39687516093749997 0.45002710781250005 0.39531241875 0.4484646078125 0.3937503234375 0.4484646078125 0.3906248390625 0.44533960781250004 0.3875 0.44533960781250004 0.3859372578125 0.4437771078125 0.362358990625 0.42535015 0.34010413906250003 0.42447665625 0.3093751609375 0.4484646078125 0.3031248390625 0.4484646078125 0.3015627421875 0.45002710781250005 0.2968751609375 0.45002710781250005
36 0.62031241875 0.4203125 0.6093751609375 0.43125 0.60781241875 0.43125 0.6015627421875 0.4375 0.6 0.4375 0.5984372578125 0.4390625 0.5968751609375 0.4390625 0.5953124187500001 0.440625 0.5953124187500001 0.4421875 0.5937503234375 0.44375 0.5937503234375 0.4453125 0.5921875812499999 0.446875 0.5921875812499999 0.4484375 0.5890627421875 0.4515625 0.58281241875 0.4515625 0.5812503234374999 0.453125 0.5812503234374999 0.4546875 0.58281241875 0.45625 0.5843751609375001 0.4546875 0.5875 0.4546875 0.5890627421875 0.453125 0.5906248390625 0.4546875 0.5921875812499999 0.4546875 0.5968751609375 0.459375 0.5984372578125 0.459375 0.6015627421875 0.4625 0.6031248390624999 0.4625 0.60468758125 0.4640625 0.60468758125 0.465625 0.6062503234375 0.4671875 0.6062503234375 0.471875 0.60781241875 0.4734375 0.60781241875 0.475 0.6093751609375 0.4765625 0.6093751609375 0.478125 0.6125 0.48125 0.6125 0.484375 0.6187503234375 0.490625 0.6187503234375 0.496875 0.61718758125 0.4984375 0.6156248390625 0.4984375 0.6140627421875 0.5 0.6109372578125 0.5 0.6093751609375 0.5015625 0.60781241875 0.5015625 0.60781241875 0.503125 0.60468758125 0.50625 0.60468758125 0.5078125 0.6015627421875 0.5109375 0.6 0.5109375 0.5984372578125 0.5125 0.5890627421875 0.5125 0.5875 0.5109375 0.5859372578125 0.5109375 0.5843751609375001 0.509375 0.5812503234374999 0.509375 0.57968758125 0.5078125 0.5765627421875 0.5078125 0.5765627421875 0.515625 0.5812503234374999 0.5203125 0.5812503234374999 0.5234375 0.58281241875 0.525 0.58281241875 0.528125 0.5875 0.5328125 0.5875 0.546875 0.5937503234375 0.553125 0.5937503234375 0.55625 0.5984372578125 0.5609375 0.6015627421875 0.5609375 0.6031248390624999 0.5625 0.60468758125 0.5625 0.6062503234375 0.5640625 0.60781241875 0.5640625 0.6093751609375 0.565625 0.6109372578125 0.565625 0.6125 0.5671875 0.6156248390625 0.5671875 0.61718758125 0.56875 0.6187503234375 0.56875 0.62031241875 0.5703125 0.6218751609375001 0.5703125 0.6234372578125 0.571875 0.625 0.571875 0.6265627421875 0.5734375 0.62968758125 0.5734375 0.63281241875 0.5703125 0.6359372578125 0.5703125 0.6390627421875 0.5734375 0.65 0.5734375 0.6515627421875 0.571875 0.6531248390625 0.571875 0.6578124187500001 0.5671875 0.6593751609375 0.5671875 0.6609372578125 0.565625 0.6625 0.565625 0.6656248390624999 0.5625 0.66718758125 0.5625 0.6687503234375 0.5609375 0.6718751609375 0.5609375 0.6765627421875 0.55625 0.6781248390625 0.55625 0.67968758125 0.5546875 0.68281241875 0.5546875 0.6890627421875 0.5484375 0.6906248390624999 0.5484375 0.69218758125 0.546875 0.6937503234375 0.546875 0.7 0.540625 0.7015627421875 0.540625 0.7015627421875 0.475 0.69531241875 0.46875 0.6937503234375 0.46875 0.6906248390624999 0.465625 0.6906248390624999 0.4640625 0.6890627421875 0.4640625 0.6875 0.4625 0.6875 0.4609375 0.6859372578125 0.459375 0.6859372578125 0.4515625 0.6843751609375001 0.45 0.6843751609375001 0.446875 0.67968758125 0.4421875 0.67968758125 0.4390625 0.6781248390625 0.4390625 0.6765627421875 0.4375 0.6718751609375 0.4375 0.67031241875 0.4359375 0.6687503234375 0.4359375 0.6656248390624999 0.4328125 0.6640627421875 0.4328125 0.6625 0.43125 0.6578124187500001 0.43125 0.6531248390625 0.4265625 0.6515627421875 0.4265625 0.65 0.425 0.6468751609375001 0.425 0.6406248390625 0.41875 0.6359372578125 0.41875 0.6343751609375 0.4171875 0.6312503234375 0.4171875 0.62968758125 0.41875 0.6234372578125 0.41875 0.6218751609375001 0.4203125 0.62031241875 0.4203125
17 0.3281248390625 0.13125 0.3218751609375 0.1375 0.32031241875 0.1375 0.3187503234375 0.1390625 0.31718758125 0.1390625 0.31718758125 0.140625 0.3156248390625 0.1421875 0.3140627421875 0.1421875 0.3125 0.14375 0.3093751609375 0.14375 0.3031248390625 0.15 0.3015627421875 0.15 0.3 0.1515625 0.29843725781249997 0.1515625 0.28281241874999996 0.1671875 0.28281241874999996 0.2234375 0.2859372578125 0.2265625 0.2859372578125 0.228125 0.2875 0.2296875 0.2875 0.234375 0.2890627421875 0.2359375 0.29062483906250003 0.2359375 0.29375032343749996 0.2390625 0.29375032343749996 0.2515625 0.3 0.2578125 0.3 0.2609375 0.3015627421875 0.2625 0.3015627421875 0.2640625 0.3031248390625 0.265625 0.30468758125 0.265625 0.30625032343749997 0.2671875 0.3093751609375 0.2671875 0.3156248390625 0.2734375 0.3218751609375 0.2734375 0.3234372578125 0.275 0.325 0.275 0.3281248390625 0.278125 0.32968758125000003 0.278125 0.3312503234375 0.2796875 0.33281241875 0.2796875 0.33437516093749997 0.28125 0.3359372578125 0.28125 0.3390627421875 0.284375 0.3406248390625 0.284375 0.34218758125000004 0.2859375 0.35312483906250003 0.2859375 0.3593751609375 0.2796875 0.3625 0.2796875 0.3640627421875 0.278125 0.3656248390625 0.278125 0.37031241875 0.2734375 0.375 0.2734375 0.3765627421875 0.271875 0.3781248390625 0.271875 0.38281241875 0.2671875 0.3843751609375 0.2671875 0.3859372578125 0.265625 0.3875 0.265625 0.3937503234375 0.259375 0.3937503234375 0.2578125 0.39687516093749997 0.2546875 0.39687516093749997 0.253125 0.3984372578125 0.2515625 0.3984372578125 0.2359375 0.4 0.234375 0.4 0.2328125 0.40468758125 0.228125 0.40468758125 0.2265625 0.4109372578125 0.2203125 0.4109372578125 0.2140625 0.4125 0.2125 0.4125 0.184375 0.4109372578125 0.1828125 0.4109372578125 0.16875 0.40937516093750004 0.1671875 0.40937516093750004 0.1640625 0.40781241875 0.1640625 0.40468758125 0.1609375 0.40468758125 0.159375 0.40312483906249996 0.1578125 0.4015627421875 0.1578125 0.4 0.15625 0.39687516093749997 0.15625 0.3906248390625 0.15 0.38906274218750003 0.15 0.3843751609375 0.1453125 0.38281241875 0.1453125 0.3812503234375 0.14375 0.3781248390625 0.14375 0.3718751609375 0.1375 0.37031241875 0.1375 0.36875032343749997 0.1359375 0.36718758125 0.1359375 0.3625 0.13125 0.36093725781249997 0.13125 0.3593751609375 0.1296875 0.35781241874999997 0.1296875 0.35312483906250003 0.125 0.3375 0.125 0.33281241875 0.1296875 0.3312503234375 0.1296875 0.32968758125000003 0.13125 0.3281248390625 0.13125
0 0.40468758125 0.28125 0.3937503234375 0.2921875 0.38906274218750003 0.2921875 0.3875 0.29375 0.38281241875 0.29375 0.3781248390625 0.2984375 0.3765627421875 0.2984375 0.375 0.3 0.3718751609375 0.3 0.37031241875 0.3015625 0.36875032343749997 0.3015625 0.3640627421875 0.30625 0.36093725781249997 0.30625 0.3593751609375 0.3078125 0.3593751609375 0.384375 0.3625 0.3875 0.3640627421875 0.3875 0.36718758125 0.390625 0.36875032343749997 0.390625 0.37031241875 0.3921875 0.3718751609375 0.3921875 0.375 0.3953125 0.375 0.3984375 0.3765627421875 0.4 0.3765627421875 0.4015625 0.3781248390625 0.403125 0.3781248390625 0.4046875 0.37968758125 0.40625 0.37968758125 0.4078125 0.3812503234375 0.409375 0.3812503234375 0.4125 0.3843751609375 0.415625 0.3859372578125 0.415625 0.3875 0.4171875 0.3906248390625 0.4171875 0.39687516093749997 0.4234375 0.4 0.4234375 0.4015627421875 0.425 0.40312483906249996 0.425 0.40781241875 0.4296875 0.40937516093750004 0.4296875 0.4109372578125 0.43125 0.4125 0.43125 0.4156248390625 0.434375 0.41718758125 0.434375 0.41875032343749996 0.4359375 0.4281248390625 0.4359375 0.43125032343749997 0.4328125 0.43281241875000004 0.4328125 0.43437516093750006 0.43125 0.4359372578125 0.43125 0.4375 0.4296875 0.44062483906249994 0.4296875 0.44531241875000005 0.425 0.4468751609375 0.425 0.4484372578125 0.4234375 0.45156274218750003 0.4234375 0.45781241875 0.4171875 0.4593751609375 0.4171875 0.4593751609375 0.415625 0.4609372578125 0.4140625 0.4609372578125 0.3828125 0.46562483906249996 0.378125 0.46562483906249996 0.3765625 0.46718758125 0.375 0.46718758125 0.3703125 0.47031241875 0.3671875 0.47187516093750004 0.3671875 0.4734372578125 0.365625 0.4734372578125 0.3640625 0.4765627421875 0.3609375 0.4781248390625 0.3609375 0.47968758125 0.359375 0.47968758125 0.3578125 0.48125032343749996 0.35625 0.48125032343749996 0.321875 0.47968758125 0.3203125 0.47968758125 0.3171875 0.4781248390625 0.315625 0.4781248390625 0.3125 0.4765627421875 0.3109375 0.4765627421875 0.309375 0.47187516093750004 0.3046875 0.47031241875 0.3046875 0.46562483906249996 0.3 0.4609372578125 0.3 0.4593751609375 0.2984375 0.45781241875 0.2984375 0.45312483906249995 0.29375 0.45156274218750003 0.29375 0.4484372578125 0.290625 0.4484372578125 0.2890625 0.4468751609375 0.2875 0.4437503234375 0.2875 0.44062483906249994 0.284375 0.4390627421875 0.284375 0.4375 0.2828125 0.4359372578125 0.2828125 0.43437516093750006 0.28125 0.42187516093750005 0.28125 0.42031241875 0.2796875 0.41718758125 0.2796875 0.4156248390625 0.278125 0.4109372578125 0.278125 0.40937516093750004 0.2796875 0.40781241875 0.2796875 0.4062503234375 0.28125 0.40468758125 0.28125
33 0.3281248390625 0.8671875 0.3281248390625 0.903125 0.32968758125000003 0.903125 0.3312503234375 0.9046875 0.3656248390625 0.9046875 0.36718758125 0.903125 0.36718758125 0.8640625 0.36093725781249997 0.8578125 0.36093725781249997 0.853125 0.33437516093749997 0.853125 0.33437516093749997 0.859375 0.3312503234375 0.8625 0.3312503234375 0.8640625 0.3281248390625 0.8671875
37 0.6984372578125 0.284375 0.6968751609375 0.2859375 0.6937503234375 0.2859375 0.6906248390624999 0.2828125 0.6890627421875 0.2828125 0.6875 0.284375 0.6843751609375001 0.284375 0.68281241875 0.2859375 0.67968758125 0.2859375 0.6781248390625 0.2875 0.675 0.2875 0.6734372578125 0.2890625 0.6718751609375 0.2890625 0.6656248390624999 0.2953125 0.6640627421875 0.2953125 0.6640627421875 0.296875 0.6625 0.2984375 0.6625 0.3078125 0.6578124187500001 0.3125 0.6578124187500001 0.3140625 0.6562503234375 0.315625 0.6562503234375 0.3171875 0.6546875812499999 0.31875 0.6546875812499999 0.3203125 0.6484372578125 0.3265625 0.6484372578125 0.3296875 0.6468751609375001 0.33125 0.6468751609375001 0.3984375 0.6531248390625 0.4046875 0.6562503234375 0.4046875 0.6578124187500001 0.40625 0.6593751609375 0.40625 0.6625 0.409375 0.6640627421875 0.409375 0.6656248390624999 0.4109375 0.67031241875 0.4109375 0.6765627421875 0.4171875 0.6843751609375001 0.4171875 0.6859372578125 0.41875 0.6906248390624999 0.41875 0.69218758125 0.4171875 0.7 0.4171875 0.7015627421875 0.415625 0.70468758125 0.415625 0.7062503234374999 0.4140625 0.7125 0.4140625 0.7140627421875 0.415625 0.7171875812499999 0.415625 0.7187503234375 0.4171875 0.7234372578125 0.4171875 0.725 0.41875 0.7265627421875 0.41875 0.7281248390624999 0.4203125 0.7312503234375 0.4203125 0.73281241875 0.421875 0.7359372578125 0.41875 0.7375 0.41875 0.7390627421875 0.4171875 0.74218758125 0.4171875 0.7437503234375 0.415625 0.7468751609375001 0.415625 0.7515627421875 0.4109375 0.75468758125 0.4109375 0.7562503234375 0.409375 0.75781241875 0.409375 0.7625 0.4046875 0.7640627421875 0.4046875 0.7718751609375001 0.396875 0.7718751609375001 0.325 0.77031241875 0.325 0.76718758125 0.321875 0.76718758125 0.3203125 0.7656248390625 0.31875 0.7640627421875 0.31875 0.7609372578125 0.315625 0.7609372578125 0.309375 0.7593751609375 0.3078125 0.7593751609375 0.3046875 0.75781241875 0.303125 0.75781241875 0.3015625 0.7562503234375 0.3 0.7562503234375 0.2984375 0.75468758125 0.296875 0.75468758125 0.2953125 0.7468751609375001 0.2875 0.7390627421875 0.2875 0.7375 0.2859375 0.7359372578125 0.2859375 0.7312503234375 0.28125 0.72968758125 0.28125 0.725 0.2765625 0.7234372578125 0.2765625 0.7218751609375 0.275 0.7125 0.275 0.7109372578125 0.2734375 0.7093751609375001 0.2734375 0.7031248390625 0.2796875 0.7015627421875 0.2796875 0.6984372578125 0.2828125 0.6984372578125 0.284375
16 0.5406248390624999 0.709375 0.55468758125 0.709375 0.55781241875 0.70625 0.5625 0.70625 0.5640627421875 0.7046875 0.5656248390624999 0.7046875 0.56718758125 0.70625 0.5687503234375 0.70625 0.57031241875 0.7078125 0.5718751609375 0.7078125 0.5734372578125 0.709375 0.5859372578125 0.709375 0.5906248390625 0.7046875 0.5906248390625 0.6484375 0.5890627421875 0.6484375 0.5859372578125 0.6453125 0.5375 0.6453125 0.5375 0.7046875 0.5390627421875 0.70625 0.5390627421875 0.7078125 0.5406248390624999 0.709375
32 0.2593751609375 0.2671875 0.2625 0.2703125 0.2625 0.271875 0.26406274218750003 0.2734375 0.2859372578125 0.2734375 0.2875 0.271875 0.2890627421875 0.271875 0.29218758125 0.26875 0.29218758125 0.2671875 0.2968751609375 0.2625 0.2968751609375 0.24375 0.29531241874999997 0.2421875 0.29531241874999997 0.240625 0.29375032343749996 0.2390625 0.29375032343749996 0.2359375 0.29218758125 0.234375 0.29218758125 0.228125 0.2859372578125 0.221875 0.2859372578125 0.2203125 0.26406274218750003 0.2203125 0.2562503234375 0.228125 0.2562503234375 0.265625 0.25781241875 0.2671875 0.2593751609375 0.2671875
34 0.55 0.128125 0.5437503234375 0.134375 0.5437503234375 0.1703125 0.5468751609375 0.1734375 0.5781248390625 0.1734375 0.5859372578125 0.165625 0.5859372578125 0.1359375 0.5843751609375001 0.134375 0.5843751609375001 0.1328125 0.57968758125 0.128125 0.57968758125 0.1265625 0.5781248390625 0.125 0.5765627421875 0.125 0.575 0.1234375 0.575 0.121875 0.5562503234375 0.121875 0.5531248390625 0.125 0.5515627421875 0.125 0.55 0.1265625 0.55 0.128125
31 0.6937503234375 0.128125 0.6906248390624999 0.13125 0.6906248390624999 0.16875 0.69531241875 0.1734375 0.725 0.1734375 0.7265627421875 0.171875 0.7281248390624999 0.171875 0.7281248390624999 0.1703125 0.72968758125 0.16875 0.72968758125 0.134375 0.7171875812499999 0.121875 0.7 0.121875 0.6984372578125 0.1234375 0.6968751609375 0.1234375 0.6937503234375 0.1265625 0.6937503234375 0.128125
3 0.3187503234375 0.4078125 0.325 0.4140625 0.325 0.4171875 0.32656274218750003 0.41875 0.32656274218750003 0.421875 0.3640627421875 0.421875 0.36718758125 0.41875 0.36875032343749997 0.41875 0.3734372578125 0.4140625 0.3734372578125 0.409375 0.375 0.4078125 0.375 0.396875 0.3734372578125 0.3953125 0.3734372578125 0.39375 0.36875032343749997 0.3890625 0.36718758125 0.3890625 0.3656248390625 0.3875 0.3625 0.3875 0.35468758125 0.3796875 0.35468758125 0.375 0.35312483906250003 0.3734375 0.35312483906250003 0.371875 0.3484372578125 0.3671875 0.3484372578125 0.365625 0.32656274218750003 0.365625 0.32031241875 0.371875 0.32031241875 0.3734375 0.3187503234375 0.375 0.3187503234375 0.4078125
32 0.40312483906249996 0.2671875 0.4062503234375 0.2703125 0.4062503234375 0.271875 0.40781241875 0.2734375 0.43281241875000004 0.2734375 0.4359372578125 0.2703125 0.4359372578125 0.2671875 0.4375 0.265625 0.4375 0.2640625 0.44062483906249994 0.2609375 0.44062483906249994 0.2390625 0.4390627421875 0.2375 0.4390627421875 0.2359375 0.4375 0.234375 0.4375 0.23125 0.4359372578125 0.2296875 0.4359372578125 0.228125 0.43437516093750006 0.2265625 0.43437516093750006 0.225 0.43281241875000004 0.225 0.42968758124999995 0.221875 0.42968758124999995 0.2203125 0.40781241875 0.2203125 0.40781241875 0.221875 0.4015627421875 0.228125 0.4015627421875 0.2671875 0.40312483906249996 0.2671875
28 0.6875 0.55 0.68281241875 0.5546875 0.6812503234375 0.5546875 0.67968758125 0.55625 0.6765627421875 0.55625 0.675 0.5578125 0.675 0.559375 0.6718751609375 0.5625 0.6687503234375 0.5625 0.6640627421875 0.5671875 0.6625 0.5671875 0.6609372578125 0.56875 0.6578124187500001 0.56875 0.6562503234375 0.5703125 0.6562503234375 0.571875 0.6531248390625 0.575 0.6515627421875 0.575 0.64218758125 0.584375 0.64218758125 0.5890625 0.6406248390625 0.590625 0.6406248390625 0.596875 0.64218758125 0.596875 0.6437503234374999 0.5984375 0.6531248390625 0.5984375 0.6578124187500001 0.59375 0.6593751609375 0.59375 0.6609372578125 0.5921875 0.6640627421875 0.5921875 0.67031241875 0.5859375 0.6718751609375 0.5859375 0.6781248390625 0.5796875 0.6843751609375001 0.5796875 0.6859372578125 0.578125 0.6859372578125 0.5765625 0.6890627421875 0.5734375 0.6906248390624999 0.5734375 0.6968751609375 0.5671875 0.7 0.5671875 0.7015627421875 0.565625 0.7031248390625 0.565625 0.70468758125 0.5640625 0.70468758125 0.5625 0.70781241875 0.559375 0.70781241875 0.5484375 0.7062503234374999 0.546875 0.6937503234375 0.546875 0.69218758125 0.5484375 0.6906248390624999 0.5484375 0.6890627421875 0.55 0.6875 0.55
26 0.1437503234375 0.5703125 0.1437503234375 0.571875 0.14531241875 0.5734375 0.1484372578125 0.5734375 0.15156274218750002 0.5765625 0.15312483906250002 0.5765625 0.1562503234375 0.5796875 0.15937516093749998 0.5796875 0.1656248390625 0.5859375 0.16875032343750002 0.5859375 0.17031241875 0.5875 0.1718751609375 0.5875 0.1765627421875 0.5921875 0.1781248390625 0.5921875 0.1812503234375 0.5953125 0.1812503234375 0.596875 0.18281241875 0.5984375 0.1968751609375 0.5984375 0.1984372578125 0.596875 0.2 0.596875 0.2 0.5859375 0.1984372578125 0.584375 0.1984372578125 0.5765625 0.1968751609375 0.575 0.1937503234375 0.575 0.18906274218750002 0.5703125 0.1875 0.5703125 0.18593725781249998 0.56875 0.18281241875 0.56875 0.1765627421875 0.5625 0.1718751609375 0.5625 0.1656248390625 0.55625 0.1640627421875 0.55625 0.16093725781249998 0.553125 0.16093725781249998 0.5515625 0.15937516093749998 0.55 0.15781241875000002 0.55 0.15468758124999998 0.546875 0.13281241875 0.546875 0.13281241875 0.5609375 0.1390627421875 0.5671875 0.1406248390625 0.5671875 0.1437503234375 0.5703125
26 0.29531241874999997 0.5734375 0.2968751609375 0.5734375 0.3 0.5765625 0.3 0.578125 0.3015627421875 0.5796875 0.3031248390625 0.5796875 0.30468758125 0.58125 0.30625032343749997 0.58125 0.30781241875 0.5828125 0.30781241875 0.584375 0.3093751609375 0.584375 0.3109372578125 0.5859375 0.3156248390625 0.5859375 0.3187503234375 0.5890625 0.3187503234375 0.590625 0.32031241875 0.5921875 0.3218751609375 0.5921875 0.3234372578125 0.59375 0.325 0.59375 0.3281248390625 0.596875 0.32968758125000003 0.596875 0.3312503234375 0.5984375 0.3406248390625 0.5984375 0.3437503234375 0.5953125 0.3437503234375 0.59375 0.34218758125000004 0.5921875 0.34218758125000004 0.5796875 0.3406248390625 0.578125 0.3406248390625 0.5765625 0.3390627421875 0.5765625 0.3375 0.575 0.33437516093749997 0.575 0.3281248390625 0.56875 0.32656274218750003 0.56875 0.3234372578125 0.565625 0.3234372578125 0.5640625 0.3218751609375 0.5625 0.32031241875 0.5625 0.31718758125 0.559375 0.29218758125 0.559375 0.29218758125 0.56875 0.29375032343749996 0.5703125 0.29375032343749996 0.571875 0.29531241874999997 0.5734375
25 0.64531241875 0.4234375 0.6531248390625 0.4234375 0.6562503234375 0.4265625 0.6562503234375 0.428125 0.6578124187500001 0.4296875 0.6593751609375 0.4296875 0.6625 0.4328125 0.6625 0.434375 0.6640627421875 0.4359375 0.67031241875 0.4359375 0.6765627421875 0.4421875 0.6812503234375 0.4421875 0.68281241875 0.44375 0.6859372578125 0.440625 0.6859372578125 0.4265625 0.6843751609375001 0.425 0.68281241875 0.425 0.67968758125 0.421875 0.67968758125 0.4203125 0.6781248390625 0.41875 0.6765627421875 0.41875 0.6734372578125 0.415625 0.6734372578125 0.4140625 0.6718751609375 0.4125 0.67031241875 0.4125 0.6640627421875 0.40625 0.6578124187500001 0.40625 0.6546875812499999 0.403125 0.6546875812499999 0.4015625 0.6531248390625 0.4 0.6390627421875 0.4 0.6390627421875 0.415625 0.6437503234374999 0.4203125 0.6437503234374999 0.421875 0.64531241875 0.4234375
25 0.7203124187500001 0.5671875 0.7218751609375 0.5671875 0.725 0.5703125 0.725 0.571875 0.7265627421875 0.5734375 0.7281248390624999 0.5734375 0.7343751609375 0.5796875 0.7406248390625 0.5796875 0.7437503234375 0.5828125 0.7437503234375 0.584375 0.74531241875 0.5859375 0.7468751609375001 0.5859375 0.7531248390624999 0.5921875 0.75781241875 0.5921875 0.7593751609375 0.59375 0.7609372578125 0.59375 0.7625 0.5953125 0.7625 0.596875 0.7640627421875 0.5984375 0.7781248390625 0.5984375 0.7796875812499999 0.596875 0.7796875812499999 0.5828125 0.7781248390625 0.58125 0.7765627421875 0.58125 0.775 0.5796875 0.7734372578125 0.5796875 0.77031241875 0.5765625 0.7687503234374999 0.5765625 0.76718758125 0.575 0.7640627421875 0.575 0.7609372578125 0.571875 0.7609372578125 0.5703125 0.7593751609375 0.56875 0.7531248390624999 0.56875 0.7468751609375001 0.5625 0.74531241875 0.5625 0.74218758125 0.559375 0.74218758125 0.5578125 0.7406248390625 0.55625 0.7343751609375 0.55625 0.7265627421875 0.5484375 0.725 0.5484375 0.7234372578125 0.546875 0.7140627421875 0.546875 0.7125 0.5484375 0.7125 0.5609375 0.7140627421875 0.5609375 0.7203124187500001 0.5671875
28 0.5843751609375001 0.5734375 0.5859372578125 0.5734375 0.5906248390625 0.578125 0.5921875812499999 0.578125 0.5937503234375 0.5796875 0.5968751609375 0.5796875 0.6 0.5828125 0.6 0.584375 0.6015627421875 0.5859375 0.6031248390624999 0.5859375 0.6093751609375 0.5921875 0.6156248390625 0.5921875 0.6187503234375 0.5953125 0.6187503234375 0.596875 0.62031241875 0.5984375 0.6343751609375 0.5984375 0.6343751609375 0.5828125 0.63281241875 0.58125 0.6281248390624999 0.58125 0.6218751609375001 0.575 0.62031241875 0.575 0.61718758125 0.571875 0.61718758125 0.5703125 0.6156248390625 0.56875 0.6125 0.56875 0.6093751609375 0.565625 0.60781241875 0.565625 0.60468758125 0.5625 0.6031248390624999 0.5625 0.5984372578125 0.5578125 0.5812503234374999 0.5578125 0.5812503234374999 0.56875 0.58281241875 0.5703125 0.58281241875 0.571875 0.5843751609375001 0.5734375
26 0.30781241875 0.2921875 0.3093751609375 0.2921875 0.3156248390625 0.2984375 0.32031241875 0.2984375 0.32656274218750003 0.3046875 0.3281248390625 0.3046875 0.33281241875 0.309375 0.3406248390625 0.309375 0.3437503234375 0.30625 0.3437503234375 0.29375 0.34218758125000004 0.2921875 0.34218758125000004 0.2890625 0.3406248390625 0.2875 0.3390627421875 0.2875 0.3359372578125 0.284375 0.3359372578125 0.2828125 0.33437516093749997 0.28125 0.3312503234375 0.28125 0.32656274218750003 0.2765625 0.325 0.2765625 0.3234372578125 0.275 0.3218751609375 0.275 0.3156248390625 0.26875 0.3140627421875 0.26875 0.3125 0.2671875 0.29218758125 0.2671875 0.29218758125 0.278125 0.3 0.2859375 0.3015627421875 0.2859375 0.30781241875 0.2921875
31 0.7640627421875 0.278125 0.7625 0.2796875 0.7625 0.315625 0.7640627421875 0.3171875 0.7656248390625 0.3171875 0.7687503234374999 0.3203125 0.7687503234374999 0.321875 0.77031241875 0.3234375 0.79218758125 0.3234375 0.7937503234375 0.321875 0.79531241875 0.321875 0.7968751609375 0.3203125 0.7968751609375 0.31875 0.7984372578125 0.3171875 0.7984372578125 0.315625 0.8031248390625001 0.3109375 0.8031248390625001 0.2890625 0.8 0.2859375 0.8 0.2828125 0.7984372578125 0.28125 0.7984372578125 0.2765625 0.7968751609375 0.275 0.79531241875 0.275 0.79218758125 0.271875 0.79218758125 0.26875 0.7906248390624999 0.2671875 0.775 0.2671875 0.7734372578125 0.26875 0.7718751609375001 0.26875 0.7640627421875 0.2765625 0.7640627421875 0.278125
33 0.5515627421875 0.7109375 0.55 0.7125 0.55 0.7140625 0.54531241875 0.71875 0.54531241875 0.7546875 0.5468751609375 0.7546875 0.55 0.7578125 0.55 0.759375 0.5515627421875 0.7609375 0.5781248390625 0.7609375 0.5859372578125 0.753125 0.5859372578125 0.7203125 0.5843751609375001 0.71875 0.58281241875 0.71875 0.5812503234374999 0.7171875 0.5812503234374999 0.715625 0.5781248390625 0.7125 0.5765627421875 0.7125 0.5734372578125 0.709375 0.5734372578125 0.7078125 0.5718751609375 0.70625 0.5562503234375 0.70625 0.55468758125 0.7078125 0.55468758125 0.709375 0.5531248390625 0.7109375 0.5515627421875 0.7109375
25 0.8312503234375 0.553125 0.8281248390625 0.55625 0.8234372578125001 0.55625 0.8218751609374999 0.5578125 0.82031241875 0.5578125 0.8156248390625 0.5625 0.8140627421875 0.5625 0.8125 0.5640625 0.8125 0.565625 0.8093751609375 0.56875 0.8031248390625001 0.56875 0.7968751609375 0.575 0.79531241875 0.575 0.7937503234375 0.5765625 0.7937503234375 0.578125 0.7906248390624999 0.58125 0.7890627421875 0.58125 0.7843751609375 0.5859375 0.7843751609375 0.596875 0.7859372578125 0.5984375 0.7968751609375 0.5984375 0.8015627421874999 0.59375 0.8031248390625001 0.59375 0.80468758125 0.5921875 0.80781241875 0.5921875 0.8140627421875 0.5859375 0.8156248390625 0.5859375 0.81718758125 0.584375 0.8187503234375001 0.584375 0.8187503234375001 0.5828125 0.82031241875 0.58125 0.8218751609374999 0.58125 0.8234372578125001 0.5796875 0.8281248390625 0.5796875 0.82968758125 0.578125 0.82968758125 0.5765625 0.83281241875 0.5734375 0.8343751609375 0.5734375 0.8359372578125001 0.571875 0.8375 0.571875 0.8406248390625001 0.56875 0.8421875812499999 0.56875 0.8437503234375001 0.5671875 0.8453124187500001 0.5671875 0.8531248390625 0.559375 0.8531248390625 0.546875 0.8375 0.546875 0.8343751609375 0.55 0.83281241875 0.55 0.8312503234375 0.5515625 0.8312503234375 0.553125
34 0.5484372578125 0.521875 0.5484372578125 0.5234375 0.5468751609375 0.525 0.54531241875 0.525 0.54531241875 0.5609375 0.5515627421875 0.5609375 0.5531248390625 0.5625 0.55781241875 0.5625 0.5593751609375001 0.5640625 0.5781248390625 0.5640625 0.57968758125 0.5625 0.5812503234374999 0.5625 0.5859372578125 0.5578125 0.5859372578125 0.5328125 0.5843751609375001 0.53125 0.5843751609375001 0.5296875 0.5812503234374999 0.5265625 0.5812503234374999 0.525 0.57968758125 0.5234375 0.57968758125 0.5203125 0.5781248390625 0.51875 0.5765627421875 0.51875 0.5734372578125 0.515625 0.5734372578125 0.5140625 0.5718751609375 0.5125 0.5718751609375 0.5109375 0.5562503234375 0.5109375 0.5562503234375 0.5125 0.55468758125 0.5140625 0.55468758125 0.515625 0.5484372578125 0.521875
33 0.2625 0.759375 0.26406274218750003 0.7609375 0.29062483906250003 0.7609375 0.29218758125 0.759375 0.29218758125 0.7578125 0.2968751609375 0.753125 0.2968751609375 0.7203125 0.29218758125 0.715625 0.29218758125 0.7140625 0.29062483906250003 0.7140625 0.28281241874999996 0.70625 0.2812503234375 0.70625 0.27968758125000004 0.7046875 0.27187516093749997 0.7046875 0.2562503234375 0.7203125 0.2562503234375 0.7546875 0.2609372578125 0.759375 0.2625 0.759375
25 0.6875 0.259375 0.6843751609375001 0.2625 0.6812503234375 0.2625 0.6765627421875 0.2671875 0.675 0.2671875 0.6734372578125 0.26875 0.67031241875 0.26875 0.6687503234375 0.2703125 0.6687503234375 0.271875 0.6656248390624999 0.275 0.6640627421875 0.275 0.6625 0.2765625 0.6625 0.278125 0.6593751609375 0.28125 0.6593751609375 0.2984375 0.6656248390624999 0.2984375 0.6718751609375 0.2921875 0.6765627421875 0.2921875 0.68281241875 0.2859375 0.6843751609375001 0.2859375 0.6906248390624999 0.2796875 0.6968751609375 0.2796875 0.6984372578125 0.278125 0.6984372578125 0.2765625 0.7015627421875 0.2734375 0.7031248390625 0.2734375 0.70468758125 0.271875 0.70468758125 0.26875 0.70781241875 0.265625 0.70781241875 0.2546875 0.69218758125 0.2546875 0.6906248390624999 0.25625 0.6890627421875 0.25625 0.6875 0.2578125 0.6875 0.259375
28 0.5328124187500001 0.2625 0.5265627421875 0.26875 0.5234372578125 0.26875 0.5218751609375001 0.2703125 0.52031241875 0.2703125 0.5093751609375 0.28125 0.5062503234375 0.28125 0.4984372578125 0.2890625 0.49687516093750006 0.2890625 0.49531241875000004 0.290625 0.49531241875000004 0.3046875 0.5109372578125 0.3046875 0.5125 0.303125 0.5140627421875 0.303125 0.51718758125 0.3 0.5187503234374999 0.3 0.52031241875 0.2984375 0.5218751609375001 0.2984375 0.5234372578125 0.296875 0.5234372578125 0.2953125 0.5265627421875 0.2921875 0.5281248390625 0.2921875 0.5328124187500001 0.2875 0.5343751609375 0.2875 0.5359372578125 0.2859375 0.5406248390624999 0.2859375 0.54218758125 0.284375 0.54218758125 0.2828125 0.54531241875 0.2796875 0.5468751609375 0.2796875 0.5484372578125 0.278125 0.55 0.278125 0.5531248390625 0.275 0.55468758125 0.275 0.5562503234375 0.2734375 0.55781241875 0.2734375 0.5609372578125 0.2703125 0.5609372578125 0.265625 0.5625 0.2640625 0.5625 0.25625 0.54218758125 0.25625 0.5375 0.2609375 0.5359372578125 0.2609375 0.5343751609375 0.2625 0.5328124187500001 0.2625
31 0.8390627421874999 0.41875 0.8375 0.4203125 0.8375 0.4234375 0.8343751609375 0.4265625 0.8343751609375 0.428125 0.83281241875 0.4296875 0.83281241875 0.4609375 0.8343751609375 0.4609375 0.8375 0.4640625 0.8375 0.465625 0.8390627421874999 0.4671875 0.86718758125 0.4671875 0.8687503234375 0.465625 0.87031241875 0.465625 0.8734372578125 0.4625 0.8734372578125 0.4609375 0.875 0.459375 0.875 0.45625 0.8765627421875 0.4546875 0.8765627421875 0.453125 0.875 0.4515625 0.875 0.4484375 0.8734372578125 0.446875 0.8734372578125 0.4265625 0.8718751609375 0.425 0.87031241875 0.425 0.86718758125 0.421875 0.86718758125 0.4203125 0.8656248390625001 0.41875 0.8640627421874999 0.41875 0.8593751609375 0.4140625 0.85781241875 0.4140625 0.8562503234375001 0.4125 0.8453124187500001 0.4125 0.8437503234375001 0.4140625 0.8437503234375001 0.415625 0.8406248390625001 0.41875 0.8390627421874999 0.41875
26 0.45 0.2890625 0.45 0.290625 0.45156274218750003 0.2921875 0.45312483906249995 0.2921875 0.45468758125 0.29375 0.4562503234375 0.29375 0.4593751609375 0.296875 0.4609372578125 0.296875 0.4625 0.2984375 0.46562483906249996 0.2984375 0.4687503234375 0.3015625 0.4687503234375 0.303125 0.47031241875 0.3046875 0.4890627421875 0.3046875 0.4890627421875 0.29375 0.4875 0.2921875 0.4875 0.290625 0.48437516093750005 0.2875 0.48281241875 0.2875 0.47968758125 0.284375 0.47968758125 0.2828125 0.4781248390625 0.28125 0.4765627421875 0.28125 0.47031241875 0.275 0.46718758125 0.275 0.4625 0.2703125 0.4609372578125 0.2703125 0.4593751609375 0.26875 0.45781241875 0.26875 0.45468758125 0.265625 0.4359372578125 0.265625 0.4359372578125 0.2765625 0.44531241875000005 0.2859375 0.4468751609375 0.2859375 0.45 0.2890625
25 0.75781241875 0.40625 0.7515627421875 0.4125 0.7468751609375001 0.4125 0.7406248390625 0.41875 0.7390627421875 0.41875 0.7375 0.4203125 0.7375 0.421875 0.7343751609375 0.425 0.73281241875 0.425 0.7312503234375 0.4265625 0.7312503234375 0.44375 0.7375 0.44375 0.7390627421875 0.4421875 0.7406248390625 0.4421875 0.74218758125 0.440625 0.7437503234375 0.440625 0.7468751609375001 0.4375 0.7484372578125 0.4375 0.75 0.4359375 0.7531248390624999 0.4359375 0.75468758125 0.434375 0.75468758125 0.4328125 0.75781241875 0.4296875 0.7593751609375 0.4296875 0.7656248390625 0.4234375 0.7718751609375001 0.4234375 0.7734372578125 0.421875 0.7734372578125 0.4203125 0.7765627421875 0.4171875 0.7781248390625 0.4171875 0.7796875812499999 0.415625 0.7796875812499999 0.4109375 0.7812503234375 0.409375 0.7812503234375 0.4 0.7640627421875 0.4 0.7625 0.4015625 0.7625 0.403125 0.7593751609375 0.40625 0.75781241875 0.40625
26 0.3734372578125 0.2734375 0.3718751609375 0.275 0.37031241875 0.275 0.36875032343749997 0.2765625 0.36875032343749997 0.278125 0.3656248390625 0.28125 0.3625 0.28125 0.36093725781249997 0.2828125 0.3593751609375 0.2828125 0.35625032343749996 0.2859375 0.35468758125 0.2859375 0.35312483906250003 0.2875 0.3515627421875 0.2875 0.35 0.2890625 0.35 0.3046875 0.35312483906250003 0.3046875 0.35625032343749996 0.3078125 0.36093725781249997 0.3078125 0.3640627421875 0.3046875 0.37031241875 0.3046875 0.3718751609375 0.303125 0.3734372578125 0.303125 0.3734372578125 0.3015625 0.3765627421875 0.2984375 0.3781248390625 0.2984375 0.3843751609375 0.2921875 0.38906274218750003 0.2921875 0.39531241875 0.2859375 0.39687516093749997 0.2859375 0.3984372578125 0.284375 0.3984372578125 0.2828125 0.4015627421875 0.2796875 0.40312483906249996 0.2796875 0.40468758125 0.278125 0.40468758125 0.265625 0.3859372578125 0.265625 0.38281241875 0.26875 0.37968758125 0.26875 0.375 0.2734375 0.3734372578125 0.2734375
26 0.23281241874999997 0.5625 0.22968758125000002 0.5625 0.2281248390625 0.5640625 0.2265627421875 0.5640625 0.22187516093749998 0.56875 0.22031241875 0.56875 0.2062503234375 0.5828125 0.2062503234375 0.596875 0.20781241874999998 0.5984375 0.22031241875 0.5984375 0.22187516093749998 0.596875 0.22343725781249998 0.596875 0.2281248390625 0.5921875 0.22968758125000002 0.5921875 0.2312503234375 0.590625 0.2312503234375 0.5890625 0.23281241874999997 0.5875 0.2343751609375 0.5875 0.2359372578125 0.5859375 0.2390627421875 0.5859375 0.2406248390625 0.584375 0.24218758125 0.584375 0.24218758125 0.5828125 0.24531241874999998 0.5796875 0.2468751609375 0.5796875 0.24843725781249998 0.578125 0.25 0.578125 0.25 0.5765625 0.2515627421875 0.575 0.2531248390625 0.575 0.25468758125 0.5734375 0.2562503234375 0.5734375 0.2609372578125 0.56875 0.2609372578125 0.5578125 0.2375 0.5578125 0.2375 0.559375 0.2359372578125 0.5609375 0.2343751609375 0.5609375 0.23281241874999997 0.5625
33 0.4015627421875 0.7546875 0.40312483906249996 0.7546875 0.4062503234375 0.7578125 0.4062503234375 0.759375 0.40781241875 0.7609375 0.43281241875000004 0.7609375 0.4359372578125 0.7578125 0.4359372578125 0.7328125 0.4375 0.73125 0.4375 0.7234375 0.4390627421875 0.721875 0.4375 0.7203125 0.4375 0.7171875 0.4359372578125 0.715625 0.4359372578125 0.7140625 0.42968758124999995 0.7078125 0.42968758124999995 0.70625 0.4109372578125 0.70625 0.40468758125 0.7125 0.40468758125 0.7140625 0.4015627421875 0.7171875 0.4015627421875 0.7546875
27 0.32031241875 0.7 0.3187503234375 0.7015625 0.3187503234375 0.703125 0.3156248390625 0.70625 0.3140627421875 0.70625 0.30781241875 0.7125 0.3015627421875 0.7125 0.3 0.7140625 0.3 0.715625 0.29843725781249997 0.7171875 0.29843725781249997 0.734375 0.30468758125 0.734375 0.3093751609375 0.7296875 0.3156248390625 0.7296875 0.31718758125 0.728125 0.31718758125 0.7265625 0.32031241875 0.7234375 0.3218751609375 0.7234375 0.3234372578125 0.721875 0.325 0.721875 0.3281248390625 0.71875 0.32968758125000003 0.71875 0.3312503234375 0.7171875 0.33437516093749997 0.7171875 0.3359372578125 0.715625 0.3359372578125 0.7140625 0.3390627421875 0.7109375 0.3406248390625 0.7109375 0.34218758125000004 0.709375 0.34218758125000004 0.7078125 0.34531241874999996 0.7046875 0.3468751609375 0.7046875 0.3468751609375 0.69375 0.3312503234375 0.69375 0.32656274218750003 0.6984375 0.325 0.6984375 0.3234372578125 0.7 0.32031241875 0.7
27 0.3937503234375 0.846875 0.3906248390625 0.85 0.3875 0.85 0.3859372578125 0.8515625 0.3843751609375 0.8515625 0.3812503234375 0.8546875 0.37968758125 0.8546875 0.3781248390625 0.85625 0.3765627421875 0.85625 0.375 0.8578125 0.375 0.859375 0.3718751609375 0.8625 0.37031241875 0.8625 0.37031241875 0.8796875 0.37968758125 0.8796875 0.3812503234375 0.878125 0.38281241875 0.878125 0.3859372578125 0.875 0.3875 0.875 0.38906274218750003 0.8734375 0.3906248390625 0.8734375 0.39218758125000003 0.871875 0.39218758125000003 0.8703125 0.39531241875 0.8671875 0.3984372578125 0.8671875 0.40312483906249996 0.8625 0.40468758125 0.8625 0.4062503234375 0.8609375 0.40937516093750004 0.8609375 0.4109372578125 0.859375 0.4109372578125 0.8578125 0.4140627421875 0.8546875 0.4156248390625 0.8546875 0.41718758125 0.853125 0.41718758125 0.840625 0.41875032343749996 0.8390625 0.4015627421875 0.8390625 0.39687516093749997 0.84375 0.39531241875 0.84375 0.3937503234375 0.8453125 0.3937503234375 0.846875
6 0.24843725781249998 0.5765625 0.24375032343749997 0.58125 0.2406248390625 0.58125 0.2343751609375 0.5875 0.2281248390625 0.5875 0.22187516093749998 0.59375 0.22031241875 0.59375 0.21875032343749998 0.5953125 0.21718758125 0.5953125 0.2125 0.6 0.2109372578125 0.6 0.20781241874999998 0.603125 0.20781241874999998 0.690625 0.2093751609375 0.690625 0.21562483906250002 0.696875 0.21718758125 0.696875 0.21875032343749998 0.6984375 0.22031241875 0.6984375 0.22187516093749998 0.7 0.22343725781249998 0.7 0.2281248390625 0.7046875 0.2312503234375 0.7046875 0.23281241874999997 0.70625 0.2343751609375 0.70625 0.2390627421875 0.7109375 0.2406248390625 0.7109375 0.24218758125 0.7125 0.24375032343749997 0.7125 0.2468751609375 0.715625 0.25 0.715625 0.2515627421875 0.7171875 0.2562503234375 0.7171875 0.25781241875 0.715625 0.2593751609375 0.715625 0.26406274218750003 0.7109375 0.26718758125000003 0.7109375 0.2687503234375 0.709375 0.28281241874999996 0.709375 0.2843751609375 0.7109375 0.29375032343749996 0.7109375 0.29531241874999997 0.7125 0.2968751609375 0.7125 0.29843725781249997 0.7109375 0.3031248390625 0.7109375 0.30468758125 0.709375 0.30625032343749997 0.709375 0.30781241875 0.7078125 0.3093751609375 0.7078125 0.3125 0.7046875 0.3156248390625 0.7046875 0.31718758125 0.703125 0.32031241875 0.703125 0.325 0.6984375 0.32656274218750003 0.6984375 0.3281248390625 0.696875 0.32968758125000003 0.696875 0.32968758125000003 0.6953125 0.3312503234375 0.69375 0.33281241875 0.69375 0.33437516093749997 0.6921875 0.3359372578125 0.6921875 0.3406248390625 0.6875 0.3406248390625 0.6859375 0.34218758125000004 0.684375 0.34218758125000004 0.60625 0.3406248390625 0.6046875 0.3406248390625 0.6015625 0.3390627421875 0.6 0.3375 0.6 0.33437516093749997 0.596875 0.33281241875 0.596875 0.32968758125000003 0.59375 0.32656274218750003 0.59375 0.3218751609375 0.5890625 0.32031241875 0.5890625 0.3187503234375 0.5875 0.3140627421875 0.5875 0.30781241875 0.58125 0.30468758125 0.58125 0.3031248390625 0.5796875 0.3015627421875 0.5796875 0.2968751609375 0.575 0.29531241874999997 0.575 0.29062483906250003 0.5703125 0.2890627421875 0.5703125 0.2875 0.56875 0.2593751609375 0.56875 0.2531248390625 0.575 0.2515627421875 0.575 0.25 0.5765625 0.24843725781249998 0.5765625
13 0.80781241875 0.503125 0.80468758125 0.5 0.75781241875 0.5 0.75781241875 0.5609375 0.8062503234375 0.5609375 0.80781241875 0.559375 0.80781241875 0.503125
25 0.7843751609375 0.4046875 0.7843751609375 0.4125 0.7859372578125 0.4140625 0.7859372578125 0.415625 0.7875 0.4171875 0.7890627421875 0.4171875 0.79531241875 0.4234375 0.7968751609375 0.4234375 0.8 0.4265625 0.8 0.428125 0.8015627421874999 0.4296875 0.8031248390625001 0.4296875 0.8062503234375 0.4328125 0.8062503234375 0.434375 0.80781241875 0.4359375 0.8125 0.4359375 0.8140627421875 0.4375 0.8156248390625 0.4375 0.82031241875 0.4421875 0.8234372578125001 0.4421875 0.825 0.44375 0.8281248390625 0.44375 0.82968758125 0.4421875 0.82968758125 0.4359375 0.8312503234375 0.434375 0.8312503234375 0.428125 0.82968758125 0.4265625 0.82968758125 0.425 0.8234372578125001 0.41875 0.82031241875 0.41875 0.81718758125 0.415625 0.81718758125 0.4140625 0.8156248390625 0.4125 0.8093751609375 0.4125 0.8031248390625001 0.40625 0.8015627421874999 0.40625 0.7968751609375 0.4015625 0.79218758125 0.4015625 0.7906248390624999 0.403125 0.7875 0.403125 0.7859372578125 0.4046875 0.7843751609375 0.4046875
27 0.3593751609375 0.7109375 0.3625 0.7140625 0.3625 0.715625 0.3640627421875 0.7171875 0.3656248390625 0.7171875 0.36875032343749997 0.7203125 0.36875032343749997 0.721875 0.37031241875 0.7234375 0.3718751609375 0.7234375 0.3734372578125 0.725 0.375 0.725 0.3781248390625 0.728125 0.37968758125 0.728125 0.3812503234375 0.7296875 0.3843751609375 0.7296875 0.3875 0.7328125 0.3875 0.734375 0.38906274218750003 0.7359375 0.39687516093749997 0.7359375 0.3984372578125 0.734375 0.3984372578125 0.7203125 0.3906248390625 0.7125 0.38906274218750003 0.7125 0.3859372578125 0.709375 0.3859372578125 0.7078125 0.3843751609375 0.70625 0.3781248390625 0.70625 0.3718751609375 0.7 0.37031241875 0.7 0.3640627421875 0.69375 0.35 0.69375 0.35 0.7046875 0.3515627421875 0.7046875 0.35781241874999997 0.7109375 0.3593751609375 0.7109375
25 0.7062503234374999 0.2546875 0.7140627421875 0.2546875 0.7156248390625 0.253125 0.7156248390625 0.2515625 0.7171875812499999 0.25 0.7171875812499999 0.1828125 0.7156248390625 0.18125 0.7015627421875 0.18125 0.7015627421875 0.2515625 0.7031248390625 0.253125 0.70468758125 0.253125 0.7062503234374999 0.2546875
25 0.7203124187500001 0.2765625 0.7218751609375 0.2765625 0.725 0.2796875 0.7281248390624999 0.2796875 0.7312503234375 0.2828125 0.7312503234375 0.284375 0.73281241875 0.2859375 0.7343751609375 0.2859375 0.7375 0.2890625 0.7375 0.290625 0.7390627421875 0.2921875 0.74531241875 0.2921875 0.7515627421875 0.2984375 0.75468758125 0.2984375 0.7562503234375 0.296875 0.75781241875 0.296875 0.75781241875 0.28125 0.75468758125 0.278125 0.75468758125 0.2765625 0.7531248390624999 0.275 0.7515627421875 0.275 0.7484372578125 0.271875 0.7484372578125 0.2703125 0.7468751609375001 0.26875 0.7390627421875 0.26875 0.7359372578125 0.265625 0.7359372578125 0.2640625 0.7343751609375 0.2625 0.73281241875 0.2625 0.72968758125 0.259375 0.72968758125 0.2578125 0.7281248390624999 0.25625 0.7203124187500001 0.25625 0.7187503234375 0.2546875 0.7125 0.2546875 0.7125 0.2703125 0.7156248390625 0.2734375 0.7171875812499999 0.2734375 0.7203124187500001 0.2765625
28 0.5328124187500001 0.4421875 0.5343751609375 0.4421875 0.5375 0.4453125 0.5375 0.446875 0.5390627421875 0.4484375 0.5406248390624999 0.4484375 0.5468751609375 0.4546875 0.5593751609375001 0.4546875 0.5609372578125 0.453125 0.5609372578125 0.4515625 0.5625 0.45 0.5625 0.4421875 0.5609372578125 0.440625 0.5609372578125 0.4390625 0.5593751609375001 0.4375 0.55781241875 0.4375 0.55468758125 0.434375 0.55468758125 0.4328125 0.5531248390625 0.43125 0.5515627421875 0.43125 0.5484372578125 0.428125 0.5484372578125 0.4265625 0.5468751609375 0.425 0.54531241875 0.425 0.5390627421875 0.41875 0.5328124187500001 0.41875 0.5296875812499999 0.415625 0.5156248390625 0.415625 0.5156248390625 0.4296875 0.5218751609375001 0.4359375 0.5265627421875 0.4359375 0.5328124187500001 0.4421875
31 0.62031241875 0.278125 0.6187503234375 0.2796875 0.6187503234375 0.284375 0.6140627421875 0.2890625 0.6140627421875 0.3125 0.6234372578125 0.321875 0.625 0.321875 0.6265627421875 0.3234375 0.6468751609375001 0.3234375 0.6546875812499999 0.315625 0.6546875812499999 0.3125 0.6562503234375 0.3109375 0.6562503234375 0.3 0.6546875812499999 0.2984375 0.6546875812499999 0.28125 0.6515627421875 0.278125 0.6515627421875 0.2765625 0.6484372578125 0.2734375 0.6484372578125 0.2703125 0.6468751609375001 0.26875 0.6468751609375001 0.2671875 0.6281248390624999 0.2671875 0.625 0.2703125 0.625 0.271875 0.62031241875 0.2765625 0.62031241875 0.278125
25 0.7890627421875 0.325 0.7765627421875 0.325 0.7765627421875 0.3984375 0.7859372578125 0.3984375 0.7890627421875 0.3953125 0.7890627421875 0.325
28 0.4890627421875 0.3671875 0.49687516093750006 0.3671875 0.4984372578125 0.365625 0.4984372578125 0.309375 0.48437516093750005 0.309375 0.48437516093750005 0.3609375 0.4875 0.3640625 0.4875 0.365625 0.4890627421875 0.3671875
26 0.375 0.434375 0.3765627421875 0.4359375 0.3781248390625 0.4359375 0.37968758125 0.4375 0.3812503234375 0.4375 0.38281241875 0.4390625 0.38281241875 0.440625 0.3843751609375 0.440625 0.3859372578125 0.4421875 0.3906248390625 0.4421875 0.3937503234375 0.4453125 0.3937503234375 0.446875 0.39531241875 0.4484375 0.39687516093749997 0.4484375 0.40312483906249996 0.4546875 0.4156248390625 0.4546875 0.41718758125 0.453125 0.41718758125 0.434375 0.4140627421875 0.43125 0.4125 0.43125 0.4109372578125 0.4296875 0.40937516093750004 0.4296875 0.40468758125 0.425 0.40312483906249996 0.425 0.39687516093749997 0.41875 0.39531241875 0.41875 0.3937503234375 0.4171875 0.39218758125000003 0.4171875 0.3906248390625 0.415625 0.37031241875 0.415625 0.37031241875 0.4296875 0.3718751609375 0.4296875 0.375 0.4328125 0.375 0.434375
31 0.6984372578125 0.4203125 0.6984372578125 0.421875 0.6890627421875 0.43125 0.6890627421875 0.4609375 0.6906248390624999 0.4609375 0.6937503234375 0.4640625 0.6937503234375 0.465625 0.69531241875 0.4671875 0.7218751609375 0.4671875 0.72968758125 0.459375 0.72968758125 0.4328125 0.7234372578125 0.4265625 0.7234372578125 0.4234375 0.7218751609375 0.421875 0.7218751609375 0.4203125 0.7203124187500001 0.41875 0.7187503234375 0.41875 0.7156248390625 0.415625 0.7156248390625 0.4140625 0.7015627421875 0.4140625 0.7015627421875 0.415625 0.7 0.4171875 0.7 0.41875 0.6984372578125 0.4203125
7 0.22968758125000002 0.503125 0.2265627421875 0.5 0.1765627421875 0.5 0.1765627421875 0.5609375 0.2281248390625 0.5609375 0.22968758125000002 0.559375 0.22968758125000002 0.503125
16 0.2515627421875 0.4171875 0.2968751609375 0.4171875 0.29843725781249997 0.415625 0.29843725781249997 0.4140625 0.3015627421875 0.4109375 0.3015627421875 0.3578125 0.3 0.3578125 0.29843725781249997 0.35625 0.29531241874999997 0.35625 0.29375032343749996 0.3546875 0.2531248390625 0.3546875 0.2515627421875 0.35625 0.25 0.35625 0.25 0.415625 0.2515627421875 0.4171875
26 0.36718758125 0.56875 0.3656248390625 0.5703125 0.3640627421875 0.5703125 0.3640627421875 0.571875 0.3625 0.5734375 0.36093725781249997 0.5734375 0.3593751609375 0.575 0.35781241874999997 0.575 0.35625032343749996 0.5765625 0.35625032343749996 0.578125 0.35312483906250003 0.58125 0.3515627421875 0.58125 0.3515627421875 0.5984375 0.3656248390625 0.5984375 0.3718751609375 0.5921875 0.3734372578125 0.5921875 0.3781248390625 0.5875 0.37968758125 0.5875 0.3812503234375 0.5859375 0.3843751609375 0.5859375 0.3859372578125 0.584375 0.3859372578125 0.5828125 0.38906274218750003 0.5796875 0.3906248390625 0.5796875 0.39687516093749997 0.5734375 0.3984372578125 0.5734375 0.40468758125 0.5671875 0.40468758125 0.5578125 0.38281241875 0.5578125 0.3781248390625 0.5625 0.3765627421875 0.5625 0.37031241875 0.56875 0.36718758125 0.56875
25 0.8468751609374999 0.54375 0.8515627421874999 0.5484375 0.85468758125 0.5484375 0.8562503234375001 0.546875 0.85781241875 0.546875 0.8593751609375 0.5453125 0.8593751609375 0.54375 0.8609372578125001 0.5421875 0.8609372578125001 0.471875 0.85 0.471875 0.8484372578125001 0.4734375 0.8484372578125001 0.475 0.8468751609374999 0.4765625 0.8468751609374999 0.54375
27 0.6562503234375 0.7203125 0.6562503234375 0.721875 0.6578124187500001 0.7234375 0.6593751609375 0.7234375 0.6656248390624999 0.7296875 0.67031241875 0.7296875 0.6765627421875 0.7359375 0.6843751609375001 0.7359375 0.6843751609375001 0.71875 0.6781248390625 0.7125 0.6765627421875 0.7125 0.6734372578125 0.709375 0.6734372578125 0.7078125 0.6718751609375 0.70625 0.67031241875 0.70625 0.6640627421875 0.7 0.6593751609375 0.7 0.6531248390625 0.69375 0.6390627421875 0.69375 0.6390627421875 0.7046875 0.6515627421875 0.7171875 0.6531248390625 0.7171875 0.6562503234375 0.7203125
28 0.5640627421875 0.2546875 0.5656248390624999 0.2546875 0.56718758125 0.253125 0.56718758125 0.2515625 0.57031241875 0.2484375 0.5718751609375 0.2484375 0.5718751609375 0.18125 0.55781241875 0.18125 0.55781241875 0.25 0.5609372578125 0.253125 0.5625 0.253125 0.5640627421875 0.2546875
25 0.64218758125 0.396875 0.64218758125 0.384375 0.6437503234374999 0.3828125 0.6437503234374999 0.325 0.6312503234375 0.325 0.6312503234375 0.396875 0.63281241875 0.3984375 0.6406248390625 0.3984375 0.64218758125 0.396875
27 0.60781241875 0.7 0.6062503234375 0.7015625 0.6062503234375 0.703125 0.6031248390624999 0.70625 0.6015627421875 0.70625 0.5953124187500001 0.7125 0.5937503234375 0.7125 0.5890627421875 0.7171875 0.5875 0.7171875 0.5875 0.7359375 0.5953124187500001 0.7359375 0.6015627421875 0.7296875 0.6031248390624999 0.7296875 0.60781241875 0.725 0.6093751609375 0.725 0.6109372578125 0.7234375 0.6156248390625 0.7234375 0.61718758125 0.721875 0.61718758125 0.7203125 0.62031241875 0.7171875 0.6218751609375001 0.7171875 0.6234372578125 0.715625 0.6234372578125 0.7140625 0.6265627421875 0.7109375 0.62968758125 0.7109375 0.6359372578125 0.7046875 0.6359372578125 0.69375 0.62031241875 0.69375 0.6156248390625 0.6984375 0.6140627421875 0.6984375 0.6125 0.7 0.60781241875 0.7
33 0.6937503234375 0.7140625 0.6937503234375 0.715625 0.6906248390624999 0.71875 0.6890627421875 0.71875 0.6890627421875 0.7546875 0.6906248390624999 0.7546875 0.6937503234375 0.7578125 0.6937503234375 0.759375 0.69531241875 0.7609375 0.7265627421875 0.7609375 0.72968758125 0.7578125 0.72968758125 0.7203125 0.7281248390624999 0.71875 0.7265627421875 0.71875 0.725 0.7171875 0.725 0.715625 0.7187503234375 0.709375 0.7187503234375 0.7078125 0.7 0.7078125 0.7 0.709375 0.6968751609375 0.7125 0.69531241875 0.7125 0.6937503234375 0.7140625
26 0.34531241874999996 0.3671875 0.35 0.3671875 0.3515627421875 0.36875 0.35312483906250003 0.3671875 0.35312483906250003 0.3078125 0.3406248390625 0.3078125 0.3406248390625 0.3609375 0.3437503234375 0.3640625 0.3437503234375 0.365625 0.34531241874999996 0.3671875
27 0.42343725781249997 0.8328125 0.425 0.83125 0.425 0.81875 0.4265627421875 0.8171875 0.4265627421875 0.76875 0.42343725781249997 0.765625 0.42343725781249997 0.7640625 0.4140627421875 0.7640625 0.4140627421875 0.8359375 0.42187516093750005 0.8359375 0.42343725781249997 0.834375 0.42343725781249997 0.8328125
5 0.4687503234375 0.3703125 0.4687503234375 0.371875 0.46562483906249996 0.375 0.4640627421875 0.375 0.4640627421875 0.4078125 0.46718758125 0.4109375 0.46718758125 0.4125 0.4687503234375 0.4140625 0.4687503234375 0.415625 0.4765627421875 0.4234375 0.5093751609375 0.4234375 0.51718758125 0.415625 0.51718758125 0.4140625 0.52031241875 0.4109375 0.5218751609375001 0.4109375 0.5218751609375001 0.39375 0.5187503234374999 0.39375 0.51718758125 0.3921875 0.5156248390625 0.3921875 0.5125 0.3890625 0.5109372578125 0.3890625 0.5093751609375 0.3875 0.50781241875 0.3875 0.5031248390624999 0.3828125 0.5031248390624999 0.38125 0.5015627421875 0.38125 0.4984372578125 0.378125 0.4984372578125 0.375 0.49687516093750006 0.3734375 0.49687516093750006 0.371875 0.49218758124999995 0.3671875 0.49218758124999995 0.365625 0.4906248390625 0.3640625 0.475 0.3640625 0.475 0.365625 0.4734372578125 0.3671875 0.47187516093750004 0.3671875 0.4687503234375 0.3703125
26 0.425 0.50625 0.4265627421875 0.5046875 0.4265627421875 0.484375 0.425 0.4828125 0.425 0.459375 0.42343725781249997 0.4578125 0.42343725781249997 0.4546875 0.4140627421875 0.4546875 0.4140627421875 0.5109375 0.42187516093750005 0.5109375 0.425 0.5078125 0.425 0.50625
29 0.5812503234374999 0.4734375 0.57968758125 0.475 0.57968758125 0.478125 0.5765627421875 0.48125 0.575 0.48125 0.5718751609375 0.484375 0.5718751609375 0.5015625 0.575 0.5046875 0.575 0.50625 0.5781248390625 0.509375 0.57968758125 0.509375 0.5812503234374999 0.5109375 0.6031248390624999 0.5109375 0.60468758125 0.509375 0.60468758125 0.5078125 0.6140627421875 0.4984375 0.6156248390625 0.4984375 0.61718758125 0.496875 0.6187503234375 0.496875 0.6187503234375 0.49375 0.61718758125 0.4921875 0.61718758125 0.4890625 0.6109372578125 0.4828125 0.6109372578125 0.48125 0.6093751609375 0.48125 0.6062503234375 0.478125 0.6062503234375 0.4765625 0.60468758125 0.475 0.60468758125 0.465625 0.6015627421875 0.4625 0.5984372578125 0.4625 0.5968751609375 0.4609375 0.5937503234375 0.4609375 0.5906248390625 0.4578125 0.5890627421875 0.4578125 0.5859372578125 0.4609375 0.5843751609375001 0.4609375 0.5812503234374999 0.4640625 0.5812503234374999 0.4734375
15 0.6859372578125 0.4171875 0.7015627421875 0.4171875 0.7031248390625 0.415625 0.7140627421875 0.415625 0.7156248390625 0.4171875 0.7343751609375 0.4171875 0.7359372578125 0.415625 0.7359372578125 0.3578125 0.7343751609375 0.35625 0.7312503234375 0.35625 0.72968758125 0.3546875 0.6843751609375001 0.3546875 0.68281241875 0.35625 0.68281241875 0.415625 0.6843751609375001 0.415625 0.6859372578125 0.4171875
7 0.6187503234375 0.5625 0.62031241875 0.5609375 0.6609372578125 0.5609375 0.6640627421875 0.5578125 0.6640627421875 0.50625 0.6609372578125 0.503125 0.6609372578125 0.5015625 0.6125 0.5015625 0.6093751609375 0.5046875 0.6093751609375 0.5578125 0.6140627421875 0.5625 0.6187503234375 0.5625
8 0.5156248390625 0.5609375 0.51718758125 0.559375 0.51718758125 0.5015625 0.5156248390625 0.5 0.46562483906249996 0.5 0.46562483906249996 0.559375 0.46718758125 0.559375 0.4687503234375 0.5609375 0.5156248390625 0.5609375
12 0.41875032343749996 0.7078125 0.42031241875 0.70625 0.42187516093750005 0.7078125 0.42343725781249997 0.7078125 0.425 0.709375 0.44218758124999996 0.709375 0.44218758124999996 0.7078125 0.44531241875000005 0.7046875 0.4468751609375 0.7046875 0.4468751609375 0.65 0.44218758124999996 0.6453125 0.39531241875 0.6453125 0.39531241875 0.709375 0.4140627421875 0.709375 0.4156248390625 0.7078125 0.41875032343749996 0.7078125
8 0.48125032343749996 0.26875 0.48281241875 0.2671875 0.5109372578125 0.2671875 0.5125 0.26875 0.5140627421875 0.26875 0.51718758125 0.265625 0.51718758125 0.2078125 0.46562483906249996 0.2078125 0.46562483906249996 0.2671875 0.4687503234375 0.2671875 0.47031241875 0.26875 0.48125032343749996 0.26875
13 0.3734372578125 0.5015625 0.3718751609375 0.5 0.3218751609375 0.5 0.3218751609375 0.5609375 0.3718751609375 0.5609375 0.3734372578125 0.559375 0.3734372578125 0.5015625
12 0.61503428125 0.2691197296875 0.616596378125 0.2706822296875 0.624408796875 0.2706822296875 0.6259715390625 0.2691197296875 0.6290963781250001 0.2691197296875 0.6306591203125 0.2675572296875 0.63690944375 0.2675572296875 0.6384715390625 0.2691197296875 0.641596378125 0.2691197296875 0.6447218625 0.2722447296875 0.6619087968749999 0.2722447296875 0.6619087968749999 0.2691197296875 0.6634715390625 0.2675572296875 0.6634715390625 0.2441197296875 0.66503428125 0.2425572296875 0.66503428125 0.2159947296875 0.6634715390625 0.2144322296875 0.6634715390625 0.2128697296875 0.6619087968749999 0.2113072296875 0.6619087968749999 0.2081822296875 0.6134715390625 0.2081822296875 0.611908796875 0.2097447296875 0.611908796875 0.2675572296875 0.6134715390625 0.2691197296875 0.61503428125 0.2691197296875
14 0.6125 0.846875 0.6125 0.853125 0.6140627421875 0.8546875 0.6593751609375 0.8546875 0.6609372578125 0.853125 0.6609372578125 0.825 0.6625 0.8234375 0.6625 0.8 0.6609372578125 0.7984375 0.6609372578125 0.7953125 0.6593751609375 0.79375 0.6578124187500001 0.79375 0.6562503234375 0.7921875 0.6187503234375 0.7921875 0.61718758125 0.79375 0.6109372578125 0.79375 0.6109372578125 0.8453125 0.6125 0.846875
14 0.40017723125 0.415625 0.4423648125 0.415625 0.44705239375000005 0.4109375 0.44705239375000005 0.35625 0.44548965 0.35625 0.4439269078125 0.3546875 0.39705239375 0.3546875 0.39548964999999997 0.35625 0.39548964999999997 0.4125 0.39705239375 0.4125 0.40017723125 0.415625
28 0.57031241875 0.5109375 0.5687503234375 0.509375 0.5687503234375 0.490625 0.57031241875 0.4890625 0.57031241875 0.4875 0.5718751609375 0.4859375 0.5718751609375 0.45625 0.57031241875 0.45625 0.5687503234375 0.4546875 0.5593751609375001 0.4546875 0.5593751609375001 0.5140625 0.5718751609375 0.5140625 0.57031241875 0.5125 0.57031241875 0.5109375
13 0.3734372578125 0.501768825 0.3718751609375 0.500206325 0.3218751609375 0.500206325 0.3218751609375 0.561143825 0.3718751609375 0.561143825 0.3734372578125 0.559581325 0.3734372578125 0.501768825
11 0.5879689515625001 0.417168675 0.5918499359375 0.4141566265625 0.592496765625 0.3606927703125 0.5886157828125 0.3539156625 0.5465717984375 0.3539156625 0.53880983125 0.35918674687499996 0.5381630015625001 0.40737951875 0.5407503234375 0.41641566250000006 0.569857696875 0.41867469843749994 0.5879689515625001 0.417168675
9 0.373868046875 0.2710843375 0.37645536874999996 0.26204819218750003 0.37645536874999996 0.21762048125 0.37257438593750003 0.2100903609375 0.3272962484375 0.2085843375 0.32147477343749997 0.213855421875 0.32082794375 0.2635542171875 0.3240620953125 0.2710843375 0.32794307968749997 0.27334337343750004 0.373868046875 0.2710843375
10 0.70827943125 0.7063253015625001 0.727037515625 0.7108433734374999 0.7373868046875 0.7070783125 0.7380336359374999 0.6536144578124999 0.7341526515625 0.64683735 0.688874515625 0.6460843374999999 0.683053040625 0.650602409375 0.6824062093750001 0.6995481921875 0.6856403624999999 0.70933735 0.699223803125 0.7100903609375 0.70827943125 0.7063253015625001
11 0.519404915625 0.85316265 0.5206985765625001 0.80195783125 0.5187580859375001 0.7944277109375 0.514230271875 0.792168675 0.47412677812500004 0.792168675 0.4676584734375 0.7936746984374999 0.46571798124999997 0.797439759375 0.4663648125 0.85316265 0.47283311718750004 0.8569277109375 0.5155239328125 0.8561746984375 0.519404915625 0.85316265
21 0.5328124187500001 0.875 0.5328124187500001 0.9546875 0.5843751609375001 0.9546875 0.5843751609375001 0.875 0.5328124187500001 0.875
20 0.2406248390625 0.003125 0.2406248390625 0.0796875 0.2968751609375 0.0796875 0.2968751609375 0.003125 0.2406248390625 0.003125
18 0.15156274218750002 0.290625 0.0937503234375 0.290625 0.0937503234375 0.3734375 0.15 0.3734375 0.15156274218750002 0.371875 0.15156274218750002 0.290625
18 0.80468758125 0.728125 0.7468751609375001 0.728125 0.7468751609375001 0.8078125 0.8031248390625001 0.8078125 0.80468758125 0.80625 0.80468758125 0.728125
18 0.8062503234375 0.2234375 0.8062503234375 0.14375 0.74531241875 0.14375 0.74531241875 0.2265625 0.80468758125 0.2265625 0.80468758125 0.225 0.8062503234375 0.2234375
23 0.5859372578125 0.065625 0.5875 0.0640625 0.5859372578125 0.0625 0.5859372578125 0.0578125 0.5875 0.05625 0.5875 0.0078125 0.5859372578125 0.00625 0.5859372578125 0.0015625 0.5281248390625 0.0015625 0.5281248390625 0.075 0.58281241875 0.075 0.5859372578125 0.071875 0.5859372578125 0.065625
19 0.1484372578125 0.584375 0.09687516093750001 0.584375 0.09687516093750001 0.6625 0.1468751609375 0.6625 0.1484372578125 0.6609375 0.1484372578125 0.584375
22 0.95 0.4328125 0.89218758125 0.4328125 0.89218758125 0.5171875 0.9484372578125001 0.5171875 0.95 0.515625 0.95 0.4328125
18 0.2968751609375 0.95625 0.2968751609375 0.8765625 0.24218758125 0.8765625 0.24218758125 0.9578125 0.29375032343749996 0.9578125 0.29531241874999997 0.95625 0.2968751609375 0.95625