17 0.58125 0.44062463281250003 0.5765625 0.44531231718750003 0.575 0.44531231718750003 0.5671875 0.45312536718749996 0.5671875 0.4546876828125 0.565625 0.45625 0.565625 0.45781231718750004 0.5640625 0.4593746328125 0.5640625 0.46562463281250005 0.5625 0.4671876828125 0.5625 0.5343746328125001 0.5640625 0.5359376828125 0.5640625 0.5375 0.565625 0.5375 0.5671875 0.5390623171875 0.5671875 0.5406246328125001 0.56875 0.5406246328125001 0.5703125 0.5421876828125 0.571875 0.5421876828125 0.578125 0.5484376828124999 0.5828125 0.5484376828124999 0.584375 0.55 0.5859375 0.55 0.5890625 0.5531246328125 0.5921875 0.5531246328125 0.59375 0.5546876828125 0.6 0.5546876828125 0.6015625 0.55625 0.6109375 0.55625 0.6125 0.5546876828125 0.6171875 0.5546876828125 0.61875 0.5531246328125 0.6203125 0.5531246328125 0.621875 0.5515623171875 0.6234375 0.5515623171875 0.625 0.55 0.628125 0.55 0.6328125 0.5546876828125 0.6375 0.5546876828125 0.6390625 0.55625 0.640625 0.55625 0.6453125 0.5609376828125 0.6484375 0.5609376828125 0.65 0.5625 0.653125 0.5625 0.6546875 0.5609376828125 0.6578125 0.5609376828125 0.659375 0.5593746328125 0.6609375 0.5593746328125 0.6609375 0.5578123171875 0.6640625 0.5546876828125 0.6671875 0.5546876828125 0.66875 0.5531246328125 0.6703125 0.5531246328125 0.675 0.5484376828124999 0.678125 0.5484376828124999 0.6875 0.5390623171875 0.6875 0.5375 0.690625 0.5343746328125001 0.690625 0.475 0.6875 0.47187463281250003 0.6875 0.4703123171875 0.6859375 0.4703123171875 0.684375 0.46875 0.68125 0.46875 0.6796875 0.4671876828125 0.678125 0.4671876828125 0.6734375 0.4625 0.6734375 0.46093768281249997 0.671875 0.4593746328125 0.671875 0.45781231718750004 0.6671875 0.45312536718749996 0.6671875 0.44531231718750003 0.665625 0.44375 0.665625 0.4421876828125 0.6625 0.4390623171875 0.6625 0.4375 0.6609375 0.4359376828125 0.6609375 0.4328123171875 0.653125 0.425 0.6515625 0.425 0.6484375 0.42187536718749996 0.6484375 0.4203123171875 0.646875 0.41875 0.6453125 0.41875 0.6421875 0.41562463281250006 0.6261022734374999 0.4116261 0.6 0.42187536718749996 0.584375 0.4375 0.5828125 0.4375 0.58125 0.4390623171875 0.58125 0.44062463281250003
6 0.6 0.1375 0.5984375 0.1390623171875 0.596875 0.1390623171875 0.59375 0.1421876828125 0.5921875 0.1421876828125 0.590625 0.14375 0.5890625 0.14375 0.584375 0.1484376828125 0.5828125 0.1484376828125 0.5796875 0.1515623171875 0.578125 0.1515623171875 0.5734375 0.15625 0.571875 0.15625 0.5703125 0.1578123171875 0.5703125 0.1593746328125 0.5671875 0.1625 0.5671875 0.1640623171875 0.5640625 0.16718768281250002 0.5640625 0.16875 0.5625 0.1703123171875 0.5625 0.2328123171875 0.56875 0.2390623171875 0.56875 0.2406246328125 0.5703125 0.24218768281249997 0.5703125 0.24375 0.571875 0.24531231718750002 0.571875 0.2468746328125 0.5734375 0.24843768281249998 0.5734375 0.25 0.575 0.2515623171875 0.575 0.2656246328125 0.5828125 0.27343768281249997 0.584375 0.27343768281249997 0.5890625 0.2781246328125 0.590625 0.2781246328125 0.5921875 0.2796876828125 0.596875 0.2796876828125 0.6015625 0.2843746328125 0.603125 0.2843746328125 0.6046875 0.2859376828125 0.6078125 0.2859376828125 0.6140625 0.29218768281249996 0.6359375 0.29218768281249996 0.6375 0.2906246328125 0.640625 0.2906246328125 0.6453125 0.2859376828125 0.646875 0.2859376828125 0.6484375 0.2843746328125 0.65 0.2843746328125 0.653125 0.28125 0.6546875 0.28125 0.65625 0.2796876828125 0.659375 0.2796876828125 0.6640625 0.275 0.665625 0.275 0.6671875 0.27343768281249997 0.6703125 0.27343768281249997 0.671875 0.2718746328125 0.6734375 0.2718746328125 0.6734375 0.27031231718750004 0.6765625 0.2671876828125 0.6796875 0.2671876828125 0.6875 0.2593746328125 0.6875 0.25781231718750003 0.690625 0.2546876828125 0.690625 0.1828123171875 0.6890625 0.18125 0.6890625 0.17656231718749998 0.6875 0.175 0.6875 0.1703123171875 0.6859375 0.16875 0.6859375 0.1656246328125 0.684375 0.1640623171875 0.684375 0.1625 0.6828125 0.1625 0.6765625 0.15625 0.675 0.15625 0.6734375 0.1546876828125 0.671875 0.1546876828125 0.6671875 0.15 0.665625 0.15 0.659375 0.14375 0.65625 0.14375 0.6546875 0.1421876828125 0.653125 0.1421876828125 0.6484375 0.1375 0.6453125 0.1375 0.640625 0.1328123171875 0.6390625 0.1328123171875 0.6375 0.13125 0.6359375 0.13125 0.634375 0.1296876828125 0.615625 0.1296876828125 0.6140625 0.13125 0.609375 0.13125 0.603125 0.1375 0.6 0.1375
35 0.506945075 0.3000828453125 0.505382575 0.3016451609375 0.5038200749999999 0.3016451609375 0.500695075 0.304770528125 0.49913257499999997 0.304770528125 0.49757007499999995 0.3063328453125 0.496007575 0.3063328453125 0.496007575 0.373520528125 0.49757007499999995 0.373520528125 0.500695075 0.3766451609375 0.500695075 0.384457478125 0.502257575 0.386020528125 0.502257575 0.38914516093749996 0.505382575 0.39227052812499996 0.505382575 0.3938328453125 0.506945075 0.3953951609375 0.506945075 0.404770528125 0.508507575 0.4063328453125 0.508507575 0.40945747812500005 0.5116325749999999 0.4125828453125 0.5116325749999999 0.41414516093750003 0.514757575 0.417270528125 0.516320075 0.417270528125 0.517882575 0.4188328453125 0.5194450749999999 0.4188328453125 0.521007575 0.4203951609375 0.522570075 0.4203951609375 0.525695075 0.42352052812499996 0.528820075 0.42352052812499996 0.533507575 0.42820747812500004 0.5350700749999999 0.42820747812500004 0.536632575 0.429770528125 0.539757575 0.429770528125 0.544445075 0.434457478125 0.546007575 0.434457478125 0.547570075 0.436020528125 0.564757575 0.436020528125 0.571007575 0.429770528125 0.572570075 0.429770528125 0.577257575 0.4250828453125 0.578820075 0.4250828453125 0.5819450749999999 0.42195821093749997 0.583507575 0.42195821093749997 0.586632575 0.4188328453125 0.588195075 0.4188328453125 0.5897575749999999 0.417270528125 0.596007575 0.417270528125 0.5975700749999999 0.41570747812500003 0.600695075 0.41570747812500003 0.602257575 0.41414516093750003 0.603820075 0.41414516093750003 0.6053825749999999 0.4125828453125 0.606945075 0.4125828453125 0.608507575 0.411020528125 0.610070075 0.411020528125 0.611632575 0.40945747812500005 0.611632575 0.4078951609375 0.6131950749999999 0.4063328453125 0.614757575 0.4063328453125 0.617882575 0.403207478125 0.617882575 0.4016451609375 0.619445075 0.4000828453125 0.619445075 0.3813328453125 0.617882575 0.379770528125 0.617882575 0.3125828453125 0.616320075 0.311020528125 0.616320075 0.309457478125 0.614757575 0.30789516093749997 0.6131950749999999 0.30789516093749997 0.611632575 0.3063328453125 0.606945075 0.3063328453125 0.6053825749999999 0.304770528125 0.602257575 0.304770528125 0.5975700749999999 0.3000828453125 0.5704804296875 0.27948973593750004 0.5449387625 0.28047653906250003 0.5194450749999999 0.3000828453125 0.517882575 0.29852052812499996 0.514757575 0.29852052812499996 0.513195075 0.3000828453125 0.506945075 0.3000828453125
0 0.33125 0.13125 0.3296875 0.1328123171875 0.328125 0.1328123171875 0.325 0.13593768281250002 0.3234375 0.13593768281250002 0.321875 0.1375 0.3203125 0.1375 0.315625 0.1421876828125 0.3140625 0.1421876828125 0.3125 0.14375 0.3078125 0.14375 0.30625 0.14531231718749998 0.30625 0.1468746328125 0.3046875 0.1484376828125 0.303125 0.1484376828125 0.3015625 0.15 0.3 0.15 0.2984375 0.1515623171875 0.296875 0.1515623171875 0.2921875 0.15625 0.290625 0.15625 0.28125 0.1656246328125 0.28125 0.2593746328125 0.290625 0.26875 0.2921875 0.26875 0.29375 0.27031231718750004 0.29375 0.2718746328125 0.2953125 0.2718746328125 0.296875 0.27343768281249997 0.3015625 0.27343768281249997 0.303125 0.275 0.3046875 0.275 0.3078125 0.2781246328125 0.309375 0.2781246328125 0.3109375 0.2796876828125 0.3140625 0.2796876828125 0.31875 0.2843746328125 0.3203125 0.2843746328125 0.321875 0.2859376828125 0.325 0.2859376828125 0.3265625 0.2875 0.328125 0.2875 0.3328125 0.29218768281249996 0.3515625 0.29218768281249996 0.353125 0.2906246328125 0.3546875 0.2906246328125 0.3546875 0.28906231718750003 0.35625 0.2875 0.3578125 0.2875 0.359375 0.2859376828125 0.3609375 0.2859376828125 0.3625 0.2843746328125 0.3640625 0.2843746328125 0.3671875 0.28125 0.36875 0.28125 0.3703125 0.2796876828125 0.3734375 0.2796876828125 0.375 0.2781246328125 0.3765625 0.2781246328125 0.3796875 0.275 0.38125 0.275 0.3828125 0.27343768281249997 0.384375 0.27343768281249997 0.3859375 0.2718746328125 0.3859375 0.27031231718750004 0.390625 0.2656246328125 0.390625 0.2640623171875 0.3921875 0.2625 0.3921875 0.24531231718750002 0.39375 0.24375 0.39375 0.24218768281249997 0.396875 0.2390623171875 0.396875 0.2375 0.3984375 0.2359376828125 0.3984375 0.23125 0.4 0.2296876828125 0.4 0.2281246328125 0.403125 0.225 0.403125 0.22343768281249998 0.4046875 0.2218746328125 0.4046875 0.1703123171875 0.403125 0.16875 0.403125 0.16718768281250002 0.3921875 0.15625 0.3890625 0.15625 0.3828125 0.15 0.38125 0.15 0.3796875 0.1484376828125 0.378125 0.1484376828125 0.375 0.14531231718749998 0.3734375 0.14531231718749998 0.371875 0.14375 0.3703125 0.14375 0.3640625 0.1375 0.3609375 0.1375 0.359375 0.13593768281250002 0.3578125 0.13593768281250002 0.353125 0.13125 0.3515625 0.13125 0.35 0.1296876828125 0.3484375 0.1296876828125 0.346875 0.1281246328125 0.3390625 0.1281246328125 0.3375 0.1296876828125 0.334375 0.1296876828125 0.3328125 0.13125 0.33125 0.13125
17 0.5453125 0.5640623171875 0.5421875 0.5671876828125 0.540625 0.5671876828125 0.5390625 0.56875 0.534375 0.56875 0.5328125 0.5703123171875 0.53125 0.5703123171875 0.5265625 0.575 0.5234375 0.575 0.521875 0.5765623171875001 0.5203125 0.5765623171875001 0.51875 0.5781246328125 0.51875 0.5796876828124999 0.5171875 0.58125 0.5171875 0.5921876828125 0.51875 0.59375 0.51875 0.5968746328125001 0.525 0.6031246328125001 0.525 0.6156246328125 0.5296875 0.6203123171875 0.5296875 0.6218746328125 0.53125 0.6234376828125 0.53125 0.6296876828125 0.5328125 0.63125 0.5328125 0.6328123171875 0.53125 0.6343746328125001 0.53125 0.6359376828125 0.5265625 0.6406246328125 0.5265625 0.6421876828124999 0.525 0.64375 0.525 0.6468746328125 0.521875 0.65 0.503125 0.65 0.4984375 0.6453123171875 0.496875 0.6453123171875 0.4953125 0.64375 0.49375 0.6453123171875 0.4921875 0.6453123171875 0.490625 0.6468746328125 0.490625 0.6781246328125 0.49375 0.68125 0.49375 0.6828123171875 0.496875 0.6859376828125 0.4984375 0.6859376828125 0.503125 0.6906246328125001 0.5046875 0.6906246328125001 0.50625 0.6921876828125 0.509375 0.6921876828125 0.5140625 0.6968746328125001 0.515625 0.6968746328125001 0.5171875 0.6984376828125 0.5203125 0.6984376828125 0.521875 0.7 0.5234375 0.6984376828125 0.5328125 0.6984376828125 0.534375 0.6968746328125001 0.5359375 0.6968746328125001 0.5359375 0.6953123171875 0.5390625 0.6921876828125 0.5453125 0.6921876828125 0.546875 0.69375 0.5484375 0.69375 0.553125 0.6984376828125 0.5609375 0.6984376828125 0.565625 0.7031246328125 0.5671875 0.7031246328125 0.56875 0.7046876828124999 0.5703125 0.7046876828124999 0.571875 0.70625 0.578125 0.70625 0.5796875 0.7046876828124999 0.584375 0.7046876828124999 0.5859375 0.7031246328125 0.5875 0.7031246328125 0.5875 0.7015623171875001 0.5890625 0.7 0.5921875 0.7 0.59375 0.6984376828125 0.596875 0.6984376828125 0.5984375 0.6968746328125001 0.6 0.6968746328125001 0.603125 0.69375 0.6046875 0.69375 0.60625 0.6921876828125 0.609375 0.6921876828125 0.6109375 0.6906246328125001 0.6109375 0.6890623171875 0.6140625 0.6859376828125 0.615625 0.6859376828125 0.6171875 0.6843746328125 0.6171875 0.6203123171875 0.6125 0.6156246328125 0.6125 0.6140623171875 0.6109375 0.6125 0.6109375 0.6109376828124999 0.609375 0.6093746328125 0.609375 0.6078123171875001 0.6078125 0.6078123171875001 0.6 0.6 0.6 0.5984376828125 0.5984375 0.5968746328125001 0.5984375 0.5890623171875 0.59375 0.5843746328125 0.59375 0.5828123171875 0.5921875 0.58125 0.590625 0.58125 0.5890625 0.5796876828124999 0.5875 0.5796876828124999 0.584375 0.5765623171875001 0.5828125 0.5765623171875001 0.58125 0.575 0.578125 0.575 0.571875 0.56875 0.5703125 0.56875 0.5671875 0.5656246328125001 0.5671875 0.5640623171875 0.565625 0.5640623171875 0.5640625 0.5625 0.5609375 0.5625 0.559375 0.5609376828125 0.55625 0.5609376828125 0.5546875 0.5625 0.55 0.5625 0.5484375 0.5640623171875 0.5453125 0.5640623171875
34 0.6125 0.5593746328125 0.609375 0.5625 0.6078125 0.5625 0.60625 0.5640623171875 0.60625 0.6015623171875 0.6078125 0.6031246328125001 0.609375 0.6031246328125001 0.6109375 0.6046876828125 0.640625 0.6046876828125 0.6421875 0.6031246328125001 0.6421875 0.6015623171875 0.6453125 0.5984376828125 0.646875 0.5984376828125 0.646875 0.5734376828125 0.64375 0.5703123171875 0.64375 0.5671876828125 0.6421875 0.5656246328125001 0.6421875 0.5640623171875 0.6328125 0.5546876828125 0.6171875 0.5546876828125 0.615625 0.55625 0.6140625 0.55625 0.6125 0.5578123171875 0.6125 0.5593746328125
37 0.2546875 0.5781246328125 0.253125 0.5796876828124999 0.2515625 0.5796876828124999 0.25 0.58125 0.246875 0.58125 0.2453125 0.5828123171875 0.24375 0.5828123171875 0.240625 0.5859376828125 0.221875 0.5859376828125 0.215625 0.5921876828125 0.2140625 0.5921876828125 0.2125 0.59375 0.2109375 0.59375 0.209375 0.5953123171875 0.209375 0.6859376828125 0.2109375 0.6859376828125 0.215625 0.6906246328125001 0.2171875 0.6906246328125001 0.21875 0.6921876828125 0.221875 0.6921876828125 0.228125 0.6984376828125 0.2296875 0.6984376828125 0.23125 0.7 0.2328125 0.7 0.2375 0.7046876828124999 0.240625 0.7046876828124999 0.24375 0.7078123171875 0.24375 0.7093746328125 0.2453125 0.7093746328125 0.246875 0.7109376828125 0.2484375 0.7109376828125 0.253125 0.7156246328125 0.2546875 0.7156246328125 0.25625 0.7171876828125 0.2578125 0.7171876828125 0.259375 0.71875 0.2609375 0.71875 0.2625 0.7203123171875 0.2625 0.7218746328125001 0.28125 0.7218746328125001 0.284375 0.71875 0.2859375 0.71875 0.2875 0.7171876828125 0.290625 0.7171876828125 0.2953125 0.7125 0.296875 0.7125 0.2984375 0.7109376828125 0.3 0.7109376828125 0.3015625 0.7093746328125 0.303125 0.7093746328125 0.3078125 0.7046876828124999 0.309375 0.7046876828124999 0.309375 0.7031246328125 0.3109375 0.7015623171875001 0.3109375 0.6984376828125 0.3125 0.6968746328125001 0.3125 0.6828123171875 0.3109375 0.68125 0.3109375 0.6703123171875001 0.3125 0.66875 0.3125 0.6640623171875 0.3171875 0.6593746328125001 0.3171875 0.6578123171875 0.31875 0.65625 0.31875 0.6546876828125 0.325 0.6484376828125 0.3265625 0.6484376828125 0.3296875 0.6453123171875 0.3296875 0.6406246328125 0.3328125 0.6375 0.3328125 0.6 0.3296875 0.5968746328125001 0.3296875 0.5906246328125 0.325 0.5859376828125 0.3234375 0.5859376828125 0.3203125 0.5828123171875 0.31875 0.5828123171875 0.3171875 0.58125 0.3125 0.58125 0.3109375 0.5796876828124999 0.309375 0.5796876828124999 0.30625 0.5765623171875001 0.3046875 0.5765623171875001 0.303125 0.575 0.3015625 0.575 0.3 0.5734376828125 0.2984375 0.5734376828125 0.2953125 0.5703123171875 0.2921875 0.5703123171875 0.290625 0.56875 0.2859375 0.56875 0.2828125 0.5656246328125001 0.28125 0.5656246328125001 0.2796875 0.5640623171875 0.2640625 0.5640623171875 0.2625 0.5656246328125001 0.2609375 0.5656246328125001 0.2546875 0.5718746328125001 0.2546875 0.5781246328125
31 0.1828125 0.4109376828125 0.184375 0.4109376828125 0.190625 0.41718768281249996 0.215625 0.41718768281249996 0.2171875 0.41562463281250006 0.2171875 0.41406231718750003 0.2203125 0.4109376828125 0.221875 0.4109376828125 0.2234375 0.40937463281250003 0.2234375 0.38281231718750003 0.221875 0.38125 0.221875 0.3796876828125 0.2171875 0.375 0.2171875 0.3718746328125 0.2140625 0.36875 0.2125 0.36875 0.2109375 0.36718768281249997 0.2109375 0.3656246328125 0.209375 0.36406231718750004 0.19375 0.36406231718750004 0.1875 0.3703123171875 0.1875 0.3718746328125 0.1828125 0.3765623171875 0.1828125 0.4109376828125
36 0.25625 0.2781246328125 0.253125 0.28125 0.246875 0.28125 0.240625 0.2875 0.2390625 0.2875 0.2375 0.28906231718750003 0.2359375 0.28906231718750003 0.23125 0.29375 0.2296875 0.29375 0.2234375 0.3 0.221875 0.3 0.2171875 0.30468768281249997 0.215625 0.30468768281249997 0.2140625 0.30625 0.2140625 0.3718746328125 0.21875 0.3765623171875 0.21875 0.3796876828125 0.2203125 0.38125 0.2203125 0.3843746328125 0.221875 0.38593768281249996 0.221875 0.3875 0.2234375 0.3890623171875 0.2234375 0.3921876828125 0.225 0.39375 0.225 0.40312463281250005 0.2265625 0.4046876828125 0.228125 0.4046876828125 0.23125 0.4078123171875 0.23125 0.40937463281250003 0.234375 0.4125 0.2359375 0.4125 0.2375 0.41406231718750003 0.2375 0.41562463281250006 0.2390625 0.41562463281250006 0.240625 0.41718768281249996 0.246875 0.41718768281249996 0.25 0.4203123171875 0.25 0.42187536718749996 0.2515625 0.42187536718749996 0.253125 0.4234376828125 0.2546875 0.4234376828125 0.25625 0.425 0.2578125 0.425 0.2609375 0.4281246328125 0.2625 0.4281246328125 0.2640625 0.42968768281249997 0.2796875 0.42968768281249997 0.28125 0.4281246328125 0.2828125 0.4281246328125 0.2859375 0.425 0.2875 0.425 0.2890625 0.4234376828125 0.290625 0.4234376828125 0.2953125 0.41875 0.296875 0.41875 0.2984375 0.41718768281249996 0.303125 0.41718768281249996 0.309375 0.4109376828125 0.3125 0.4109376828125 0.315625 0.4078123171875 0.315625 0.40625 0.3171875 0.4046876828125 0.3171875 0.4 0.31875 0.39843768281249997 0.31875 0.39531231718750004 0.3234375 0.3906253671875 0.3234375 0.3781246328125 0.3296875 0.3718746328125 0.3296875 0.3703123171875 0.334375 0.3656246328125 0.334375 0.36406231718750004 0.3359375 0.3625 0.3359375 0.3578123171875 0.3375 0.35625 0.3375 0.3296876828125 0.3359375 0.3281246328125 0.3359375 0.3140623171875 0.334375 0.3125 0.334375 0.3109376828125 0.33125 0.3078123171875 0.3296875 0.3078123171875 0.328125 0.30625 0.3265625 0.30625 0.321875 0.30156231718750004 0.3203125 0.30156231718750004 0.31875 0.3 0.3171875 0.3 0.3125 0.2953123171875 0.3109375 0.2953123171875 0.309375 0.29375 0.3078125 0.29375 0.3015625 0.2875 0.3 0.2875 0.2984375 0.2859376828125 0.296875 0.2859376828125 0.2921875 0.28125 0.290625 0.28125 0.2890625 0.2796876828125 0.2875 0.2796876828125 0.284375 0.2765623171875 0.28125 0.2765623171875 0.2796875 0.275 0.2640625 0.275 0.2625 0.2765623171875 0.259375 0.2765623171875 0.2578125 0.2781246328125 0.25625 0.2781246328125
37 0.3234375 0.7140623171875 0.3203125 0.7171876828125 0.31875 0.7171876828125 0.315625 0.7203123171875 0.3125 0.7203123171875 0.3109375 0.71875 0.3078125 0.71875 0.30625 0.7203123171875 0.303125 0.7203123171875 0.3015625 0.7218746328125001 0.3 0.7218746328125001 0.2984375 0.7234376828125 0.296875 0.7234376828125 0.2953125 0.725 0.29375 0.725 0.2890625 0.7296876828125 0.2875 0.7296876828125 0.2859375 0.73125 0.284375 0.73125 0.2796875 0.7359376828124999 0.2796875 0.8234376828125001 0.28125 0.825 0.2828125 0.825 0.2875 0.8296876828125 0.2890625 0.8296876828125 0.290625 0.83125 0.2921875 0.83125 0.29375 0.8328123171874999 0.29375 0.8343746328125 0.2953125 0.8359376828125 0.296875 0.8359376828125 0.303125 0.8421876828125001 0.3046875 0.8421876828125001 0.30625 0.84375 0.3078125 0.84375 0.3125 0.8484376828125001 0.3140625 0.8484376828125001 0.3203125 0.8546876828125001 0.3234375 0.8546876828125001 0.328125 0.8593753671875 0.3296875 0.8593753671875 0.33125 0.8609376828125 0.3328125 0.8609376828125 0.334375 0.8625 0.3359375 0.8625 0.3375 0.8640623171874999 0.3484375 0.8640623171874999 0.35 0.8625 0.3515625 0.8625 0.353125 0.8609376828125 0.3546875 0.8609376828125 0.35625 0.8593753671875 0.3578125 0.8593753671875 0.3609375 0.85625 0.3625 0.85625 0.3640625 0.8546876828125001 0.365625 0.8546876828125001 0.371875 0.8484376828125001 0.375 0.8484376828125001 0.3765625 0.8468746328125001 0.378125 0.8468746328125001 0.3828125 0.8421876828125001 0.384375 0.8421876828125001 0.3859375 0.8406246328125 0.3875 0.8406246328125 0.3921875 0.8359376828125 0.39375 0.8359376828125 0.3953125 0.8343746328125 0.396875 0.8343746328125 0.4046875 0.8265623171875 0.4046875 0.8234376828125001 0.40625 0.8218746328125001 0.40625 0.8125 0.4078125 0.8109376828125001 0.4078125 0.7453123171875 0.40625 0.74375 0.40625 0.7390623171875 0.4046875 0.7375 0.4046875 0.7359376828124999 0.403125 0.7343746328125 0.403125 0.7328123171875001 0.4015625 0.7328123171875001 0.4 0.73125 0.396875 0.73125 0.3953125 0.7296876828125 0.39375 0.7296876828125 0.3921875 0.7281246328125001 0.3921875 0.7265623171875 0.390625 0.7265623171875 0.3875 0.7234376828125 0.3859375 0.7234376828125 0.38125 0.71875 0.378125 0.71875 0.3703125 0.7109376828125 0.36875 0.7109376828125 0.365625 0.7078123171875 0.359375 0.7078123171875 0.3578125 0.70625 0.3453125 0.70625 0.34375 0.7078123171875 0.3328125 0.7078123171875 0.3265625 0.7140623171875 0.3234375 0.7140623171875
37 0.6531919187499999 0.2953123171875 0.65006691875 0.2984376828125 0.64694191875 0.2984376828125 0.64069191875 0.30468768281249997 0.63912941875 0.30468768281249997 0.6375669187499999 0.30625 0.63600441875 0.30625 0.63287941875 0.3093746328125 0.63287941875 0.4 0.6375669187499999 0.4046876828125 0.63912941875 0.4046876828125 0.6453794187499999 0.4109376828125 0.64850441875 0.4109376828125 0.65006691875 0.4125 0.65162941875 0.4125 0.65475441875 0.41562463281250006 0.65631691875 0.41562463281250006 0.65787941875 0.41718768281249996 0.67037941875 0.41718768281249996 0.6766294187499999 0.4109376828125 0.69694191875 0.4109376828125 0.69850441875 0.4125 0.7000669187499999 0.4125 0.70162941875 0.41406231718750003 0.70319191875 0.41406231718750003 0.70475441875 0.41562463281250006 0.70631691875 0.41562463281250006 0.7078794187499999 0.41718768281249996 0.71256691875 0.41718768281249996 0.71412941875 0.41875 0.7156919187499999 0.41718768281249996 0.72194191875 0.41718768281249996 0.7235044187499999 0.41562463281250006 0.72506691875 0.41562463281250006 0.72819191875 0.4125 0.7313169187499999 0.4125 0.73287941875 0.4109376828125 0.74069191875 0.4109376828125 0.74225441875 0.40937463281250003 0.74381691875 0.40937463281250003 0.74537941875 0.4078123171875 0.7469419187499999 0.4078123171875 0.75006691875 0.4046876828125 0.75319191875 0.4046876828125 0.76100441875 0.3968746328125 0.76100441875 0.3125 0.75944191875 0.3109376828125 0.75944191875 0.3093746328125 0.7547544187499999 0.30468768281249997 0.7547544187499999 0.3031246328125 0.75319191875 0.30156231718750004 0.75162941875 0.30156231718750004 0.75006691875 0.3 0.74850441875 0.3 0.7469419187499999 0.2984376828125 0.74537941875 0.2984376828125 0.74069191875 0.29375 0.7391294187499999 0.29375 0.73756691875 0.29218768281249996 0.73600441875 0.29218768281249996 0.73287941875 0.28906231718750003 0.72975441875 0.28906231718750003 0.72819191875 0.2875 0.72662941875 0.2875 0.72506691875 0.2859376828125 0.7235044187499999 0.2859376828125 0.72194191875 0.2843746328125 0.695277146875 0.265991203125 0.66412941875 0.29375 0.65787941875 0.29375 0.65631691875 0.2953123171875 0.6531919187499999 0.2953123171875
17 0.6046875 0.70625 0.603125 0.7078123171875 0.6015625 0.7078123171875 0.596875 0.7125 0.5953125 0.7125 0.59375 0.7140623171875 0.59375 0.7156246328125 0.5875 0.7218746328125001 0.5875 0.7390623171875 0.58125 0.7453123171875 0.58125 0.7468746328125 0.578125 0.75 0.575 0.75 0.5734375 0.7515623171875 0.571875 0.7515623171875 0.565625 0.7578123171875 0.565625 0.8234376828125001 0.5703125 0.8281253671875 0.571875 0.8281253671875 0.5734375 0.8296876828125 0.5765625 0.8296876828125 0.5828125 0.8359376828125 0.5859375 0.8359376828125 0.5875 0.8375 0.5890625 0.8375 0.5921875 0.8406246328125 0.59375 0.8406246328125 0.5953125 0.8421876828125001 0.596875 0.8421876828125001 0.6015625 0.8468746328125001 0.603125 0.8468746328125001 0.6046875 0.8484376828125001 0.609375 0.8484376828125001 0.6109375 0.85 0.6125 0.85 0.61875 0.85625 0.6203125 0.85625 0.621875 0.8578123171875 0.628125 0.8578123171875 0.6296875 0.85625 0.6328125 0.85625 0.634375 0.8546876828125001 0.6359375 0.8546876828125001 0.6375 0.8531246328125001 0.6390625 0.8531246328125001 0.64375 0.8484376828125001 0.646875 0.8484376828125001 0.653125 0.8421876828125001 0.659375 0.8421876828125001 0.6609375 0.8406246328125 0.6625 0.8406246328125 0.665625 0.8375 0.6671875 0.8375 0.66875 0.8359376828125 0.671875 0.8359376828125 0.6734375 0.8343746328125 0.6734375 0.8328123171874999 0.6765625 0.8296876828125 0.6828125 0.8296876828125 0.6875 0.825 0.6890625 0.825 0.6921875 0.8218746328125001 0.6921875 0.7578123171875 0.684375 0.75 0.6828125 0.75 0.68125 0.7484376828125 0.6796875 0.7484376828125 0.678125 0.7468746328125 0.678125 0.7453123171875 0.6765625 0.7453123171875 0.675 0.74375 0.675 0.7421876828125 0.6734375 0.7406246328125 0.6734375 0.7328123171875001 0.671875 0.73125 0.671875 0.7281246328125001 0.6640625 0.7203123171875 0.6625 0.7203123171875 0.6609375 0.71875 0.65625 0.71875 0.653125 0.7156246328125 0.6515625 0.7156246328125 0.6484375 0.7125 0.6453125 0.7125 0.6390625 0.70625 0.6328125 0.70625 0.63125 0.7046876828124999 0.6265625 0.7046876828124999 0.625 0.7031246328125 0.6203125 0.7031246328125 0.61875 0.7046876828124999 0.6125 0.7046876828124999 0.6109375 0.70625 0.6046875 0.70625
37 0.4015625 0.5640623171875 0.396875 0.56875 0.3953125 0.56875 0.39375 0.5703123171875 0.390625 0.5703123171875 0.3875 0.5734376828125 0.3859375 0.5734376828125 0.384375 0.575 0.3796875 0.575 0.378125 0.5765623171875001 0.3765625 0.5765623171875001 0.3734375 0.5796876828124999 0.371875 0.5796876828124999 0.3703125 0.58125 0.365625 0.58125 0.3640625 0.5828123171875 0.3609375 0.5828123171875 0.3546875 0.5890623171875 0.3546875 0.5906246328125 0.353125 0.5921876828125 0.353125 0.6593746328125001 0.3546875 0.6609376828125 0.3546875 0.6625 0.35625 0.6640623171875 0.35625 0.6656246328125001 0.3640625 0.6734376828124999 0.3671875 0.6734376828124999 0.36875 0.675 0.3703125 0.675 0.3734375 0.6781246328125 0.3734375 0.6796876828125 0.375 0.68125 0.375 0.7031246328125 0.378125 0.70625 0.3796875 0.70625 0.3828125 0.7093746328125 0.384375 0.7093746328125 0.3859375 0.7109376828125 0.3890625 0.7109376828125 0.390625 0.7125 0.3921875 0.7125 0.396875 0.7171876828125 0.4 0.7171876828125 0.4015625 0.71875 0.403125 0.71875 0.40625 0.7218746328125001 0.41875 0.7218746328125001 0.421875 0.71875 0.4234375 0.71875 0.425 0.7171876828125 0.428125 0.7171876828125 0.434375 0.7109376828125 0.4375 0.7109376828125 0.4421875 0.70625 0.44375 0.70625 0.4453125 0.7046876828124999 0.4484375 0.7046876828124999 0.453125 0.7 0.45625 0.7 0.4578125 0.6984376828125 0.459375 0.6984376828125 0.4640625 0.69375 0.465625 0.69375 0.4671875 0.6921876828125 0.46875 0.6921876828125 0.4734375 0.6875 0.4734375 0.6859376828125 0.478125 0.68125 0.478125 0.6796876828125 0.4796875 0.6781246328125 0.4796875 0.61875 0.478125 0.6171876828125 0.478125 0.6156246328125 0.4765625 0.6156246328125 0.475 0.6140623171875 0.4734375 0.6140623171875 0.471875 0.6125 0.4640625 0.6125 0.4609375 0.6093746328125 0.4609375 0.6078123171875001 0.459375 0.60625 0.459375 0.6031246328125001 0.4546875 0.5984376828125 0.4546875 0.59375 0.453125 0.5921876828125 0.453125 0.5875 0.4484375 0.5828123171875 0.4484375 0.58125 0.446875 0.5796876828124999 0.446875 0.5781246328125 0.44375 0.575 0.440625 0.575 0.4359375 0.5703123171875 0.434375 0.5703123171875 0.4328125 0.56875 0.4296875 0.56875 0.428125 0.5671876828125 0.4265625 0.5671876828125 0.421875 0.5625 0.4171875 0.5625 0.415625 0.5609376828125 0.409375 0.5609376828125 0.4078125 0.5625 0.4046875 0.5625 0.403125 0.5640623171875 0.4015625 0.5640623171875
16 0.6484375 0.5531246328125 0.6484375 0.5515623171875 0.65 0.55 0.65 0.5 0.6484375 0.4984376828125 0.6484375 0.49687463281250005 0.646875 0.4953123171875 0.6 0.4953123171875 0.6 0.5531246328125 0.6015625 0.5546876828125 0.646875 0.5546876828125 0.6484375 0.5531246328125
35 0.471875 0.1328123171875 0.4671875 0.1375 0.4640625 0.1375 0.4578125 0.14375 0.453125 0.14375 0.4484375 0.1484376828125 0.446875 0.1484376828125 0.4453125 0.15 0.440625 0.15 0.434375 0.15625 0.43125 0.15625 0.4296875 0.1578123171875 0.428125 0.1578123171875 0.425 0.1609376828125 0.4234375 0.1609376828125 0.4234375 0.2281246328125 0.425 0.2296876828125 0.425 0.23437536718750002 0.4265625 0.2359376828125 0.428125 0.2359376828125 0.4296875 0.2375 0.4296875 0.2390623171875 0.43125 0.2406246328125 0.43125 0.2468746328125 0.4328125 0.24843768281249998 0.4328125 0.2515623171875 0.434375 0.2531246328125 0.434375 0.2546876828125 0.4359375 0.25625 0.4359375 0.25781231718750003 0.4375 0.2593746328125 0.4375 0.26875 0.4390625 0.27031231718750004 0.4390625 0.2718746328125 0.440625 0.27343768281249997 0.4421875 0.27343768281249997 0.44375 0.275 0.4453125 0.275 0.4484375 0.2781246328125 0.45 0.2781246328125 0.4515625 0.2796876828125 0.459375 0.2796876828125 0.4609375 0.28125 0.4640625 0.28125 0.465625 0.2828123171875 0.4875 0.2828123171875 0.4890625 0.28125 0.490625 0.28125 0.4921875 0.2796876828125 0.49375 0.2796876828125 0.4953125 0.2781246328125 0.496875 0.2781246328125 0.5 0.275 0.503125 0.275 0.5046875 0.27343768281249997 0.5140625 0.27343768281249997 0.515625 0.2718746328125 0.5171875 0.2718746328125 0.5203125 0.26875 0.521875 0.26875 0.5234375 0.2671876828125 0.525 0.2671876828125 0.5265625 0.2656246328125 0.528125 0.2656246328125 0.5296875 0.2640623171875 0.5296875 0.2593746328125 0.53125 0.25781231718750003 0.53125 0.25625 0.534375 0.2531246328125 0.534375 0.25 0.5359375 0.24843768281249998 0.5359375 0.24218768281249997 0.5375 0.2406246328125 0.5375 0.2390623171875 0.5421875 0.23437536718750002 0.5421875 0.2328123171875 0.546875 0.2281246328125 0.546875 0.22656231718750003 0.5484375 0.225 0.5484375 0.16875 0.546875 0.16718768281250002 0.546875 0.1640623171875 0.5453125 0.1640623171875 0.5421875 0.1609376828125 0.5421875 0.1593746328125 0.5390625 0.15625 0.5359375 0.15625 0.53125 0.1515623171875 0.5296875 0.1515623171875 0.528125 0.15 0.5265625 0.15 0.525 0.1484376828125 0.5234375 0.1484376828125 0.5203125 0.14531231718749998 0.51875 0.14531231718749998 0.5171875 0.14375 0.515625 0.14375 0.509375 0.1375 0.5078125 0.1375 0.503125 0.1328123171875 0.5015625 0.1328123171875 0.5 0.13125 0.496875 0.13125 0.4953125 0.1296876828125 0.49375 0.13125 0.4890625 0.13125 0.4875 0.1296876828125 0.4859375 0.1296876828125 0.484375 0.1281246328125 0.4828125 0.1281246328125 0.4796875 0.13125 0.4765625 0.13125 0.475 0.1328123171875 0.471875 0.1328123171875
36 0.684375 0.5640623171875 0.68125 0.5671876828125 0.6796875 0.5671876828125 0.678125 0.56875 0.6765625 0.56875 0.671875 0.5734376828125 0.6703125 0.5734376828125 0.6671875 0.5765623171875001 0.665625 0.5765623171875001 0.6640625 0.5781246328125 0.6625 0.5781246328125 0.6609375 0.5796876828124999 0.6578125 0.5796876828124999 0.6515625 0.5859376828125 0.6515625 0.5875 0.65 0.5890623171875 0.65 0.5968746328125001 0.640625 0.60625 0.6390625 0.60625 0.6375 0.6078123171875001 0.6375 0.6125 0.6359375 0.6140623171875 0.6359375 0.68125 0.640625 0.6859376828125 0.6421875 0.6859376828125 0.646875 0.6906246328125001 0.65 0.6906246328125001 0.6515625 0.6921876828125 0.65625 0.6921876828125 0.6578125 0.69375 0.659375 0.69375 0.6640625 0.6984376828125 0.6703125 0.6984376828125 0.671875 0.7 0.6765625 0.7 0.678125 0.6984376828125 0.6875 0.6984376828125 0.6890625 0.6968746328125001 0.69375 0.6968746328125001 0.6953125 0.6953123171875 0.696875 0.6953123171875 0.6984375 0.6968746328125001 0.7046875 0.6968746328125001 0.70625 0.6984376828125 0.7109375 0.6984376828125 0.7140625 0.7015623171875001 0.715625 0.7015623171875001 0.7171875 0.7031246328125 0.7234375 0.7031246328125 0.725 0.7015623171875001 0.7265625 0.7015623171875001 0.728125 0.7 0.7296875 0.7 0.73125 0.6984376828125 0.734375 0.6984376828125 0.740625 0.6921876828125 0.7421875 0.6921876828125 0.74375 0.6906246328125001 0.7453125 0.6906246328125001 0.75 0.6859376828125 0.7515625 0.6859376828125 0.7578125 0.6796876828125 0.7578125 0.6781246328125 0.759375 0.6765623171875 0.759375 0.6125 0.753125 0.60625 0.7515625 0.60625 0.7484375 0.6031246328125001 0.7484375 0.6 0.74375 0.5953123171875 0.74375 0.59375 0.7421875 0.5921876828125 0.7421875 0.5828123171875 0.740625 0.58125 0.740625 0.5796876828124999 0.7390625 0.5796876828124999 0.7375 0.5781246328125 0.7359375 0.5781246328125 0.734375 0.5765623171875001 0.7328125 0.5765623171875001 0.73125 0.575 0.7296875 0.575 0.728125 0.5734376828125 0.7265625 0.5734376828125 0.7234375 0.5703123171875 0.721875 0.5703123171875 0.7203125 0.56875 0.715625 0.56875 0.7140625 0.5671876828125 0.7125 0.5671876828125 0.709375 0.5640623171875 0.70625 0.5640623171875 0.7046875 0.5625 0.6984375 0.5625 0.696875 0.5609376828125 0.6953125 0.5609376828125 0.69375 0.5625 0.6875 0.5625 0.6859375 0.5640623171875 0.684375 0.5640623171875
35 0.4671875 0.7093746328125 0.46875 0.7109376828125 0.4734375 0.7109376828125 0.475 0.7125 0.4765625 0.7125 0.478125 0.7140623171875 0.478125 0.7156246328125 0.4765625 0.7171876828125 0.471875 0.7171876828125 0.4703125 0.71875 0.46875 0.71875 0.4640625 0.7234376828125 0.446875 0.7234376828125 0.4453125 0.725 0.4390625 0.725 0.4375 0.7265623171875 0.4359375 0.7265623171875 0.434375 0.7281246328125001 0.4328125 0.7281246328125001 0.428125 0.7328123171875001 0.4265625 0.7328123171875001 0.421875 0.7375 0.421875 0.8234376828125001 0.425 0.8265623171875 0.425 0.8281253671875 0.4265625 0.8281253671875 0.428125 0.8296876828125 0.4296875 0.8296876828125 0.43125 0.83125 0.4328125 0.83125 0.4359375 0.8343746328125 0.4375 0.8343746328125 0.4390625 0.8359376828125 0.440625 0.8359376828125 0.4453125 0.8406246328125 0.446875 0.8406246328125 0.4484375 0.8421876828125001 0.45 0.8421876828125001 0.4515625 0.84375 0.453125 0.84375 0.45625 0.8468746328125001 0.4609375 0.8468746328125001 0.4640625 0.84375 0.465625 0.84375 0.4671875 0.8421876828125001 0.475 0.8421876828125001 0.4765625 0.8406246328125 0.4796875 0.8406246328125 0.4828125 0.8375 0.484375 0.8375 0.4859375 0.8390623171874999 0.4875 0.8390623171874999 0.4890625 0.8406246328125 0.4953125 0.8406246328125 0.496875 0.8421876828125001 0.509375 0.8421876828125001 0.5109375 0.8406246328125 0.5140625 0.8406246328125 0.515625 0.8390623171874999 0.5171875 0.8390623171874999 0.5203125 0.8359376828125 0.528125 0.8359376828125 0.534375 0.8296876828125 0.5390625 0.8296876828125 0.5421875 0.8265623171875 0.5421875 0.825 0.54375 0.8234376828125001 0.5453125 0.8234376828125001 0.5453125 0.75625 0.54375 0.75625 0.5390625 0.7515623171875 0.5375 0.7515623171875 0.5359375 0.75 0.534375 0.75 0.5296875 0.7453123171875 0.5296875 0.74375 0.528125 0.7421876828125 0.528125 0.7406246328125 0.525 0.7375 0.525 0.7359376828124999 0.5234375 0.7343746328125 0.5234375 0.73125 0.521875 0.7296876828125 0.521875 0.7265623171875 0.5203125 0.7265623171875 0.51875 0.725 0.51875 0.7234376828125 0.509375 0.7140623171875 0.5078125 0.7140623171875 0.50625 0.7125 0.5046875 0.7125 0.5015625 0.7093746328125 0.5 0.7093746328125 0.4984375 0.7078123171875 0.496875 0.7078123171875 0.49375 0.7046876828124999 0.4921875 0.7046876828124999 0.4890625 0.7015623171875001 0.4859375 0.7015623171875001 0.484375 0.7 0.4765625 0.7 0.475 0.7015623171875001 0.4734375 0.7015623171875001 0.4671875 0.7078123171875 0.4671875 0.7093746328125
0 0.1765625 0.425 0.175 0.42656231718750004 0.171875 0.42656231718750004 0.1671875 0.43125 0.1640625 0.43125 0.1578125 0.4375 0.1546875 0.4375 0.153125 0.4390623171875 0.1515625 0.4390623171875 0.1515625 0.44062463281250003 0.15 0.4421876828125 0.1484375 0.4421876828125 0.14375 0.44687463281250006 0.14375 0.44843768281249996 0.1421875 0.45 0.1421875 0.4515623171875 0.140625 0.45312536718749996 0.140625 0.4546876828125 0.1390625 0.45625 0.1390625 0.5421876828125 0.140625 0.5421876828125 0.146875 0.5484376828124999 0.1484375 0.5484376828124999 0.153125 0.5531246328125 0.1546875 0.5531246328125 0.15625 0.5546876828125 0.1578125 0.5546876828125 0.159375 0.55625 0.1609375 0.55625 0.1625 0.5578123171875 0.1625 0.5593746328125 0.1640625 0.5593746328125 0.165625 0.5609376828125 0.1671875 0.5609376828125 0.1703125 0.5640623171875 0.171875 0.5640623171875 0.175 0.5671876828125 0.178125 0.5671876828125 0.18125 0.5703123171875 0.18125 0.5718746328125001 0.1828125 0.5718746328125001 0.184375 0.5734376828125 0.1859375 0.5734376828125 0.1875 0.575 0.1890625 0.575 0.1921875 0.5781246328125 0.19375 0.5781246328125 0.1953125 0.5796876828124999 0.2078125 0.5796876828124999 0.209375 0.5781246328125 0.2109375 0.5781246328125 0.2140625 0.575 0.215625 0.575 0.2171875 0.5734376828125 0.2203125 0.5734376828125 0.221875 0.5718746328125001 0.2234375 0.5718746328125001 0.228125 0.5671876828125 0.2296875 0.5671876828125 0.234375 0.5625 0.2359375 0.5625 0.2375 0.5609376828125 0.240625 0.5609376828125 0.2421875 0.5593746328125 0.2421875 0.5578123171875 0.246875 0.5531246328125 0.246875 0.5515623171875 0.2484375 0.55 0.2484375 0.5265623171875 0.25 0.525 0.25 0.5218746328125 0.253125 0.51875 0.253125 0.5171876828124999 0.2546875 0.5156246328125 0.2546875 0.5140623171875001 0.259375 0.5093746328125001 0.259375 0.5078123171875 0.2609375 0.50625 0.2609375 0.45781231718750004 0.259375 0.45625 0.259375 0.45312536718749996 0.25625 0.45 0.25625 0.44843768281249996 0.2515625 0.44375 0.25 0.44375 0.2484375 0.4421876828125 0.246875 0.4421876828125 0.2453125 0.44062463281250003 0.24375 0.44062463281250003 0.2421875 0.4390623171875 0.2390625 0.4390623171875 0.2375 0.4375 0.2359375 0.4375 0.2328125 0.43437463281250005 0.23125 0.43437463281250005 0.228125 0.43125 0.225 0.43125 0.2234375 0.42968768281249997 0.2203125 0.42968768281249997 0.21875 0.4281246328125 0.2171875 0.4281246328125 0.215625 0.42656231718750004 0.2125 0.42656231718750004 0.2109375 0.425 0.2109375 0.4234376828125 0.2078125 0.4203123171875 0.184375 0.4203123171875 0.18125 0.4234376828125 0.1796875 0.4234376828125 0.178125 0.425 0.1765625 0.425
34 0.68125 0.7015623171875001 0.68125 0.7031246328125 0.6765625 0.7078123171875 0.6765625 0.7421876828125 0.6828125 0.7484376828125 0.7140625 0.7484376828125 0.7171875 0.7453123171875 0.7171875 0.7109376828125 0.715625 0.7093746328125 0.715625 0.7078123171875 0.7046875 0.6968746328125001 0.7046875 0.6953123171875 0.6875 0.6953123171875 0.6875 0.6968746328125001 0.684375 0.7 0.6828125 0.7 0.68125 0.7015623171875001
35 0.384375 0.2843746328125 0.3765625 0.29218768281249996 0.375 0.29218768281249996 0.3734375 0.29375 0.3703125 0.29375 0.36875 0.2953123171875 0.3671875 0.2953123171875 0.3625 0.3 0.3609375 0.3 0.3515625 0.3093746328125 0.3515625 0.3109376828125 0.35 0.3125 0.35 0.3656246328125 0.3515625 0.36718768281249997 0.3515625 0.36875 0.3578125 0.375 0.359375 0.375 0.3609375 0.3765623171875 0.3609375 0.3796876828125 0.3625 0.38125 0.3625 0.3968746328125 0.3640625 0.39843768281249997 0.3640625 0.4 0.36875 0.4046876828125 0.36875 0.4078123171875 0.371875 0.4109376828125 0.3734375 0.4109376828125 0.375 0.4125 0.3765625 0.4125 0.3796875 0.41562463281250006 0.38125 0.41562463281250006 0.3828125 0.41718768281249996 0.3890625 0.41718768281249996 0.390625 0.41875 0.3921875 0.41875 0.39375 0.4203123171875 0.3953125 0.4203123171875 0.3984375 0.4234376828125 0.4 0.4234376828125 0.4015625 0.425 0.403125 0.425 0.4078125 0.42968768281249997 0.4109375 0.42968768281249997 0.4125 0.43125 0.421875 0.43125 0.4234375 0.42968768281249997 0.428125 0.42968768281249997 0.4296875 0.4281246328125 0.43125 0.4281246328125 0.434375 0.425 0.4359375 0.425 0.4375 0.4234376828125 0.440625 0.4234376828125 0.4421875 0.42187536718749996 0.44375 0.42187536718749996 0.446875 0.41875 0.4484375 0.41875 0.45 0.41718768281249996 0.4515625 0.41718768281249996 0.45625 0.4125 0.45625 0.4109376828125 0.459375 0.4078123171875 0.459375 0.40625 0.4609375 0.4046876828125 0.4609375 0.39531231718750004 0.4625 0.39375 0.4625 0.3921876828125 0.4640625 0.3906253671875 0.4640625 0.3890623171875 0.465625 0.3875 0.465625 0.38593768281249996 0.4671875 0.3843746328125 0.4671875 0.3781246328125 0.4734375 0.3718746328125 0.4734375 0.36406231718750004 0.475 0.3625 0.475 0.3171876828125 0.4734375 0.3156246328125 0.4734375 0.3093746328125 0.4703125 0.30625 0.46875 0.30625 0.4625 0.3 0.459375 0.3 0.453125 0.29375 0.45 0.29375 0.4484375 0.29218768281249996 0.446875 0.29218768281249996 0.4421875 0.2875 0.4390625 0.2875 0.4375 0.2859376828125 0.4359375 0.2859376828125 0.434375 0.2843746328125 0.425 0.2843746328125 0.4234375 0.2828123171875 0.41875 0.2828123171875 0.4171875 0.28125 0.39375 0.28125 0.3921875 0.2828123171875 0.3890625 0.2828123171875 0.3875 0.2843746328125 0.384375 0.2843746328125
36 0.7546875 0.4203123171875 0.7515625 0.4234376828125 0.75 0.4234376828125 0.7484375 0.425 0.746875 0.425 0.7453125 0.42656231718750004 0.74375 0.42656231718750004 0.740625 0.42968768281249997 0.7390625 0.42968768281249997 0.7375 0.43125 0.7359375 0.43125 0.7265625 0.44062463281250003 0.7265625 0.4421876828125 0.725 0.44375 0.725 0.4546876828125 0.715625 0.4640623171875 0.7140625 0.4640623171875 0.709375 0.46875 0.7078125 0.46875 0.70625 0.4703123171875 0.7046875 0.4703123171875 0.7046875 0.47187463281250003 0.703125 0.4734376828125 0.703125 0.5281246328125 0.7046875 0.5296876828125 0.7046875 0.5359376828125 0.70625 0.5375 0.70625 0.5406246328125001 0.7078125 0.5421876828125 0.709375 0.5421876828125 0.7125 0.5453123171875001 0.7125 0.5468746328125 0.7140625 0.5484376828124999 0.715625 0.5484376828124999 0.7203125 0.5531246328125 0.721875 0.5531246328125 0.7234375 0.5546876828125 0.725 0.5546876828125 0.7265625 0.55625 0.728125 0.55625 0.7328125 0.5609376828125 0.7359375 0.5609376828125 0.7375 0.5625 0.74375 0.5625 0.7453125 0.5609376828125 0.746875 0.5609376828125 0.7515625 0.55625 0.753125 0.55625 0.7546875 0.5546876828125 0.7828125 0.5546876828125 0.784375 0.55625 0.7921875 0.55625 0.79375 0.5546876828125 0.8 0.5546876828125 0.8015625 0.5531246328125 0.803125 0.5531246328125 0.80625 0.55 0.8078125 0.55 0.809375 0.5484376828124999 0.8140625 0.5484376828124999 0.8203125 0.5421876828125 0.821875 0.5421876828125 0.8265625 0.5375 0.8265625 0.4546876828125 0.825 0.45312536718749996 0.825 0.4515623171875 0.8171875 0.44375 0.8140625 0.44375 0.8125 0.4421876828125 0.8109375 0.4421876828125 0.8078125 0.4390623171875 0.80625 0.4390623171875 0.8046875 0.4375 0.8015625 0.4375 0.7953125 0.43125 0.79375 0.43125 0.7921875 0.42968768281249997 0.790625 0.42968768281249997 0.7875 0.42656231718750004 0.7859375 0.42656231718750004 0.784375 0.425 0.7828125 0.425 0.78125 0.4234376828125 0.7796875 0.4234376828125 0.7765625 0.4203123171875 0.775 0.4203123171875 0.7734375 0.41875 0.7671875 0.41875 0.765625 0.41718768281249996 0.7625 0.41718768281249996 0.7609375 0.41875 0.7578125 0.41875 0.75625 0.4203123171875 0.7546875 0.4203123171875
36 0.465625 0.4281246328125 0.4640625 0.42968768281249997 0.4609375 0.42968768281249997 0.459375 0.43125 0.4546875 0.43125 0.453125 0.4328123171875 0.4515625 0.4328123171875 0.4484375 0.4359376828125 0.446875 0.4359376828125 0.44375 0.4390623171875 0.4421875 0.4390623171875 0.4421875 0.44062463281250003 0.440625 0.4421876828125 0.4390625 0.4421876828125 0.4375 0.44375 0.434375 0.44375 0.428125 0.45 0.4265625 0.45 0.4265625 0.4515623171875 0.425 0.45312536718749996 0.425 0.4671876828125 0.4234375 0.46875 0.4234375 0.5359376828125 0.43125 0.54375 0.4328125 0.54375 0.4359375 0.5468746328125 0.4375 0.5468746328125 0.4390625 0.5484376828124999 0.44375 0.5484376828124999 0.4453125 0.55 0.446875 0.55 0.4515625 0.5546876828125 0.465625 0.5546876828125 0.4671875 0.5531246328125 0.4796875 0.5531246328125 0.48125 0.5546876828125 0.4890625 0.5546876828125 0.4953125 0.5609376828125 0.5078125 0.5609376828125 0.5140625 0.5546876828125 0.51875 0.5546876828125 0.5203125 0.5531246328125 0.521875 0.5531246328125 0.5265625 0.5484376828124999 0.5296875 0.5484376828124999 0.534375 0.54375 0.5359375 0.54375 0.5375 0.5421876828125 0.5390625 0.5421876828125 0.5453125 0.5359376828125 0.546875 0.5359376828125 0.5484375 0.5343746328125001 0.5484375 0.5281246328125 0.55 0.5265623171875 0.55 0.4640623171875 0.5484375 0.4625 0.5484375 0.45781231718750004 0.546875 0.45625 0.546875 0.4546876828125 0.5421875 0.45 0.540625 0.45 0.5359375 0.44531231718750003 0.534375 0.44531231718750003 0.5328125 0.44375 0.5296875 0.44375 0.528125 0.4421876828125 0.5265625 0.4421876828125 0.525 0.44062463281250003 0.525 0.4390623171875 0.5234375 0.4390623171875 0.521875 0.4375 0.5203125 0.4375 0.5140625 0.43125 0.5125 0.43125 0.5109375 0.42968768281249997 0.509375 0.42968768281249997 0.50625 0.42656231718750004 0.5046875 0.42656231718750004 0.503125 0.425 0.5015625 0.425 0.5 0.42656231718750004 0.48125 0.42656231718750004 0.4796875 0.4281246328125 0.465625 0.4281246328125
0 0.3203125 0.42656231718750004 0.3171875 0.42968768281249997 0.315625 0.42968768281249997 0.3140625 0.43125 0.3109375 0.43125 0.3078125 0.43437463281250005 0.30625 0.43437463281250005 0.303125 0.4375 0.3 0.4375 0.296875 0.44062463281250003 0.2953125 0.44062463281250003 0.2921875 0.44375 0.2890625 0.44375 0.2875 0.44531231718750003 0.2859375 0.44531231718750003 0.2859375 0.44687463281250006 0.284375 0.44843768281249996 0.284375 0.5093746328125001 0.2859375 0.5109376828125 0.2859375 0.5125 0.2875 0.5140623171875001 0.2875 0.5156246328125 0.2890625 0.5171876828124999 0.2890625 0.51875 0.290625 0.51875 0.2921875 0.5203123171875 0.2921875 0.525 0.29375 0.5265623171875 0.29375 0.5406246328125001 0.2984375 0.5453123171875001 0.2984375 0.5468746328125 0.30625 0.5546876828125 0.3078125 0.5546876828125 0.3125 0.5593746328125 0.3140625 0.5593746328125 0.315625 0.5609376828125 0.3203125 0.5609376828125 0.3265625 0.5671876828125 0.328125 0.5671876828125 0.3328125 0.5718746328125001 0.334375 0.5718746328125001 0.3359375 0.5734376828125 0.35 0.5734376828125 0.3515625 0.5718746328125001 0.353125 0.5718746328125001 0.3546875 0.5703123171875 0.3546875 0.56875 0.35625 0.5671876828125 0.3578125 0.5671876828125 0.3625 0.5625 0.3640625 0.5625 0.3703125 0.55625 0.371875 0.55625 0.3734375 0.5546876828125 0.3765625 0.5546876828125 0.378125 0.5531246328125 0.3796875 0.5531246328125 0.38125 0.5515623171875 0.3828125 0.5515623171875 0.384375 0.55 0.3859375 0.55 0.3875 0.5484376828124999 0.390625 0.5484376828124999 0.396875 0.5421876828125 0.3984375 0.5421876828125 0.403125 0.5375 0.403125 0.5359376828125 0.4046875 0.5343746328125001 0.4046875 0.4640623171875 0.403125 0.4625 0.403125 0.45781231718750004 0.4 0.4546876828125 0.4 0.4515623171875 0.3984375 0.45 0.3984375 0.44843768281249996 0.39375 0.44375 0.390625 0.44375 0.3890625 0.4421876828125 0.3875 0.4421876828125 0.384375 0.4390623171875 0.3828125 0.4390623171875 0.38125 0.4375 0.378125 0.4375 0.371875 0.43125 0.365625 0.43125 0.3640625 0.42968768281249997 0.3625 0.42968768281249997 0.359375 0.42656231718750004 0.3578125 0.42656231718750004 0.35625 0.425 0.353125 0.425 0.3515625 0.4234376828125 0.35 0.4234376828125 0.3484375 0.42187536718749996 0.346875 0.42187536718749996 0.3453125 0.4203123171875 0.3296875 0.4203123171875 0.3265625 0.4234376828125 0.325 0.4234376828125 0.321875 0.42656231718750004 0.3203125 0.42656231718750004
32 0.75 0.5625 0.75 0.56875 0.7484375 0.5703123171875 0.7484375 0.6 0.75 0.6015623171875 0.75 0.6031246328125001 0.7515625 0.6046876828125 0.7796875 0.6046876828125 0.78125 0.6031246328125001 0.7828125 0.6031246328125001 0.784375 0.6015623171875 0.784375 0.6 0.7859375 0.5984376828125 0.7859375 0.5640623171875 0.7796875 0.5578123171875 0.7796875 0.5546876828125 0.753125 0.5546876828125 0.753125 0.5578123171875 0.7515625 0.5593746328125 0.7515625 0.5609376828125 0.75 0.5625
15 0.509375 0.8375 0.509375 0.78125 0.50625 0.78125 0.5046875 0.7796876828125 0.459375 0.7796876828125 0.459375 0.8406246328125 0.5046875 0.8406246328125 0.5078125 0.8375 0.509375 0.8375
8 0.4796875 0.5531246328125 0.48125 0.5546876828125 0.4890625 0.5546876828125 0.490625 0.55625 0.4984375 0.55625 0.5 0.5546876828125 0.509375 0.5546876828125 0.5109375 0.5531246328125 0.5109375 0.5 0.5078125 0.49687463281250005 0.459375 0.49687463281250005 0.459375 0.5546876828125 0.4671875 0.5546876828125 0.46875 0.5531246328125 0.4796875 0.5531246328125
3 0.66875 0.45312536718749996 0.675 0.4593746328125 0.675 0.46562463281250005 0.6765625 0.4671876828125 0.709375 0.4671876828125 0.7109375 0.46562463281250005 0.7125 0.46562463281250005 0.7171875 0.46093768281249997 0.7203125 0.46093768281249997 0.7234375 0.45781231718750004 0.7234375 0.4390623171875 0.721875 0.4375 0.7171875 0.4375 0.715625 0.4359376828125 0.7140625 0.4359376828125 0.709375 0.43125 0.7078125 0.43125 0.7046875 0.4281246328125 0.7046875 0.425 0.7015625 0.42187536718749996 0.7015625 0.4203123171875 0.6984375 0.41718768281249996 0.6984375 0.41562463281250006 0.6921875 0.40937463281250003 0.68125 0.40937463281250003 0.678125 0.4125 0.6765625 0.4125 0.66875 0.4203123171875 0.66875 0.45312536718749996
31 0.3296875 0.3718746328125 0.328125 0.3734376828125 0.3265625 0.3734376828125 0.3265625 0.375 0.325 0.3765623171875 0.325 0.3843746328125 0.3234375 0.38593768281249996 0.3234375 0.4109376828125 0.328125 0.41562463281250006 0.3296875 0.41562463281250006 0.33125 0.41718768281249996 0.353125 0.41718768281249996 0.3546875 0.41562463281250006 0.35625 0.41562463281250006 0.359375 0.4125 0.359375 0.4109376828125 0.3609375 0.40937463281250003 0.3609375 0.3765623171875 0.359375 0.375 0.359375 0.3734376828125 0.3546875 0.36875 0.3546875 0.36718768281249997 0.3515625 0.36406231718750004 0.334375 0.36406231718750004 0.33125 0.36718768281249997 0.33125 0.36875 0.3296875 0.3703123171875 0.3296875 0.3718746328125
31 0.25625 0.5140623171875001 0.25625 0.5171876828124999 0.2546875 0.51875 0.2546875 0.5546876828125 0.25625 0.5546876828125 0.2609375 0.5593746328125 0.2859375 0.5593746328125 0.2859375 0.5578123171875 0.2890625 0.5546876828125 0.290625 0.5546876828125 0.2921875 0.5531246328125 0.2921875 0.5218746328125 0.2859375 0.5156246328125 0.2859375 0.5140623171875001 0.2796875 0.5078123171875 0.2625 0.5078123171875 0.2625 0.5093746328125001 0.259375 0.5125 0.2578125 0.5125 0.25625 0.5140623171875001
25 0.365625 0.4281246328125 0.3671875 0.4281246328125 0.36875 0.42968768281249997 0.3703125 0.42968768281249997 0.3765625 0.4359376828125 0.378125 0.4359376828125 0.3796875 0.4375 0.38125 0.4375 0.3828125 0.4390623171875 0.3828125 0.44062463281250003 0.384375 0.44062463281250003 0.3859375 0.4421876828125 0.3890625 0.4421876828125 0.3953125 0.44843768281249996 0.409375 0.44843768281249996 0.4109375 0.44687463281250006 0.4109375 0.4359376828125 0.409375 0.43437463281250005 0.409375 0.4328123171875 0.4078125 0.4328123171875 0.4015625 0.42656231718750004 0.4 0.42656231718750004 0.3984375 0.425 0.3953125 0.425 0.3921875 0.42187536718749996 0.3921875 0.4203123171875 0.390625 0.41875 0.3890625 0.41875 0.3875 0.41718768281249996 0.3859375 0.41718768281249996 0.384375 0.41562463281250006 0.384375 0.41406231718750003 0.3828125 0.41406231718750003 0.378125 0.40937463281250003 0.3578125 0.40937463281250003 0.3578125 0.41875 0.3625 0.4234376828125 0.3625 0.425 0.365625 0.4281246328125
25 0.3828125 0.55 0.38125 0.5515623171875 0.3796875 0.5515623171875 0.3765625 0.5546876828125 0.375 0.5546876828125 0.3734375 0.55625 0.3703125 0.55625 0.36875 0.5578123171875 0.36875 0.5593746328125 0.365625 0.5625 0.3640625 0.5625 0.3578125 0.56875 0.353125 0.56875 0.35 0.5718746328125001 0.35 0.5734376828125 0.3484375 0.575 0.3484375 0.5906246328125 0.3609375 0.5906246328125 0.3609375 0.5890623171875 0.3625 0.5875 0.3640625 0.5875 0.3671875 0.5843746328125 0.36875 0.5843746328125 0.36875 0.5828123171875 0.3703125 0.58125 0.371875 0.58125 0.3734375 0.5796876828124999 0.375 0.5796876828124999 0.3765625 0.5781246328125 0.378125 0.5781246328125 0.3828125 0.5734376828125 0.384375 0.5734376828125 0.390625 0.5671876828125 0.39375 0.5671876828125 0.3953125 0.5656246328125001 0.396875 0.5656246328125001 0.4015625 0.5609376828125 0.403125 0.5609376828125 0.4046875 0.5593746328125 0.4046875 0.5578123171875 0.40625 0.55625 0.4078125 0.55625 0.4109375 0.5531246328125 0.4125 0.5531246328125 0.4125 0.5421876828125 0.39375 0.5421876828125 0.3921875 0.54375 0.390625 0.54375 0.384375 0.55 0.3828125 0.55
28 0.53125 0.5468746328125 0.528125 0.55 0.525 0.55 0.5234375 0.5515623171875 0.521875 0.5515623171875 0.51875 0.5546876828125 0.5171875 0.5546876828125 0.515625 0.55625 0.5140625 0.55625 0.5125 0.5578123171875 0.5125 0.5593746328125 0.509375 0.5625 0.50625 0.5625 0.5046875 0.5640623171875 0.503125 0.5640623171875 0.5 0.5671876828125 0.5 0.5765623171875001 0.5015625 0.5781246328125 0.5046875 0.5781246328125 0.50625 0.5796876828124999 0.521875 0.5796876828124999 0.5234375 0.5781246328125 0.5234375 0.5765623171875001 0.5265625 0.5734376828125 0.528125 0.5734376828125 0.5296875 0.5718746328125001 0.5296875 0.5703123171875 0.5328125 0.5671876828125 0.534375 0.5671876828125 0.5359375 0.5656246328125001 0.5375 0.5656246328125001 0.540625 0.5625 0.5421875 0.5625 0.54375 0.5609376828125 0.546875 0.5609376828125 0.5484375 0.5593746328125 0.5484375 0.5578123171875 0.5515625 0.5546876828125 0.553125 0.5546876828125 0.553125 0.5406246328125001 0.5375 0.5406246328125001 0.534375 0.54375 0.5328125 0.54375 0.53125 0.5453123171875001 0.53125 0.5468746328125
26 0.6703125 0.83125 0.66875 0.8328123171874999 0.6671875 0.8328123171874999 0.6671875 0.8343746328125 0.665625 0.8359376828125 0.6640625 0.8359376828125 0.6625 0.8375 0.6578125 0.8375 0.6515625 0.84375 0.65 0.84375 0.6453125 0.8484376828125001 0.64375 0.8484376828125001 0.6421875 0.85 0.640625 0.85 0.634375 0.85625 0.6328125 0.85625 0.63125 0.8578123171875 0.63125 0.8734376828125001 0.6328125 0.875 0.6421875 0.875 0.64375 0.8734376828125001 0.646875 0.8734376828125001 0.6484375 0.8718746328125 0.65 0.8718746328125 0.6546875 0.8671876828125 0.65625 0.8671876828125 0.6578125 0.8656246328125 0.659375 0.8656246328125 0.6640625 0.8609376828125 0.6671875 0.8609376828125 0.671875 0.85625 0.6734375 0.85625 0.675 0.8546876828125001 0.678125 0.8546876828125001 0.6828125 0.85 0.684375 0.85 0.6859375 0.8484376828125001 0.6875 0.8484376828125001 0.6890625 0.8468746328125001 0.690625 0.8468746328125001 0.690625 0.8453123171874999 0.6921875 0.84375 0.6921875 0.8421876828125001 0.69375 0.8406246328125 0.69375 0.8390623171874999 0.6953125 0.8375 0.696875 0.8375 0.696875 0.8265623171875 0.6953125 0.825 0.6765625 0.825 0.675 0.8265623171875 0.675 0.8281253671875 0.671875 0.83125 0.6703125 0.83125
26 0.5640625 0.8468746328125001 0.565625 0.8468746328125001 0.5671875 0.8484376828125001 0.5703125 0.8484376828125001 0.5765625 0.8546876828125001 0.578125 0.8546876828125001 0.58125 0.8578123171875 0.58125 0.8593753671875 0.5828125 0.8609376828125 0.5875 0.8609376828125 0.5890625 0.8625 0.590625 0.8625 0.5921875 0.8640623171874999 0.5921875 0.8656246328125 0.59375 0.8656246328125 0.5953125 0.8671876828125 0.596875 0.8671876828125 0.6 0.8703123171874999 0.6 0.8718746328125 0.6015625 0.8734376828125001 0.609375 0.8734376828125001 0.6109375 0.875 0.6171875 0.875 0.61875 0.8734376828125001 0.621875 0.8734376828125001 0.6234375 0.8718746328125 0.6234375 0.8625 0.621875 0.8609376828125 0.621875 0.8593753671875 0.61875 0.85625 0.615625 0.85625 0.609375 0.85 0.6078125 0.85 0.6015625 0.84375 0.596875 0.84375 0.590625 0.8375 0.5890625 0.8375 0.5859375 0.8343746328125 0.5859375 0.8328123171874999 0.584375 0.8328123171874999 0.5828125 0.83125 0.578125 0.83125 0.571875 0.825 0.5578125 0.825 0.5578125 0.8406246328125 0.559375 0.8406246328125 0.5640625 0.8453123171874999 0.5640625 0.8468746328125001
8 0.2984375 0.6968746328125001 0.2984375 0.6390623171875001 0.296875 0.6375 0.246875 0.6375 0.246875 0.6953123171875 0.25 0.6984376828125 0.296875 0.6984376828125 0.2984375 0.6968746328125001
12 0.5328125 0.41562463281250006 0.578125 0.41562463281250006 0.5796875 0.41406231718750003 0.5796875 0.3531246328125 0.53125 0.3531246328125 0.53125 0.35468768281249996 0.5296875 0.35625 0.5296875 0.4125 0.5328125 0.41562463281250006
26 0.7828125 0.4234376828125 0.784375 0.4234376828125 0.7875 0.42656231718750004 0.7875 0.4281246328125 0.7890625 0.42968768281249997 0.7921875 0.42968768281249997 0.796875 0.43437463281250005 0.7984375 0.43437463281250005 0.8 0.4359376828125 0.803125 0.4359376828125 0.80625 0.4390623171875 0.80625 0.44062463281250003 0.8078125 0.4421876828125 0.809375 0.4421876828125 0.8109375 0.44375 0.8125 0.44375 0.815625 0.44687463281250006 0.8171875 0.44687463281250006 0.81875 0.44843768281249996 0.8234375 0.44843768281249996 0.825 0.45 0.8296875 0.45 0.83125 0.44843768281249996 0.834375 0.44843768281249996 0.8359375 0.44687463281250006 0.8359375 0.43437463281250005 0.8265625 0.425 0.8234375 0.425 0.821875 0.4234376828125 0.8203125 0.4234376828125 0.81875 0.42187536718749996 0.81875 0.4203123171875 0.8171875 0.4203123171875 0.815625 0.41875 0.8140625 0.41875 0.8109375 0.41562463281250006 0.8109375 0.41406231718750003 0.809375 0.41406231718750003 0.8078125 0.4125 0.80625 0.4125 0.8046875 0.4109376828125 0.803125 0.4109376828125 0.8 0.4078123171875 0.7984375 0.4078123171875 0.796875 0.40625 0.7953125 0.40625 0.790625 0.4015623171875 0.7890625 0.4015623171875 0.7875 0.4 0.76875 0.4 0.76875 0.41406231718750003 0.771875 0.41718768281249996 0.7765625 0.41718768281249996 0.7828125 0.4234376828125
3 0.5328125 0.7 0.5265625 0.70625 0.5265625 0.7359376828124999 0.53125 0.7406246328125 0.53125 0.7468746328125 0.5328125 0.7484376828125 0.534375 0.7484376828125 0.5375 0.7515623171875 0.56875 0.7515623171875 0.5703125 0.75 0.5734375 0.75 0.575 0.7484376828125 0.578125 0.7484376828125 0.5796875 0.7468746328125 0.5796875 0.7453123171875 0.584375 0.7406246328125 0.584375 0.7265623171875 0.578125 0.7203123171875 0.5765625 0.7203123171875 0.575 0.71875 0.5703125 0.71875 0.56875 0.7171876828125 0.5671875 0.7171876828125 0.5625 0.7125 0.5625 0.7109376828125 0.5609375 0.7093746328125 0.5609375 0.70625 0.559375 0.7046876828124999 0.559375 0.7031246328125 0.5515625 0.6953123171875 0.55 0.6953123171875 0.5484375 0.69375 0.5390625 0.69375 0.5375 0.6953123171875 0.5375 0.6968746328125001 0.534375 0.7 0.5328125 0.7
25 0.29375 0.5671876828125 0.2953125 0.5671876828125 0.3015625 0.5734376828125 0.303125 0.5734376828125 0.309375 0.5796876828124999 0.3140625 0.5796876828124999 0.3265625 0.5921876828125 0.3390625 0.5921876828125 0.3390625 0.5796876828124999 0.3359375 0.5765623171875001 0.3359375 0.575 0.334375 0.5734376828125 0.334375 0.5718746328125001 0.3328125 0.5703123171875 0.33125 0.5703123171875 0.3296875 0.56875 0.328125 0.56875 0.321875 0.5625 0.3203125 0.5625 0.3171875 0.5593746328125 0.3171875 0.5578123171875 0.315625 0.55625 0.3125 0.55625 0.3109375 0.5546876828125 0.309375 0.5546876828125 0.30625 0.5515623171875 0.2875 0.5515623171875 0.2875 0.5625 0.290625 0.5656246328125001 0.2921875 0.5656246328125001 0.29375 0.5671876828125
25 0.2265625 0.42968768281249997 0.228125 0.42968768281249997 0.2296875 0.43125 0.23125 0.43125 0.2328125 0.4328123171875 0.2328125 0.43437463281250005 0.234375 0.43437463281250005 0.2359375 0.4359376828125 0.240625 0.4359376828125 0.24375 0.4390623171875 0.24375 0.44062463281250003 0.2453125 0.4421876828125 0.246875 0.4421876828125 0.253125 0.44843768281249996 0.259375 0.44843768281249996 0.2609375 0.45 0.2671875 0.45 0.26875 0.44843768281249996 0.26875 0.43437463281250005 0.265625 0.43125 0.2640625 0.43125 0.2609375 0.4281246328125 0.2609375 0.42656231718750004 0.259375 0.425 0.253125 0.425 0.246875 0.41875 0.2453125 0.41875 0.2390625 0.4125 0.2375 0.4125 0.2359375 0.4109376828125 0.21875 0.4109376828125 0.21875 0.4203123171875 0.225 0.42656231718750004 0.225 0.4281246328125 0.2265625 0.42968768281249997
7 0.3203125 0.27343768281249997 0.365625 0.27343768281249997 0.3671875 0.2718746328125 0.3671875 0.21406231718750002 0.365625 0.2125 0.365625 0.21093768281249997 0.3171875 0.21093768281249997 0.3171875 0.2656246328125 0.31875 0.2671876828125 0.31875 0.2718746328125 0.3203125 0.27343768281249997
26 0.8078125 0.5484376828124999 0.80625 0.55 0.8015625 0.55 0.8 0.5515623171875 0.8 0.5531246328125 0.796875 0.55625 0.79375 0.55625 0.7921875 0.5578123171875 0.790625 0.5578123171875 0.7875 0.5609376828125 0.7875 0.5843746328125 0.7921875 0.5843746328125 0.7953125 0.58125 0.7984375 0.58125 0.8 0.5796876828124999 0.803125 0.5796876828124999 0.809375 0.5734376828125 0.8140625 0.5734376828125 0.8203125 0.5671876828125 0.821875 0.5671876828125 0.8265625 0.5625 0.828125 0.5625 0.8296875 0.5609376828125 0.83125 0.5609376828125 0.8328125 0.5593746328125 0.834375 0.5593746328125 0.834375 0.55625 0.8359375 0.5546876828125 0.8359375 0.5406246328125001 0.81875 0.5406246328125001 0.815625 0.54375 0.8140625 0.54375 0.809375 0.5484376828124999 0.8078125 0.5484376828124999
27 0.509375 0.275 0.503125 0.28125 0.5015625 0.28125 0.5 0.2828123171875 0.5 0.2843746328125 0.496875 0.2875 0.49375 0.2875 0.4875 0.29375 0.4875 0.30468768281249997 0.503125 0.30468768281249997 0.5046875 0.3031246328125 0.50625 0.3031246328125 0.509375 0.3 0.5109375 0.3 0.5125 0.2984376828125 0.515625 0.2984376828125 0.5171875 0.2968746328125 0.5171875 0.2953123171875 0.5203125 0.29218768281249996 0.521875 0.29218768281249996 0.5234375 0.2906246328125 0.5234375 0.28906231718750003 0.5265625 0.2859376828125 0.53125 0.2859376828125 0.5328125 0.2843746328125 0.534375 0.2843746328125 0.534375 0.2828123171875 0.540625 0.2765623171875 0.540625 0.2671876828125 0.5234375 0.2671876828125 0.521875 0.26875 0.5203125 0.26875 0.5140625 0.275 0.509375 0.275
28 0.63125 0.6968746328125001 0.63125 0.6984376828125 0.6359375 0.7031246328125 0.6375 0.7031246328125 0.6390625 0.7046876828124999 0.640625 0.7046876828124999 0.64375 0.7078123171875 0.64375 0.7093746328125 0.6453125 0.7109376828125 0.646875 0.7109376828125 0.653125 0.7171876828125 0.65625 0.7171876828125 0.6578125 0.71875 0.659375 0.71875 0.6609375 0.7203123171875 0.6609375 0.7218746328125001 0.6625 0.7218746328125001 0.6640625 0.7234376828125 0.665625 0.7234376828125 0.6671875 0.725 0.66875 0.725 0.6703125 0.7265623171875 0.671875 0.7265623171875 0.671875 0.725 0.6734375 0.7234376828125 0.6734375 0.7046876828124999 0.671875 0.7031246328125 0.671875 0.7015623171875001 0.6703125 0.7015623171875001 0.66875 0.7 0.6640625 0.7 0.6609375 0.6968746328125001 0.6609375 0.6953123171875 0.659375 0.69375 0.65625 0.69375 0.6546875 0.6921876828125 0.653125 0.6921876828125 0.65 0.6890623171875 0.6484375 0.6890623171875 0.646875 0.6875 0.6453125 0.6875 0.6421875 0.6843746328125 0.6359375 0.6843746328125 0.634375 0.6859376828125 0.6296875 0.6859376828125 0.6296875 0.6953123171875 0.63125 0.6968746328125001
28 0.5625 0.5578123171875 0.571875 0.5671876828125 0.5765625 0.5671876828125 0.5828125 0.5734376828125 0.584375 0.5734376828125 0.5875 0.5765623171875001 0.5875 0.5781246328125 0.5890625 0.5796876828124999 0.590625 0.5796876828124999 0.5953125 0.5843746328125 0.6046875 0.5843746328125 0.6046875 0.5640623171875 0.603125 0.5625 0.6015625 0.5625 0.6 0.5609376828125 0.5984375 0.5609376828125 0.5953125 0.5578123171875 0.59375 0.5578123171875 0.5921875 0.55625 0.5890625 0.55625 0.5859375 0.5531246328125 0.5859375 0.5515623171875 0.584375 0.55 0.5828125 0.55 0.5765625 0.54375 0.5703125 0.54375 0.56875 0.5421876828125 0.5578125 0.5421876828125 0.5578125 0.5531246328125 0.559375 0.5531246328125 0.5625 0.55625 0.5625 0.5578123171875
26 0.53125 0.83125 0.528125 0.83125 0.521875 0.8375 0.5203125 0.8375 0.5140625 0.84375 0.509375 0.84375 0.50625 0.8468746328125001 0.50625 0.8671876828125 0.515625 0.8671876828125 0.521875 0.8609376828125 0.5265625 0.8609376828125 0.5328125 0.8546876828125001 0.534375 0.8546876828125001 0.540625 0.8484376828125001 0.5421875 0.8484376828125001 0.54375 0.8468746328125001 0.5453125 0.8468746328125001 0.5484375 0.84375 0.5484375 0.8421876828125001 0.553125 0.8375 0.553125 0.8265623171875 0.5359375 0.8265623171875 0.5359375 0.8281253671875 0.534375 0.8296876828125 0.5328125 0.8296876828125 0.53125 0.83125
33 0.3953125 0.2328123171875 0.3953125 0.23437536718750002 0.39375 0.2359376828125 0.39375 0.26875 0.396875 0.2718746328125 0.3984375 0.2718746328125 0.4 0.27343768281249997 0.428125 0.27343768281249997 0.4296875 0.2718746328125 0.4296875 0.27031231718750004 0.4328125 0.2671876828125 0.4328125 0.26093768281249996 0.43125 0.2593746328125 0.43125 0.2546876828125 0.4296875 0.2531246328125 0.4296875 0.2328123171875 0.428125 0.23125 0.4265625 0.23125 0.4234375 0.2281246328125 0.4234375 0.22656231718750003 0.421875 0.225 0.4203125 0.225 0.41875 0.22343768281249998 0.4046875 0.22343768281249998 0.4 0.2281246328125 0.4 0.2296876828125 0.396875 0.2328123171875 0.3953125 0.2328123171875
28 0.421875 0.5593746328125 0.4234375 0.5593746328125 0.425 0.5609376828125 0.4265625 0.5609376828125 0.4328125 0.5671876828125 0.434375 0.5671876828125 0.4375 0.5703123171875 0.4375 0.5718746328125001 0.4390625 0.5734376828125 0.4453125 0.5734376828125 0.446875 0.575 0.4484375 0.575 0.45 0.5765623171875001 0.453125 0.5765623171875001 0.4546875 0.575 0.4546875 0.5578123171875 0.453125 0.55625 0.4515625 0.55625 0.4484375 0.5531246328125 0.4484375 0.5515623171875 0.446875 0.55 0.4453125 0.55 0.44375 0.5484376828124999 0.4421875 0.5484376828124999 0.4390625 0.5453123171875001 0.4375 0.5453123171875001 0.4359375 0.54375 0.4328125 0.54375 0.43125 0.5421876828125 0.4296875 0.5421876828125 0.428125 0.5406246328125001 0.4171875 0.5406246328125001 0.4171875 0.5531246328125 0.41875 0.5546876828125 0.41875 0.55625 0.421875 0.5593746328125
25 0.1953125 0.3078123171875 0.1953125 0.3609376828125 0.209375 0.3609376828125 0.209375 0.3078123171875 0.1953125 0.3078123171875
7 0.5265625 0.6984376828125 0.53125 0.6984376828125 0.5328125 0.6968746328125001 0.534375 0.6968746328125001 0.5390625 0.6921876828125 0.5421875 0.6921876828125 0.54375 0.69375 0.546875 0.69375 0.5515625 0.6984376828125 0.578125 0.6984376828125 0.5796875 0.6968746328125001 0.5796875 0.6390623171875001 0.578125 0.6375 0.53125 0.6375 0.528125 0.6406246328125 0.528125 0.64375 0.5265625 0.6453123171875 0.5265625 0.6984376828125
26 0.84375 0.5343746328125001 0.84375 0.5218746328125 0.8453125 0.5203123171875 0.8453125 0.45625 0.84375 0.4546876828125 0.84375 0.45312536718749996 0.8421875 0.4515623171875 0.8421875 0.44843768281249996 0.83125 0.44843768281249996 0.83125 0.5406246328125001 0.8421875 0.5406246328125001 0.8421875 0.5359376828125 0.84375 0.5343746328125001
27 0.459375 0.11875 0.453125 0.125 0.4515625 0.125 0.45 0.1265623171875 0.45 0.1281246328125 0.446875 0.13125 0.4453125 0.13125 0.44375 0.1328123171875 0.4421875 0.1328123171875 0.4421875 0.1343746328125 0.440625 0.13593768281250002 0.4375 0.13593768281250002 0.4359375 0.1375 0.4328125 0.1375 0.43125 0.1390623171875 0.43125 0.14062463281249998 0.428125 0.14375 0.425 0.14375 0.41875 0.15 0.4171875 0.15 0.415625 0.1515623171875 0.415625 0.1625 0.41875 0.1656246328125 0.428125 0.1656246328125 0.4328125 0.1609376828125 0.4359375 0.1609376828125 0.4375 0.1593746328125 0.4390625 0.1593746328125 0.44375 0.1546876828125 0.446875 0.1546876828125 0.4484375 0.1531246328125 0.4484375 0.1515623171875 0.4515625 0.1484376828125 0.4546875 0.1484376828125 0.459375 0.14375 0.4609375 0.14375 0.4625 0.1421876828125 0.465625 0.1421876828125 0.4671875 0.14062463281249998 0.4671875 0.1390623171875 0.4703125 0.13593768281250002 0.475 0.13593768281250002 0.4765625 0.1343746328125 0.478125 0.1343746328125 0.4796875 0.1328123171875 0.4796875 0.1296876828125 0.48125 0.1281246328125 0.48125 0.1265623171875 0.484375 0.1234376828125 0.484375 0.1140623171875 0.4671875 0.1140623171875 0.4640625 0.1171876828125 0.4625 0.1171876828125 0.4609375 0.11875 0.459375 0.11875
25 0.4203125 0.5359376828125 0.4203125 0.45312536718749996 0.41875 0.4515623171875 0.41875 0.45 0.4078125 0.45 0.4078125 0.5359376828125 0.4109375 0.5390623171875 0.4171875 0.5390623171875 0.4203125 0.5359376828125
25 0.29375 0.42187536718749996 0.290625 0.425 0.2875 0.425 0.2859375 0.42656231718750004 0.284375 0.42656231718750004 0.2796875 0.43125 0.2765625 0.43125 0.2765625 0.44843768281249996 0.290625 0.44843768281249996 0.2921875 0.44687463281250006 0.2921875 0.44531231718750003 0.2953125 0.4421876828125 0.296875 0.4421876828125 0.303125 0.4359376828125 0.3078125 0.4359376828125 0.3140625 0.42968768281249997 0.315625 0.42968768281249997 0.3171875 0.4281246328125 0.3171875 0.42656231718750004 0.3203125 0.4234376828125 0.321875 0.4234376828125 0.3234375 0.42187536718749996 0.3234375 0.4203123171875 0.325 0.41875 0.325 0.41718768281249996 0.3296875 0.4125 0.3078125 0.4125 0.303125 0.41718768281249996 0.296875 0.41718768281249996 0.29375 0.4203123171875 0.29375 0.42187536718749996
25 0.278125 0.5046876828125 0.278125 0.4515623171875 0.2671875 0.4515623171875 0.2671875 0.5031246328125001 0.26875 0.5031246328125001 0.2703125 0.5046876828125 0.278125 0.5046876828125
28 0.6265625 0.68125 0.6296875 0.6781246328125 0.6296875 0.6765623171875 0.63125 0.675 0.63125 0.66875 0.6328125 0.6671876828125 0.6328125 0.6625 0.63125 0.6609376828125 0.63125 0.6234376828125 0.6328125 0.6218746328125 0.6328125 0.61875 0.63125 0.6171876828125 0.63125 0.6140623171875 0.6296875 0.6125 0.61875 0.6125 0.61875 0.6781246328125 0.6203125 0.6796876828125 0.625 0.6796876828125 0.6265625 0.68125
15 0.5109375 0.27031231718750004 0.5109375 0.21406231718750002 0.509375 0.2125 0.4578125 0.2125 0.4578125 0.27031231718750004 0.459375 0.2718746328125 0.509375 0.2718746328125 0.5109375 0.27031231718750004
26 0.7390625 0.40625 0.7328125 0.4125 0.73125 0.4125 0.7265625 0.41718768281249996 0.725 0.41718768281249996 0.721875 0.4203123171875 0.7203125 0.4203123171875 0.71875 0.42187536718749996 0.71875 0.4234376828125 0.715625 0.42656231718750004 0.715625 0.42968768281249997 0.7140625 0.43125 0.7140625 0.4328123171875 0.715625 0.43437463281250005 0.7171875 0.43437463281250005 0.71875 0.4359376828125 0.7328125 0.4359376828125 0.7390625 0.42968768281249997 0.740625 0.42968768281249997 0.746875 0.4234376828125 0.7515625 0.4234376828125 0.753125 0.42187536718749996 0.7546875 0.42187536718749996 0.7546875 0.4203123171875 0.7578125 0.41718768281249996 0.759375 0.41718768281249996 0.7609375 0.41562463281250006 0.7609375 0.4125 0.7625 0.4109376828125 0.7625 0.4015623171875 0.7484375 0.4015623171875 0.746875 0.40312463281250005 0.7453125 0.40312463281250005 0.7421875 0.40625 0.7390625 0.40625
13 0.4328125 0.41406231718750003 0.434375 0.4125 0.4359375 0.4125 0.4375 0.4109376828125 0.440625 0.4109376828125 0.440625 0.35625 0.4390625 0.35625 0.4359375 0.3531246328125 0.3890625 0.3531246328125 0.3890625 0.35468768281249996 0.3875 0.35625 0.3875 0.41406231718750003 0.4328125 0.41406231718750003
28 0.34375 0.65 0.346875 0.65 0.346875 0.6484376828125 0.3484375 0.6468746328125 0.3484375 0.59375 0.3375 0.59375 0.3375 0.6468746328125 0.3390625 0.6484376828125 0.3421875 0.6484376828125 0.34375 0.65
32 0.471875 0.8421876828125001 0.4703125 0.8421876828125001 0.46875 0.84375 0.46875 0.8453123171874999 0.4640625 0.85 0.4640625 0.8859376828125001 0.4703125 0.8921876828125 0.5 0.8921876828125 0.5015625 0.8906253671875 0.503125 0.8906253671875 0.5046875 0.8890623171875 0.5046875 0.85625 0.503125 0.8546876828125001 0.503125 0.8531246328125001 0.5 0.85 0.5 0.8484376828125001 0.4984375 0.8468746328125001 0.4984375 0.8453123171874999 0.496875 0.84375 0.4953125 0.84375 0.4921875 0.8406246328125 0.4921875 0.8390623171874999 0.490625 0.8375 0.4765625 0.8375 0.475 0.8390623171874999 0.4734375 0.8390623171874999 0.4734375 0.8406246328125 0.471875 0.8421876828125001
33 0.5375 0.2468746328125 0.5359375 0.24843768281249998 0.5359375 0.2671876828125 0.5375 0.26875 0.5375 0.27031231718750004 0.540625 0.27343768281249997 0.5703125 0.27343768281249997 0.5734375 0.27031231718750004 0.5734375 0.2375 0.571875 0.2359376828125 0.571875 0.2328123171875 0.5703125 0.2328123171875 0.5671875 0.2296876828125 0.5671875 0.2281246328125 0.5640625 0.225 0.5453125 0.225 0.54375 0.22656231718750003 0.54375 0.2281246328125 0.5375 0.23437536718750002 0.5375 0.2468746328125
33 0.4703125 0.3734376828125 0.4703125 0.375 0.46875 0.3765623171875 0.46875 0.3781246328125 0.4671875 0.3796876828125 0.4671875 0.38125 0.465625 0.38281231718750003 0.465625 0.4109376828125 0.471875 0.41718768281249996 0.496875 0.41718768281249996 0.5 0.41406231718750003 0.5 0.4125 0.5015625 0.4109376828125 0.503125 0.4109376828125 0.5046875 0.40937463281250003 0.5046875 0.38281231718750003 0.5 0.3781246328125 0.5 0.3765623171875 0.4984375 0.375 0.4984375 0.3734376828125 0.4921875 0.36718768281249997 0.4765625 0.36718768281249997 0.4734375 0.3703123171875 0.4734375 0.3718746328125 0.471875 0.3734376828125 0.4703125 0.3734376828125
29 0.5 0.6093746328125 0.49375 0.6156246328125 0.49375 0.61875 0.4921875 0.6203123171875 0.4921875 0.6218746328125 0.490625 0.6234376828125 0.490625 0.6375 0.4921875 0.6375 0.4984375 0.64375 0.4984375 0.6453123171875 0.503125 0.65 0.5046875 0.65 0.50625 0.6515623171875 0.50625 0.6531246328125 0.5078125 0.6546876828125 0.515625 0.6546876828125 0.5171875 0.6531246328125 0.51875 0.6531246328125 0.5234375 0.6484376828125 0.5234375 0.64375 0.525 0.6421876828124999 0.525 0.6406246328125 0.528125 0.6375 0.5296875 0.6375 0.53125 0.6359376828125 0.534375 0.6359376828125 0.5359375 0.6343746328125001 0.5359375 0.6328123171875 0.534375 0.63125 0.534375 0.6296876828125 0.53125 0.6265623171875 0.53125 0.625 0.5296875 0.6234376828125 0.5296875 0.6218746328125 0.5234375 0.6156246328125 0.5234375 0.6046876828125 0.521875 0.6031246328125001 0.521875 0.6015623171875 0.5203125 0.6015623171875 0.51875 0.6 0.5125 0.6 0.5109375 0.5984376828125 0.50625 0.5984376828125 0.5046875 0.6 0.503125 0.6 0.5 0.6031246328125001 0.5 0.6093746328125
11 0.6703125 0.4109376828125 0.69375 0.4109376828125 0.6953125 0.4125 0.696875 0.4125 0.7 0.41562463281250006 0.7171875 0.41562463281250006 0.7171875 0.41406231718750003 0.7203125 0.4109376828125 0.721875 0.4109376828125 0.721875 0.35625 0.7203125 0.35468768281249996 0.71875 0.35468768281249996 0.7171875 0.3531246328125 0.675 0.3531246328125 0.6734375 0.35468768281249996 0.671875 0.35468768281249996 0.6703125 0.35625 0.6703125 0.4109376828125
5 0.31875 0.65625 0.31875 0.6578123171875 0.315625 0.6609376828125 0.315625 0.6890623171875 0.3171875 0.6906246328125001 0.3171875 0.6921876828125 0.31875 0.69375 0.31875 0.6968746328125001 0.3265625 0.7046876828124999 0.359375 0.7046876828124999 0.371875 0.6921876828125 0.371875 0.6765623171875 0.3703125 0.675 0.365625 0.675 0.3640625 0.6734376828124999 0.3625 0.6734376828124999 0.3609375 0.6718746328125 0.3609375 0.6703123171875001 0.359375 0.6703123171875001 0.3484375 0.6593746328125001 0.3484375 0.6531246328125 0.3453125 0.65 0.3421875 0.65 0.3390625 0.6468746328125 0.33125 0.6468746328125 0.328125 0.65 0.3265625 0.65 0.3203125 0.65625 0.31875 0.65625
26 0.5609375 0.8218746328125001 0.5609375 0.7656253671875 0.5625 0.7640623171875001 0.5625 0.75625 0.5484375 0.75625 0.5484375 0.8218746328125001 0.55 0.8234376828125001 0.559375 0.8234376828125001 0.5609375 0.8218746328125001
27 0.41875 0.2078123171875 0.41875 0.1656246328125 0.4078125 0.1656246328125 0.4078125 0.2218746328125 0.4171875 0.2218746328125 0.4171875 0.2093746328125 0.41875 0.2078123171875
5 0.4578125 0.5625 0.45625 0.5640623171875 0.45625 0.5906246328125 0.4578125 0.5921876828125 0.4578125 0.59375 0.4609375 0.5968746328125001 0.4609375 0.5984376828125 0.4625 0.6 0.4625 0.6046876828125 0.4671875 0.6093746328125 0.4984375 0.6093746328125 0.4984375 0.6078123171875001 0.5 0.60625 0.5 0.6046876828125 0.5046875 0.6 0.50625 0.6 0.5078125 0.5984376828125 0.509375 0.5984376828125 0.5109375 0.5968746328125001 0.5109375 0.5828123171875 0.5078125 0.5796876828124999 0.50625 0.5796876828124999 0.5046875 0.5781246328125 0.5046875 0.5765623171875001 0.503125 0.575 0.5 0.575 0.4984375 0.5734376828125 0.496875 0.5734376828125 0.49375 0.5703123171875 0.49375 0.56875 0.4921875 0.5671876828125 0.4921875 0.5640623171875 0.4796875 0.5515623171875 0.46875 0.5515623171875 0.465625 0.5546876828125 0.4640625 0.5546876828125 0.4578125 0.5609376828125 0.4578125 0.5625
27 0.484375 0.3625 0.490625 0.3625 0.490625 0.30625 0.4796875 0.30625 0.4796875 0.3593746328125 0.48125 0.3609376828125 0.4828125 0.3609376828125 0.484375 0.3625
13 0.6484375 0.8390623171874999 0.6515625 0.8359376828125 0.6515625 0.7843746328125001 0.6484375 0.78125 0.646875 0.78125 0.6453125 0.7796876828125 0.603125 0.7796876828125 0.6 0.7828123171875 0.6 0.8406246328125 0.6484375 0.8406246328125 0.6484375 0.8390623171874999
14 0.74375 0.5546876828125 0.7796875 0.5546876828125 0.78125 0.55625 0.784375 0.55625 0.7859375 0.5546876828125 0.790625 0.5546876828125 0.7921875 0.5531246328125 0.7921875 0.49687463281250005 0.7421875 0.49687463281250005 0.740625 0.4984376828125 0.740625 0.5531246328125 0.7421875 0.5531246328125 0.74375 0.5546876828125
11 0.4390625 0.6968746328125001 0.4390625 0.6421876828124999 0.4375 0.6406246328125 0.4375 0.6390623171875001 0.4359375 0.6390623171875001 0.434375 0.6375 0.3890625 0.6375 0.3890625 0.6984376828125 0.4359375 0.6984376828125 0.4375 0.6968746328125001 0.4390625 0.6968746328125001
10 0.6891458328125 0.6983936953125001 0.6922708328125 0.6983936953125001 0.6969583328125 0.6937067453125 0.6985208328125 0.6937067453125 0.7000833328125 0.6952690609375 0.7016458328125 0.6952690609375 0.7047708328125 0.6983936953125001 0.7063333328125 0.6983936953125001 0.7078958328125 0.6999567453125 0.7219583328125 0.6999567453125 0.7235208328125 0.6983936953125001 0.7235208328125 0.6437067453124999 0.7203958328125 0.640581378125 0.7188333328125001 0.640581378125 0.7172708328125 0.6390190609374999 0.6735208328125 0.6390190609374999 0.6735208328125 0.6983936953125001 0.6750833328125 0.6999567453125 0.6875833328125001 0.6999567453125 0.6891458328125 0.6983936953125001
12 0.31875 0.8406246328125 0.365625 0.8406246328125 0.3671875 0.8390623171874999 0.3671875 0.7828123171875 0.365625 0.78125 0.3640625 0.78125 0.3625 0.7796876828125 0.31875 0.7796876828125 0.3171875 0.78125 0.3171875 0.8375 0.31875 0.8390623171874999 0.31875 0.8406246328125
14 0.3671875 0.4953123171875 0.3203125 0.4953123171875 0.3203125 0.5546876828125 0.365625 0.5546876828125 0.3671875 0.5531246328125 0.3671875 0.4953123171875
9 0.21969697031250002 0.5586510265625 0.22916666718749998 0.5542522 0.2297979796875 0.5109970671874999 0.2260101015625 0.49706744843750006 0.18244949531250002 0.4956011734375 0.17550505 0.5014662750000001 0.1748737375 0.549120234375 0.178661615625 0.5579178890625001 0.1893939390625 0.560850440625 0.21969697031250002 0.5586510265625
16 0.26830808125 0.41788856250000006 0.2986111109375 0.41348973593749994 0.30050505 0.40102639218749997 0.2998737375 0.3607038125 0.297348484375 0.355571846875 0.2582070703125 0.353372434375 0.25 0.354838709375 0.24684343437499998 0.3585043984375 0.24621212187500002 0.40102639218749997 0.2493686875 0.41202346093750003 0.2550505046875 0.41568915000000006 0.26830808125 0.41788856250000006
22 0.2390625 0.8593753671875 0.2390625 0.9406246328125001 0.2921875 0.9406246328125001 0.2921875 0.8593753671875 0.2390625 0.8593753671875
18 0.1484375 0.5765623171875001 0.0984375 0.5765623171875001 0.0984375 0.6546876828125 0.146875 0.6546876828125 0.1484375 0.6531246328125 0.1484375 0.5765623171875001
18 0.928125 0.42968768281249997 0.875 0.42968768281249997 0.875 0.5125 0.9265625 0.5125 0.928125 0.5109376828125 0.928125 0.42968768281249997
18 0.575 0.8609376828125 0.5234375 0.8609376828125 0.5234375 0.9375 0.571875 0.9375 0.575 0.9343746328125 0.575 0.8609376828125
20 0.0953125 0.2906246328125 0.0953125 0.3718746328125 0.153125 0.3718746328125 0.153125 0.2906246328125 0.0953125 0.2906246328125
18 0.7890625 0.7156246328125 0.734375 0.7156246328125 0.734375 0.7984376828124999 0.7875 0.7984376828124999 0.7890625 0.7968753671875 0.7890625 0.7156246328125
19 0.29375 0.007812317187499999 0.2359375 0.007812317187499999 0.2359375 0.0859376828125 0.2921875 0.0859376828125 0.29375 0.08437463281249999 0.29375 0.007812317187499999
21 0.521875 0.007812317187499999 0.521875 0.0828123171875 0.575 0.0828123171875 0.575 0.007812317187499999 0.521875 0.007812317187499999
23 0.7875 0.1593746328125 0.7875 0.1468746328125 0.734375 0.1468746328125 0.734375 0.22656231718750003 0.7859375 0.22656231718750003 0.7859375 0.1609376828125 0.7875 0.1593746328125