6 0.337804878125 0.8824850296875001 0.34817073125000003 0.8854790421875001 0.4073170734375 0.8428143718750001 0.4079268296875 0.7559880234375 0.35914634218749997 0.718562875 0.3487804875 0.711826346875 0.3414634140625 0.711826346875 0.2829268296875 0.7559880234375 0.284756096875 0.7717065875 0.2829268296875 0.84206586875 0.3042682921875 0.8607784437499999 0.337804878125 0.8824850296875001
17 0.2835365859375 0.7410179640625 0.340243903125 0.6998503 0.340243903125 0.627245509375 0.3292682921875 0.624251496875 0.3262195125 0.6182634734375 0.3201219515625 0.6152694609375 0.32195121875 0.6010479046875 0.31890243906250004 0.5973053890625 0.2835365859375 0.57035928125 0.27317073125 0.569610778125 0.21463414687500001 0.6122754484375 0.21585365781250002 0.699101796875 0.2713414640625 0.7410179640625 0.275 0.7432634734375 0.2835365859375 0.7410179640625
17 0.6182926828124999 0.34206586875 0.6213414640625 0.360029940625 0.6195121953125 0.38772455156249996 0.62195121875 0.41392215625000006 0.65060975625 0.4333832328125 0.6695121953125 0.42514969999999996 0.67804878125 0.42514969999999996 0.6914634140625 0.43712574843749996 0.6957317078125 0.44910179687499996 0.7030487812499999 0.44910179687499996 0.7091463421875 0.43787425156250004 0.7445121953125 0.413173653125 0.7432926828124999 0.324101796875 0.6902439031250001 0.28592814375 0.6823170734375 0.28368263437499996 0.638414634375 0.3136227546875 0.638414634375 0.3248503 0.6323170734375 0.3458083828125 0.6237804875 0.34056886249999996 0.6182926828124999 0.34206586875
17 0.33597560937500004 0.285179640625 0.34695121875 0.2806886234375 0.35914634218749997 0.28892215625 0.3658536578125 0.299401196875 0.40182926874999997 0.2747005984375 0.4073170734375 0.267964071875 0.4079268296875 0.2013473046875 0.39817073125 0.19535928125 0.389024390625 0.181886228125 0.388414634375 0.1676646703125 0.3512195125 0.139970059375 0.3414634140625 0.1369760484375 0.3195121953125 0.15494012031249998 0.287804878125 0.17514970000000002 0.2829268296875 0.181137725 0.2823170734375 0.26272455156249996 0.2841463421875 0.266467065625 0.327439025 0.2934131734375 0.33597560937500004 0.285179640625
0 0.47256097500000005 0.8832335328124999 0.4810975609375 0.8869760484375 0.5310975609375 0.8532934125 0.5432926828125 0.841317365625 0.5439024390625 0.7919161671875 0.539634146875 0.7582335328124999 0.5310975609375 0.747754490625 0.49512195156249994 0.7200598796875 0.4804878046875 0.711826346875 0.47073170781250007 0.7193113765625 0.4654134140625 0.7262544906249999 0.45609756093750004 0.729041915625 0.4487804875 0.7380239515625 0.4182926828125 0.7574850296875 0.41951219531249995 0.76721556875 0.4164634140625 0.78592814375 0.4176829265625 0.84206586875 0.47256097500000005 0.8832335328124999
0 0.7304878046875001 0.5800898203125 0.7439024390625 0.5673652687499999 0.7548780484375001 0.5673652687499999 0.760975609375 0.568113771875 0.764634146875 0.5748503 0.7737804875000001 0.575598803125 0.7762195125 0.5808383234375001 0.8121951218750001 0.555389221875 0.810975609375 0.46706586874999995 0.75182926875 0.424401196875 0.74817073125 0.424401196875 0.7371951218749999 0.4356287421875 0.7317073171875 0.4363772453125 0.714024390625 0.44910179687499996 0.715243903125 0.48727544843750004 0.7109756093749999 0.4895209578125 0.6963414640625001 0.48577844375 0.6926829265625 0.48727544843750004 0.6914634140625 0.5044910171875 0.6945121953125 0.55164670625 0.7237804875 0.5763473046875001 0.7304878046875001 0.5800898203125
0 0.535365853125 0.27020958125 0.5390243906250001 0.264970059375 0.539634146875 0.2013473046875 0.534756096875 0.20059880312499997 0.52682926875 0.20733532968750001 0.5176829265625 0.2013473046875 0.5158536578125 0.19236526874999998 0.5201219515625 0.1886227546875 0.5201219515625 0.174401196875 0.48414634218749997 0.144461078125 0.47987804843750004 0.142964071875 0.4658536578125 0.1504491015625 0.45304878125 0.161676646875 0.434756096875 0.1676646703125 0.437195121875 0.181137725 0.4286585359375 0.194610778125 0.4182926828125 0.197604790625 0.4164634140625 0.2020958078125 0.4170731703125 0.268712575 0.465243903125 0.305389221875 0.47926829218749994 0.3091317359375 0.535365853125 0.27020958125
37 0.5560975609375001 0.8465568859375001 0.6170731703125 0.888473053125 0.6768292687499999 0.8450598796875 0.6786585359374999 0.83607784375 0.677439025 0.7806886234375 0.6798780484375 0.7649700593750001 0.675 0.7514970062499999 0.6335365859375 0.7223053890625 0.6195121953125 0.7200598796875 0.5951219515624999 0.7238023953125 0.5554878046875 0.7514970062499999 0.5518292687499999 0.7582335328124999 0.5548780484375 0.7844311375 0.552439025 0.8218562875 0.5560975609375001 0.8465568859375001
37 0.2841463421875 0.5561377249999999 0.3170731703125 0.5793413171874999 0.32134146406249997 0.5763473046875001 0.32439024375000003 0.5815868265625 0.33475609687499996 0.5748503 0.3414634140625 0.5658682640625 0.35 0.5673652687499999 0.35914634218749997 0.5778443109375 0.3658536578125 0.5808383234375001 0.40365853593749995 0.5531437125 0.40426829218749993 0.482035928125 0.40243902499999995 0.46706586874999995 0.3914634140625 0.461826346875 0.3664634140625 0.4393712578125 0.34512195156250003 0.42964071875 0.3304878046875 0.43787425156250004 0.32560975625 0.44386227500000003 0.3 0.4573353296875 0.2987804875 0.47455089843750003 0.294309146875 0.4800396703125 0.28170731718750003 0.48652694687500003 0.2841463421875 0.5561377249999999
37 0.1542682921875 0.5613772453125 0.20304878125 0.5980538921874999 0.213414634375 0.5995508984375 0.27317073125 0.556886228125 0.272560975 0.4895209578125 0.2536585359375 0.47230538906249997 0.25243902500000004 0.463323353125 0.2414634140625 0.45209580781250003 0.213414634375 0.43113772499999997 0.2091463421875 0.43113772499999997 0.1658536578125 0.46032934062499997 0.1554878046875 0.483532934375 0.14695121875 0.48652694687500003 0.1487804875 0.5531437125 0.1542682921875 0.5613772453125
37 0.352439025 0.34131736562500004 0.3536585359375 0.40793413125000005 0.3823170734375 0.43038922187499995 0.40304878125 0.44236526875 0.414634146875 0.45359281406249996 0.4542682921875 0.428892215625 0.4573170734375 0.42514969999999996 0.4585365859375 0.40643712499999995 0.463414634375 0.38922155625 0.47195121875 0.378742515625 0.4701219515625 0.32335329375 0.41524390312500004 0.281437125 0.40304878125 0.28592814375 0.36890243906250003 0.3121257484375 0.3664634140625 0.3300898203125 0.362804878125 0.3315868265625 0.36036585312499997 0.338323353125 0.352439025 0.34131736562500004
35 0.21402439062499998 0.34131736562500004 0.2170731703125 0.35479041875 0.2164634140625 0.37425149687500003 0.2207317078125 0.3794910171875 0.2164634140625 0.393712575 0.2170731703125 0.408682634375 0.2573170734375 0.43787425156250004 0.262195121875 0.43712574843749996 0.27195121875 0.42514969999999996 0.27804878125 0.4221556890625 0.28170731718750003 0.4236526953125 0.2926829265625 0.43712574843749996 0.29695121874999997 0.43787425156250004 0.30243902500000003 0.4356287421875 0.3054878046875 0.43038922187499995 0.311585365625 0.4281437125 0.314024390625 0.424401196875 0.3317073171875 0.41467065937500003 0.336585365625 0.408682634375 0.336585365625 0.3480538921875 0.3335365859375 0.34056886249999996 0.32256097499999997 0.3263473046875 0.32195121875 0.3158682640625 0.3085365859375 0.306886228125 0.3048780484375 0.3001497 0.2951219515625 0.29790419218749997 0.287195121875 0.28592814375 0.2792682921875 0.28293413125 0.272560975 0.28443113750000004 0.26585365781250003 0.29416167656250003 0.260365853125 0.2934131734375 0.2567073171875 0.300898203125 0.23658536562500002 0.3136227546875 0.2329268296875 0.319610778125 0.2329268296875 0.3278443109375 0.2262195125 0.33757485 0.21402439062499998 0.34131736562500004
35 0.5554878046875 0.5044910171875 0.5518292687499999 0.5082335328124999 0.5542682921875 0.5112275453125 0.55304878125 0.516467065625 0.5554878046875 0.518712575 0.55304878125 0.5217065875 0.5548780484375 0.5254491015625 0.552439025 0.5284431140625 0.5542682921875 0.5321856281249999 0.552439025 0.5419161671875 0.5542682921875 0.5464071859375 0.552439025 0.5501497 0.5536585359374999 0.556886228125 0.5670731703125 0.568113771875 0.5780487812499999 0.574101796875 0.5810975609375 0.57335329375 0.5817073171875 0.5778443109375 0.6085365859375 0.5980538921874999 0.6146341468750001 0.6002994015625001 0.6225609750000001 0.5988023953125 0.6298780484375001 0.5883233531250001 0.6585365859375 0.571107784375 0.675 0.5531437125 0.67317073125 0.5456586828125001 0.6737804875 0.4880239515625 0.6682926828125 0.483532934375 0.663414634375 0.48577844375 0.659756096875 0.481287425 0.6542682921874999 0.46257485000000004 0.65182926875 0.46032934062499997 0.6512195125 0.45209580781250003 0.6371951218749999 0.44461077812500005 0.6274390249999999 0.43188622812500005 0.6237804875 0.43188622812500005 0.6164634140625 0.42514969999999996 0.6121951218749999 0.42514969999999996 0.610975609375 0.428892215625 0.5920731703125 0.43787425156250004 0.584756096875 0.44835329375 0.5780487812499999 0.44985030000000004 0.5701219515625 0.4580838328125 0.5567073171875 0.464820359375 0.552439025 0.4715568859375 0.552439025 0.481287425 0.5548780484375 0.48428143749999997 0.55304878125 0.502245509375 0.5554878046875 0.5044910171875
35 0.45975609687499996 0.5845808390625 0.46463414687500004 0.5770958078125 0.47682926875 0.5673652687499999 0.48414634218749997 0.5673652687499999 0.49939024375 0.5845808390625 0.5042682921874999 0.5845808390625 0.5103658531249999 0.5778443109375 0.5365853656249999 0.5606287421875 0.5420731703125 0.5531437125 0.5432926828125 0.4932634734375 0.5414634140625 0.4880239515625 0.5426829265625 0.4738023953125 0.539634146875 0.466317365625 0.535975609375 0.466317365625 0.5195121953124999 0.45209580781250003 0.49878048750000004 0.4393712578125 0.48841463437500005 0.44236526875 0.48414634218749997 0.4356287421875 0.4670731703125 0.4356287421875 0.43841463437500006 0.4528443109375 0.42926829218749996 0.461826346875 0.425 0.46257485000000004 0.42195121875 0.467814371875 0.422560975 0.556886228125 0.42560975624999997 0.5621257484375 0.452439025 0.5830838328125 0.45975609687499996 0.5845808390625
36 0.5219512187500001 0.7230538921874999 0.5286585359375 0.731287425 0.5463414640625001 0.7432634734375 0.560365853125 0.7350299406249999 0.5701219515625 0.7267964078125 0.5707317078125 0.7230538921874999 0.575 0.7238023953125 0.589634146875 0.7133233531250001 0.5914634140625 0.6841317359375 0.6030487812499999 0.6684131734375 0.6048780484375 0.66092814375 0.6036585359375 0.6534431140625 0.6060975609375 0.6294910171875 0.602439025 0.607035928125 0.5987804875 0.60778443125 0.5786585359374999 0.5913173656249999 0.5737804875 0.5845808390625 0.5457317078125 0.57035928125 0.5329268296875 0.5778443109375 0.52804878125 0.5845808390625 0.52560975625 0.5838323359375 0.515243903125 0.5913173656249999 0.510975609375 0.5973053890625 0.5085365859375 0.5950598796875 0.5048780484375001 0.5980538921874999 0.50304878125 0.6145209578124999 0.489634146875 0.6294910171875 0.489024390625 0.699101796875 0.49451219531249996 0.7065868265625 0.5189024390625 0.7238023953125 0.5219512187500001 0.7230538921874999
35 0.363414634375 0.7088323359375 0.41036585312499996 0.7425149703125 0.4176829265625 0.7342814375 0.4567073171875 0.7080838328125 0.47134146406250005 0.69535928125 0.4701219515625 0.6317365265625 0.4579268296875 0.6197604796875 0.45609756093750004 0.6032934125 0.43902439062500004 0.5883233531250001 0.43048780468750003 0.5883233531250001 0.4286585359375 0.5793413171874999 0.41890243906249996 0.57335329375 0.386585365625 0.5905688625 0.37682926875 0.6010479046875 0.36890243906250003 0.605538921875 0.3713414640625 0.6122754484375 0.3798780484375 0.6152694609375 0.3841463421875 0.6205089828125 0.38597560937500003 0.6332335328124999 0.3951219515625 0.64221556875 0.39939024375 0.6534431140625 0.3926829265625 0.660179640625 0.390243903125 0.65793413125 0.3841463421875 0.660179640625 0.38109756093749997 0.6676646703125 0.37317073125 0.6721556890625 0.364634146875 0.6684131734375 0.361585365625 0.65793413125 0.34817073125000003 0.656437125 0.34939024375 0.678892215625 0.347560975 0.6886227546875 0.35304878125 0.7043413171874999 0.363414634375 0.7088323359375
36 0.6371951218749999 0.675898203125 0.635975609375 0.6886227546875 0.638414634375 0.7110778437499999 0.6463414640625 0.7200598796875 0.6573170734375 0.7252994015625001 0.6768292687499999 0.7410179640625 0.685975609375 0.7425149703125 0.7432926828124999 0.6998503 0.7451219515624999 0.693113771875 0.7451219515624999 0.63922155625 0.7432926828124999 0.6294910171875 0.7341463421875 0.625748503125 0.7262195124999999 0.6160179640625 0.72560975625 0.6047904187500001 0.6920731703125 0.5778443109375 0.677439025 0.575598803125 0.6707317078125 0.5823353296875 0.65060975625 0.5913173656249999 0.6408536578125 0.6010479046875 0.62682926875 0.607035928125 0.62439024375 0.6167664671875001 0.625 0.6654191609375 0.6304878046875 0.6669161671875 0.6335365859375 0.674401196875 0.6371951218749999 0.675898203125
36 0.4908536578125 0.3697604796875 0.49451219531249996 0.378742515625 0.49878048750000004 0.38248502968750003 0.49817073125 0.389970059375 0.5024390249999999 0.4041916171875 0.5042682921874999 0.42589820312500004 0.5079268296875 0.43113772499999997 0.5463414640625001 0.4573353296875 0.5804878046875 0.4363772453125 0.609756096875 0.411676646875 0.610975609375 0.3473053890625 0.6091463421875 0.34206586875 0.6012195124999999 0.33907185625 0.5908536578125 0.32859281406249996 0.5914634140625 0.31736526875000004 0.589634146875 0.3136227546875 0.585365853125 0.3136227546875 0.5536585359374999 0.28592814375 0.55 0.28443113750000004 0.50060975625 0.32035928125 0.490243903125 0.33458083906249997 0.4920731703125 0.339820359375 0.489634146875 0.35553892187499997 0.4932926828125 0.3652694609375 0.4908536578125 0.3697604796875
36 0.5573170734375 0.25149700625000004 0.5591463421875 0.2619760484375 0.5567073171875 0.26422155625 0.5560975609375001 0.27245508906250004 0.5792682921875 0.289670659375 0.5920731703125 0.2949101796875 0.5957317078125001 0.29416167656250003 0.611585365625 0.2791916171875 0.6146341468750001 0.2791916171875 0.62317073125 0.286676646875 0.6304878046875 0.28892215625 0.6335365859375 0.29565868281249996 0.6371951218749999 0.29640718593750004 0.636585365625 0.2911676640625 0.6536585359375 0.28293413125 0.67439024375 0.26721556875 0.6798780484375 0.2597305390625 0.6768292687499999 0.22979041875 0.677439025 0.181886228125 0.62682926875 0.144461078125 0.62317073125 0.144461078125 0.6195121953125 0.138473053125 0.6060975609375 0.142964071875 0.5713414640625001 0.1676646703125 0.5695121953125 0.17140718593749998 0.5707317078125 0.1833832328125 0.5597560968749999 0.196107784375 0.560365853125 0.20059880312499997 0.5560975609375001 0.20958083906249997 0.5567073171875 0.22979041875 0.5585365859375 0.24476047968749998 0.560365853125 0.246257484375 0.5573170734375 0.25149700625000004
31 0.764634146875 0.6175149703125 0.7707317078125 0.6130239515625 0.7670731703125 0.5845808390625 0.75182926875 0.568113771875 0.7463414640625 0.5688622750000001 0.7323170734375 0.5845808390625 0.7286585359375 0.6010479046875 0.7280487812499999 0.6122754484375 0.7408536578125 0.624251496875 0.761585365625 0.624251496875 0.764634146875 0.6175149703125
2 0.7109756093749999 0.4700598796875 0.709756096875 0.4543413171875 0.7042682921875 0.450598803125 0.6932926828125 0.450598803125 0.689634146875 0.4363772453125 0.677439025 0.42589820312500004 0.6719512187500001 0.42514969999999996 0.659756096875 0.43188622812500005 0.6548780484375001 0.44386227500000003 0.6542682921874999 0.45958083906249997 0.664634146875 0.483532934375 0.7012195125 0.48278443125 0.7109756093749999 0.4700598796875
31 0.5012195125 0.4221556890625 0.49695121875000003 0.392964071875 0.48170731718750004 0.377245509375 0.47560975625 0.3779940125 0.46219512187499995 0.392964071875 0.45975609687499996 0.4049401203125 0.4591463421875 0.42140718593750004 0.4670731703125 0.43263473125 0.4920731703125 0.43263473125 0.5012195125 0.4221556890625
31 0.5689024390624999 0.181886228125 0.564634146875 0.15494012031249998 0.54939024375 0.138473053125 0.5426829265625 0.139970059375 0.5298780484375001 0.15419161718750002 0.52804878125 0.1594311375 0.5262195125 0.18263473125000002 0.535975609375 0.193862275 0.5567073171875 0.194610778125 0.5689024390624999 0.181886228125
31 0.4335365859375 0.18263473125000002 0.43048780468750003 0.15494012031249998 0.414024390625 0.138473053125 0.4085365859375 0.13922155625 0.39451219531250004 0.15419161718750002 0.3920731703125 0.1669161671875 0.3914634140625 0.18263473125000002 0.4 0.194610778125 0.422560975 0.194610778125 0.4335365859375 0.18263473125000002
25 0.727439025 0.6017964078125 0.7310975609375 0.5838323359375 0.6926829265625 0.5561377249999999 0.6847560968749999 0.5583832328125 0.6829268296875 0.5606287421875 0.6847560968749999 0.572604790625 0.72439024375 0.6017964078125 0.727439025 0.6017964078125
25 0.689634146875 0.553892215625 0.6908536578125 0.48727544843750004 0.6865853656249999 0.48428143749999997 0.67439024375 0.48577844375 0.67439024375 0.549401196875 0.6786585359374999 0.556886228125 0.6829268296875 0.5583832328125 0.689634146875 0.553892215625
25 0.48719512187499997 0.32709580781250003 0.47865853593749996 0.3218562875 0.47195121875 0.3300898203125 0.47317073125000003 0.378742515625 0.48170731718750004 0.37649700625000004 0.48780487812500006 0.3802395203125 0.48719512187499997 0.32709580781250003
25 0.5560975609375001 0.196107784375 0.539634146875 0.196107784375 0.540243903125 0.266467065625 0.547560975 0.2717065875 0.5548780484375 0.264970059375 0.5560975609375001 0.196107784375
25 0.5445121953125 0.286676646875 0.5469512187500001 0.2806886234375 0.5463414640625001 0.2732035921875 0.539634146875 0.268712575 0.535975609375 0.27020958125 0.5036585359375 0.2919161671875 0.4810975609375 0.3113772453125 0.48170731718750004 0.32260479062499997 0.486585365625 0.3263473046875 0.4908536578125 0.325598803125 0.5445121953125 0.286676646875
25 0.5085365859375 0.160179640625 0.522560975 0.1729041921875 0.52560975625 0.1729041921875 0.52804878125 0.1594311375 0.5262195125 0.1519461078125 0.5012195125 0.1354790421875 0.4963414640625 0.1294910171875 0.48597560937499995 0.12649700625 0.4804878046875 0.1294910171875 0.4804878046875 0.13772455156250002 0.484756096875 0.144461078125 0.5085365859375 0.160179640625
25 0.4420731703125 0.1669161671875 0.47865853593749996 0.141467065625 0.47987804843750004 0.1302395203125 0.47682926875 0.12649700625 0.4695121953125 0.12574850312500002 0.434756096875 0.1504491015625 0.4317073171875 0.15419161718750002 0.4317073171875 0.163173653125 0.435365853125 0.17514970000000002 0.4420731703125 0.1669161671875
34 0.225 0.3315868265625 0.2317073171875 0.3278443109375 0.22804878125 0.29790419218749997 0.21280487812499999 0.28218562812500003 0.20670731718750002 0.28368263437499996 0.1957317078125 0.2934131734375 0.19207317031249999 0.299401196875 0.190243903125 0.3098802390625 0.188414634375 0.325598803125 0.19939024375 0.33757485 0.2213414640625 0.33757485 0.225 0.3315868265625
34 0.360975609375 0.3300898203125 0.3664634140625 0.3278443109375 0.36402439062499997 0.3001497 0.3512195125 0.28443113750000004 0.34512195156250003 0.281437125 0.33841463437499997 0.285179640625 0.32804878125000003 0.2971556890625 0.32439024375000003 0.3158682640625 0.32439024375000003 0.3278443109375 0.33475609687499996 0.33757485 0.3560975609375 0.33757485 0.360975609375 0.3300898203125
34 0.3664634140625 0.6130239515625 0.363414634375 0.585329340625 0.34817073125000003 0.5688622750000001 0.3420731703125 0.5688622750000001 0.327439025 0.5845808390625 0.32560975625 0.59206586875 0.3237804875 0.6122754484375 0.3323170734375 0.6235029937500001 0.35548780468749996 0.625 0.3664634140625 0.6130239515625
28 0.4085365859375 0.574101796875 0.411585365625 0.57035928125 0.411585365625 0.5598802390625 0.4073170734375 0.5561377249999999 0.40060975625 0.556886228125 0.3658536578125 0.5823353296875 0.3658536578125 0.5943113765625 0.3695121953125 0.6032934125 0.37256097499999996 0.5988023953125 0.4085365859375 0.574101796875
28 0.4201219515625 0.4738023953125 0.41280487812500005 0.464820359375 0.4054878046875 0.4693113765625 0.4054878046875 0.5531437125 0.41280487812500005 0.5576347312500001 0.4201219515625 0.552395209375 0.4201219515625 0.4738023953125
28 0.4073170734375 0.466317365625 0.411585365625 0.46257485000000004 0.410975609375 0.45209580781250003 0.386585365625 0.4333832328125 0.3542682921875 0.411676646875 0.3463414640625 0.41467065937500003 0.3457317078125 0.42514969999999996 0.35182926875 0.43188622812500005 0.40182926874999997 0.466317365625 0.4073170734375 0.466317365625
28 0.337195121875 0.408682634375 0.33841463437499997 0.411676646875 0.3457317078125 0.41392215625000006 0.3536585359375 0.408682634375 0.352439025 0.3450598796875 0.3548780484375 0.34131736562500004 0.352439025 0.33907185625 0.33597560937500004 0.339820359375 0.33475609687499996 0.34281437187499997 0.337195121875 0.3480538921875 0.33841463437499997 0.3652694609375 0.337195121875 0.408682634375
28 0.3207317078125 0.3136227546875 0.32439024375000003 0.3113772453125 0.32682926874999996 0.29565868281249996 0.287804878125 0.268712575 0.2786585359375 0.2732035921875 0.27804878125 0.28293413125 0.2810975609375 0.28592814375 0.314024390625 0.3106287421875 0.3207317078125 0.3136227546875
28 0.234756096875 0.3121257484375 0.238414634375 0.3121257484375 0.27560975625 0.28592814375 0.27804878125 0.28218562812500003 0.277439025 0.2732035921875 0.26829268281249996 0.268712575 0.235975609375 0.2911676640625 0.22987804843749998 0.29640718593750004 0.22987804843749998 0.3031437125 0.234756096875 0.306886228125 0.234756096875 0.3121257484375
33 0.5012195125 0.6137724546875 0.497560975 0.585329340625 0.4810975609375 0.5688622750000001 0.47682926875 0.569610778125 0.46890243906249995 0.5770958078125 0.46219512187499995 0.585329340625 0.460365853125 0.593562875 0.45975609687499996 0.6152694609375 0.4695121953125 0.625 0.490243903125 0.625 0.5012195125 0.6137724546875
33 0.635975609375 0.3263473046875 0.6329268296875 0.299401196875 0.6158536578125 0.28218562812500003 0.6128048781250001 0.28218562812500003 0.59817073125 0.29640718593750004 0.5945121953125 0.3128742515625 0.5932926828125 0.3278443109375 0.6048780484375 0.338323353125 0.6262195125 0.338323353125 0.635975609375 0.3263473046875
27 0.47682926875 0.7163173656249999 0.47926829218749994 0.7133233531250001 0.47865853593749996 0.7028443109375 0.4701219515625 0.6998503 0.414024390625 0.7410179640625 0.414634146875 0.7514970062499999 0.4182926828125 0.7544910171875 0.42560975624999997 0.7529940125000001 0.47682926875 0.7163173656249999
27 0.48780487812500006 0.6938622750000001 0.48719512187499997 0.63922155625 0.489634146875 0.628742515625 0.48597560937499995 0.625748503125 0.47256097500000005 0.6264970062499999 0.47256097500000005 0.696107784375 0.47743902499999996 0.7013473046875001 0.48170731718750004 0.7013473046875001 0.48780487812500006 0.6938622750000001
27 0.6823170734375 0.281437125 0.6810975609375001 0.27245508906250004 0.675 0.268712575 0.6707317078125 0.27020958125 0.639634146875 0.2911676640625 0.635975609375 0.29640718593750004 0.6378048781250001 0.3113772453125 0.6445121953124999 0.3106287421875 0.6804878046875 0.28592814375 0.6823170734375 0.281437125
32 0.6317073171875001 0.71257485 0.636585365625 0.710329340625 0.6335365859375 0.6841317359375 0.6182926828124999 0.664670659375 0.6091463421875 0.6661676640625 0.59817073125 0.6781437125 0.5951219515624999 0.6878742515625 0.5939024390625 0.7095808390625 0.602439025 0.7193113765625 0.62682926875 0.7200598796875 0.6317073171875001 0.71257485
32 0.2987804875 0.4700598796875 0.2957317078125 0.44236526875 0.2804878046875 0.42664670625 0.27195121875 0.4281437125 0.2591463421875 0.44236526875 0.2567073171875 0.4573353296875 0.25609756093749997 0.4700598796875 0.265243903125 0.481287425 0.287195121875 0.482035928125 0.2987804875 0.4700598796875
32 0.16402439062500002 0.467814371875 0.160975609375 0.44236526875 0.14512195156250002 0.42589820312500004 0.139634146875 0.42664670625 0.12621951250000002 0.4393712578125 0.122560975 0.45359281406249996 0.12195121874999999 0.4708083828125 0.1310975609375 0.481287425 0.1542682921875 0.480538921875 0.16402439062500002 0.467814371875
26 0.1689024390625 0.4580838328125 0.2079268296875 0.42964071875 0.209756096875 0.42739520937500003 0.2091463421875 0.41841317343749995 0.2036585359375 0.413173653125 0.19695121875 0.41541916093750003 0.16402439062500002 0.4393712578125 0.16219512187500001 0.44236526875 0.16402439062500002 0.45658682656250005 0.164634146875 0.4588323359375 0.1689024390625 0.4580838328125
26 0.2554878046875 0.4573353296875 0.2591463421875 0.44311377187499995 0.2573170734375 0.43787425156250004 0.2201219515625 0.411676646875 0.21158536562500002 0.4161676640625 0.21036585312499997 0.4191616765625 0.21402439062499998 0.428892215625 0.25121951249999996 0.45658682656250005 0.2554878046875 0.4573353296875
26 0.2170731703125 0.3594064375 0.2189024390625 0.3450598796875 0.22195121874999998 0.34131736562500004 0.2085365859375 0.33907185625 0.20121951249999998 0.34056886249999996 0.20304878125 0.40793413125000005 0.209756096875 0.41467065937500003 0.21829268281249997 0.407185628125 0.2170731703125 0.3594064375
26 0.6207317078125001 0.664670659375 0.6225609750000001 0.6145209578124999 0.6158536578125 0.608532934375 0.6073170734375 0.6130239515625 0.6073170734375 0.663173653125 0.6085365859375 0.6654191609375 0.613414634375 0.663173653125 0.6207317078125001 0.664670659375
26 0.339024390625 0.41392215625000006 0.3329268296875 0.41541916093750003 0.297560975 0.4393712578125 0.3 0.46032934062499997 0.3439024390625 0.428892215625 0.3445121953125 0.4176646703125 0.339024390625 0.41392215625000006
13 0.572560975 0.7133233531250001 0.5737804875 0.6669161671875 0.5707317078125 0.6556886234375 0.52682926875 0.6549401203125 0.5237804875000001 0.65793413125 0.522560975 0.6699101796875 0.522560975 0.7065868265625 0.52560975625 0.7163173656249999 0.564024390625 0.71706586875 0.572560975 0.7133233531250001
13 0.3414634140625 0.2799401203125 0.3463414640625 0.2799401203125 0.35548780468749996 0.288173653125 0.359756096875 0.288173653125 0.3676829265625 0.286676646875 0.3713414640625 0.28293413125 0.3713414640625 0.23053892187499997 0.3682926828125 0.2252994015625 0.362195121875 0.2230538921875 0.3262195125 0.22380239531249999 0.3201219515625 0.22979041875 0.3201219515625 0.2761976046875 0.3237804875 0.285179640625 0.3317073171875 0.286676646875 0.3414634140625 0.2799401203125
10 0.49939024375 0.28742515 0.5060975609375 0.28218562812500003 0.5060975609375 0.232035928125 0.50304878125 0.2252994015625 0.46280487812500004 0.22380239531249999 0.4567073171875 0.2260479046875 0.4548780484375 0.23053892187499997 0.4542682921875 0.2761976046875 0.4579268296875 0.28592814375 0.4658536578125 0.288173653125 0.49939024375 0.28742515
11 0.3457317078125 0.5651197609375 0.35914634218749997 0.5778443109375 0.3701219515625 0.569610778125 0.3707317078125 0.5149700593750001 0.36890243906250003 0.5127245515625 0.36402439062499997 0.5104790421875001 0.3262195125 0.5104790421875001 0.3201219515625 0.517964071875 0.3201219515625 0.5606287421875 0.3237804875 0.5718562875 0.33475609687499996 0.5748503 0.3457317078125 0.5651197609375
11 0.6823170734375 0.424401196875 0.687195121875 0.43263473125 0.6920731703125 0.4348802390625 0.6939024390624999 0.43113772499999997 0.7073170734375 0.4281437125 0.7085365859375 0.37574850312499997 0.7067073171875 0.3690119765625 0.6676829265625 0.36751497031249997 0.660975609375 0.3682634734375 0.6579268296875 0.3720059875 0.6573170734375 0.4191616765625 0.660365853125 0.428892215625 0.6707317078125 0.42140718593750004 0.6823170734375 0.424401196875
13 0.3414634140625 0.2799401203125 0.34817073125000003 0.2806886234375 0.35548780468749996 0.288173653125 0.3670731703125 0.286676646875 0.3707317078125 0.28368263437499996 0.3707317078125 0.229041915625 0.3682926828125 0.2252994015625 0.32682926874999996 0.22380239531249999 0.3207317078125 0.22829341250000001 0.3201219515625 0.2754491015625 0.3237804875 0.285179640625 0.33475609687499996 0.28592814375 0.3414634140625 0.2799401203125
13 0.572560975 0.71407185625 0.5737804875 0.6661676640625 0.5707317078125 0.6556886234375 0.52682926875 0.6549401203125 0.5237804875000001 0.65793413125 0.522560975 0.6691616765624999 0.522560975 0.7065868265625 0.52560975625 0.7163173656249999 0.5658536578125 0.71706586875 0.572560975 0.71407185625
12 0.2304878046875 0.574101796875 0.234756096875 0.5718562875 0.23658536562500002 0.5673652687499999 0.23658536562500002 0.518712575 0.2341463421875 0.5127245515625 0.19207317031249999 0.5112275453125 0.185975609375 0.51721556875 0.185365853125 0.5643712578125 0.187804878125 0.5718562875 0.1951219515625 0.574101796875 0.2304878046875 0.574101796875
12 0.639634146875 0.57035928125 0.6414634140625 0.5217065875 0.638414634375 0.5127245515625 0.5951219515624999 0.5119760484375 0.5908536578125 0.5149700593750001 0.5914634140625 0.5718562875 0.59817073125 0.574101796875 0.634756096875 0.574101796875 0.639634146875 0.57035928125
14 0.4335365859375 0.71706586875 0.437195121875 0.714820359375 0.43902439062500004 0.7080838328125 0.43902439062500004 0.67664670625 0.43841463437500006 0.6616766468749999 0.435365853125 0.6556886234375 0.39695121875 0.6534431140625 0.390243903125 0.656437125 0.387195121875 0.664670659375 0.386585365625 0.7095808390625 0.390243903125 0.7155688625 0.40670731718750003 0.7178143718750001 0.4335365859375 0.71706586875
14 0.613414634375 0.2799401203125 0.6237804875 0.28742515 0.639024390625 0.285179640625 0.6414634140625 0.25748502968750003 0.6408536578125 0.23053892187499997 0.638414634375 0.2260479046875 0.602439025 0.22455089843749998 0.5932926828125 0.2252994015625 0.5908536578125 0.22829341250000001 0.5914634140625 0.28293413125 0.5957317078125001 0.286676646875 0.6030487812499999 0.286676646875 0.613414634375 0.2799401203125
15 0.7445121953125 0.5651197609375 0.7512195125 0.5636227546875 0.7554878046875 0.571107784375 0.760975609375 0.5748503 0.77439024375 0.57035928125 0.7762195125 0.5643712578125 0.77560975625 0.517964071875 0.772560975 0.5112275453125 0.7304878046875001 0.5104790421875001 0.7262195124999999 0.513473053125 0.725 0.517964071875 0.72439024375 0.55464071875 0.72682926875 0.571107784375 0.738414634375 0.574101796875 0.7445121953125 0.5651197609375
15 0.2829268296875 0.4236526953125 0.289634146875 0.43188622812500005 0.30182926875 0.42739520937500003 0.3042682921875 0.392964071875 0.30365853593750003 0.37574850312499997 0.3012195125 0.3682634734375 0.2585365859375 0.36751497031249997 0.2536585359375 0.3720059875 0.2548780484375 0.4281437125 0.2689024390625 0.42964071875 0.27195121875 0.42290419218749997 0.2829268296875 0.4236526953125
16 0.5426829265625 0.43038922187499995 0.560975609375 0.43113772499999997 0.57195121875 0.42739520937500003 0.5737804875 0.389970059375 0.5731707312500001 0.3720059875 0.5707317078125 0.3682634734375 0.5292682921874999 0.36751497031249997 0.52439024375 0.3690119765625 0.522560975 0.372754490625 0.5219512187500001 0.42140718593750004 0.5262195125 0.428892215625 0.537195121875 0.43263473125 0.5426829265625 0.43038922187499995
16 0.60182926875 0.8630239515625 0.6054878046875001 0.8637724546875001 0.6128048781250001 0.8585329343750001 0.634756096875 0.860029940625 0.640243903125 0.857035928125 0.6408536578125 0.8031437125 0.6378048781250001 0.7979041921875 0.59817073125 0.7971556890625 0.5914634140625 0.799401196875 0.590243903125 0.8031437125 0.589634146875 0.8458083828125 0.5920731703125 0.85778443125 0.59939024375 0.85778443125 0.60182926875 0.8630239515625
7 0.70182926875 0.71706586875 0.7067073171875 0.71407185625 0.7091463421875 0.6848802390625 0.7085365859375 0.6639221562500001 0.7054878046875 0.6556886234375 0.6615853656249999 0.6541916171875 0.6585365859375 0.6571856281249999 0.6573170734375 0.710329340625 0.660365853125 0.7155688625 0.6658536578125 0.7178143718750001 0.70182926875 0.71706586875
7 0.41524390312500004 0.43113772499999997 0.437195121875 0.42739520937500003 0.439634146875 0.393712575 0.437804878125 0.371257484375 0.435365853125 0.3682634734375 0.3926829265625 0.36751497031249997 0.389024390625 0.3697604796875 0.387195121875 0.37574850312499997 0.386585365625 0.41841317343749995 0.390243903125 0.428892215625 0.411585365625 0.428892215625 0.41524390312500004 0.43113772499999997
8 0.2963414640625 0.71706586875 0.30243902500000003 0.7133233531250001 0.30365853593750003 0.66092814375 0.30060975624999997 0.6556886234375 0.26097560937500003 0.6541916171875 0.2536585359375 0.65793413125 0.25304878125 0.700598803125 0.2548780484375 0.71407185625 0.26097560937500003 0.71706586875 0.2963414640625 0.71706586875
8 0.4810975609375 0.5673652687499999 0.49512195156249994 0.575598803125 0.5048780484375001 0.569610778125 0.5060975609375 0.5217065875 0.50182926875 0.5112275453125 0.46463414687500004 0.5104790421875001 0.4548780484375 0.5149700593750001 0.4542682921875 0.5598802390625 0.4567073171875 0.571107784375 0.46829268281249997 0.57335329375 0.4810975609375 0.5673652687499999
9 0.5054878046875 0.856287425 0.5060975609375 0.8061377249999999 0.5042682921874999 0.8001497000000001 0.50060975625 0.7979041921875 0.45975609687499996 0.7979041921875 0.45609756093750004 0.8001497000000001 0.4548780484375 0.8450598796875 0.4585365859375 0.8592814375 0.50060975625 0.860029940625 0.5054878046875 0.856287425
29 0.35182926875 0.6407185625 0.34817073125000003 0.6504491015625 0.35182926875 0.6541916171875 0.36036585312499997 0.6549401203125 0.364634146875 0.6684131734375 0.37560975625 0.6706586828125001 0.3804878046875 0.6676646703125 0.3823170734375 0.664670659375 0.3817073171875 0.66092814375 0.385365853125 0.656437125 0.3939024390625 0.6534431140625 0.3957317078125 0.6497005984374999 0.390243903125 0.63922155625 0.3841463421875 0.6339820359375 0.3817073171875 0.6190119765625 0.37378048750000004 0.6145209578124999 0.3682926828125 0.6145209578124999 0.362195121875 0.6182634734375 0.35914634218749997 0.625748503125 0.362195121875 0.6302395203125 0.35182926875 0.6407185625
20 0.2453128046875 0.01875 0.2453128046875 0.096875 0.296875 0.096875 0.296875 0.01875 0.2453128046875 0.01875
23 0.16093780468750002 0.617187875 0.1625 0.615625 0.1625 0.592187875 0.1109378046875 0.592187875 0.1109378046875 0.670312875 0.159375 0.670312875 0.16093780468750002 0.66875 0.16093780468750002 0.617187875
18 0.546875 0.954687875 0.5484378046875 0.95625 0.559375 0.95625 0.5609378046875 0.954687875 0.565625 0.954687875 0.565625 0.8796878749999999 0.5171878046875 0.8796878749999999 0.5171878046875 0.95625 0.53125 0.95625 0.5328128046875 0.954687875 0.546875 0.954687875
18 0.8484378046875 0.446875 0.8484378046875 0.528125 0.90625 0.528125 0.90625 0.446875 0.8484378046875 0.446875
18 0.5671878046875001 0.01875 0.5140628046875 0.01875 0.5140628046875 0.098437875 0.565625 0.098437875 0.5671878046875001 0.096875 0.5671878046875001 0.01875
18 0.2953128046875 0.8796878749999999 0.246875 0.8796878749999999 0.246875 0.9578128749999999 0.29375 0.9578128749999999 0.2953128046875 0.95625 0.2953128046875 0.8796878749999999
21 0.7671878046875 0.809375 0.7671878046875 0.740625 0.76875 0.739062875 0.76875 0.734375 0.71875 0.734375 0.71875 0.8125 0.765625 0.8125 0.765625 0.8109378749999999 0.7671878046875 0.809375
19 0.16093780468750002 0.379687875 0.16093780468750002 0.31875 0.1625 0.317187875 0.1625 0.301562875 0.109375 0.301562875 0.109375 0.382812875 0.159375 0.382812875 0.159375 0.38125 0.16093780468750002 0.379687875
22 0.7703128046875001 0.240625 0.7703128046875001 0.160937875 0.7171878046875 0.160937875 0.7171878046875 0.242187875 0.7671878046875 0.242187875 0.76875 0.240625 0.7703128046875001 0.240625