37 0.47426459374999996 0.1341913953125 0.46875 0.13970623124999998 0.46507360468750003 0.13970623124999998 0.46323540625000004 0.14154376875000002 0.46139720781250004 0.14154376875000002 0.4577208125 0.1452203265625 0.4558826140625 0.1452203265625 0.45404378124999994 0.1470586046875 0.45220558437499997 0.1470586046875 0.4503673859375 0.14889688437499998 0.4485291875 0.14889688437499998 0.44117639531249997 0.15625 0.44117639531249997 0.17095623124999998 0.43382360468750003 0.1783086046875 0.43198540625000004 0.1783086046875 0.43198540625000004 0.18014688437499998 0.43014720781250004 0.18198516250000002 0.42830900937500005 0.18198516250000002 0.42830900937500005 0.262867953125 0.43198540625000004 0.262867953125 0.43382360468750003 0.26470623125000003 0.4356618015625 0.26470623125000003 0.44117639531249997 0.2702203265625 0.44485279218749996 0.2702203265625 0.4485291875 0.273896884375 0.4485291875 0.2757351625 0.4503673859375 0.2775734421875 0.45404378124999994 0.2775734421875 0.4558826140625 0.2794117203125 0.4577208125 0.2794117203125 0.46139720781250004 0.2830882796875 0.46323540625000004 0.2830882796875 0.46507360468750003 0.2849265578125 0.4669118015625 0.2849265578125 0.47426459374999996 0.2922796734375 0.4816173859375 0.2922796734375 0.4871326140625 0.29779376874999997 0.4889708125 0.29779376874999997 0.49448540625000004 0.2922796734375 0.4981618015625 0.2922796734375 0.5 0.2904413953125 0.5018381984375 0.2904413953125 0.50551459375 0.2867648375 0.5073527921875 0.2867648375 0.509190990625 0.2849265578125 0.5110291874999999 0.2849265578125 0.51654378125 0.2794117203125 0.5183826140625001 0.2794117203125 0.5202208125000001 0.2775734421875 0.52573540625 0.2775734421875 0.5275736046875 0.2757351625 0.5275736046875 0.273896884375 0.53125 0.2702203265625 0.5349263953125 0.2702203265625 0.53676459375 0.268382046875 0.5386027921875 0.268382046875 0.5441173859374999 0.262867953125 0.5459555843749999 0.262867953125 0.5551472078125 0.2536765578125 0.5551472078125 0.1856617203125 0.553309009375 0.1856617203125 0.5514708125000001 0.1838234421875 0.5496326140625001 0.1838234421875 0.5422791874999999 0.1764703265625 0.540440990625 0.1764703265625 0.53676459375 0.17279376875000002 0.53676459375 0.17095623124999998 0.5349263953125 0.169117953125 0.5349263953125 0.16176483749999998 0.5330881984375 0.1599265578125 0.5330881984375 0.1580882796875 0.5275736046875 0.1525734421875 0.5275736046875 0.15073516250000002 0.52573540625 0.14889688437499998 0.5238972078125 0.14889688437499998 0.522059009375 0.1470586046875 0.5183826140625001 0.1470586046875 0.51654378125 0.1452203265625 0.5147055843749999 0.1452203265625 0.5110291874999999 0.14154376875000002 0.509190990625 0.14154376875000002 0.5073527921875 0.13970623124999998 0.50551459375 0.13970623124999998 0.5 0.1341913953125 0.4981618015625 0.1341913953125 0.49632360468750003 0.13235311562500002 0.49264720781250004 0.13235311562500002 0.49080900937500005 0.13051483749999998 0.4871326140625 0.13051483749999998 0.48529378124999994 0.13235311562500002 0.4797791875 0.13235311562500002 0.47794099062499995 0.1341913953125 0.47426459374999996 0.1341913953125
37 0.59375 0.711396884375 0.5919118015625 0.7132351625 0.5900736046875 0.7132351625 0.5827208125000001 0.7205882796874999 0.5772055843749999 0.7205882796874999 0.5698527921875 0.7279413953125 0.56801459375 0.7279413953125 0.5625 0.73345623125 0.5625 0.8216913953124999 0.5643381984375 0.8235296734374999 0.5643381984375 0.825367953125 0.56801459375 0.8290445109375 0.5698527921875 0.8290445109375 0.5735291874999999 0.8327203265625001 0.5735291874999999 0.8345586046875001 0.5753673859374999 0.8363968843749999 0.57904378125 0.8363968843749999 0.5808826140625001 0.8382351625 0.5827208125000001 0.8382351625 0.5863972078125 0.8419117203125 0.58823540625 0.8419117203125 0.5900736046875 0.84375 0.5919118015625 0.84375 0.59926459375 0.8511031156250001 0.6011027921875 0.8511031156250001 0.6047791874999999 0.8547796734374999 0.6066173859374999 0.8547796734374999 0.61029378125 0.8584562312499999 0.6139708125000001 0.8584562312499999 0.615809009375 0.8602945109375 0.6176472078125 0.8602945109375 0.6213236046875 0.8639703265625001 0.6231618015625 0.8639703265625001 0.625 0.8658086046875001 0.63051459375 0.8658086046875001 0.6323527921875 0.8639703265625001 0.6360291874999999 0.8639703265625001 0.64154378125 0.8584562312499999 0.6452208125000001 0.8584562312499999 0.647059009375 0.856617953125 0.65073540625 0.856617953125 0.65073540625 0.8547796734374999 0.6544118015625 0.8511031156250001 0.65625 0.8511031156250001 0.6636027921875 0.84375 0.6672791874999999 0.84375 0.67279378125 0.8382351625 0.6746326140625001 0.8382351625 0.6764708125000001 0.8363968843749999 0.678309009375 0.8363968843749999 0.6856618015625 0.8290445109375 0.6875 0.8290445109375 0.6911763953125 0.825367953125 0.6911763953125 0.8235296734374999 0.69301459375 0.8216913953124999 0.69301459375 0.8198531156250001 0.6948527921875 0.8180148375 0.6948527921875 0.7444851625 0.69301459375 0.742646884375 0.69301459375 0.7389703265625001 0.6911763953125 0.737132046875 0.6911763953125 0.7352945109375 0.678309009375 0.7224265578125 0.6764708125000001 0.7224265578125 0.6746326140625001 0.7205882796874999 0.67279378125 0.7205882796874999 0.6709555843749999 0.71875 0.6691173859374999 0.71875 0.6672791874999999 0.7169117203125001 0.6672791874999999 0.7150734421875 0.665440990625 0.7132351625 0.66176459375 0.7132351625 0.6599263953125 0.711396884375 0.65625 0.711396884375 0.6544118015625 0.7095586046875 0.6544118015625 0.705882046875 0.6525736046875 0.7040445109375 0.64154378125 0.7040445109375 0.6397055843749999 0.705882046875 0.6268381984375 0.705882046875 0.625 0.7040445109375 0.6047791874999999 0.7040445109375 0.602940990625 0.705882046875 0.6011027921875 0.705882046875 0.5955881984375 0.711396884375 0.59375 0.711396884375
17 0.33272081249999996 0.711396884375 0.33088261406249997 0.7132351625 0.33088261406249997 0.7150734421875 0.32904378125 0.7169117203125001 0.32904378125 0.71875 0.32536738593750003 0.7224265578125 0.321690990625 0.7224265578125 0.31985279218749996 0.7242648375 0.3125 0.7242648375 0.3106618015625 0.726103115625 0.30514720781250004 0.726103115625 0.303309009375 0.7279413953125 0.297794415625 0.7279413953125 0.29227918750000004 0.73345623125 0.290440990625 0.73345623125 0.28860279218749996 0.7352945109375 0.28676459374999996 0.7352945109375 0.2830881984375 0.7389703265625001 0.2830881984375 0.8235296734374999 0.28860279218749996 0.8290445109375 0.290440990625 0.8290445109375 0.29411738593750003 0.8327203265625001 0.29411738593750003 0.8345586046875001 0.295955584375 0.8363968843749999 0.29963261406249997 0.8363968843749999 0.30147081249999996 0.8382351625 0.303309009375 0.8382351625 0.30698540625000004 0.8419117203125 0.30882360468750003 0.8419117203125 0.3106618015625 0.84375 0.3125 0.84375 0.31617639531249997 0.8474265578125 0.31617639531249997 0.8492648375 0.31801459374999996 0.8511031156250001 0.321690990625 0.8511031156250001 0.32352918750000004 0.8529413953124999 0.32536738593750003 0.8529413953124999 0.32904378125 0.856617953125 0.33088261406249997 0.856617953125 0.33272081249999996 0.8584562312499999 0.334559009375 0.8584562312499999 0.3419118015625 0.8658086046875001 0.35110279218749996 0.8658086046875001 0.352940990625 0.8639703265625001 0.35477918750000004 0.8639703265625001 0.358455584375 0.8602945109375 0.36029378125 0.8602945109375 0.36213261406249997 0.8584562312499999 0.36397081249999996 0.8584562312499999 0.36948540625000004 0.8529413953124999 0.37132360468750003 0.8529413953124999 0.3731618015625 0.8511031156250001 0.3768381984375 0.8511031156250001 0.384190990625 0.84375 0.38602918750000004 0.84375 0.39154378125 0.8382351625 0.39338261406249997 0.8382351625 0.39522081249999996 0.8363968843749999 0.39889720781250004 0.8363968843749999 0.40625 0.8290445109375 0.4080881984375 0.8290445109375 0.41176459374999996 0.825367953125 0.41176459374999996 0.8235296734374999 0.41360279218749996 0.8216913953124999 0.41544099062499995 0.8216913953124999 0.41544099062499995 0.7408086046875 0.40992639531249997 0.7352945109375 0.4080881984375 0.7352945109375 0.40073540625000004 0.7279413953125 0.39889720781250004 0.7279413953125 0.397059009375 0.726103115625 0.39522081249999996 0.726103115625 0.39154378125 0.7224265578125 0.389705584375 0.7224265578125 0.38786738593750003 0.7205882796874999 0.38602918750000004 0.7205882796874999 0.384190990625 0.71875 0.38235279218749996 0.71875 0.37867639531249997 0.7150734421875 0.3768381984375 0.7150734421875 0.375 0.7132351625 0.37132360468750003 0.7132351625 0.36397081249999996 0.705882046875 0.34007360468750003 0.705882046875 0.33823540625000004 0.7077203265625001 0.334559009375 0.7077203265625001 0.33272081249999996 0.7095586046875 0.33272081249999996 0.711396884375
37 0.32536738593750003 0.13970623124999998 0.31801459374999996 0.1470586046875 0.3125 0.1470586046875 0.30514720781250004 0.1544117203125 0.30147081249999996 0.1544117203125 0.29963261406249997 0.15625 0.297794415625 0.15625 0.29227918750000004 0.16176483749999998 0.28860279218749996 0.16176483749999998 0.28676459374999996 0.16360311562500002 0.28676459374999996 0.2555148375 0.290440990625 0.2555148375 0.29411738593750003 0.2591913953125 0.29411738593750003 0.2610296734375 0.295955584375 0.262867953125 0.30147081249999996 0.262867953125 0.303309009375 0.26470623125000003 0.30514720781250004 0.26470623125000003 0.3106618015625 0.2702203265625 0.33272081249999996 0.2702203265625 0.334559009375 0.268382046875 0.34007360468750003 0.268382046875 0.3419118015625 0.2702203265625 0.34926459374999996 0.2702203265625 0.35477918750000004 0.2757351625 0.37132360468750003 0.2757351625 0.3768381984375 0.2702203265625 0.384190990625 0.2702203265625 0.39154378125 0.262867953125 0.397059009375 0.262867953125 0.39889720781250004 0.2610296734375 0.40073540625000004 0.2610296734375 0.40625 0.2555148375 0.4080881984375 0.2555148375 0.41176459374999996 0.2518382796875 0.41176459374999996 0.2481617203125 0.40992639531249997 0.24632344218750002 0.40992639531249997 0.1856617203125 0.40073540625000004 0.1764703265625 0.39889720781250004 0.1764703265625 0.39522081249999996 0.17279376875000002 0.39522081249999996 0.16176483749999998 0.39338261406249997 0.1599265578125 0.39338261406249997 0.15625 0.39154378125 0.15625 0.389705584375 0.1544117203125 0.389705584375 0.1525734421875 0.384190990625 0.1470586046875 0.3768381984375 0.1470586046875 0.37132360468750003 0.14154376875000002 0.36948540625000004 0.14154376875000002 0.36764720781250004 0.13970623124999998 0.36397081249999996 0.13970623124999998 0.358455584375 0.1341913953125 0.35661738593750003 0.1341913953125 0.35477918750000004 0.13235311562500002 0.34007360468750003 0.13235311562500002 0.334559009375 0.137867953125 0.33272081249999996 0.137867953125 0.33088261406249997 0.13970623124999998 0.32536738593750003 0.13970623124999998
6 0.7481618015625 0.42463204687499995 0.7463236046875 0.42463204687499995 0.74448540625 0.4264703265625 0.740809009375 0.4264703265625 0.7389708125000001 0.4283086046875 0.7371326140625001 0.4283086046875 0.7316173859374999 0.43382344218749996 0.7297791874999999 0.43382344218749996 0.72426459375 0.43933827968749994 0.7224263953125 0.43933827968749994 0.7205881984375 0.44117655781250004 0.71875 0.44117655781250004 0.7169118015625 0.4430148375 0.7150736046875 0.4430148375 0.7150736046875 0.44485311562499996 0.7113972078125 0.4485296734375 0.709559009375 0.4485296734375 0.7058826140625001 0.45220623125000003 0.7058826140625001 0.4595586046875 0.70404378125 0.46139688437500004 0.70404378125 0.47058827968749994 0.7058826140625001 0.47242655781250004 0.7058826140625001 0.48161795312500005 0.70404378125 0.48345623125000003 0.70404378125 0.5110296734374999 0.7058826140625001 0.512867953125 0.709559009375 0.512867953125 0.7205881984375 0.523896884375 0.7205881984375 0.5404413953125 0.7224263953125 0.5422796734374999 0.7224263953125 0.54595623125 0.7261027921875 0.549632046875 0.7261027921875 0.5514703265625001 0.727940990625 0.5533086046875 0.727940990625 0.555146884375 0.7297791874999999 0.5569851625 0.7316173859374999 0.5569851625 0.7371326140625001 0.5625 0.7389708125000001 0.5625 0.740809009375 0.5643382796874999 0.74448540625 0.5643382796874999 0.7518381984375 0.5716913953125 0.7536763953125 0.5716913953125 0.7573527921875 0.575367953125 0.7573527921875 0.57720623125 0.759190990625 0.5790445109375 0.77573540625 0.5790445109375 0.7775736046875 0.57720623125 0.7794118015625 0.57720623125 0.7849263953125 0.5716913953125 0.78676459375 0.5716913953125 0.7941173859374999 0.5643382796874999 0.7959555843749999 0.5643382796874999 0.79779378125 0.5625 0.7996326140625001 0.5625 0.7996326140625001 0.5606617203125001 0.8014708125000001 0.5588234421875 0.8033090093749999 0.5588234421875 0.8051472078125 0.5569851625 0.8069854062499999 0.5569851625 0.8088236046875 0.555146884375 0.8106618015624999 0.555146884375 0.8161763953125 0.549632046875 0.8198527921875 0.549632046875 0.8345590093749999 0.5349265578125 0.8345590093749999 0.4595586046875 0.82904378125 0.4540445109375 0.82904378125 0.45220623125000003 0.8272055843749999 0.45036795312500005 0.8198527921875 0.45036795312500005 0.8180145937500001 0.4485296734375 0.8161763953125 0.4485296734375 0.8125 0.44485311562499996 0.8088236046875 0.44485311562499996 0.8069854062499999 0.4466913953125 0.8014708125000001 0.4466913953125 0.79779378125 0.4430148375 0.7959555843749999 0.4430148375 0.7922791874999999 0.4466913953125 0.7886027921875 0.4466913953125 0.78676459375 0.44485311562499996 0.78676459375 0.4430148375 0.7849263953125 0.44117655781250004 0.7849263953125 0.43566172031250006 0.78125 0.4319851625 0.7794118015625 0.4319851625 0.7775736046875 0.43014688437500004 0.77573540625 0.43014688437500004 0.7702208125000001 0.42463204687499995 0.7702208125000001 0.4227945109375 0.7683826140625001 0.42095623125000003 0.7610291874999999 0.42095623125000003 0.759190990625 0.41911795312500005 0.7536763953125 0.41911795312500005 0.7518381984375 0.42095623125000003 0.75 0.42095623125000003 0.75 0.4227945109375 0.7481618015625 0.42463204687499995
31 0.6121326140625001 0.6544117203125001 0.61029378125 0.65625 0.61029378125 0.6617648375 0.6084555843749999 0.663603115625 0.6084555843749999 0.694853115625 0.6121326140625001 0.6985296734374999 0.6139708125000001 0.6985296734374999 0.615809009375 0.700367953125 0.615809009375 0.70220623125 0.64154378125 0.70220623125 0.6433826140625001 0.700367953125 0.6433826140625001 0.6985296734374999 0.647059009375 0.694853115625 0.647059009375 0.6930148375 0.6488972078125 0.6911765578125 0.6488972078125 0.680146884375 0.647059009375 0.6783086046875 0.647059009375 0.674632046875 0.6452208125000001 0.6727945109375 0.6452208125000001 0.6617648375 0.6433826140625001 0.6599265578125 0.6433826140625001 0.6580882796874999 0.6360291874999999 0.6507351625 0.61948540625 0.6507351625 0.6176472078125 0.6525734421875 0.615809009375 0.6525734421875 0.6139708125000001 0.6544117203125001 0.6121326140625001 0.6544117203125001
25 0.397059009375 0.2610296734375 0.39338261406249997 0.26470623125000003 0.39154378125 0.26470623125000003 0.384190990625 0.2720586046875 0.3768381984375 0.2720586046875 0.375 0.273896884375 0.375 0.2757351625 0.37132360468750003 0.2794117203125 0.36948540625000004 0.2794117203125 0.36764720781250004 0.28125 0.365809009375 0.28125 0.36397081249999996 0.2830882796875 0.36397081249999996 0.29595623125000003 0.36764720781250004 0.29595623125000003 0.36948540625000004 0.294117953125 0.37867639531249997 0.294117953125 0.38051459374999996 0.2922796734375 0.38602918750000004 0.2922796734375 0.39338261406249997 0.2849265578125 0.40073540625000004 0.2849265578125 0.40257360468750003 0.2830882796875 0.40257360468750003 0.28125 0.40625 0.2775734421875 0.4080881984375 0.2775734421875 0.4172791875 0.268382046875 0.4172791875 0.2555148375 0.40625 0.2555148375 0.4044118015625 0.257353115625 0.39889720781250004 0.257353115625 0.397059009375 0.2591913953125 0.397059009375 0.2610296734375
0 0.6047791874999999 0.13970623124999998 0.5974263953125 0.1470586046875 0.5955881984375 0.1470586046875 0.59375 0.14889688437499998 0.5900736046875 0.14889688437499998 0.5827208125000001 0.15625 0.5827208125000001 0.1599265578125 0.5808826140625001 0.16176483749999998 0.5808826140625001 0.17095623124999998 0.57904378125 0.17279376875000002 0.57904378125 0.174632046875 0.5772055843749999 0.1764703265625 0.5753673859374999 0.1764703265625 0.5735291874999999 0.1783086046875 0.5735291874999999 0.18014688437499998 0.5698527921875 0.1838234421875 0.56801459375 0.1838234421875 0.5661763953125 0.1856617203125 0.5661763953125 0.257353115625 0.56801459375 0.2591913953125 0.56801459375 0.2610296734375 0.5698527921875 0.2610296734375 0.571690990625 0.262867953125 0.5753673859374999 0.262867953125 0.5827208125000001 0.2702203265625 0.5919118015625 0.2702203265625 0.59375 0.2720586046875 0.5955881984375 0.2720586046875 0.5974263953125 0.273896884375 0.6011027921875 0.273896884375 0.602940990625 0.2757351625 0.6121326140625001 0.2757351625 0.615809009375 0.2720586046875 0.6176472078125 0.2720586046875 0.61948540625 0.2702203265625 0.6397055843749999 0.2702203265625 0.64154378125 0.2720586046875 0.6433826140625001 0.2720586046875 0.6452208125000001 0.2702203265625 0.65625 0.2702203265625 0.6580881984375 0.268382046875 0.6636027921875 0.268382046875 0.6672791874999999 0.26470623125000003 0.6691173859374999 0.26470623125000003 0.6709555843749999 0.262867953125 0.6764708125000001 0.262867953125 0.678309009375 0.2610296734375 0.6801472078125 0.2610296734375 0.6856618015625 0.2555148375 0.6875 0.2555148375 0.6893381984375 0.2536765578125 0.6893381984375 0.1654413953125 0.6856618015625 0.16176483749999998 0.68198540625 0.16176483749999998 0.6764708125000001 0.15625 0.6746326140625001 0.15625 0.67279378125 0.1544117203125 0.6709555843749999 0.1544117203125 0.6672791874999999 0.15073516250000002 0.6672791874999999 0.14889688437499998 0.665440990625 0.1470586046875 0.6599263953125 0.1470586046875 0.6580881984375 0.1452203265625 0.65625 0.1452203265625 0.65073540625 0.13970623124999998 0.6488972078125 0.13970623124999998 0.6433826140625001 0.1341913953125 0.64154378125 0.1341913953125 0.6397055843749999 0.13235311562500002 0.6360291874999999 0.13235311562500002 0.634190990625 0.13051483749999998 0.6323527921875 0.13051483749999998 0.63051459375 0.1286765578125 0.6231618015625 0.1286765578125 0.61948540625 0.13235311562500002 0.6139708125000001 0.13235311562500002 0.6066173859374999 0.13970623124999998 0.6047791874999999 0.13970623124999998
17 0.25367639531249997 0.5735296734374999 0.2518381984375 0.575367953125 0.25 0.575367953125 0.2481618015625 0.57720623125 0.2463236046875 0.57720623125 0.24448540625 0.5790445109375 0.24264720781250002 0.5790445109375 0.240809009375 0.580882046875 0.2371326140625 0.580882046875 0.235294415625 0.5827203265625001 0.233455584375 0.5827203265625001 0.2316173859375 0.5845586046875 0.2297791875 0.5845586046875 0.22610279218749998 0.5882351625 0.22426459375 0.5882351625 0.2224263953125 0.5900734421875 0.2205881984375 0.5900734421875 0.21323540625 0.5974265578125 0.21323540625 0.6819851625 0.2150736046875 0.6838234421875 0.2150736046875 0.6856617203125001 0.2169118015625 0.6875 0.21875 0.6875 0.2205881984375 0.6893382796874999 0.2224263953125 0.6893382796874999 0.2297791875 0.6966913953125 0.233455584375 0.6966913953125 0.235294415625 0.6985296734374999 0.2371326140625 0.6985296734374999 0.24264720781250002 0.7040445109375 0.2463236046875 0.7040445109375 0.25 0.7077203265625001 0.25 0.7095586046875 0.2518381984375 0.7095586046875 0.25367639531249997 0.711396884375 0.259190990625 0.711396884375 0.266544415625 0.71875 0.28492639531249997 0.71875 0.28676459374999996 0.7169117203125001 0.28860279218749996 0.7169117203125001 0.29227918750000004 0.7132351625 0.29411738593750003 0.7132351625 0.295955584375 0.711396884375 0.303309009375 0.711396884375 0.3106618015625 0.7040445109375 0.31617639531249997 0.7040445109375 0.31801459374999996 0.70220623125 0.31985279218749996 0.70220623125 0.31985279218749996 0.700367953125 0.321690990625 0.6985296734374999 0.321690990625 0.6893382796874999 0.31985279218749996 0.6875 0.31985279218749996 0.6856617203125001 0.31801459374999996 0.6838234421875 0.31801459374999996 0.6819851625 0.31617639531249997 0.680146884375 0.31617639531249997 0.6764703265625001 0.3143381984375 0.674632046875 0.3143381984375 0.67095623125 0.31617639531249997 0.669117953125 0.31617639531249997 0.6654413953125 0.31985279218749996 0.6617648375 0.31985279218749996 0.6599265578125 0.321690990625 0.6580882796874999 0.321690990625 0.65625 0.32536738593750003 0.6525734421875 0.327205584375 0.6525734421875 0.32904378125 0.6507351625 0.32904378125 0.648896884375 0.33272081249999996 0.6452203265625001 0.334559009375 0.6452203265625001 0.33639720781250004 0.643382046875 0.33639720781250004 0.5974265578125 0.327205584375 0.5882351625 0.32536738593750003 0.5882351625 0.32352918750000004 0.586396884375 0.321690990625 0.586396884375 0.31985279218749996 0.5845586046875 0.31985279218749996 0.5827203265625001 0.31617639531249997 0.5827203265625001 0.3143381984375 0.580882046875 0.3106618015625 0.580882046875 0.303309009375 0.5735296734374999 0.29963261406249997 0.5735296734374999 0.297794415625 0.5716913953125 0.295955584375 0.5716913953125 0.29411738593750003 0.569853115625 0.29227918750000004 0.569853115625 0.290440990625 0.5680148375 0.28860279218749996 0.5680148375 0.28676459374999996 0.5661765578125 0.27757360468750003 0.5661765578125 0.27573540625000004 0.5643382796874999 0.27022081249999996 0.5643382796874999 0.26838261406249997 0.5625 0.266544415625 0.5625 0.264705584375 0.5643382796874999 0.264705584375 0.5661765578125 0.25735279218749996 0.5735296734374999 0.25367639531249997 0.5735296734374999
37 0.54779378125 0.5588234421875 0.5422791874999999 0.5643382796874999 0.540440990625 0.5643382796874999 0.5386027921875 0.5661765578125 0.5349263953125 0.5661765578125 0.5330881984375 0.5680148375 0.53125 0.5680148375 0.52573540625 0.5735296734374999 0.5238972078125 0.5735296734374999 0.51654378125 0.580882046875 0.51654378125 0.5974265578125 0.5036763953125 0.6102945109375 0.5018381984375 0.6102945109375 0.4981618015625 0.6139703265625001 0.4981618015625 0.6158086046875 0.49632360468750003 0.617646884375 0.49632360468750003 0.6819851625 0.5018381984375 0.6875 0.50551459375 0.6875 0.5073527921875 0.6893382796874999 0.5110291874999999 0.6893382796874999 0.5128673859374999 0.6911765578125 0.5147055843749999 0.6911765578125 0.5183826140625001 0.694853115625 0.52573540625 0.694853115625 0.5349263953125 0.7040445109375 0.53676459375 0.7040445109375 0.5386027921875 0.705882046875 0.5422791874999999 0.705882046875 0.5441173859374999 0.7077203265625001 0.5625 0.7077203265625001 0.5643381984375 0.705882046875 0.5827208125000001 0.705882046875 0.584559009375 0.7040445109375 0.5900736046875 0.7040445109375 0.5919118015625 0.70220623125 0.5974263953125 0.70220623125 0.6047791874999999 0.694853115625 0.6047791874999999 0.6838234421875 0.6066173859374999 0.6819851625 0.6066173859374999 0.674632046875 0.6084555843749999 0.6727945109375 0.6084555843749999 0.663603115625 0.61029378125 0.6617648375 0.61029378125 0.6599265578125 0.61948540625 0.6507351625 0.61948540625 0.6470586046875 0.6176472078125 0.6452203265625001 0.6176472078125 0.6341913953125 0.61948540625 0.632353115625 0.61948540625 0.6139703265625001 0.6176472078125 0.612132046875 0.6176472078125 0.6047796734374999 0.61948540625 0.6029413953125 0.61948540625 0.5974265578125 0.6176472078125 0.5955882796874999 0.6176472078125 0.5919117203125001 0.615809009375 0.5900734421875 0.615809009375 0.5882351625 0.6084555843749999 0.580882046875 0.6047791874999999 0.580882046875 0.5974263953125 0.5735296734374999 0.5919118015625 0.5735296734374999 0.5900736046875 0.5716913953125 0.58823540625 0.5716913953125 0.5827208125000001 0.5661765578125 0.5808826140625001 0.5661765578125 0.5735291874999999 0.5588234421875 0.571690990625 0.5588234421875 0.5698527921875 0.5569851625 0.56801459375 0.5569851625 0.5661763953125 0.555146884375 0.5588236046875 0.555146884375 0.55698540625 0.5569851625 0.553309009375 0.5569851625 0.5514708125000001 0.5588234421875 0.54779378125 0.5588234421875
36 0.61029378125 0.41911795312500005 0.6047791874999999 0.42463204687499995 0.602940990625 0.42463204687499995 0.6011027921875 0.4264703265625 0.5974263953125 0.4264703265625 0.5900736046875 0.43382344218749996 0.5863972078125 0.43382344218749996 0.5808826140625001 0.43933827968749994 0.57904378125 0.43933827968749994 0.5772055843749999 0.44117655781250004 0.5753673859374999 0.44117655781250004 0.5735291874999999 0.4430148375 0.5735291874999999 0.44485311562499996 0.571690990625 0.4466913953125 0.5698527921875 0.4466913953125 0.5661763953125 0.45036795312500005 0.5661763953125 0.45220623125000003 0.5643381984375 0.4540445109375 0.5643381984375 0.45588204687499995 0.5625 0.4577203265625 0.5625 0.5330882796874999 0.5643381984375 0.5349265578125 0.5643381984375 0.5404413953125 0.56801459375 0.544117953125 0.56801459375 0.54595623125 0.5698527921875 0.54595623125 0.5735291874999999 0.549632046875 0.57904378125 0.549632046875 0.5808826140625001 0.5514703265625001 0.584559009375 0.5514703265625001 0.58823540625 0.555146884375 0.5900736046875 0.555146884375 0.5919118015625 0.5569851625 0.5955881984375 0.5569851625 0.5974263953125 0.5588234421875 0.59926459375 0.5588234421875 0.6047791874999999 0.5643382796874999 0.6084555843749999 0.5643382796874999 0.6176472078125 0.5735296734374999 0.6323527921875 0.5735296734374999 0.634190990625 0.5716913953125 0.6360291874999999 0.5716913953125 0.6378673859374999 0.569853115625 0.6378673859374999 0.5680148375 0.64154378125 0.5643382796874999 0.647059009375 0.5643382796874999 0.6488972078125 0.5625 0.65073540625 0.5625 0.65073540625 0.5606617203125001 0.65625 0.555146884375 0.6580881984375 0.555146884375 0.6599263953125 0.5533086046875 0.66176459375 0.5533086046875 0.6636027921875 0.5514703265625001 0.665440990625 0.5514703265625001 0.6672791874999999 0.549632046875 0.6691173859374999 0.549632046875 0.6709555843749999 0.5477945109375 0.67279378125 0.5477945109375 0.67279378125 0.54595623125 0.6746326140625001 0.544117953125 0.6746326140625001 0.5257351625 0.68198540625 0.518382046875 0.68198540625 0.5165445109375 0.6893381984375 0.5091913953125 0.6893381984375 0.507353115625 0.6911763953125 0.5055148375 0.6911763953125 0.5036765578125 0.69301459375 0.5018382796874999 0.69301459375 0.49264688437500004 0.6948527921875 0.4908086046875 0.6948527921875 0.4577203265625 0.69301459375 0.45588204687499995 0.69301459375 0.4540445109375 0.6875 0.4485296734375 0.6856618015625 0.4485296734375 0.678309009375 0.44117655781250004 0.6746326140625001 0.44117655781250004 0.67279378125 0.43933827968749994 0.6709555843749999 0.43933827968749994 0.665440990625 0.43382344218749996 0.6636027921875 0.43382344218749996 0.66176459375 0.4319851625 0.6599263953125 0.4319851625 0.6544118015625 0.4264703265625 0.6525736046875 0.4264703265625 0.647059009375 0.42095623125000003 0.6452208125000001 0.42095623125000003 0.6433826140625001 0.41911795312500005 0.6397055843749999 0.41911795312500005 0.6378673859374999 0.4172796734375 0.6360291874999999 0.4172796734375 0.6323527921875 0.41360311562499996 0.63051459375 0.41360311562499996 0.6286763953125 0.4117648375 0.6213236046875 0.4117648375 0.615809009375 0.4172796734375 0.6139708125000001 0.4172796734375 0.6121326140625001 0.41911795312500005 0.61029378125 0.41911795312500005
0 0.68198540625 0.5661765578125 0.6801472078125 0.5680148375 0.6746326140625001 0.5680148375 0.67279378125 0.569853115625 0.6709555843749999 0.569853115625 0.6672791874999999 0.5735296734374999 0.6636027921875 0.5735296734374999 0.65625 0.580882046875 0.6525736046875 0.580882046875 0.65073540625 0.5827203265625001 0.6488972078125 0.5827203265625001 0.6433826140625001 0.5882351625 0.6397055843749999 0.5882351625 0.6378673859374999 0.5900734421875 0.6378673859374999 0.5955882796874999 0.6397055843749999 0.5974265578125 0.6397055843749999 0.601103115625 0.6378673859374999 0.6029413953125 0.6378673859374999 0.6507351625 0.64154378125 0.6544117203125001 0.64154378125 0.65625 0.647059009375 0.6617648375 0.647059009375 0.67095623125 0.6488972078125 0.6727945109375 0.6488972078125 0.680146884375 0.6525736046875 0.6838234421875 0.6525736046875 0.6893382796874999 0.6544118015625 0.6911765578125 0.6544118015625 0.6966913953125 0.65625 0.6985296734374999 0.65625 0.700367953125 0.6580881984375 0.70220623125 0.6599263953125 0.70220623125 0.66176459375 0.7040445109375 0.665440990625 0.7040445109375 0.6672791874999999 0.705882046875 0.6691173859374999 0.705882046875 0.6709555843749999 0.7077203265625001 0.67279378125 0.7077203265625001 0.6764708125000001 0.711396884375 0.6801472078125 0.711396884375 0.68198540625 0.7132351625 0.6838236046875 0.7132351625 0.6893381984375 0.71875 0.69301459375 0.71875 0.6948527921875 0.7205882796874999 0.7003673859374999 0.7205882796874999 0.7022055843749999 0.71875 0.709559009375 0.71875 0.7113972078125 0.7169117203125001 0.7113972078125 0.7150734421875 0.7150736046875 0.711396884375 0.7205881984375 0.711396884375 0.7224263953125 0.7095586046875 0.72426459375 0.7095586046875 0.73529378125 0.6985296734374999 0.7371326140625001 0.6985296734374999 0.7389708125000001 0.6966913953125 0.7463236046875 0.6966913953125 0.7481618015625 0.694853115625 0.7481618015625 0.6930148375 0.75 0.6911765578125 0.7518381984375 0.6911765578125 0.7536763953125 0.6893382796874999 0.7573527921875 0.6893382796874999 0.759190990625 0.6875 0.7610291874999999 0.6875 0.7610291874999999 0.6838234421875 0.7628673859374999 0.6819851625 0.7628673859374999 0.6139703265625001 0.7610291874999999 0.612132046875 0.7610291874999999 0.5992648375 0.75551459375 0.59375 0.75551459375 0.5919117203125001 0.7536763953125 0.5900734421875 0.7481618015625 0.5900734421875 0.7463236046875 0.5919117203125001 0.740809009375 0.5919117203125001 0.7389708125000001 0.59375 0.73529378125 0.59375 0.7334555843749999 0.5955882796874999 0.7297791874999999 0.5955882796874999 0.71875 0.5845586046875 0.71875 0.5827203265625001 0.7077208125000001 0.5716913953125 0.7077208125000001 0.569853115625 0.7058826140625001 0.5680148375 0.7077208125000001 0.5661765578125 0.7077208125000001 0.5625 0.6893381984375 0.5625 0.6875 0.5643382796874999 0.6856618015625 0.5643382796874999 0.6838236046875 0.5661765578125 0.68198540625 0.5661765578125
25 0.290440990625 0.2775734421875 0.29411738593750003 0.28125 0.29411738593750003 0.2830882796875 0.295955584375 0.2849265578125 0.297794415625 0.2849265578125 0.303309009375 0.2904413953125 0.30514720781250004 0.2904413953125 0.30698540625000004 0.2922796734375 0.31801459374999996 0.2922796734375 0.31985279218749996 0.2904413953125 0.31985279218749996 0.273896884375 0.31801459374999996 0.2720586046875 0.3106618015625 0.2720586046875 0.30698540625000004 0.268382046875 0.30698540625000004 0.26654376874999997 0.30514720781250004 0.26470623125000003 0.29963261406249997 0.26470623125000003 0.297794415625 0.262867953125 0.295955584375 0.262867953125 0.290440990625 0.257353115625 0.2794118015625 0.257353115625 0.2794118015625 0.2757351625 0.28125 0.2757351625 0.2830881984375 0.2775734421875 0.290440990625 0.2775734421875
25 0.6544118015625 0.5625 0.65073540625 0.5661765578125 0.64154378125 0.5661765578125 0.6397055843749999 0.5680148375 0.6397055843749999 0.569853115625 0.6360291874999999 0.5735296734374999 0.634190990625 0.5735296734374999 0.6323527921875 0.575367953125 0.6323527921875 0.57720623125 0.63051459375 0.5790445109375 0.63051459375 0.59375 0.6433826140625001 0.59375 0.6452208125000001 0.5919117203125001 0.6452208125000001 0.5900734421875 0.6488972078125 0.586396884375 0.65073540625 0.586396884375 0.6580881984375 0.5790445109375 0.665440990625 0.5790445109375 0.6672791874999999 0.57720623125 0.6672791874999999 0.575367953125 0.6709555843749999 0.5716913953125 0.67279378125 0.5716913953125 0.6801472078125 0.5643382796874999 0.6838236046875 0.5643382796874999 0.6856618015625 0.5625 0.6875 0.5625 0.6875 0.5533086046875 0.6856618015625 0.5533086046875 0.6838236046875 0.5514703265625001 0.665440990625 0.5514703265625001 0.6580881984375 0.5588234421875 0.65625 0.5588234421875 0.6544118015625 0.5606617203125001 0.6544118015625 0.5625
34 0.25735279218749996 0.555146884375 0.259190990625 0.5569851625 0.27389720781250004 0.5569851625 0.27573540625000004 0.5588234421875 0.28492639531249997 0.5588234421875 0.28676459374999996 0.5569851625 0.290440990625 0.5569851625 0.29227918750000004 0.555146884375 0.29411738593750003 0.555146884375 0.297794415625 0.5514703265625001 0.297794415625 0.549632046875 0.29963261406249997 0.5477945109375 0.29963261406249997 0.5257351625 0.29227918750000004 0.518382046875 0.29227918750000004 0.5165445109375 0.290440990625 0.51470623125 0.28860279218749996 0.51470623125 0.28492639531249997 0.5110296734374999 0.28492639531249997 0.5091913953125 0.2830881984375 0.507353115625 0.26838261406249997 0.507353115625 0.259190990625 0.5165445109375 0.259190990625 0.518382046875 0.25735279218749996 0.5202203265625001 0.25735279218749996 0.555146884375
7 0.30698540625000004 0.694853115625 0.30698540625000004 0.6415445109375 0.30514720781250004 0.63970623125 0.2518381984375 0.63970623125 0.2518381984375 0.6966913953125 0.303309009375 0.6966913953125 0.30514720781250004 0.694853115625 0.30698540625000004 0.694853115625
35 0.46323540625000004 0.705882046875 0.46139720781250004 0.7077203265625001 0.45955900937500005 0.7077203265625001 0.4558826140625 0.711396884375 0.45404378124999994 0.711396884375 0.45220558437499997 0.7132351625 0.4503673859375 0.7132351625 0.4485291875 0.7150734421875 0.4485291875 0.7169117203125001 0.44485279218749996 0.7205882796874999 0.44117639531249997 0.7205882796874999 0.4356618015625 0.726103115625 0.43382360468750003 0.726103115625 0.43014720781250004 0.7297796734374999 0.42830900937500005 0.7297796734374999 0.4264708125 0.731617953125 0.4264708125 0.73345623125 0.42279378124999994 0.737132046875 0.42095558437499997 0.737132046875 0.42095558437499997 0.8272062312499999 0.42279378124999994 0.8290445109375 0.42830900937500005 0.8290445109375 0.4356618015625 0.8363968843749999 0.4375 0.8363968843749999 0.44301459374999996 0.8419117203125 0.44485279218749996 0.8419117203125 0.44669099062499995 0.84375 0.45220558437499997 0.84375 0.4558826140625 0.8474265578125 0.4558826140625 0.8492648375 0.4577208125 0.8511031156250001 0.45955900937500005 0.8511031156250001 0.46139720781250004 0.8529413953124999 0.46323540625000004 0.8529413953124999 0.46507360468750003 0.8547796734374999 0.46507360468750003 0.856617953125 0.4669118015625 0.856617953125 0.46875 0.8584562312499999 0.47426459374999996 0.8584562312499999 0.47610279218749996 0.8602945109375 0.47794099062499995 0.8602945109375 0.4816173859375 0.8639703265625001 0.48345558437499997 0.8639703265625001 0.48529378124999994 0.8658086046875001 0.49080900937500005 0.8658086046875001 0.49264720781250004 0.8639703265625001 0.49448540625000004 0.8639703265625001 0.4981618015625 0.8602945109375 0.5 0.8602945109375 0.5018381984375 0.8584562312499999 0.5036763953125 0.8584562312499999 0.509190990625 0.8529413953124999 0.5110291874999999 0.8529413953124999 0.5128673859374999 0.8511031156250001 0.5147055843749999 0.8511031156250001 0.5202208125000001 0.8455882796875 0.522059009375 0.8455882796875 0.5238972078125 0.84375 0.5275736046875 0.84375 0.5294118015625 0.8419117203125 0.53125 0.8419117203125 0.53676459375 0.8363968843749999 0.540440990625 0.8363968843749999 0.5422791874999999 0.8345586046875001 0.5422791874999999 0.8327203265625001 0.5459555843749999 0.8290445109375 0.54779378125 0.8290445109375 0.5514708125000001 0.825367953125 0.5514708125000001 0.8235296734374999 0.553309009375 0.8216913953124999 0.553309009375 0.8125 0.5514708125000001 0.8106617203125 0.5514708125000001 0.7610296734374999 0.5496326140625001 0.7591913953125 0.5496326140625001 0.742646884375 0.5514708125000001 0.7408086046875 0.5514708125000001 0.7389703265625001 0.540440990625 0.7279413953125 0.5386027921875 0.7279413953125 0.5330881984375 0.7224265578125 0.53125 0.7224265578125 0.5294118015625 0.7205882796874999 0.52573540625 0.7205882796874999 0.5183826140625001 0.7132351625 0.51654378125 0.7132351625 0.5147055843749999 0.711396884375 0.5128673859374999 0.711396884375 0.509190990625 0.7077203265625001 0.5073527921875 0.7077203265625001 0.50551459375 0.705882046875 0.5018381984375 0.705882046875 0.4981618015625 0.70220623125 0.4981618015625 0.700367953125 0.49632360468750003 0.6985296734374999 0.47242639531249997 0.6985296734374999 0.4705881984375 0.700367953125 0.4705881984375 0.70220623125 0.4669118015625 0.705882046875 0.46323540625000004 0.705882046875
17 0.25551459374999996 0.2904413953125 0.25367639531249997 0.2922796734375 0.2518381984375 0.2922796734375 0.25 0.294117953125 0.2463236046875 0.294117953125 0.24448540625 0.29595623125000003 0.24264720781250002 0.29595623125000003 0.240809009375 0.29779376874999997 0.2389708125 0.29779376874999997 0.235294415625 0.3014703265625 0.2316173859375 0.3014703265625 0.22610279218749998 0.3069851625 0.22426459375 0.3069851625 0.2224263953125 0.3088234421875 0.2205881984375 0.3088234421875 0.21875 0.3106617203125 0.2169118015625 0.3106617203125 0.2150736046875 0.3125 0.2150736046875 0.40257344218749996 0.2169118015625 0.40257344218749996 0.21875 0.40441172031250006 0.2205881984375 0.40441172031250006 0.22426459375 0.40808827968749994 0.22610279218749998 0.40808827968749994 0.227940990625 0.40992655781250004 0.2316173859375 0.40992655781250004 0.235294415625 0.41360311562499996 0.235294415625 0.4154413953125 0.2371326140625 0.4172796734375 0.24448540625 0.4172796734375 0.2518381984375 0.42463204687499995 0.25367639531249997 0.42463204687499995 0.26102918750000004 0.4319851625 0.266544415625 0.4319851625 0.26838261406249997 0.43382344218749996 0.27022081249999996 0.43382344218749996 0.272059009375 0.43566172031250006 0.272059009375 0.4375 0.27389720781250004 0.43933827968749994 0.28125 0.43933827968749994 0.28860279218749996 0.4319851625 0.290440990625 0.4319851625 0.29227918750000004 0.43014688437500004 0.29411738593750003 0.43014688437500004 0.297794415625 0.4264703265625 0.29963261406249997 0.4264703265625 0.30147081249999996 0.42463204687499995 0.303309009375 0.42463204687499995 0.3106618015625 0.4172796734375 0.31801459374999996 0.4172796734375 0.32536738593750003 0.40992655781250004 0.327205584375 0.40992655781250004 0.334559009375 0.40257344218749996 0.33639720781250004 0.40257344218749996 0.33823540625000004 0.4007351625 0.34007360468750003 0.4007351625 0.3419118015625 0.398896884375 0.3419118015625 0.3327203265625 0.34007360468750003 0.330882046875 0.33823540625000004 0.330882046875 0.33639720781250004 0.32904376874999997 0.334559009375 0.32904376874999997 0.33272081249999996 0.32720623125000003 0.32904378125 0.32720623125000003 0.327205584375 0.325367953125 0.32536738593750003 0.325367953125 0.31985279218749996 0.319853115625 0.31985279218749996 0.3161765578125 0.31801459374999996 0.3143382796875 0.31801459374999996 0.3125 0.31617639531249997 0.3106617203125 0.31617639531249997 0.305146884375 0.3143381984375 0.3033086046875 0.3143381984375 0.3014703265625 0.3106618015625 0.29779376874999997 0.3106618015625 0.294117953125 0.3125 0.2922796734375 0.3125 0.2904413953125 0.3106618015625 0.288603115625 0.30698540625000004 0.288603115625 0.30514720781250004 0.2904413953125 0.303309009375 0.288603115625 0.30147081249999996 0.288603115625 0.297794415625 0.2849265578125 0.295955584375 0.2849265578125 0.29227918750000004 0.28125 0.290440990625 0.28125 0.28860279218749996 0.2794117203125 0.27389720781250004 0.2794117203125 0.272059009375 0.28125 0.266544415625 0.28125 0.25735279218749996 0.2904413953125 0.25551459374999996 0.2904413953125
36 0.40625 0.5606617203125001 0.40073540625000004 0.5661765578125 0.397059009375 0.5661765578125 0.39522081249999996 0.5680148375 0.39154378125 0.5680148375 0.39154378125 0.569853115625 0.389705584375 0.5716913953125 0.38786738593750003 0.5716913953125 0.384190990625 0.575367953125 0.38235279218749996 0.575367953125 0.37867639531249997 0.5790445109375 0.3768381984375 0.5790445109375 0.375 0.580882046875 0.3731618015625 0.580882046875 0.37132360468750003 0.5827203265625001 0.36948540625000004 0.5827203265625001 0.365809009375 0.586396884375 0.36397081249999996 0.586396884375 0.36213261406249997 0.5882351625 0.36029378125 0.5882351625 0.358455584375 0.5900734421875 0.35661738593750003 0.5900734421875 0.35661738593750003 0.5955882796874999 0.358455584375 0.5974265578125 0.358455584375 0.601103115625 0.35661738593750003 0.6029413953125 0.35661738593750003 0.60845623125 0.358455584375 0.6102945109375 0.358455584375 0.6139703265625001 0.35661738593750003 0.6158086046875 0.35661738593750003 0.6286765578125 0.35477918750000004 0.6305148375 0.35477918750000004 0.6525734421875 0.358455584375 0.65625 0.358455584375 0.6580882796874999 0.36029378125 0.6599265578125 0.36029378125 0.6654413953125 0.36213261406249997 0.6672796734374999 0.36948540625000004 0.6672796734374999 0.3768381984375 0.674632046875 0.37867639531249997 0.674632046875 0.38235279218749996 0.6783086046875 0.38235279218749996 0.6911765578125 0.38051459374999996 0.6930148375 0.38051459374999996 0.700367953125 0.38235279218749996 0.70220623125 0.38602918750000004 0.70220623125 0.38786738593750003 0.7040445109375 0.389705584375 0.7040445109375 0.39522081249999996 0.7095586046875 0.397059009375 0.7095586046875 0.39889720781250004 0.711396884375 0.40257360468750003 0.711396884375 0.4044118015625 0.7132351625 0.40625 0.7132351625 0.40992639531249997 0.7169117203125001 0.41176459374999996 0.7169117203125001 0.41360279218749996 0.71875 0.42095558437499997 0.71875 0.4264708125 0.7132351625 0.42830900937500005 0.7132351625 0.43014720781250004 0.711396884375 0.43198540625000004 0.711396884375 0.4375 0.705882046875 0.4393381984375 0.705882046875 0.44117639531249997 0.7040445109375 0.44301459374999996 0.7040445109375 0.4485291875 0.6985296734374999 0.4503673859375 0.6985296734374999 0.45220558437499997 0.6966913953125 0.45955900937500005 0.6966913953125 0.46139720781250004 0.694853115625 0.46323540625000004 0.694853115625 0.4669118015625 0.6911765578125 0.46875 0.6911765578125 0.4705881984375 0.6893382796874999 0.47426459374999996 0.6893382796874999 0.47610279218749996 0.6875 0.47610279218749996 0.6856617203125001 0.47794099062499995 0.6838234421875 0.47794099062499995 0.6819851625 0.4797791875 0.680146884375 0.4797791875 0.6268382796874999 0.47794099062499995 0.625 0.47794099062499995 0.6194851625 0.47610279218749996 0.617646884375 0.47610279218749996 0.6139703265625001 0.47242639531249997 0.6102945109375 0.46875 0.6102945109375 0.46323540625000004 0.6047796734374999 0.46323540625000004 0.6029413953125 0.46139720781250004 0.601103115625 0.46139720781250004 0.5919117203125001 0.45955900937500005 0.5900734421875 0.45955900937500005 0.5882351625 0.45404378124999994 0.5827203265625001 0.45404378124999994 0.57720623125 0.4503673859375 0.5735296734374999 0.44669099062499995 0.5735296734374999 0.44485279218749996 0.5716913953125 0.44301459374999996 0.5716913953125 0.44117639531249997 0.569853115625 0.4375 0.569853115625 0.4356618015625 0.5680148375 0.43198540625000004 0.5680148375 0.43014720781250004 0.5661765578125 0.42830900937500005 0.5661765578125 0.42279378124999994 0.5606617203125001 0.42279378124999994 0.5588234421875 0.42095558437499997 0.5588234421875 0.4191173859375 0.5569851625 0.41360279218749996 0.5569851625 0.41176459374999996 0.5588234421875 0.40992639531249997 0.5588234421875 0.4080881984375 0.5606617203125001 0.40625 0.5606617203125001
4 0.46139720781250004 0.5625 0.46139720781250004 0.5643382796874999 0.45955900937500005 0.5661765578125 0.45955900937500005 0.5900734421875 0.46139720781250004 0.5919117203125001 0.46139720781250004 0.59375 0.46323540625000004 0.5955882796874999 0.46323540625000004 0.6047796734374999 0.4669118015625 0.60845623125 0.5036763953125 0.60845623125 0.5128673859374999 0.5992648375 0.5128673859374999 0.5974265578125 0.5147055843749999 0.5955882796874999 0.5147055843749999 0.59375 0.51654378125 0.5919117203125001 0.51654378125 0.5900734421875 0.5147055843749999 0.5882351625 0.5147055843749999 0.5845586046875 0.5110291874999999 0.580882046875 0.509190990625 0.580882046875 0.5036763953125 0.575367953125 0.5018381984375 0.575367953125 0.5 0.5735296734374999 0.5 0.5716913953125 0.4981618015625 0.569853115625 0.4981618015625 0.5680148375 0.49632360468750003 0.5661765578125 0.49632360468750003 0.5643382796874999 0.4871326140625 0.555146884375 0.4871326140625 0.5533086046875 0.46507360468750003 0.5533086046875 0.46507360468750003 0.5569851625 0.46323540625000004 0.5588234421875 0.46323540625000004 0.5606617203125001 0.46139720781250004 0.5625
35 0.1720748734375 0.44056454062499995 0.1683978421875 0.4442410984375 0.164721446875 0.4442410984375 0.1628832484375 0.44607937656249996 0.1573686546875 0.44607937656249996 0.153692259375 0.449755934375 0.1500158625 0.449755934375 0.1426630703125 0.45710905 0.1426630703125 0.4589473296875 0.1408248734375 0.4607848671875 0.1408248734375 0.54166765625 0.1426630703125 0.54166765625 0.1518540609375 0.55085905 0.159206853125 0.55085905 0.1628832484375 0.5545356078125 0.1628832484375 0.5563731453125 0.164721446875 0.558211425 0.1665596453125 0.558211425 0.1739130703125 0.565564540625 0.1812658625 0.565564540625 0.184942259375 0.5692410984375 0.184942259375 0.5710793765625 0.18678045625 0.57291765625 0.190456853125 0.57291765625 0.19229505 0.5747559343749999 0.1941332484375 0.5747559343749999 0.1978096453125 0.5784324921875 0.1996478421875 0.5784324921875 0.201486040625 0.580270771875 0.216192259375 0.580270771875 0.22354504999999997 0.57291765625 0.22538324843750002 0.57291765625 0.232736040625 0.565564540625 0.24008946718750002 0.565564540625 0.241927665625 0.5637262609375 0.241927665625 0.5618879828125001 0.2437658625 0.560049703125 0.2456040609375 0.560049703125 0.2511186546875 0.5545356078125 0.2511186546875 0.5526973296875 0.25479504999999997 0.549020771875 0.25479504999999997 0.5435059343749999 0.2566332484375 0.54166765625 0.2566332484375 0.5251231453125 0.258471446875 0.5232856078125 0.258471446875 0.5214473296875 0.2621478421875 0.517770771875 0.2621478421875 0.5159324921875 0.263986040625 0.5140942140625 0.263986040625 0.5122559343749999 0.2713394671875 0.50490281875 0.2713394671875 0.4993879828125 0.273177665625 0.49754970312499996 0.273177665625 0.486520771875 0.2713394671875 0.48468249218750004 0.2713394671875 0.4589473296875 0.26950126874999997 0.45710905 0.2676630703125 0.45710905 0.2621478421875 0.45159421406250005 0.2566332484375 0.45159421406250005 0.25479504999999997 0.449755934375 0.24928045625 0.449755934375 0.247442259375 0.44791765625 0.24008946718750002 0.44791765625 0.23825126874999997 0.44607937656249996 0.23641307031249997 0.44607937656249996 0.2345748734375 0.4442410984375 0.232736040625 0.4442410984375 0.2227398484375 0.42835460000000003 0.20730202968749997 0.41799035625 0.1898115484375 0.42468174999999997 0.1831040609375 0.43504970312499996 0.179427665625 0.43504970312499996 0.1775894671875 0.4368879828125 0.1739130703125 0.4368879828125 0.1720748734375 0.4387262609375 0.1720748734375 0.44056454062499995
35 0.6856618015625 0.2830882796875 0.6838236046875 0.2849265578125 0.68198540625 0.2849265578125 0.6801472078125 0.2867648375 0.6764708125000001 0.2867648375 0.6746326140625001 0.288603115625 0.6709555843749999 0.288603115625 0.665440990625 0.294117953125 0.6599263953125 0.294117953125 0.6580881984375 0.29595623125000003 0.65625 0.29595623125000003 0.6488972078125 0.3033086046875 0.6488972078125 0.3125 0.647059009375 0.3143382796875 0.647059009375 0.3180148375 0.64154378125 0.3235296734375 0.6397055843749999 0.3235296734375 0.6378673859374999 0.325367953125 0.6378673859374999 0.4007351625 0.6397055843749999 0.40257344218749996 0.64154378125 0.40257344218749996 0.6488972078125 0.40992655781250004 0.65073540625 0.40992655781250004 0.65625 0.4154413953125 0.6580881984375 0.4154413953125 0.6599263953125 0.4172796734375 0.665440990625 0.4172796734375 0.6691173859374999 0.42095623125000003 0.6691173859374999 0.4227945109375 0.6709555843749999 0.4227945109375 0.67279378125 0.42463204687499995 0.6764708125000001 0.42463204687499995 0.68198540625 0.43014688437500004 0.6838236046875 0.43014688437500004 0.6856618015625 0.4319851625 0.6893381984375 0.4319851625 0.6911763953125 0.43382344218749996 0.69301459375 0.43382344218749996 0.6948527921875 0.43566172031250006 0.696690990625 0.43566172031250006 0.6985291874999999 0.43382344218749996 0.70404378125 0.43382344218749996 0.7058826140625001 0.4319851625 0.709559009375 0.4319851625 0.7150736046875 0.4264703265625 0.7169118015625 0.4264703265625 0.71875 0.42463204687499995 0.7205881984375 0.42463204687499995 0.7224263953125 0.4227945109375 0.72426459375 0.4227945109375 0.7297791874999999 0.4172796734375 0.7371326140625001 0.4172796734375 0.74448540625 0.40992655781250004 0.7463236046875 0.40992655781250004 0.7481618015625 0.40808827968749994 0.75 0.40808827968749994 0.75 0.40625 0.7518381984375 0.40441172031250006 0.7536763953125 0.40441172031250006 0.75551459375 0.40257344218749996 0.759190990625 0.40257344218749996 0.7610291874999999 0.4007351625 0.7610291874999999 0.3180148375 0.759190990625 0.3161765578125 0.759190990625 0.3143382796875 0.7573527921875 0.3125 0.7573527921875 0.3106617203125 0.7518381984375 0.305146884375 0.7463236046875 0.305146884375 0.74448540625 0.3033086046875 0.727940990625 0.3033086046875 0.7261027921875 0.305146884375 0.72426459375 0.305146884375 0.7224263953125 0.3033086046875 0.7150736046875 0.3033086046875 0.71323540625 0.3014703265625 0.7077208125000001 0.3014703265625 0.7058826140625001 0.299632046875 0.70404378125 0.299632046875 0.7022055843749999 0.29779376874999997 0.7022055843749999 0.2904413953125 0.7003673859374999 0.288603115625 0.7003673859374999 0.2867648375 0.6985291874999999 0.2849265578125 0.6985291874999999 0.2830882796875 0.6948527921875 0.2794117203125 0.69301459375 0.2794117203125 0.6911763953125 0.28125 0.6893381984375 0.28125 0.6875 0.2830882796875 0.6856618015625 0.2830882796875
15 0.233455584375 0.49632344218749996 0.1838236046875 0.49632344218749996 0.1838236046875 0.5569851625 0.2316173859375 0.5569851625 0.233455584375 0.555146884375 0.233455584375 0.49632344218749996
31 0.6856618015625 0.512867953125 0.68198540625 0.5165445109375 0.68198540625 0.518382046875 0.6801472078125 0.5202203265625001 0.678309009375 0.5202203265625001 0.678309009375 0.5514703265625001 0.6801472078125 0.5514703265625001 0.68198540625 0.5533086046875 0.68198540625 0.555146884375 0.6838236046875 0.5569851625 0.7150736046875 0.5569851625 0.71875 0.5533086046875 0.71875 0.523896884375 0.7022055843749999 0.507353115625 0.6911763953125 0.507353115625 0.6893381984375 0.5091913953125 0.6893381984375 0.5110296734374999 0.6875 0.512867953125 0.6856618015625 0.512867953125
0 0.5551472078125 0.2922796734375 0.553309009375 0.294117953125 0.54779378125 0.294117953125 0.5459555843749999 0.29595623125000003 0.5441173859374999 0.29595623125000003 0.5422791874999999 0.29779376874999997 0.540440990625 0.29779376874999997 0.5386027921875 0.299632046875 0.5330881984375 0.299632046875 0.5294118015625 0.3033086046875 0.5275736046875 0.3033086046875 0.52573540625 0.305146884375 0.522059009375 0.305146884375 0.5202208125000001 0.3069851625 0.5036763953125 0.3069851625 0.5 0.3106617203125 0.5 0.3713234421875 0.5018381984375 0.3731617203125 0.5036763953125 0.3731617203125 0.5073527921875 0.3768382796875 0.5073527921875 0.3805148375 0.509190990625 0.382353115625 0.509190990625 0.3841913953125 0.5110291874999999 0.3860296734375 0.5110291874999999 0.387867953125 0.5128673859374999 0.38970623125000003 0.5128673859374999 0.393382046875 0.5147055843749999 0.3952203265625 0.5147055843749999 0.40992655781250004 0.522059009375 0.4172796734375 0.52573540625 0.4172796734375 0.5275736046875 0.41911795312500005 0.5294118015625 0.41911795312500005 0.5349263953125 0.42463204687499995 0.53676459375 0.42463204687499995 0.5386027921875 0.4264703265625 0.540440990625 0.4264703265625 0.5459555843749999 0.4319851625 0.5514708125000001 0.4319851625 0.553309009375 0.43382344218749996 0.5625 0.43382344218749996 0.5643381984375 0.4319851625 0.56801459375 0.4319851625 0.5735291874999999 0.4264703265625 0.5753673859374999 0.4264703265625 0.5827208125000001 0.41911795312500005 0.584559009375 0.41911795312500005 0.5863972078125 0.4172796734375 0.5919118015625 0.4172796734375 0.59375 0.4154413953125 0.5955881984375 0.4154413953125 0.59926459375 0.4117648375 0.6011027921875 0.4117648375 0.602940990625 0.40992655781250004 0.6066173859374999 0.40992655781250004 0.6121326140625001 0.40441172031250006 0.6139708125000001 0.40441172031250006 0.615809009375 0.40257344218749996 0.6176472078125 0.40257344218749996 0.6176472078125 0.330882046875 0.615809009375 0.32904376874999997 0.615809009375 0.325367953125 0.6139708125000001 0.325367953125 0.6121326140625001 0.3235296734375 0.61029378125 0.3235296734375 0.6066173859374999 0.319853115625 0.6066173859374999 0.3180148375 0.602940990625 0.3143382796875 0.602940990625 0.3125 0.6011027921875 0.3106617203125 0.6011027921875 0.299632046875 0.59926459375 0.29779376874999997 0.59926459375 0.29595623125000003 0.5955881984375 0.29595623125000003 0.59375 0.294117953125 0.5900736046875 0.294117953125 0.58823540625 0.2922796734375 0.5863972078125 0.2922796734375 0.5827208125000001 0.288603115625 0.5753673859374999 0.288603115625 0.5735291874999999 0.2867648375 0.571690990625 0.2867648375 0.5698527921875 0.2849265578125 0.5661763953125 0.2849265578125 0.5643381984375 0.2867648375 0.5643381984375 0.288603115625 0.5606618015625 0.2922796734375 0.5551472078125 0.2922796734375
35 0.443583121875 0.44532789375000004 0.425600253125 0.45522329375000004 0.4265475890625 0.5342663203125 0.4417449234375 0.5482692874999999 0.443583121875 0.5482692874999999 0.44725951718749996 0.5519458453125 0.44909771562499995 0.5519458453125 0.45093591406250005 0.553784125 0.454612309375 0.553784125 0.4564505078125 0.555622403125 0.46196510156250004 0.555622403125 0.46380330000000003 0.553784125 0.46564213125 0.553784125 0.4674803296875 0.5519458453125 0.46931852812499997 0.5519458453125 0.4729949234375 0.5482692874999999 0.47850951718749996 0.5482692874999999 0.48034771562499995 0.5501075671875 0.48218591406250005 0.5501075671875 0.485862309375 0.553784125 0.48953870625 0.553784125 0.49137690312500004 0.555622403125 0.49321510156250004 0.555622403125 0.49689213125 0.5592989609375 0.4987303296875 0.5592989609375 0.500568528125 0.561137240625 0.5097595171875 0.561137240625 0.5171123093750001 0.553784125 0.5207887062500001 0.553784125 0.5263033 0.5482692874999999 0.52814213125 0.5482692874999999 0.5299803296875 0.546431009375 0.5336567265625 0.546431009375 0.5410095171875 0.53907789375 0.5465241109375001 0.53907789375 0.5483623093750001 0.5372396140625 0.5502005078125001 0.5372396140625 0.5502005078125001 0.5335637984375 0.5520387062500001 0.53172551875 0.5520387062500001 0.4729020765625 0.5502005078125001 0.4710637984375 0.5502005078125001 0.45084272968750005 0.5483623093750001 0.44900445156249996 0.5483623093750001 0.447166171875 0.5465241109375001 0.44532789375000004 0.5410095171875 0.44532789375000004 0.5391713203124999 0.4434896140625 0.5354949234374999 0.4434896140625 0.5336567265625 0.4416520765625 0.5299803296875 0.4416520765625 0.52814213125 0.4434896140625 0.511597715625 0.4324606828125 0.5097595171875 0.430622403125 0.5097595171875 0.42878412499999996 0.5079213203124999 0.42878412499999996 0.5060831218749999 0.4269458453125 0.5024067265625 0.4269458453125 0.48222715781250003 0.417921365625 0.4686541875 0.428287834375 0.4454213203125 0.4434896140625 0.443583121875 0.44532789375000004
14 0.5827208125000001 0.6966913953125 0.584559009375 0.694853115625 0.584559009375 0.637867953125 0.53676459375 0.637867953125 0.5349263953125 0.63970623125 0.5330881984375 0.63970623125 0.5330881984375 0.6966913953125 0.5827208125000001 0.6966913953125
27 0.49264720781250004 0.6158086046875 0.49080900937500005 0.6139703265625001 0.4816173859375 0.6139703265625001 0.4816173859375 0.6819851625 0.49448540625000004 0.6819851625 0.49448540625000004 0.6158086046875 0.49264720781250004 0.6158086046875
8 0.6525736046875 0.8382351625 0.6525736046875 0.8290445109375 0.6544118015625 0.8272062312499999 0.6544118015625 0.7922796734374999 0.6525736046875 0.7904413953125 0.6525736046875 0.78125 0.602940990625 0.78125 0.602940990625 0.8419117203125 0.65073540625 0.8419117203125 0.65073540625 0.8400734421875 0.6525736046875 0.8382351625
12 0.7261027921875 0.63970623125 0.6746326140625001 0.63970623125 0.6746326140625001 0.6966913953125 0.72426459375 0.6966913953125 0.7261027921875 0.694853115625 0.7261027921875 0.63970623125
32 0.47242639531249997 0.3713234421875 0.46875 0.375 0.46875 0.4117648375 0.4705881984375 0.41360311562499996 0.4705881984375 0.4154413953125 0.5036763953125 0.4154413953125 0.50551459375 0.41360311562499996 0.50551459375 0.40992655781250004 0.5073527921875 0.40808827968749994 0.5073527921875 0.387867953125 0.50551459375 0.3860296734375 0.50551459375 0.3768382796875 0.5036763953125 0.375 0.5018381984375 0.375 0.4981618015625 0.3713234421875 0.4981618015625 0.3694851625 0.49448540625000004 0.3658086046875 0.47794099062499995 0.3658086046875 0.47610279218749996 0.367646884375 0.47426459374999996 0.367646884375 0.47242639531249997 0.3694851625 0.47242639531249997 0.3713234421875
36 0.299012690625 0.44854154375000005 0.299388325 0.454255934375 0.29571192968750004 0.454255934375 0.29387373125 0.45609347187499993 0.2883591375 0.45609347187499993 0.28100571093750004 0.4634465875 0.28100571093750004 0.5057262609375 0.2883591375 0.5130793765624999 0.290197334375 0.5130793765624999 0.29387373125 0.516755934375 0.29387373125 0.5185934718749999 0.29571192968750004 0.52043175 0.2975501265625 0.52043175 0.299388325 0.5222700296875 0.299388325 0.5241083093750001 0.3012265234375 0.5259465875 0.3012265234375 0.54616765625 0.30490291875 0.5498434718749999 0.3085793140625 0.5498434718749999 0.3104175125 0.55168175 0.31225571093750004 0.55168175 0.3177709390625 0.5571965875 0.3196091375 0.5571965875 0.32696192968750004 0.564549703125 0.3324765234375 0.564549703125 0.3398293140625 0.57190281875 0.3416675125 0.57190281875 0.34350571093750004 0.5737410984375 0.34534390937500004 0.5737410984375 0.3490209390625 0.57741765625 0.3508591375 0.5755793765624999 0.3545355328125 0.5755793765624999 0.35821192968750004 0.57190281875 0.3600501265625 0.57190281875 0.361888325 0.570064540625 0.3637265234375 0.570064540625 0.3637265234375 0.5682262609375 0.3655647203125 0.5663879828125 0.36740291875 0.5663879828125 0.36924111718749997 0.564549703125 0.3710793140625 0.564549703125 0.37843210625 0.5571965875 0.3857855328125 0.5571965875 0.38762373125 0.5553583093750001 0.38946192968750004 0.5553583093750001 0.393138325 0.55168175 0.3949765234375 0.55168175 0.3968147203125 0.5498434718749999 0.4004911171875 0.5498434718749999 0.40784390937500004 0.5424910984375 0.40968210625 0.5424910984375 0.4115209390625 0.54065281875 0.4115209390625 0.5369762609375 0.4133591375 0.5351379828125 0.4133591375 0.52043175 0.4115209390625 0.5185934718749999 0.4115209390625 0.502049703125 0.4133591375 0.500211425 0.4133591375 0.48366765625 0.4115209390625 0.48182937656249997 0.4115209390625 0.46528486718749995 0.40968210625 0.4634465875 0.40968210625 0.45793175 0.40784390937500004 0.45609347187499993 0.40416751250000005 0.45609347187499993 0.40232931406250005 0.454255934375 0.39865291875 0.454255934375 0.3968147203125 0.45609347187499993 0.39391434062499997 0.4533939171875 0.38153680156249997 0.44553931718750006 0.3664390859375 0.4316231453125 0.3474041875 0.41704451093749995 0.3317728421875 0.4267359046875 0.317434009375 0.43452893125000003 0.299012690625 0.44854154375000005
12 0.3731618015625 0.49816172031250006 0.321690990625 0.49816172031250006 0.321690990625 0.5569851625 0.37132360468750003 0.5569851625 0.3731618015625 0.555146884375 0.3731618015625 0.49816172031250006
25 0.6286763953125 0.6452203265625001 0.63051459375 0.6470586046875 0.6360291874999999 0.6470586046875 0.6360291874999999 0.5955882796874999 0.6231618015625 0.5955882796874999 0.6231618015625 0.6470586046875 0.625 0.6470586046875 0.6268381984375 0.6452203265625001 0.6286763953125 0.6452203265625001
14 0.3731618015625 0.21507344218750002 0.37132360468750003 0.21323516250000002 0.32352918750000004 0.21323516250000002 0.32352918750000004 0.2702203265625 0.37132360468750003 0.2702203265625 0.3731618015625 0.268382046875 0.3731618015625 0.21507344218750002
34 0.5441173859374999 0.1341913953125 0.5441173859374999 0.1360296734375 0.5386027921875 0.14154376875000002 0.5386027921875 0.174632046875 0.540440990625 0.174632046875 0.5441173859374999 0.1783086046875 0.5441173859374999 0.18014688437499998 0.571690990625 0.18014688437499998 0.571690990625 0.1783086046875 0.5753673859374999 0.174632046875 0.5772055843749999 0.174632046875 0.57904378125 0.17279376875000002 0.57904378125 0.143382046875 0.571690990625 0.1360296734375 0.571690990625 0.1341913953125 0.5698527921875 0.13235311562500002 0.56801459375 0.13235311562500002 0.5643381984375 0.1286765578125 0.5643381984375 0.1268382796875 0.5514708125000001 0.1268382796875 0.5514708125000001 0.1286765578125 0.54779378125 0.13235311562500002 0.5459555843749999 0.13235311562500002 0.5441173859374999 0.1341913953125
36 0.37867639531249997 0.29779376874999997 0.37867639531249997 0.3033086046875 0.38051459374999996 0.305146884375 0.38051459374999996 0.3088234421875 0.38235279218749996 0.3106617203125 0.38235279218749996 0.319853115625 0.38786738593750003 0.325367953125 0.38786738593750003 0.32720623125000003 0.389705584375 0.32904376874999997 0.389705584375 0.3345586046875 0.39154378125 0.336396884375 0.39154378125 0.3382351625 0.39338261406249997 0.3382351625 0.39522081249999996 0.3400734421875 0.39522081249999996 0.3419117203125 0.397059009375 0.34375 0.397059009375 0.3455882796875 0.39889720781250004 0.3474265578125 0.39889720781250004 0.3492648375 0.39522081249999996 0.3529413953125 0.39338261406249997 0.3529413953125 0.389705584375 0.356617953125 0.389705584375 0.36029376874999997 0.38786738593750003 0.362132046875 0.38786738593750003 0.3639703265625 0.38602918750000004 0.3658086046875 0.384190990625 0.3658086046875 0.38235279218749996 0.367646884375 0.38051459374999996 0.367646884375 0.37867639531249997 0.3694851625 0.36397081249999996 0.3694851625 0.36213261406249997 0.3713234421875 0.36029378125 0.3713234421875 0.358455584375 0.3731617203125 0.358455584375 0.3970586046875 0.36029378125 0.398896884375 0.36029378125 0.4007351625 0.36213261406249997 0.40257344218749996 0.36397081249999996 0.40257344218749996 0.365809009375 0.40441172031250006 0.36764720781250004 0.40441172031250006 0.36948540625000004 0.40625 0.36948540625000004 0.40808827968749994 0.37132360468750003 0.40808827968749994 0.3731618015625 0.40992655781250004 0.375 0.40992655781250004 0.3768381984375 0.4117648375 0.37867639531249997 0.4117648375 0.384190990625 0.4172796734375 0.38602918750000004 0.4172796734375 0.39338261406249997 0.42463204687499995 0.39522081249999996 0.42463204687499995 0.39889720781250004 0.4283086046875 0.40073540625000004 0.4283086046875 0.4044118015625 0.4319851625 0.4080881984375 0.4319851625 0.41360279218749996 0.4375 0.41544099062499995 0.4375 0.4172791875 0.43566172031250006 0.4191173859375 0.43566172031250006 0.42095558437499997 0.43382344218749996 0.42279378124999994 0.43382344218749996 0.4246326140625 0.4319851625 0.43014720781250004 0.4319851625 0.4375 0.42463204687499995 0.44301459374999996 0.42463204687499995 0.44485279218749996 0.4227945109375 0.44669099062499995 0.4227945109375 0.4503673859375 0.41911795312500005 0.45220558437499997 0.41911795312500005 0.45404378124999994 0.4172796734375 0.4577208125 0.4172796734375 0.46139720781250004 0.41360311562499996 0.46139720781250004 0.40625 0.46507360468750003 0.40257344218749996 0.46507360468750003 0.4007351625 0.4669118015625 0.398896884375 0.4669118015625 0.3952203265625 0.46875 0.393382046875 0.46875 0.3768382796875 0.4705881984375 0.375 0.4705881984375 0.3731617203125 0.47353426406250004 0.3743790796875 0.4795291875 0.369331603125 0.477557740625 0.3143850140625 0.47242639531249997 0.3106617203125 0.4705881984375 0.3088234421875 0.46875 0.3088234421875 0.4669118015625 0.3069851625 0.46507360468750003 0.3069851625 0.46323540625000004 0.3088234421875 0.44598984843749995 0.291826409375 0.43101967031250005 0.284721809375 0.421184009375 0.2752648375 0.40331725937499996 0.2848256671875 0.38235279218749996 0.294117953125 0.37867639531249997 0.29779376874999997
7 0.584559009375 0.3547796734375 0.5330881984375 0.3547796734375 0.5330881984375 0.41360311562499996 0.5808826140625001 0.41360311562499996 0.584559009375 0.40992655781250004 0.584559009375 0.3547796734375
15 0.72426459375 0.40992655781250004 0.7261027921875 0.40808827968749994 0.7261027921875 0.356617953125 0.72426459375 0.3547796734375 0.72426459375 0.3529413953125 0.6746326140625001 0.3529413953125 0.6746326140625001 0.41360311562499996 0.71875 0.41360311562499996 0.7224263953125 0.40992655781250004 0.72426459375 0.40992655781250004
25 0.27389720781250004 0.2555148375 0.2830881984375 0.2555148375 0.28492639531249997 0.2536765578125 0.28492639531249997 0.17095623124999998 0.2830881984375 0.169117953125 0.2830881984375 0.1672796734375 0.27022081249999996 0.1672796734375 0.27022081249999996 0.25 0.272059009375 0.2518382796875 0.272059009375 0.2536765578125 0.27389720781250004 0.2555148375
32 0.6084555843749999 0.3180148375 0.61029378125 0.319853115625 0.6433826140625001 0.319853115625 0.6452208125000001 0.3180148375 0.6452208125000001 0.3143382796875 0.647059009375 0.3125 0.647059009375 0.3033086046875 0.6488972078125 0.3014703265625 0.6488972078125 0.294117953125 0.647059009375 0.2922796734375 0.647059009375 0.2830882796875 0.6452208125000001 0.28125 0.6452208125000001 0.2794117203125 0.6378673859374999 0.2720586046875 0.6360291874999999 0.2720586046875 0.634190990625 0.2702203265625 0.6176472078125 0.2702203265625 0.61029378125 0.2775734421875 0.61029378125 0.28125 0.6084555843749999 0.2830882796875 0.6084555843749999 0.3180148375
27 0.5349263953125 0.5477945109375 0.5330881984375 0.549632046875 0.53125 0.549632046875 0.5294118015625 0.5514703265625001 0.5238972078125 0.5514703265625001 0.522059009375 0.5533086046875 0.522059009375 0.555146884375 0.5183826140625001 0.5588234421875 0.51654378125 0.5588234421875 0.5147055843749999 0.5606617203125001 0.5147055843749999 0.5625 0.5110291874999999 0.5661765578125 0.509190990625 0.5661765578125 0.5073527921875 0.5680148375 0.5073527921875 0.5790445109375 0.5202208125000001 0.5790445109375 0.522059009375 0.57720623125 0.5238972078125 0.57720623125 0.5275736046875 0.5735296734374999 0.5294118015625 0.5735296734374999 0.53125 0.5716913953125 0.5330881984375 0.5716913953125 0.5349263953125 0.569853115625 0.5349263953125 0.5680148375 0.5386027921875 0.5643382796874999 0.5422791874999999 0.5643382796874999 0.5441173859374999 0.5625 0.5459555843749999 0.5625 0.5514708125000001 0.5569851625 0.553309009375 0.5569851625 0.55698540625 0.5533086046875 0.55698540625 0.544117953125 0.5551472078125 0.5422796734374999 0.540440990625 0.5422796734374999 0.5386027921875 0.544117953125 0.53676459375 0.544117953125 0.5349263953125 0.54595623125 0.5349263953125 0.5477945109375
13 0.4246326140625 0.6985296734374999 0.4264708125 0.6966913953125 0.44485279218749996 0.6966913953125 0.44485279218749996 0.63970623125 0.39338261406249997 0.63970623125 0.39338261406249997 0.6966913953125 0.397059009375 0.6966913953125 0.39889720781250004 0.6985296734374999 0.4246326140625 0.6985296734374999
16 0.39522081249999996 0.3639703265625 0.39154378125 0.367646884375 0.39154378125 0.4117648375 0.39522081249999996 0.4154413953125 0.4393381984375 0.4154413953125 0.44485279218749996 0.40992655781250004 0.44485279218749996 0.3547796734375 0.39154378125 0.3547796734375 0.39154378125 0.35845623125000003 0.39338261406249997 0.35845623125000003 0.39522081249999996 0.36029376874999997 0.39522081249999996 0.3639703265625
26 0.4816173859375 0.3088234421875 0.4816173859375 0.362132046875 0.49448540625000004 0.362132046875 0.49448540625000004 0.3088234421875 0.4816173859375 0.3088234421875
4 0.32352918750000004 0.65625 0.32352918750000004 0.6580882796874999 0.31985279218749996 0.6617648375 0.31985279218749996 0.6856617203125001 0.321690990625 0.6875 0.321690990625 0.6911765578125 0.32352918750000004 0.6930148375 0.32352918750000004 0.700367953125 0.327205584375 0.7040445109375 0.36397081249999996 0.7040445109375 0.365809009375 0.70220623125 0.36764720781250004 0.70220623125 0.36764720781250004 0.700367953125 0.36948540625000004 0.6985296734374999 0.37132360468750003 0.6985296734374999 0.3768381984375 0.6930148375 0.3768381984375 0.6764703265625001 0.37132360468750003 0.6764703265625001 0.365809009375 0.67095623125 0.36397081249999996 0.67095623125 0.358455584375 0.6654413953125 0.358455584375 0.663603115625 0.35110279218749996 0.65625 0.35110279218749996 0.6544117203125001 0.34926459374999996 0.6525734421875 0.34926459374999996 0.6507351625 0.34742639531249997 0.648896884375 0.33088261406249997 0.648896884375 0.33088261406249997 0.6507351625 0.327205584375 0.6544117203125001 0.32536738593750003 0.6544117203125001 0.32352918750000004 0.65625
28 0.4558826140625 0.125 0.4503673859375 0.13051483749999998 0.4485291875 0.13051483749999998 0.44669099062499995 0.13235311562500002 0.44301459374999996 0.13235311562500002 0.4393381984375 0.1360296734375 0.4393381984375 0.137867953125 0.4375 0.13970623124999998 0.4375 0.1544117203125 0.44117639531249997 0.1544117203125 0.44301459374999996 0.1525734421875 0.45220558437499997 0.1525734421875 0.45404378124999994 0.15073516250000002 0.45404378124999994 0.14889688437499998 0.4577208125 0.1452203265625 0.46507360468750003 0.1452203265625 0.47242639531249997 0.137867953125 0.47426459374999996 0.137867953125 0.4816173859375 0.13051483749999998 0.48345558437499997 0.13051483749999998 0.4871326140625 0.1268382796875 0.4871326140625 0.11397032656249999 0.4705881984375 0.11397032656249999 0.4669118015625 0.117646884375 0.46507360468750003 0.117646884375 0.4577208125 0.125 0.4558826140625 0.125
34 0.39889720781250004 0.174632046875 0.40073540625000004 0.174632046875 0.4044118015625 0.1783086046875 0.4044118015625 0.18014688437499998 0.43198540625000004 0.18014688437499998 0.43198540625000004 0.1783086046875 0.4356618015625 0.174632046875 0.4375 0.174632046875 0.4375 0.14154376875000002 0.43198540625000004 0.1360296734375 0.43198540625000004 0.1341913953125 0.43014720781250004 0.13235311562500002 0.42830900937500005 0.13235311562500002 0.4246326140625 0.1286765578125 0.41176459374999996 0.1286765578125 0.4080881984375 0.13235311562500002 0.40625 0.13235311562500002 0.39889720781250004 0.13970623124999998 0.39889720781250004 0.174632046875
25 0.4246326140625 0.1838234421875 0.41176459374999996 0.1838234421875 0.41176459374999996 0.2555148375 0.42279378124999994 0.2555148375 0.4246326140625 0.2536765578125 0.4246326140625 0.1838234421875
28 0.31617639531249997 0.1286765578125 0.3125 0.13235311562500002 0.303309009375 0.13235311562500002 0.30147081249999996 0.1341913953125 0.30147081249999996 0.1360296734375 0.297794415625 0.13970623124999998 0.295955584375 0.13970623124999998 0.290440990625 0.1452203265625 0.28860279218749996 0.1452203265625 0.28676459374999996 0.1470586046875 0.2830881984375 0.1470586046875 0.28125 0.14889688437499998 0.28125 0.1672796734375 0.290440990625 0.1672796734375 0.29227918750000004 0.1654413953125 0.29227918750000004 0.16360311562500002 0.295955584375 0.1599265578125 0.303309009375 0.1599265578125 0.3106618015625 0.1525734421875 0.3125 0.1525734421875 0.3143381984375 0.15073516250000002 0.3143381984375 0.14889688437499998 0.31801459374999996 0.1452203265625 0.327205584375 0.1452203265625 0.32904378125 0.143382046875 0.32904378125 0.14154376875000002 0.33272081249999996 0.137867953125 0.334559009375 0.137867953125 0.3419118015625 0.13051483749999998 0.34375 0.13051483749999998 0.34742639531249997 0.1268382796875 0.34926459374999996 0.1268382796875 0.34926459374999996 0.12132344218749999 0.3455881984375 0.117646884375 0.327205584375 0.117646884375 0.31985279218749996 0.125 0.31801459374999996 0.125 0.31617639531249997 0.1268382796875 0.31617639531249997 0.1286765578125
28 0.297794415625 0.569853115625 0.29963261406249997 0.569853115625 0.30147081249999996 0.5716913953125 0.30514720781250004 0.5716913953125 0.30882360468750003 0.575367953125 0.30882360468750003 0.57720623125 0.3106618015625 0.5790445109375 0.3125 0.5790445109375 0.3143381984375 0.580882046875 0.31617639531249997 0.580882046875 0.31985279218749996 0.5845586046875 0.321690990625 0.5845586046875 0.32352918750000004 0.586396884375 0.327205584375 0.586396884375 0.33088261406249997 0.5900734421875 0.33088261406249997 0.5919117203125001 0.33272081249999996 0.59375 0.3419118015625 0.59375 0.3455881984375 0.5900734421875 0.3455881984375 0.5882351625 0.34742639531249997 0.586396884375 0.34742639531249997 0.5827203265625001 0.3455881984375 0.580882046875 0.3455881984375 0.5790445109375 0.34375 0.57720623125 0.34375 0.575367953125 0.3419118015625 0.5735296734374999 0.34007360468750003 0.5735296734374999 0.33639720781250004 0.569853115625 0.33639720781250004 0.5680148375 0.334559009375 0.5661765578125 0.327205584375 0.5661765578125 0.31985279218749996 0.5588234421875 0.31801459374999996 0.5588234421875 0.3143381984375 0.555146884375 0.3143381984375 0.5533086046875 0.3125 0.5514703265625001 0.290440990625 0.5514703265625001 0.290440990625 0.5606617203125001 0.295955584375 0.5606617203125001 0.297794415625 0.5625 0.297794415625 0.569853115625
29 0.35477918750000004 0.3382351625 0.35477918750000004 0.351103115625 0.35661738593750003 0.351103115625 0.36029378125 0.3547796734375 0.36029378125 0.356617953125 0.37132360468750003 0.367646884375 0.37867639531249997 0.367646884375 0.38051459374999996 0.3658086046875 0.38235279218749996 0.3658086046875 0.384190990625 0.3639703265625 0.38602918750000004 0.3639703265625 0.38602918750000004 0.362132046875 0.38786738593750003 0.36029376874999997 0.38786738593750003 0.35845623125000003 0.39522081249999996 0.351103115625 0.397059009375 0.351103115625 0.397059009375 0.34375 0.38602918750000004 0.3327203265625 0.3887436546875 0.3312856078125 0.3896808375 0.3273842734375 0.3878432734375 0.3195408015625 0.3746319796875 0.312219584375 0.36213261406249997 0.325367953125 0.36213261406249997 0.32720623125000003 0.36029378125 0.32904376874999997 0.36029378125 0.3327203265625 0.35477918750000004 0.3382351625
27 0.352940990625 0.6507351625 0.352940990625 0.5992648375 0.35110279218749996 0.5974265578125 0.35110279218749996 0.5955882796874999 0.3419118015625 0.5955882796874999 0.3419118015625 0.6452203265625001 0.3455881984375 0.648896884375 0.3455881984375 0.6507351625 0.352940990625 0.6507351625
26 0.6544118015625 0.2720586046875 0.6525736046875 0.273896884375 0.65073540625 0.273896884375 0.6488972078125 0.2757351625 0.6488972078125 0.29779376874999997 0.6599263953125 0.29779376874999997 0.6599263953125 0.29595623125000003 0.6636027921875 0.2922796734375 0.6691173859374999 0.2922796734375 0.6709555843749999 0.2904413953125 0.67279378125 0.2904413953125 0.678309009375 0.2849265578125 0.6801472078125 0.2849265578125 0.68198540625 0.2830882796875 0.68198540625 0.28125 0.6856618015625 0.2775734421875 0.6875 0.2775734421875 0.6948527921875 0.2702203265625 0.6948527921875 0.257353115625 0.678309009375 0.257353115625 0.6709555843749999 0.26470623125000003 0.665440990625 0.26470623125000003 0.6580881984375 0.2720586046875 0.6544118015625 0.2720586046875
2 0.321690990625 0.3069851625 0.32352918750000004 0.3088234421875 0.32352918750000004 0.319853115625 0.32536738593750003 0.3216913953125 0.36397081249999996 0.3216913953125 0.365809009375 0.319853115625 0.365809009375 0.3180148375 0.36948540625000004 0.3143382796875 0.37132360468750003 0.3143382796875 0.3731618015625 0.3125 0.3731618015625 0.3033086046875 0.36948540625000004 0.299632046875 0.36764720781250004 0.3014703265625 0.36213261406249997 0.3014703265625 0.36029378125 0.299632046875 0.36029378125 0.29595623125000003 0.358455584375 0.294117953125 0.358455584375 0.2830882796875 0.35110279218749996 0.2757351625 0.35110279218749996 0.273896884375 0.3455881984375 0.268382046875 0.3455881984375 0.26654376874999997 0.33272081249999996 0.26654376874999997 0.327205584375 0.2720586046875 0.32536738593750003 0.2720586046875 0.321690990625 0.2757351625 0.321690990625 0.3069851625
26 0.7077208125000001 0.2775734421875 0.709559009375 0.2775734421875 0.71323540625 0.28125 0.71323540625 0.2830882796875 0.7150736046875 0.2849265578125 0.71875 0.2849265578125 0.72426459375 0.2904413953125 0.7261027921875 0.2904413953125 0.727940990625 0.2922796734375 0.7316173859374999 0.2922796734375 0.73529378125 0.29595623125000003 0.73529378125 0.29779376874999997 0.7371326140625001 0.299632046875 0.74448540625 0.299632046875 0.7518381984375 0.3069851625 0.7647055843749999 0.3069851625 0.76654378125 0.305146884375 0.76654378125 0.29779376874999997 0.7647055843749999 0.29595623125000003 0.7647055843749999 0.294117953125 0.7628673859374999 0.2922796734375 0.7628673859374999 0.288603115625 0.7610291874999999 0.2867648375 0.7573527921875 0.2867648375 0.7518381984375 0.28125 0.75 0.28125 0.7481618015625 0.2794117203125 0.74448540625 0.2794117203125 0.740809009375 0.2757351625 0.740809009375 0.273896884375 0.7389708125000001 0.2720586046875 0.7334555843749999 0.2720586046875 0.7316173859374999 0.2702203265625 0.7297791874999999 0.2702203265625 0.72426459375 0.26470623125000003 0.7224263953125 0.26470623125000003 0.7169118015625 0.2591913953125 0.7022055843749999 0.2591913953125 0.7022055843749999 0.2702203265625 0.7058826140625001 0.273896884375 0.7058826140625001 0.2757351625 0.7077208125000001 0.2775734421875
16 0.3731618015625 0.8363968843749999 0.3731618015625 0.8088234421875 0.375 0.8069851625 0.375 0.8033086046875001 0.3731618015625 0.8014703265625001 0.3731618015625 0.78125 0.321690990625 0.78125 0.321690990625 0.8400734421875 0.37132360468750003 0.8400734421875 0.37132360468750003 0.8382351625 0.3731618015625 0.8363968843749999
9 0.46139720781250004 0.7794117203125001 0.46139720781250004 0.8400734421875 0.5128673859374999 0.8400734421875 0.5128673859374999 0.7794117203125001 0.46139720781250004 0.7794117203125001
27 0.49632360468750003 0.7040445109375 0.5036763953125 0.7040445109375 0.5073527921875 0.7077203265625001 0.5073527921875 0.7095586046875 0.509190990625 0.711396884375 0.5110291874999999 0.711396884375 0.5147055843749999 0.7150734421875 0.5147055843749999 0.7169117203125001 0.51654378125 0.71875 0.5238972078125 0.71875 0.53125 0.726103115625 0.5330881984375 0.726103115625 0.53676459375 0.7297796734374999 0.53676459375 0.731617953125 0.5386027921875 0.73345623125 0.5551472078125 0.73345623125 0.5551472078125 0.7205882796874999 0.54779378125 0.7132351625 0.5459555843749999 0.7132351625 0.5386027921875 0.705882046875 0.53125 0.705882046875 0.5275736046875 0.70220623125 0.5275736046875 0.700367953125 0.52573540625 0.6985296734374999 0.5238972078125 0.6985296734374999 0.51654378125 0.6911765578125 0.509190990625 0.6911765578125 0.50551459375 0.6875 0.50551459375 0.6856617203125001 0.49080900937500005 0.6856617203125001 0.49080900937500005 0.6966913953125 0.49264720781250004 0.6985296734374999 0.49264720781250004 0.700367953125 0.49632360468750003 0.7040445109375
11 0.6021573609375 0.5504451031250001 0.6059644671875 0.5571216625 0.6199238578124999 0.5593471812499999 0.6503807109374999 0.5578635015625 0.654822334375 0.5556379828125 0.655456853125 0.5007418390625 0.651015228125 0.4955489609375 0.6370558374999999 0.494807121875 0.6364213203125 0.494807121875 0.611040609375 0.4955489609375 0.6040609140625001 0.49851632031250004 0.6021573609375 0.5066765578125 0.6021573609375 0.5504451031250001
11 0.25507614218749997 0.41468842656250005 0.267766496875 0.41468842656250005 0.27347715781250004 0.416913946875 0.300126903125 0.41617210625 0.303934009375 0.41246290781250006 0.3052030453125 0.36275964374999997 0.30329949218749996 0.35608308593750004 0.29568527968749997 0.3538575671875 0.292512690625 0.3538575671875 0.2531725890625 0.35608308593750004 0.2512690359375 0.365727003125 0.251903553125 0.406528190625 0.25507614218749997 0.41468842656250005
10 0.4644670046875 0.2729970328125 0.5095177671875 0.273738871875 0.5133248734375 0.27151335312499997 0.5152284265625 0.2626112765625 0.5152284265625 0.21958457031249998 0.5133248734375 0.2136498515625 0.5095177671875 0.2114243328125 0.5061986046875 0.2114243328125 0.4663705578125 0.2114243328125 0.46319797031250004 0.2136498515625 0.46192893437500004 0.265578634375 0.4644670046875 0.2729970328125
13 0.6040609140625001 0.2700296734375 0.60913705625 0.273738871875 0.6173857875000001 0.273738871875 0.626903553125 0.26706231406250003 0.6300761421875001 0.26706231406250003 0.6370558374999999 0.273738871875 0.65291878125 0.2729970328125 0.655456853125 0.269287834375 0.655456853125 0.21661721093750003 0.6497461921875 0.2114243328125 0.6218274109374999 0.2114243328125 0.6180203046875 0.2114243328125 0.60532995 0.212166171875 0.6034263953125001 0.21587537031249998 0.6021573609375 0.26483679531250004 0.6040609140625001 0.2700296734375
28 0.53236040625 0.1602373890625 0.5348984765625 0.1594955484375 0.538071065625 0.140207715625 0.5120558374999999 0.123887240625 0.506345178125 0.11795252187500001 0.49746192968749997 0.11572700312499999 0.49428934062499996 0.11572700312499999 0.4873096453125 0.11943620156250001 0.4911167515625 0.1305637984375 0.52791878125 0.1550445109375 0.53236040625 0.1602373890625
28 0.397208121875 0.15207715156249998 0.3978426390625 0.140207715625 0.357233503125 0.113501484375 0.35532995 0.113501484375 0.348350253125 0.1172106828125 0.348350253125 0.1275964390625 0.3940355328125 0.160979228125 0.397208121875 0.15207715156249998
26 0.6218274109374999 0.3976261125 0.6262690359375 0.3998516328125 0.6332487312499999 0.398367953125 0.6364213203125 0.39094955468750003 0.6364213203125 0.327893175 0.6338832484375 0.32566765625 0.6300761421875001 0.32566765625 0.6224619296875 0.32566765625 0.6199238578124999 0.327893175 0.619289340625 0.390207715625 0.6218274109374999 0.3976261125
26 0.7728426390625 0.3991097921875 0.776015228125 0.3931750734375 0.776649746875 0.3137982203125 0.76967005 0.308605340625 0.7690355328125 0.308605340625 0.7614213203125 0.31454005937499996 0.7601522843749999 0.39391691406249996 0.7652284265625 0.3998516328125 0.7728426390625 0.3991097921875
8 0.47242639531249997 0.5514703265625001 0.47426459374999996 0.549632046875 0.47794099062499995 0.549632046875 0.4797791875 0.5514703265625001 0.4816173859375 0.5514703265625001 0.48529378124999994 0.555146884375 0.5128673859374999 0.555146884375 0.5128673859374999 0.49632344218749996 0.46323540625000004 0.49632344218749996 0.46323540625000004 0.555146884375 0.4669118015625 0.555146884375 0.4705881984375 0.5514703265625001 0.47242639531249997 0.5514703265625001
20 0.1578128171875 0.2875 0.103125 0.2875 0.103125 0.37343768593750004 0.1546878171875 0.37343768593750004 0.1578128171875 0.3703123140625 0.1578128171875 0.2875
18 0.24375 0.00625 0.24375 0.0843753703125 0.2984378171875 0.0843753703125 0.2984378171875 0.00625 0.24375 0.00625
19 0.7859378171875 0.7921876859375 0.7859378171875 0.7328123140625 0.7875 0.73125 0.7875 0.7156253703125001 0.7375 0.7156253703125001 0.7375 0.7953123140625 0.784375 0.7953123140625 0.784375 0.79375 0.7859378171875 0.7921876859375
18 0.5796878171875 0.00625 0.521875 0.00625 0.521875 0.0859376859375 0.578125 0.0859376859375 0.5796878171875 0.0843753703125 0.5796878171875 0.00625
21 0.928125 0.43125 0.8765628171875001 0.43125 0.8765628171875001 0.5093753703125 0.925 0.5093753703125 0.928125 0.50625 0.928125 0.43125
23 0.790625 0.1484376859375 0.734375 0.1484376859375 0.734375 0.2265623140625 0.7875 0.2265623140625 0.790625 0.22343768593750002 0.790625 0.1484376859375
18 0.159375 0.6546876859374999 0.159375 0.575 0.103125 0.575 0.103125 0.65625 0.15625 0.65625 0.1578128171875 0.6546876859374999 0.159375 0.6546876859374999
18 0.24375 0.8609376859375001 0.24375 0.9421876859375 0.2984378171875 0.9421876859375 0.2984378171875 0.8609376859375001 0.24375 0.8609376859375001
22 0.578125 0.9359376859375 0.578125 0.8593753703125 0.5265628171875 0.8593753703125 0.5265628171875 0.9375 0.575 0.9375 0.5765628171875 0.9359376859375 0.578125 0.9359376859375