32 0.24531257968750003 0.4609372234375 0.24687483906250002 0.4609372234375 0.25 0.4640627765625 0.25 0.465624815625 0.251562259375 0.46718759218750006 0.2781251609375 0.46718759218750006 0.285937740625 0.45937518437499997 0.285937740625 0.4265627765625 0.2843748390625 0.425 0.2828125796875 0.425 0.2796874203125 0.421875184375 0.2796874203125 0.42031240781249996 0.2781251609375 0.41874963125000003 0.276562259375 0.41874963125000003 0.27343774062500004 0.41562481562500003 0.25468742031249997 0.41562481562500003 0.25 0.42031240781249996 0.25 0.421875184375 0.24531257968750003 0.4265627765625 0.24531257968750003 0.4609372234375
34 0.32031257968750004 0.5625 0.3187503203125 0.5640627765625 0.3187503203125 0.5781248156250001 0.31718742031249997 0.5796875921875 0.31718742031249997 0.6015627765625 0.3187503203125 0.603124815625 0.3187503203125 0.6046875921875 0.32031257968750004 0.6062496312500001 0.32031257968750004 0.6078124078125 0.32187483906250003 0.6093751843749999 0.323437740625 0.6093751843749999 0.325 0.6109372234375 0.348437740625 0.6109372234375 0.35 0.6093751843749999 0.3531251609375 0.6093751843749999 0.3531251609375 0.6078124078125 0.3546874203125 0.6062496312500001 0.3546874203125 0.603124815625 0.3562503203125 0.6015627765625 0.3562503203125 0.6 0.3578125796875 0.5984372234374999 0.3578125796875 0.5796875921875 0.3562503203125 0.5781248156250001 0.3562503203125 0.571875184375 0.3546874203125 0.5703124078124999 0.3546874203125 0.565624815625 0.348437740625 0.559375184375 0.348437740625 0.5578124078125 0.3468748390625 0.55624963125 0.326562259375 0.55624963125 0.325 0.5578124078125 0.325 0.559375184375 0.32187483906250003 0.5625 0.32031257968750004 0.5625
0 0.6968748390624999 0.3 0.6953125796874999 0.3015627765625 0.6937503203125 0.3 0.685937740625 0.3 0.6843748390625 0.3015627765625 0.6812503203125 0.3015627765625 0.6796874203125001 0.3 0.675 0.3 0.6734377406250001 0.3015627765625 0.6718748390625 0.3015627765625 0.6703125796875 0.30312481562500004 0.6671874203125 0.30312481562500004 0.6656251609375 0.30468759218749997 0.6562503203125 0.30468759218749997 0.6531251609375001 0.3078124078125 0.6531251609375001 0.309375184375 0.651562259375 0.31093722343749997 0.651562259375 0.3171875921875 0.65 0.31874963125 0.65 0.32031240781250003 0.6468748390625 0.3234372234375 0.6453125796875 0.3234372234375 0.6437503203125 0.325 0.6406251609375 0.325 0.635937740625 0.3296875921875 0.6343748390624999 0.3296875921875 0.6343748390624999 0.4 0.635937740625 0.4015627765625 0.635937740625 0.403124815625 0.6390622593749999 0.40625036875 0.6390622593749999 0.40781240781249994 0.648437740625 0.4171875921875 0.65 0.4171875921875 0.6546874203125 0.421875184375 0.6562503203125 0.421875184375 0.6593748390624999 0.425 0.660937740625 0.425 0.6656251609375 0.4296875921875 0.6671874203125 0.4296875921875 0.6687496796875 0.43124963125000004 0.6703125796875 0.43124963125000004 0.675 0.43593722343749997 0.676562259375 0.43593722343749997 0.6781251609375001 0.4375 0.6828125796875 0.4375 0.6843748390625 0.43906277656250003 0.685937740625 0.43906277656250003 0.6875 0.440624815625 0.7015622593749999 0.440624815625 0.7031251609375 0.43906277656250003 0.7046874203125 0.43906277656250003 0.7062503203125 0.4375 0.7078125796875 0.4375 0.7093748390625 0.43593722343749997 0.7125 0.43593722343749997 0.714062259375 0.434375184375 0.7156251609375001 0.434375184375 0.7187503203125 0.43124963125000004 0.7203125796875 0.43124963125000004 0.7218748390624999 0.4296875921875 0.723437740625 0.4296875921875 0.725 0.42812481562500004 0.726562259375 0.42812481562500004 0.7296874203125 0.425 0.7312496796875 0.425 0.7328125796875 0.4234372234375 0.7359377406250001 0.4234372234375 0.7406251609375001 0.41874963125000003 0.7421874203125001 0.41874963125000003 0.7437503203125 0.4171875921875 0.7453125796875 0.4171875921875 0.751562259375 0.4109372234375 0.7531251609375 0.4109372234375 0.7531251609375 0.409375184375 0.7546874203125 0.40781240781249994 0.7546874203125 0.40625036875 0.7562503203125 0.40468759218750006 0.7562503203125 0.4015627765625 0.7578125796874999 0.4 0.7578125796874999 0.3453124078125 0.7562503203125 0.34374963125 0.7562503203125 0.328124815625 0.7546874203125 0.3265627765625 0.7546874203125 0.315624815625 0.7531251609375 0.31406277656250003 0.7531251609375 0.3125 0.7453125796875 0.30468759218749997 0.7437503203125 0.30468759218749997 0.7421874203125001 0.30312481562500004 0.7421874203125001 0.3015627765625 0.7406251609375001 0.3015627765625 0.739062259375 0.3 0.7359377406250001 0.3 0.7343748390625 0.2984372234375 0.7328125796875 0.2984372234375 0.7296874203125 0.2953124078125 0.7281251609375 0.2953124078125 0.726562259375 0.29374963125 0.723437740625 0.29374963125 0.7218748390624999 0.2921875921875 0.7078125796875 0.2921875921875 0.7046874203125 0.2953124078125 0.7031251609375 0.2953124078125 0.698437740625 0.3 0.6968748390624999 0.3
33 0.1828125796875 0.275 0.1812503203125 0.2765627765625 0.1812503203125 0.278124815625 0.1781251609375 0.28124963125 0.176562259375 0.28124963125 0.175 0.2828124078125 0.175 0.2953124078125 0.173437740625 0.296875184375 0.173437740625 0.31874963125 0.175 0.32031240781250003 0.175 0.32187518437499996 0.176562259375 0.3234372234375 0.2093748390625 0.3234372234375 0.210937740625 0.32187518437499996 0.210937740625 0.32031240781250003 0.21406225937499998 0.3171875921875 0.2156251609375 0.3171875921875 0.2156251609375 0.2859372234375 0.21406225937499998 0.284375184375 0.21406225937499998 0.2828124078125 0.2125 0.28124963125 0.2125 0.2796875921875 0.210937740625 0.278124815625 0.210937740625 0.2765627765625 0.2093748390625 0.275 0.2031251609375 0.275 0.201562259375 0.2734372234375 0.2 0.2734372234375 0.198437740625 0.27187518437499997 0.189062259375 0.27187518437499997 0.1875 0.2734372234375 0.185937740625 0.2734372234375 0.18437483906250002 0.275 0.1828125796875 0.275
37 0.3717201546875 0.29485598281250003 0.367032734375 0.299543575 0.365470475 0.299543575 0.3639075734375 0.3011063515625 0.3639075734375 0.3042311671875 0.36234531406250003 0.3057932046875 0.36234531406250003 0.3136063515625 0.3607830546875 0.315168390625 0.3607830546875 0.3167311671875 0.3498453140625 0.32766839062500003 0.3498453140625 0.3292311671875 0.3467201546875 0.3323559828125 0.3467201546875 0.40423116718749996 0.3498453140625 0.4073559828125 0.3498453140625 0.408918759375 0.3592201546875 0.4182932046875 0.3607830546875 0.4182932046875 0.365470475 0.422980796875 0.367032734375 0.422980796875 0.3685956359375 0.42454357500000006 0.3701578953125 0.42454357500000006 0.3748453140625 0.4292311671875 0.3764075734375 0.4292311671875 0.3826578953125 0.435480796875 0.38422015468750004 0.435480796875 0.38578305468749996 0.437043575 0.41078305468750004 0.437043575 0.4123453140625 0.435480796875 0.4201578953125 0.435480796875 0.42172015468749996 0.433918759375 0.42484531406250003 0.433918759375 0.4264075734375 0.4323559828125 0.42797047499999996 0.4323559828125 0.42953273437500006 0.4307932046875 0.4310956359375 0.4307932046875 0.4326578953125 0.4292311671875 0.43422015468749997 0.4292311671875 0.4389075734375 0.42454357500000006 0.440470475 0.42454357500000006 0.442032734375 0.422980796875 0.4451578953125 0.422980796875 0.4514075734375 0.4167311671875 0.452970475 0.4167311671875 0.454532734375 0.415168390625 0.454532734375 0.41204357500000005 0.4560956359375 0.41048079687500005 0.4560956359375 0.4073559828125 0.4607830546875 0.402668390625 0.4607830546875 0.39016839062500003 0.46547047499999994 0.385480796875 0.46547047499999994 0.38391875937500003 0.46703273437500004 0.3823559828125 0.46703273437500004 0.3761063515625 0.47172015468749995 0.371418759375 0.47172015468749995 0.3167311671875 0.4685956359375 0.3136063515625 0.4685956359375 0.312043575 0.4623453140625 0.3057932046875 0.4607830546875 0.3057932046875 0.4592201546875 0.3042311671875 0.4576578953125 0.3042311671875 0.454532734375 0.3011063515625 0.452970475 0.3011063515625 0.4514075734375 0.299543575 0.4498453140625 0.299543575 0.4482830546875 0.297980796875 0.4451578953125 0.297980796875 0.44359499375 0.296418759375 0.442032734375 0.296418759375 0.440470475 0.29485598281250003 0.4389075734375 0.29485598281250003 0.4373453140625 0.2932932046875 0.43422015468749997 0.2932932046875 0.4088844671875 0.26846602656249996 0.3873453140625 0.2932932046875 0.38422015468750004 0.2917311671875 0.3826578953125 0.2917311671875 0.38109499375 0.2932932046875 0.3764075734375 0.2932932046875 0.3748453140625 0.29485598281250003 0.3717201546875 0.29485598281250003
17 0.24531257968750003 0.2859372234375 0.2437503203125 0.2875 0.2406251609375 0.2875 0.23906225937499997 0.2890627765625 0.235937740625 0.2890627765625 0.23281257968750002 0.2921875921875 0.23125032031249998 0.2921875921875 0.22968742031249997 0.29374963125 0.2281251609375 0.29374963125 0.225 0.296875184375 0.225 0.2984372234375 0.22343774062500002 0.3 0.22343774062500002 0.3015627765625 0.2203125796875 0.30468759218749997 0.2203125796875 0.30624963125 0.2187503203125 0.3078124078125 0.2187503203125 0.31406277656250003 0.2125 0.32031240781250003 0.2125 0.32187518437499996 0.2093748390625 0.325 0.20624967968750002 0.325 0.20468742031249998 0.3265627765625 0.201562259375 0.3265627765625 0.201562259375 0.328124815625 0.2 0.3296875921875 0.2 0.4015627765625 0.20468742031249998 0.40625036875 0.20624967968750002 0.40625036875 0.210937740625 0.4109372234375 0.21406225937499998 0.4109372234375 0.2156251609375 0.4125 0.2171874203125 0.4125 0.2218748390625 0.4171875921875 0.2281251609375 0.4171875921875 0.23281257968750002 0.421875184375 0.235937740625 0.421875184375 0.2375 0.4234372234375 0.2437503203125 0.4234372234375 0.24531257968750003 0.421875184375 0.24687483906250002 0.421875184375 0.251562259375 0.4171875921875 0.2531251609375 0.4171875921875 0.25468742031249997 0.41562481562500003 0.25468742031249997 0.4140627765625 0.2562503203125 0.4125 0.25781257968750004 0.4125 0.25937483906250003 0.4109372234375 0.2671874203125 0.4109372234375 0.2687496796875 0.4125 0.2703125796875 0.4125 0.27343774062500004 0.41562481562500003 0.275 0.41562481562500003 0.276562259375 0.4171875921875 0.298437740625 0.4171875921875 0.3 0.41562481562500003 0.30312516093749997 0.41562481562500003 0.30781257968750003 0.4109372234375 0.314062259375 0.4109372234375 0.323437740625 0.4015627765625 0.323437740625 0.4 0.325 0.3984372234375 0.325 0.39687518437499997 0.3281251609375 0.39374963125 0.3281251609375 0.3359372234375 0.326562259375 0.33437518437499997 0.326562259375 0.3328124078125 0.323437740625 0.3296875921875 0.323437740625 0.3265627765625 0.32187483906250003 0.325 0.32031257968750004 0.325 0.3156251609375 0.32031240781250003 0.3156251609375 0.31874963125 0.314062259375 0.31874963125 0.310937740625 0.315624815625 0.310937740625 0.30624963125 0.3093748390625 0.30468759218749997 0.3093748390625 0.30312481562500004 0.301562259375 0.2953124078125 0.3 0.2953124078125 0.298437740625 0.29374963125 0.2953125796875 0.29374963125 0.2937503203125 0.2921875921875 0.2921874203125 0.2921875921875 0.2906251609375 0.29062481562500003 0.28906225937499996 0.29062481562500003 0.2875 0.2890627765625 0.285937740625 0.2890627765625 0.2843748390625 0.2875 0.28125032031249997 0.2875 0.276562259375 0.2828124078125 0.2718748390625 0.2828124078125 0.2703125796875 0.28124963125 0.2531251609375 0.28124963125 0.251562259375 0.2828124078125 0.25 0.2828124078125 0.24687483906250002 0.2859372234375 0.24531257968750003 0.2859372234375
35 0.598437740625 0.1375 0.5968748390624999 0.1390627765625 0.5953125796875 0.1390627765625 0.5953125796875 0.140624815625 0.5937503203125 0.1421875921875 0.5921874203125 0.1421875921875 0.5906251609375001 0.14374963125 0.589062259375 0.14374963125 0.5828125796875 0.15 0.5812503203125 0.15 0.5765622593749999 0.1546875921875 0.575 0.1546875921875 0.573437740625 0.15624963125 0.5718748390624999 0.15624963125 0.5625 0.165624815625 0.5625 0.16718759218749998 0.560937740625 0.16874963125 0.560937740625 0.1703124078125 0.5593748390625 0.171875184375 0.5593748390625 0.25937518437499996 0.564062259375 0.2640627765625 0.564062259375 0.265624815625 0.5656251609375 0.265624815625 0.5671874203125 0.2671875921875 0.5703125796874999 0.2671875921875 0.575 0.27187518437499997 0.5765622593749999 0.27187518437499997 0.5781251609375 0.2734372234375 0.5843748390625 0.2734372234375 0.585937740625 0.275 0.589062259375 0.275 0.5906251609375001 0.2765627765625 0.5937503203125 0.2765627765625 0.5953125796875 0.278124815625 0.5968748390624999 0.278124815625 0.601562259375 0.2734372234375 0.614062259375 0.2734372234375 0.6156251609375001 0.27187518437499997 0.6171874203125001 0.27187518437499997 0.6187503203125 0.2703124078125 0.625 0.2703124078125 0.626562259375 0.27187518437499997 0.6296874203125 0.27187518437499997 0.6312503203125 0.2734372234375 0.6406251609375 0.2734372234375 0.6421874203125 0.275 0.6437503203125 0.275 0.6453125796875 0.2765627765625 0.6468748390625 0.2765627765625 0.648437740625 0.275 0.6531251609375001 0.275 0.6546874203125 0.2734372234375 0.6656251609375 0.2734372234375 0.6671874203125 0.27187518437499997 0.6671874203125 0.2703124078125 0.6703125796875 0.2671875921875 0.6734377406250001 0.2671875921875 0.6781251609375001 0.2625 0.6796874203125001 0.2625 0.6828125796875 0.25937518437499996 0.6843748390625 0.25937518437499996 0.6843748390625 0.25624963125 0.685937740625 0.2546875921875 0.685937740625 0.1703124078125 0.6796874203125001 0.16406277656249998 0.6796874203125001 0.1625 0.6781251609375001 0.1609372234375 0.676562259375 0.1609372234375 0.6718748390625 0.15624963125 0.6703125796875 0.15624963125 0.664062259375 0.15 0.6625 0.15 0.660937740625 0.14843722343750002 0.6593748390624999 0.14843722343750002 0.6546874203125 0.14374963125 0.6531251609375001 0.14374963125 0.6468748390625 0.1375 0.6453125796875 0.1375 0.6437503203125 0.1359372234375 0.6421874203125 0.1359372234375 0.6328125796874999 0.12656277656249998 0.6125 0.12656277656249998 0.6078125796875 0.13124963125 0.6062503203125 0.13124963125 0.6 0.1375 0.598437740625 0.1375
35 0.7578125796874999 0.4265627765625 0.7562503203125 0.42812481562500004 0.7546874203125 0.42812481562500004 0.7531251609375 0.4296875921875 0.751562259375 0.4296875921875 0.75 0.43124963125000004 0.7468748390625 0.43124963125000004 0.7453125796875 0.43281240781249997 0.7437503203125 0.43281240781249997 0.7421874203125001 0.434375184375 0.7406251609375001 0.434375184375 0.7375 0.4375 0.7359377406250001 0.4375 0.7343748390625 0.43906277656250003 0.7328125796875 0.43906277656250003 0.7296874203125 0.44218759218750003 0.726562259375 0.44218759218750003 0.725 0.44374963125000005 0.7218748390624999 0.44374963125000005 0.7171874203125 0.4484372234375 0.7156251609375001 0.4484372234375 0.7125 0.4515627765625 0.710937740625 0.4515627765625 0.7078125796875 0.45468759218750004 0.7078125796875 0.45624963125000007 0.7062503203125 0.4578124078125 0.7062503203125 0.528124815625 0.7078125796875 0.5296875921875001 0.7078125796875 0.53124963125 0.7093748390625 0.53124963125 0.714062259375 0.5359372234374999 0.7187503203125 0.5359372234374999 0.7203125796875 0.5375 0.7218748390624999 0.5375 0.725 0.540624815625 0.725 0.5515627765625 0.726562259375 0.553124815625 0.726562259375 0.55624963125 0.7296874203125 0.559375184375 0.7296874203125 0.5609372234375 0.7359377406250001 0.5671875921875 0.739062259375 0.5671875921875 0.7406251609375001 0.56874963125 0.7421874203125001 0.56874963125 0.7453125796875 0.571875184375 0.7468748390625 0.571875184375 0.75 0.575 0.751562259375 0.575 0.7531251609375 0.5765627765625 0.7546874203125 0.5765627765625 0.7562503203125 0.5781248156250001 0.7578125796874999 0.5781248156250001 0.7593748390624999 0.5796875921875 0.7687503203125 0.5796875921875 0.7703125796875 0.5812496312500001 0.7718748390625 0.5796875921875 0.775 0.5796875921875 0.776562259375 0.5781248156250001 0.7781251609375001 0.5781248156250001 0.7796874203125 0.5765627765625 0.7812503203125 0.5765627765625 0.7828125796875 0.575 0.7843748390624999 0.575 0.785937740625 0.5734372234375 0.789062259375 0.5734372234375 0.7906251609375 0.571875184375 0.7921874203125 0.571875184375 0.7953125796875 0.56874963125 0.7968748390625 0.56874963125 0.7984377406250001 0.5671875921875 0.801562259375 0.5671875921875 0.8062503203125001 0.5625 0.8078125796875 0.5625 0.8093748390625001 0.5609372234375 0.8125 0.5609372234375 0.8140622593750001 0.559375184375 0.8156251609374999 0.559375184375 0.8203125796874999 0.5546875921875001 0.8218748390625 0.5546875921875001 0.8312503203125001 0.5453124078125 0.8312503203125001 0.5437496312500001 0.8343748390625001 0.540624815625 0.8343748390625001 0.4640627765625 0.8312503203125001 0.4609372234375 0.8312503203125001 0.45937518437499997 0.8296874203125 0.4578124078125 0.8296874203125 0.45624963125000007 0.8171874203125 0.44374963125000005 0.8156251609374999 0.44374963125000005 0.8140622593750001 0.44218759218750003 0.8125 0.44218759218750003 0.8109377406249999 0.440624815625 0.8109377406249999 0.43906277656250003 0.8093748390625001 0.43906277656250003 0.8078125796875 0.4375 0.8046874203125001 0.4375 0.8031251609375 0.43593722343749997 0.801562259375 0.43593722343749997 0.7984377406250001 0.43281240781249997 0.7968748390625 0.43281240781249997 0.7953125796875 0.43124963125000004 0.7906251609375 0.43124963125000004 0.789062259375 0.4296875921875 0.7875 0.4296875921875 0.7843748390624999 0.4265627765625 0.7828125796875 0.4265627765625 0.7812503203125 0.425 0.7781251609375001 0.425 0.776562259375 0.4234372234375 0.773437740625 0.4234372234375 0.7718748390625 0.421875184375 0.7656251609375 0.421875184375 0.7640622593749999 0.4234372234375 0.7625 0.4234372234375 0.7593748390624999 0.4265627765625 0.7578125796874999 0.4265627765625
37 0.25 0.5671875921875 0.24843774062500001 0.56874963125 0.24687483906250002 0.56874963125 0.24531257968750003 0.5703124078124999 0.2437503203125 0.5703124078124999 0.23906225937499997 0.575 0.235937740625 0.575 0.2343748390625 0.5765627765625 0.23281257968750002 0.5765627765625 0.2281251609375 0.5812496312500001 0.225 0.5812496312500001 0.22343774062500002 0.5828124078125 0.2203125796875 0.5828124078125 0.2156251609375 0.5875 0.21406225937499998 0.5875 0.2125 0.5890627765625001 0.210937740625 0.5890627765625001 0.20624967968750002 0.59374963125 0.20468742031249998 0.59374963125 0.201562259375 0.596875184375 0.201562259375 0.690624815625 0.2031251609375 0.6921875921875 0.20468742031249998 0.6921875921875 0.20624967968750002 0.69374963125 0.20781257968750003 0.69374963125 0.2125 0.6984372234375 0.2156251609375 0.6984372234375 0.2218748390625 0.7046875921875 0.225 0.7046875921875 0.226562259375 0.7062496312500001 0.2281251609375 0.7062496312500001 0.23281257968750002 0.7109372234375 0.2343748390625 0.7109372234375 0.23906225937499997 0.715624815625 0.2406251609375 0.715624815625 0.24218742031249998 0.7171875921875001 0.2437503203125 0.7171875921875001 0.24531257968750003 0.71874963125 0.24687483906250002 0.71874963125 0.251562259375 0.7234372234374999 0.2796874203125 0.7234372234374999 0.28125032031249997 0.725 0.28125032031249997 0.728124815625 0.3312503203125 0.728124815625 0.3312503203125 0.7203124078124999 0.3296874203125 0.721875184375 0.32031257968750004 0.721875184375 0.31718742031249997 0.71874963125 0.3156251609375 0.71874963125 0.314062259375 0.7171875921875001 0.30781257968750003 0.7171875921875001 0.3062503203125 0.71874963125 0.301562259375 0.71874963125 0.298437740625 0.721875184375 0.2968748390625 0.721875184375 0.2953125796875 0.7234372234374999 0.2828125796875 0.7234372234374999 0.28125032031249997 0.721875184375 0.285937740625 0.7171875921875001 0.2875 0.7171875921875001 0.2921874203125 0.7125 0.2937503203125 0.7125 0.2953125796875 0.7109372234375 0.298437740625 0.7109372234375 0.3 0.709375184375 0.30312516093749997 0.709375184375 0.3062503203125 0.7062496312500001 0.310937740625 0.7062496312500001 0.3125 0.7046875921875 0.314062259375 0.7046875921875 0.32187483906250003 0.696875184375 0.32187483906250003 0.6953124078124999 0.326562259375 0.690624815625 0.326562259375 0.6890627765625 0.3281251609375 0.6875 0.3281251609375 0.6859372234375 0.3296874203125 0.684375184375 0.3296874203125 0.6296875921875 0.3312503203125 0.628124815625 0.3312503203125 0.6203124078125 0.3296874203125 0.61874963125 0.3296874203125 0.6171875921875001 0.3281251609375 0.615624815625 0.3281251609375 0.6140627765625 0.326562259375 0.6140627765625 0.325 0.6125 0.32187483906250003 0.6125 0.31718742031249997 0.6078124078125 0.31718742031249997 0.6062496312500001 0.3125 0.6015627765625 0.3125 0.6 0.310937740625 0.5984372234374999 0.310937740625 0.5921875921875001 0.3093748390625 0.590624815625 0.3093748390625 0.5890627765625001 0.30781257968750003 0.5875 0.3062503203125 0.5875 0.2953125796875 0.5765627765625 0.2937503203125 0.5765627765625 0.2921874203125 0.575 0.2875 0.575 0.285937740625 0.5734372234375 0.2843748390625 0.5734372234375 0.28125032031249997 0.5703124078124999 0.2796874203125 0.5703124078124999 0.2781251609375 0.56874963125 0.276562259375 0.56874963125 0.2703125796875 0.5625 0.25781257968750004 0.5625 0.2562503203125 0.5640627765625 0.25468742031249997 0.5640627765625 0.251562259375 0.5671875921875 0.25 0.5671875921875
17 0.326562259375 0.4234372234375 0.325 0.425 0.323437740625 0.425 0.32187483906250003 0.4265627765625 0.32031257968750004 0.4265627765625 0.3156251609375 0.43124963125000004 0.314062259375 0.43124963125000004 0.30781257968750003 0.4375 0.30468742031249996 0.4375 0.30312516093749997 0.43906277656250003 0.301562259375 0.43906277656250003 0.2968748390625 0.44374963125000005 0.2953125796875 0.44374963125000005 0.2937503203125 0.4453124078125 0.2937503203125 0.44687518437499996 0.2921874203125 0.4484372234375 0.2921874203125 0.45 0.2906251609375 0.4515627765625 0.2906251609375 0.453124815625 0.28906225937499996 0.45468759218750004 0.28906225937499996 0.45624963125000007 0.2875 0.4578124078125 0.2875 0.45937518437499997 0.285937740625 0.4609372234375 0.285937740625 0.4625 0.2843748390625 0.4640627765625 0.2828125796875 0.4640627765625 0.2828125796875 0.465624815625 0.28125032031249997 0.46718759218750006 0.2796874203125 0.46718759218750006 0.2781251609375 0.46875036875 0.276562259375 0.46875036875 0.275 0.47031240781249994 0.275 0.471875184375 0.2718748390625 0.475 0.2718748390625 0.5390627765625 0.276562259375 0.5437496312500001 0.2781251609375 0.5437496312500001 0.2796874203125 0.5453124078125 0.2796874203125 0.5468751843749999 0.28125032031249997 0.5468751843749999 0.2828125796875 0.5484372234375 0.2843748390625 0.5484372234375 0.285937740625 0.55 0.2875 0.55 0.2906251609375 0.553124815625 0.2937503203125 0.553124815625 0.2953125796875 0.5546875921875001 0.301562259375 0.5546875921875001 0.30312516093749997 0.55624963125 0.30468742031249996 0.55624963125 0.30781257968750003 0.559375184375 0.3093748390625 0.559375184375 0.310937740625 0.5609372234375 0.32031257968750004 0.5609372234375 0.32187483906250003 0.559375184375 0.323437740625 0.559375184375 0.323437740625 0.5578124078125 0.325 0.55624963125 0.326562259375 0.55624963125 0.3281251609375 0.5546875921875001 0.3421874203125 0.5546875921875001 0.34375032031249997 0.55624963125 0.3453125796875 0.55624963125 0.348437740625 0.559375184375 0.35 0.559375184375 0.35156225937499996 0.5609372234375 0.3562503203125 0.5609372234375 0.3578125796875 0.5625 0.3593748390625 0.5625 0.360937740625 0.5640627765625 0.3625 0.5640627765625 0.364062259375 0.565624815625 0.37031257968750003 0.565624815625 0.373437740625 0.5625 0.376562259375 0.5625 0.3781251609375 0.5609372234375 0.3812496796875 0.5609372234375 0.385937740625 0.55624963125 0.3875 0.55624963125 0.389062259375 0.5546875921875001 0.3906251609375 0.5546875921875001 0.3968748390625 0.5484372234375 0.39843774062500004 0.5484372234375 0.4 0.5468751843749999 0.401562259375 0.5468751843749999 0.40312516093750006 0.5453124078125 0.40312516093750006 0.4578124078125 0.39843774062500004 0.453124815625 0.39843774062500004 0.4515627765625 0.3375 0.41562481562500003 0.3343748390625 0.41874963125000003 0.3328125796875 0.41874963125000003 0.3281251609375 0.4234372234375 0.326562259375 0.4234372234375
36 0.314062259375 0.1390627765625 0.3093748390625 0.14374963125 0.3062503203125 0.14374963125 0.301562259375 0.14843722343750002 0.3 0.14843722343750002 0.298437740625 0.15 0.2968748390625 0.15 0.2953125796875 0.1515627765625 0.2937503203125 0.1515627765625 0.2937503203125 0.153124815625 0.2906251609375 0.15624963125 0.28906225937499996 0.15624963125 0.2796874203125 0.165624815625 0.2796874203125 0.16718759218749998 0.2781251609375 0.16874963125 0.276562259375 0.16874963125 0.275 0.1703124078125 0.275 0.1765627765625 0.27343774062500004 0.178124815625 0.27343774062500004 0.25 0.275 0.25156277656250003 0.275 0.2546875921875 0.285937740625 0.265624815625 0.2875 0.265624815625 0.28906225937499996 0.2671875921875 0.2953125796875 0.2671875921875 0.2968748390625 0.26874963125 0.298437740625 0.26874963125 0.30312516093749997 0.2734372234375 0.3531251609375 0.2734372234375 0.3546874203125 0.275 0.3578125796875 0.275 0.3593748390625 0.2765627765625 0.3625 0.2765627765625 0.364062259375 0.278124815625 0.36562516093749997 0.278124815625 0.3687503203125 0.275 0.3718748390625 0.275 0.373437740625 0.2734372234375 0.3781251609375 0.2734372234375 0.37968742031249997 0.27187518437499997 0.3812496796875 0.27187518437499997 0.3812496796875 0.2703124078125 0.38281257968750004 0.26874963125 0.385937740625 0.26874963125 0.3875 0.2671875921875 0.3906251609375 0.2671875921875 0.3921874203125 0.265624815625 0.3921874203125 0.2640627765625 0.3953125796875 0.2609372234375 0.3968748390625 0.2609372234375 0.39843774062500004 0.25937518437499996 0.39843774062500004 0.25781240781250003 0.401562259375 0.2546875921875 0.401562259375 0.175 0.39843774062500004 0.171875184375 0.39843774062500004 0.1703124078125 0.3906251609375 0.1625 0.389062259375 0.1625 0.3875 0.1609372234375 0.385937740625 0.1609372234375 0.38281257968750004 0.1578124078125 0.3812496796875 0.1578124078125 0.37968742031249997 0.15624963125 0.3781251609375 0.15624963125 0.3718748390625 0.15 0.37031257968750003 0.15 0.3687503203125 0.14843722343750002 0.36718742031249996 0.14843722343750002 0.364062259375 0.14531240781250002 0.3625 0.14531240781250002 0.360937740625 0.14374963125 0.3593748390625 0.14374963125 0.3531251609375 0.1375 0.35156225937499996 0.1375 0.35 0.1359372234375 0.348437740625 0.1359372234375 0.3453125796875 0.1328124078125 0.323437740625 0.1328124078125 0.32031257968750004 0.1359372234375 0.3187503203125 0.1359372234375 0.3156251609375 0.1390627765625 0.314062259375 0.1390627765625
37 0.5125 0.2984372234375 0.510937740625 0.3 0.5078125796874999 0.3 0.5046874203125 0.30312481562500004 0.5031251609375 0.30312481562500004 0.501562259375 0.30468759218749997 0.5 0.30468759218749997 0.498437740625 0.30624963125 0.49687483906249996 0.30624963125 0.489062259375 0.31406277656250003 0.489062259375 0.36718759218749997 0.4937503203125 0.371875184375 0.4937503203125 0.37656277656250003 0.5 0.38281240781250003 0.5 0.39687518437499997 0.501562259375 0.3984372234375 0.501562259375 0.403124815625 0.5046874203125 0.40625036875 0.5046874203125 0.40781240781249994 0.5062496796875 0.409375184375 0.5062496796875 0.41562481562500003 0.5140622593749999 0.4234372234375 0.5156251609375 0.4234372234375 0.5171874203125 0.425 0.5187503203125 0.425 0.5203125796875 0.4265627765625 0.5218748390625 0.4265627765625 0.526562259375 0.43124963125000004 0.5281251609375001 0.43124963125000004 0.5328125796875 0.43593722343749997 0.535937740625 0.43593722343749997 0.5375 0.4375 0.5406251609375 0.4375 0.5421874203125 0.43906277656250003 0.5437503203125 0.43906277656250003 0.5453125796875 0.440624815625 0.55 0.440624815625 0.551562259375 0.44218759218750003 0.5546874203125001 0.44218759218750003 0.5562503203125 0.440624815625 0.560937740625 0.440624815625 0.564062259375 0.4375 0.5656251609375 0.4375 0.5671874203125 0.43593722343749997 0.5687496796875 0.43593722343749997 0.5703125796874999 0.434375184375 0.5718748390624999 0.434375184375 0.575 0.43124963125000004 0.5781251609375 0.43124963125000004 0.5796874203125 0.4296875921875 0.5812503203125 0.4296875921875 0.5828125796875 0.42812481562500004 0.5843748390625 0.42812481562500004 0.5875 0.425 0.589062259375 0.425 0.5906251609375001 0.4234372234375 0.5937503203125 0.4234372234375 0.5953125796875 0.421875184375 0.5968748390624999 0.421875184375 0.601562259375 0.4171875921875 0.6031251609375 0.4171875921875 0.6093748390625 0.4109372234375 0.6109377406250001 0.4109372234375 0.6156251609375001 0.40625036875 0.6156251609375001 0.40468759218750006 0.6171874203125001 0.403124815625 0.6171874203125001 0.35624963125 0.6187503203125 0.3546875921875 0.6187503203125 0.33124963125 0.6171874203125001 0.3296875921875 0.6171874203125001 0.328124815625 0.6156251609375001 0.3265627765625 0.614062259375 0.3265627765625 0.6125 0.325 0.6078125796875 0.325 0.6062503203125 0.3234372234375 0.6046874203125 0.3234372234375 0.6031251609375 0.32187518437499996 0.6031251609375 0.32031240781250003 0.601562259375 0.32031240781250003 0.6 0.31874963125 0.6 0.3171875921875 0.598437740625 0.315624815625 0.598437740625 0.30312481562500004 0.5968748390624999 0.3015627765625 0.5968748390624999 0.3 0.5953125796875 0.3 0.5937503203125 0.2984372234375 0.5921874203125 0.2984372234375 0.5906251609375001 0.296875184375 0.5843748390625 0.296875184375 0.5828125796875 0.2984372234375 0.5796874203125 0.2984372234375 0.5781251609375 0.3 0.5718748390624999 0.3 0.5656251609375 0.30624963125 0.5625 0.30624963125 0.560937740625 0.3078124078125 0.5578125796875 0.3078124078125 0.5562503203125 0.30624963125 0.551562259375 0.30624963125 0.55 0.30468759218749997 0.5484377406250001 0.30468759218749997 0.5453125796875 0.3015627765625 0.5437503203125 0.3015627765625 0.5421874203125 0.3 0.5406251609375 0.3 0.539062259375 0.2984372234375 0.5375 0.3 0.5343748390624999 0.3 0.5328125796875 0.2984372234375 0.5312503203125 0.2984372234375 0.5281251609375001 0.2953124078125 0.526562259375 0.2953124078125 0.525 0.296875184375 0.5203125796875 0.296875184375 0.5187503203125 0.2984372234375 0.5125 0.2984372234375
36 0.1796874203125 0.4234372234375 0.1781251609375 0.425 0.175 0.425 0.173437740625 0.4265627765625 0.1718748390625 0.4265627765625 0.16875032031249998 0.4296875921875 0.1671874203125 0.4296875921875 0.1656251609375 0.43124963125000004 0.16406225937500002 0.43124963125000004 0.1625 0.43281240781249997 0.160937740625 0.43281240781249997 0.1578125796875 0.43593722343749997 0.1562503203125 0.43593722343749997 0.1546874203125 0.4375 0.151562259375 0.4375 0.1453125796875 0.44374963125000005 0.14375032031249999 0.44374963125000005 0.1421874203125 0.4453124078125 0.1406251609375 0.4453124078125 0.1343748390625 0.4515627765625 0.1328125796875 0.4515627765625 0.1328125796875 0.453124815625 0.1312503203125 0.45468759218750004 0.1312503203125 0.45937518437499997 0.1296874203125 0.4609372234375 0.1296874203125 0.5421875921875 0.1312503203125 0.5437496312500001 0.1312503203125 0.5468751843749999 0.1328125796875 0.5484372234375 0.1343748390625 0.5484372234375 0.135937740625 0.55 0.1375 0.55 0.1421874203125 0.5546875921875001 0.1453125796875 0.5546875921875001 0.151562259375 0.5609372234375 0.1546874203125 0.5609372234375 0.1562503203125 0.5625 0.1578125796875 0.5625 0.1625 0.5671875921875 0.1656251609375 0.5671875921875 0.16875032031249998 0.5703124078124999 0.16875032031249998 0.571875184375 0.1703125796875 0.571875184375 0.1718748390625 0.5734372234375 0.173437740625 0.5734372234375 0.175 0.575 0.176562259375 0.575 0.1781251609375 0.5765627765625 0.1796874203125 0.5765627765625 0.1828125796875 0.5796875921875 0.2031251609375 0.5796875921875 0.20781257968750003 0.575 0.2093748390625 0.575 0.210937740625 0.5734372234375 0.21406225937499998 0.5734372234375 0.2203125796875 0.5671875921875 0.22343774062500002 0.5671875921875 0.2281251609375 0.5625 0.22968742031249997 0.5625 0.23125032031249998 0.5609372234375 0.2343748390625 0.5609372234375 0.235937740625 0.559375184375 0.2375 0.559375184375 0.2406251609375 0.55624963125 0.24218742031249998 0.55624963125 0.2437503203125 0.5546875921875001 0.24531257968750003 0.5546875921875001 0.251562259375 0.5484372234375 0.2531251609375 0.5484372234375 0.25468742031249997 0.5468751843749999 0.25468742031249997 0.5437496312500001 0.2562503203125 0.5421875921875 0.2562503203125 0.540624815625 0.25781257968750004 0.5390627765625 0.25781257968750004 0.5375 0.25937483906250003 0.5359372234374999 0.25937483906250003 0.4796875921875 0.25781257968750004 0.47812481562500003 0.25781257968750004 0.4765627765625 0.2562503203125 0.475 0.2562503203125 0.4734372234375 0.25468742031249997 0.471875184375 0.25468742031249997 0.47031240781249994 0.2531251609375 0.46875036875 0.251562259375 0.46875036875 0.24843774062500001 0.465624815625 0.24843774062500001 0.4640627765625 0.24687483906250002 0.4625 0.24531257968750003 0.4625 0.24218742031249998 0.45937518437499997 0.24218742031249998 0.4578124078125 0.2406251609375 0.45624963125000007 0.2406251609375 0.45468759218750004 0.23906225937499997 0.453124815625 0.23906225937499997 0.4515627765625 0.2375 0.45 0.2375 0.4484372234375 0.235937740625 0.44687518437499996 0.235937740625 0.4453124078125 0.2281251609375 0.4375 0.226562259375 0.4375 0.225 0.43593722343749997 0.22343774062500002 0.43593722343749997 0.2203125796875 0.43281240781249997 0.2187503203125 0.43281240781249997 0.2171874203125 0.43124963125000004 0.2156251609375 0.43124963125000004 0.21406225937499998 0.4296875921875 0.2125 0.4296875921875 0.2093748390625 0.4265627765625 0.20781257968750003 0.4265627765625 0.20624967968750002 0.425 0.20468742031249998 0.425 0.2031251609375 0.4234372234375 0.2 0.4234372234375 0.1968748390625 0.42031240781249996 0.1937503203125 0.42031240781249996 0.1921874203125 0.41874963125000003 0.189062259375 0.41874963125000003 0.1875 0.42031240781249996 0.18437483906250002 0.42031240781249996 0.1812503203125 0.4234372234375 0.1796874203125 0.4234372234375
36 0.2843748390625 0.709375184375 0.298437740625 0.709375184375 0.3 0.7078124078125 0.30312516093749997 0.7078124078125 0.30468742031249996 0.709375184375 0.30468742031249996 0.715624815625 0.30312516093749997 0.7171875921875001 0.3 0.7171875921875001 0.298437740625 0.71874963125 0.2968748390625 0.71874963125 0.2953125796875 0.7203124078124999 0.2937503203125 0.7203124078124999 0.2906251609375 0.7234372234374999 0.2875 0.7234372234374999 0.285937740625 0.725 0.2828125796875 0.725 0.2828125796875 0.7265627765625 0.2781251609375 0.7312496312500001 0.276562259375 0.7312496312500001 0.276562259375 0.7328124078125 0.275 0.7343751843749999 0.275 0.7359372234375 0.27343774062500004 0.7375 0.27343774062500004 0.825 0.275 0.8265627765625 0.275 0.828124815625 0.276562259375 0.8296875921875 0.276562259375 0.8312496312500001 0.2781251609375 0.8312496312500001 0.2796874203125 0.8328124078125001 0.2796874203125 0.834375184375 0.28125032031249997 0.834375184375 0.2843748390625 0.8375 0.285937740625 0.8375 0.2906251609375 0.8421875921875 0.2921874203125 0.8421875921875 0.2937503203125 0.84375036875 0.2953125796875 0.84375036875 0.298437740625 0.8468751843750001 0.3 0.8468751843750001 0.301562259375 0.8484372234374999 0.3062503203125 0.8484372234374999 0.30781257968750003 0.85 0.310937740625 0.85 0.31718742031249997 0.8562496312500001 0.31718742031249997 0.8578124078125 0.32031257968750004 0.8609372234375 0.32187483906250003 0.8609372234375 0.323437740625 0.8625 0.325 0.8625 0.3281251609375 0.8656248156249999 0.3406251609375 0.8656248156249999 0.3421874203125 0.8640627765625 0.34375032031249997 0.8640627765625 0.3453125796875 0.8625 0.3468748390625 0.8625 0.348437740625 0.8609372234375 0.35 0.8609372234375 0.35156225937499996 0.859375184375 0.3531251609375 0.859375184375 0.3625 0.85 0.364062259375 0.85 0.36562516093749997 0.8484372234374999 0.37031257968750003 0.8484372234374999 0.3718748390625 0.8468751843750001 0.373437740625 0.8468751843750001 0.376562259375 0.84375036875 0.3781251609375 0.84375036875 0.37968742031249997 0.8421875921875 0.38281257968750004 0.8421875921875 0.38437483906250003 0.8406248156249999 0.385937740625 0.8406248156249999 0.385937740625 0.8390627765625001 0.3875 0.8375 0.389062259375 0.8375 0.39843774062500004 0.828124815625 0.39843774062500004 0.825 0.4 0.8234372234375 0.4 0.8203124078125 0.401562259375 0.81874963125 0.401562259375 0.7640627765625 0.4 0.7625 0.39843774062500004 0.7625 0.385937740625 0.75 0.385937740625 0.7484372234375 0.38437483906250003 0.746875184375 0.38437483906250003 0.7453124078125 0.37968742031249997 0.740624815625 0.37968742031249997 0.7343751843749999 0.3781251609375 0.7328124078125 0.3781251609375 0.7312496312500001 0.364062259375 0.7171875921875001 0.3625 0.7171875921875001 0.3593748390625 0.7140627765625001 0.3578125796875 0.7140627765625001 0.3562503203125 0.7125 0.3531251609375 0.7125 0.3468748390625 0.7062496312500001 0.34375032031249997 0.7062496312500001 0.3406251609375 0.7031248156250001 0.339062259375 0.7031248156250001 0.3375 0.7015627765625 0.3343748390625 0.7015627765625 0.3328125796875 0.7 0.27343774062500004 0.7 0.27343774062500004 0.7046875921875 0.275 0.7062496312500001 0.28125032031249997 0.7062496312500001 0.2843748390625 0.709375184375
0 0.4578125796875 0.43281240781249997 0.45312516093750005 0.4375 0.451562259375 0.4375 0.45 0.43906277656250003 0.448437740625 0.43906277656250003 0.4468748390625 0.440624815625 0.4453125796875 0.440624815625 0.4437496796875 0.44218759218750003 0.4421874203125 0.44218759218750003 0.44062516093750004 0.44374963125000005 0.439062259375 0.44374963125000005 0.4375 0.4453124078125 0.435937740625 0.4453124078125 0.43437483906249996 0.44687518437499996 0.4328125796875 0.44687518437499996 0.4296874203125 0.45 0.4281251609375 0.45 0.426562259375 0.4515627765625 0.425 0.4515627765625 0.4187503203125 0.4578124078125 0.4187503203125 0.4640627765625 0.4171874203125 0.465624815625 0.4171874203125 0.540624815625 0.4187503203125 0.5421875921875 0.4187503203125 0.5468751843749999 0.42031257968749997 0.5484372234375 0.42187483906249995 0.5484372234375 0.425 0.5515627765625 0.425 0.553124815625 0.426562259375 0.5546875921875001 0.4281251609375 0.5546875921875001 0.4296874203125 0.55624963125 0.4312503203125 0.55624963125 0.43437483906249996 0.559375184375 0.435937740625 0.559375184375 0.4375 0.5609372234375 0.4437496796875 0.5609372234375 0.4453125796875 0.5625 0.45 0.5625 0.451562259375 0.5640627765625 0.45312516093750005 0.5625 0.4562503203125 0.5625 0.4578125796875 0.5609372234375 0.4625 0.5609372234375 0.464062259375 0.559375184375 0.46562516093750006 0.559375184375 0.47031257968749995 0.5546875921875001 0.485937740625 0.5546875921875001 0.4875 0.55624963125 0.4906251609375 0.55624963125 0.4937503203125 0.559375184375 0.4953125796875 0.559375184375 0.49687483906249996 0.5609372234375 0.523437740625 0.5609372234375 0.525 0.559375184375 0.526562259375 0.559375184375 0.5296874203125 0.55624963125 0.5312503203125 0.55624963125 0.5328125796875 0.5546875921875001 0.5343748390624999 0.5546875921875001 0.535937740625 0.553124815625 0.535937740625 0.5515627765625 0.5375 0.55 0.539062259375 0.55 0.5421874203125 0.5468751843749999 0.5421874203125 0.5421875921875 0.5437503203125 0.540624815625 0.5437503203125 0.509375184375 0.5421874203125 0.5078124078124999 0.5421874203125 0.4625 0.5406251609375 0.4609372234375 0.5406251609375 0.4578124078125 0.535937740625 0.453124815625 0.535937740625 0.4515627765625 0.5343748390624999 0.45 0.5328125796875 0.45 0.525 0.44218759218750003 0.523437740625 0.44218759218750003 0.5187503203125 0.4375 0.5171874203125 0.4375 0.5156251609375 0.43593722343749997 0.5140622593749999 0.43593722343749997 0.5093748390624999 0.43124963125000004 0.5062496796875 0.43124963125000004 0.5046874203125 0.4296875921875 0.5031251609375 0.4296875921875 0.501562259375 0.42812481562500004 0.5 0.42812481562500004 0.498437740625 0.4265627765625 0.4953125796875 0.4265627765625 0.4937503203125 0.425 0.47031257968749995 0.425 0.464062259375 0.43124963125000004 0.46093774062500004 0.43124963125000004 0.4593748390625 0.43281240781249997 0.4578125796875 0.43281240781249997
0 0.4625 0.1359372234375 0.46093774062500004 0.1375 0.4593748390625 0.1375 0.45312516093750005 0.14374963125 0.45 0.14374963125 0.448437740625 0.14531240781250002 0.4468748390625 0.14531240781250002 0.4437496796875 0.14843722343750002 0.4421874203125 0.14843722343750002 0.44062516093750004 0.15 0.439062259375 0.15 0.4328125796875 0.15624963125 0.4312503203125 0.15624963125 0.4296874203125 0.1578124078125 0.4281251609375 0.1578124078125 0.423437740625 0.1625 0.42187483906249995 0.1625 0.4187503203125 0.165624815625 0.4187503203125 0.16718759218749998 0.4156251609375 0.1703124078125 0.4156251609375 0.25937518437499996 0.423437740625 0.2671875921875 0.425 0.2671875921875 0.426562259375 0.26874963125 0.4281251609375 0.26874963125 0.4328125796875 0.2734372234375 0.435937740625 0.2734372234375 0.4375 0.275 0.44062516093750004 0.275 0.4453125796875 0.2796875921875 0.448437740625 0.2796875921875 0.45 0.28124963125 0.451562259375 0.28124963125 0.45468742031250003 0.284375184375 0.4562503203125 0.284375184375 0.4578125796875 0.2859372234375 0.4593748390625 0.2859372234375 0.46093774062500004 0.2875 0.4625 0.2875 0.46562516093750006 0.29062481562500003 0.46718742031250005 0.29062481562500003 0.46875032031249997 0.2921875921875 0.47031257968749995 0.2921875921875 0.47187483906249994 0.29374963125 0.473437740625 0.29374963125 0.475 0.2953124078125 0.47656225937499996 0.2953124078125 0.4781251609375 0.296875184375 0.48437483906249995 0.296875184375 0.4875 0.29374963125 0.4906251609375 0.29374963125 0.4921874203125 0.2921875921875 0.4937503203125 0.2921875921875 0.498437740625 0.2875 0.5 0.2875 0.501562259375 0.2859372234375 0.5031251609375 0.2859372234375 0.5046874203125 0.284375184375 0.5062496796875 0.284375184375 0.5093748390624999 0.28124963125 0.510937740625 0.28124963125 0.5125 0.2796875921875 0.5156251609375 0.2796875921875 0.5171874203125 0.278124815625 0.5187503203125 0.278124815625 0.5218748390625 0.275 0.523437740625 0.275 0.525 0.2734372234375 0.5296874203125 0.2734372234375 0.5312503203125 0.27187518437499997 0.5328125796875 0.27187518437499997 0.5375 0.2671875921875 0.539062259375 0.2671875921875 0.5406251609375 0.265624815625 0.5406251609375 0.2640627765625 0.5421874203125 0.2625 0.5421874203125 0.25781240781250003 0.5437503203125 0.25624963125 0.5437503203125 0.23124963125 0.5421874203125 0.22968759218749998 0.5421874203125 0.1734372234375 0.5406251609375 0.171875184375 0.5406251609375 0.1703124078125 0.5375 0.16718759218749998 0.5375 0.165624815625 0.5343748390624999 0.1625 0.5328125796875 0.1625 0.526562259375 0.15624963125 0.525 0.15624963125 0.5203125796875 0.1515627765625 0.5187503203125 0.1515627765625 0.5171874203125 0.15 0.5156251609375 0.15 0.5140622593749999 0.14843722343750002 0.5125 0.14843722343750002 0.510937740625 0.146875184375 0.510937740625 0.14531240781250002 0.5093748390624999 0.14374963125 0.5078125796874999 0.14374963125 0.5062496796875 0.1421875921875 0.5046874203125 0.1421875921875 0.5031251609375 0.140624815625 0.5031251609375 0.1390627765625 0.501562259375 0.1390627765625 0.5 0.1375 0.4953125796875 0.1375 0.4875 0.12968759218749998 0.473437740625 0.12968759218749998 0.47187483906249994 0.13124963125 0.46875032031249997 0.13124963125 0.464062259375 0.1359372234375 0.4625 0.1359372234375
36 0.3921874203125 0.565624815625 0.3906251609375 0.5671875921875 0.389062259375 0.5671875921875 0.3875 0.56874963125 0.38437483906250003 0.56874963125 0.38281257968750004 0.5703124078124999 0.3812496796875 0.5703124078124999 0.3812496796875 0.571875184375 0.37968742031249997 0.5734372234375 0.3781251609375 0.5734372234375 0.376562259375 0.575 0.375 0.575 0.3687503203125 0.5812496312500001 0.3687503203125 0.5828124078125 0.36718742031249996 0.584375184375 0.36718742031249996 0.5859372234375 0.364062259375 0.5890627765625001 0.364062259375 0.5921875921875001 0.3625 0.59374963125 0.3625 0.603124815625 0.3593748390625 0.6062496312500001 0.3578125796875 0.6062496312500001 0.3562503203125 0.6078124078125 0.3562503203125 0.6093751843749999 0.3531251609375 0.6125 0.35156225937499996 0.6125 0.35 0.6140627765625 0.348437740625 0.6140627765625 0.3421874203125 0.6203124078125 0.3421874203125 0.6703124078125 0.34375032031249997 0.6718751843749999 0.34375032031249997 0.68124963125 0.3453125796875 0.6828124078125 0.3453125796875 0.684375184375 0.3531251609375 0.6921875921875 0.3546874203125 0.6921875921875 0.3562503203125 0.69374963125 0.3578125796875 0.69374963125 0.360937740625 0.696875184375 0.3625 0.696875184375 0.364062259375 0.6984372234375 0.36718742031249996 0.6984372234375 0.3687503203125 0.7 0.3718748390625 0.7 0.376562259375 0.7046875921875 0.385937740625 0.7046875921875 0.3875 0.7031248156250001 0.389062259375 0.7031248156250001 0.3921874203125 0.7 0.3937503203125 0.7 0.3953125796875 0.6984372234375 0.4156251609375 0.6984372234375 0.42031257968749997 0.7031248156250001 0.42187483906249995 0.7031248156250001 0.423437740625 0.7046875921875 0.43437483906249996 0.7046875921875 0.439062259375 0.7 0.4421874203125 0.7 0.4437496796875 0.6984372234375 0.451562259375 0.6984372234375 0.45312516093750005 0.696875184375 0.45468742031250003 0.696875184375 0.45468742031250003 0.6953124078124999 0.4578125796875 0.6921875921875 0.4593748390625 0.6921875921875 0.46093774062500004 0.690624815625 0.4625 0.690624815625 0.46718742031250005 0.6859372234375 0.46718742031250005 0.684375184375 0.46875032031249997 0.6828124078125 0.46875032031249997 0.68124963125 0.47031257968749995 0.6796875921875001 0.47031257968749995 0.6234372234375 0.46875032031249997 0.621875184375 0.46875032031249997 0.6203124078125 0.46718742031250005 0.61874963125 0.46718742031250005 0.6140627765625 0.46562516093750006 0.6140627765625 0.46093774062500004 0.6093751843749999 0.46093774062500004 0.6078124078125 0.4593748390625 0.6062496312500001 0.4578125796875 0.6062496312500001 0.45468742031250003 0.603124815625 0.45468742031250003 0.59374963125 0.45312516093750005 0.5921875921875001 0.45312516093750005 0.590624815625 0.45 0.5875 0.45 0.5859372234375 0.439062259375 0.575 0.435937740625 0.575 0.43437483906249996 0.5734372234375 0.4328125796875 0.5734372234375 0.4312503203125 0.571875184375 0.4296874203125 0.571875184375 0.4281251609375 0.5703124078124999 0.426562259375 0.5703124078124999 0.425 0.56874963125 0.423437740625 0.56874963125 0.42187483906249995 0.5671875921875 0.42031257968749997 0.5671875921875 0.4171874203125 0.5640627765625 0.41406225937499996 0.5640627765625 0.4125 0.5625 0.40312516093750006 0.5625 0.401562259375 0.5640627765625 0.3953125796875 0.5640627765625 0.3937503203125 0.565624815625 0.3921874203125 0.565624815625
37 0.598437740625 0.715624815625 0.5968748390624999 0.7171875921875001 0.5953125796875 0.7171875921875001 0.5937503203125 0.71874963125 0.5921874203125 0.71874963125 0.5906251609375001 0.7203124078124999 0.589062259375 0.7203124078124999 0.585937740625 0.7234372234374999 0.5843748390625 0.7234372234374999 0.5828125796875 0.725 0.5812503203125 0.725 0.5796874203125 0.7265627765625 0.5781251609375 0.7265627765625 0.575 0.7296875921875 0.573437740625 0.7296875921875 0.5718748390624999 0.7312496312500001 0.5703125796874999 0.7312496312500001 0.5687496796875 0.7328124078125 0.5687496796875 0.7343751843749999 0.5656251609375 0.7375 0.564062259375 0.7375 0.5625 0.7390627765625 0.5625 0.740624815625 0.560937740625 0.7421875921875001 0.560937740625 0.828124815625 0.5625 0.8296875921875 0.5625 0.8328124078125001 0.5656251609375 0.8359372234375 0.5671874203125 0.8359372234375 0.5718748390624999 0.8406248156249999 0.573437740625 0.8406248156249999 0.575 0.8421875921875 0.5765622593749999 0.8421875921875 0.5828125796875 0.8484372234374999 0.5843748390625 0.8484372234374999 0.585937740625 0.85 0.5875 0.85 0.589062259375 0.8515627765625 0.589062259375 0.853124815625 0.5906251609375001 0.853124815625 0.5921874203125 0.8546875921874999 0.5953125796875 0.8546875921874999 0.601562259375 0.8609372234375 0.6031251609375 0.8609372234375 0.6078125796875 0.8656248156249999 0.6093748390625 0.8656248156249999 0.6125 0.86874963125 0.614062259375 0.86874963125 0.6171874203125001 0.8718751843750001 0.6187503203125 0.8718751843750001 0.6203125796875 0.8734372234375 0.6281251609375 0.8734372234375 0.6296874203125 0.8718751843750001 0.6312503203125 0.8718751843750001 0.635937740625 0.8671875921875 0.6375 0.8671875921875 0.6453125796875 0.859375184375 0.6468748390625 0.859375184375 0.651562259375 0.8546875921874999 0.6531251609375001 0.8546875921874999 0.6562503203125 0.8515627765625 0.6578125796875 0.8515627765625 0.6593748390624999 0.85 0.660937740625 0.85 0.6625 0.8484372234374999 0.6656251609375 0.8484372234374999 0.6703125796875 0.84375036875 0.6718748390625 0.84375036875 0.6734377406250001 0.8421875921875 0.676562259375 0.8421875921875 0.6875 0.8312496312500001 0.6875 0.8296875921875 0.6906251609375 0.8265627765625 0.6906251609375 0.75624963125 0.6875 0.753124815625 0.6875 0.75 0.685937740625 0.7484372234375 0.685937740625 0.74374963125 0.6843748390625 0.7421875921875001 0.6843748390625 0.740624815625 0.676562259375 0.7328124078125 0.675 0.7328124078125 0.6734377406250001 0.7312496312500001 0.6718748390625 0.7312496312500001 0.6656251609375 0.725 0.664062259375 0.725 0.6625 0.7234372234374999 0.660937740625 0.7234372234374999 0.6578125796875 0.7203124078124999 0.6562503203125 0.7203124078124999 0.6546874203125 0.71874963125 0.6531251609375001 0.71874963125 0.6468748390625 0.7125 0.6046874203125 0.7125 0.6031251609375 0.7140627765625001 0.601562259375 0.7140627765625001 0.6 0.715624815625 0.598437740625 0.715624815625
35 0.6171874203125001 0.43281240781249997 0.6156251609375001 0.434375184375 0.614062259375 0.434375184375 0.6125 0.43281240781249997 0.6046874203125 0.43281240781249997 0.6031251609375 0.434375184375 0.6 0.434375184375 0.5968748390624999 0.4375 0.5953125796875 0.4375 0.5937503203125 0.43906277656250003 0.5921874203125 0.43906277656250003 0.5906251609375001 0.440624815625 0.589062259375 0.440624815625 0.5875 0.44218759218750003 0.5843748390625 0.44218759218750003 0.5828125796875 0.44374963125000005 0.5812503203125 0.44374963125000005 0.5796874203125 0.4453124078125 0.5781251609375 0.4453124078125 0.575 0.4484372234375 0.573437740625 0.4484372234375 0.5718748390624999 0.45 0.5703125796874999 0.45 0.5671874203125 0.453124815625 0.5671874203125 0.45468759218750004 0.5656251609375 0.45624963125000007 0.564062259375 0.45624963125000007 0.564062259375 0.4578124078125 0.5625 0.45937518437499997 0.5625 0.465624815625 0.560937740625 0.46718759218750006 0.560937740625 0.5453124078125 0.5625 0.5468751843749999 0.5625 0.5484372234375 0.5687496796875 0.5546875921875001 0.5703125796874999 0.5546875921875001 0.5765622593749999 0.5609372234375 0.5781251609375 0.5609372234375 0.5796874203125 0.5625 0.5812503203125 0.5625 0.5828125796875 0.5640627765625 0.5828125796875 0.565624815625 0.5843748390625 0.565624815625 0.585937740625 0.5671875921875 0.5875 0.5671875921875 0.589062259375 0.56874963125 0.5906251609375001 0.56874963125 0.5921874203125 0.5703124078124999 0.5921874203125 0.571875184375 0.5937503203125 0.5734372234375 0.5953125796875 0.5734372234375 0.601562259375 0.5796875921875 0.6031251609375 0.5796875921875 0.6078125796875 0.584375184375 0.6156251609375001 0.584375184375 0.6171874203125001 0.5859372234375 0.6281251609375 0.5859372234375 0.6296874203125 0.584375184375 0.6312503203125 0.584375184375 0.6343748390624999 0.5812496312500001 0.635937740625 0.5812496312500001 0.6375 0.5796875921875 0.6390622593749999 0.5796875921875 0.6453125796875 0.5734372234375 0.6468748390625 0.5734372234375 0.648437740625 0.571875184375 0.648437740625 0.5703124078124999 0.65 0.56874963125 0.651562259375 0.56874963125 0.660937740625 0.559375184375 0.660937740625 0.55624963125 0.6625 0.5546875921875001 0.6625 0.553124815625 0.664062259375 0.5515627765625 0.664062259375 0.55 0.6656251609375 0.5484372234375 0.6656251609375 0.5453124078125 0.6671874203125 0.5437496312500001 0.6671874203125 0.525 0.6687496796875 0.5234372234375 0.6687496796875 0.521875184375 0.6718748390625 0.5187496312500001 0.6718748390625 0.5171875921875 0.6734377406250001 0.5156248156250001 0.6734377406250001 0.5140627765625 0.676562259375 0.5109372234375 0.6781251609375001 0.5109372234375 0.6796874203125001 0.509375184375 0.6796874203125001 0.5078124078124999 0.6828125796875 0.5046875921875 0.6843748390625 0.5046875921875 0.685937740625 0.503124815625 0.685937740625 0.45937518437499997 0.6843748390625 0.4578124078125 0.6843748390625 0.45624963125000007 0.6828125796875 0.45468759218750004 0.6812503203125 0.45468759218750004 0.6796874203125001 0.453124815625 0.6796874203125001 0.4515627765625 0.6781251609375001 0.45 0.675 0.45 0.6734377406250001 0.4484372234375 0.6718748390625 0.4484372234375 0.6671874203125 0.44374963125000005 0.6656251609375 0.44374963125000005 0.664062259375 0.44218759218750003 0.6625 0.44218759218750003 0.6578125796875 0.4375 0.6546874203125 0.4375 0.6531251609375001 0.43593722343749997 0.651562259375 0.43593722343749997 0.6468748390625 0.43124963125000004 0.6437503203125 0.43124963125000004 0.6421874203125 0.4296875921875 0.6375 0.4296875921875 0.635937740625 0.42812481562500004 0.626562259375 0.42812481562500004 0.623437740625 0.43124963125000004 0.6218748390625 0.43124963125000004 0.6203125796875 0.43281240781249997 0.6171874203125001 0.43281240781249997
35 0.5375 0.5671875921875 0.535937740625 0.56874963125 0.5343748390624999 0.56874963125 0.5328125796875 0.5703124078124999 0.5312503203125 0.5703124078124999 0.5312503203125 0.571875184375 0.5296874203125 0.5734372234375 0.5281251609375001 0.5734372234375 0.526562259375 0.575 0.523437740625 0.575 0.5218748390625 0.5765627765625 0.5203125796875 0.5765627765625 0.5156251609375 0.5812496312500001 0.5140622593749999 0.5812496312500001 0.5140622593749999 0.5828124078125 0.5125 0.584375184375 0.5125 0.5890627765625001 0.5062496796875 0.5953124078124999 0.5062496796875 0.5984372234374999 0.5046874203125 0.6 0.5046874203125 0.6015627765625 0.501562259375 0.6046875921875 0.501562259375 0.6062496312500001 0.4953125796875 0.6125 0.4937503203125 0.6125 0.4906251609375 0.615624815625 0.4906251609375 0.6171875921875001 0.489062259375 0.61874963125 0.489062259375 0.6875 0.4906251609375 0.6890627765625 0.4906251609375 0.690624815625 0.49687483906249996 0.696875184375 0.498437740625 0.696875184375 0.5 0.6984372234375 0.5031251609375 0.6984372234375 0.5062496796875 0.7015627765625 0.5078125796874999 0.7015627765625 0.5093748390624999 0.7031248156250001 0.510937740625 0.7031248156250001 0.5125 0.7046875921875 0.5140622593749999 0.7046875921875 0.5156251609375 0.7062496312500001 0.5187503203125 0.7062496312500001 0.5218748390625 0.709375184375 0.525 0.709375184375 0.526562259375 0.7109372234375 0.5281251609375001 0.7109372234375 0.5296874203125 0.7125 0.5312503203125 0.7125 0.5375 0.71874963125 0.539062259375 0.71874963125 0.5421874203125 0.721875184375 0.5453125796875 0.721875184375 0.5468748390625 0.7234372234374999 0.551562259375 0.7234372234374999 0.5531251609375001 0.721875184375 0.5578125796875 0.721875184375 0.5593748390625 0.7203124078124999 0.5625 0.7203124078124999 0.564062259375 0.71874963125 0.5656251609375 0.71874963125 0.5671874203125 0.7171875921875001 0.5687496796875 0.7171875921875001 0.5703125796874999 0.715624815625 0.5718748390624999 0.715624815625 0.5765622593749999 0.7109372234375 0.5796874203125 0.7109372234375 0.5812503203125 0.709375184375 0.5828125796875 0.709375184375 0.585937740625 0.7062496312500001 0.5875 0.7062496312500001 0.589062259375 0.7046875921875 0.5906251609375001 0.7046875921875 0.5921874203125 0.7031248156250001 0.5921874203125 0.696875184375 0.5937503203125 0.6953124078124999 0.5921874203125 0.69374963125 0.5921874203125 0.6718751843749999 0.5937503203125 0.6703124078125 0.5937503203125 0.6671875921875 0.5968748390624999 0.6640627765625 0.5968748390624999 0.6625 0.598437740625 0.6609372234374999 0.598437740625 0.659375184375 0.6 0.6578124078124999 0.6 0.65624963125 0.601562259375 0.6546875921875001 0.6031251609375 0.6546875921875001 0.6046874203125 0.653124815625 0.6046874203125 0.6515627765625001 0.6109377406250001 0.6453124078125 0.6109377406250001 0.6421875921875 0.6125 0.6406248156250001 0.6125 0.6375 0.614062259375 0.6359372234375 0.614062259375 0.6125 0.6125 0.6109372234375 0.6125 0.6062496312500001 0.6109377406250001 0.6046875921875 0.6109377406250001 0.6 0.6093748390625 0.5984372234374999 0.6093748390625 0.596875184375 0.6062503203125 0.59374963125 0.6046874203125 0.59374963125 0.6031251609375 0.5921875921875001 0.601562259375 0.5921875921875001 0.598437740625 0.5890627765625001 0.5968748390624999 0.5890627765625001 0.5953125796875 0.5875 0.5921874203125 0.5875 0.5906251609375001 0.5859372234375 0.5796874203125 0.5859372234375 0.5781251609375 0.5875 0.5718748390624999 0.5875 0.5671874203125 0.5828124078125 0.5671874203125 0.5781248156250001 0.5656251609375 0.5765627765625 0.5656251609375 0.575 0.5562503203125 0.565624815625 0.5546874203125001 0.565624815625 0.5531251609375001 0.5640627765625 0.5453125796875 0.5640627765625 0.5437503203125 0.565624815625 0.5421874203125 0.565624815625 0.5406251609375 0.5671875921875 0.5375 0.5671875921875
5 0.6 0.659375184375 0.5968748390624999 0.6625 0.5968748390624999 0.690624815625 0.598437740625 0.6921875921875 0.598437740625 0.69374963125 0.6 0.6953124078124999 0.6 0.7031248156250001 0.601562259375 0.7046875921875 0.6031251609375 0.7046875921875 0.6062503203125 0.7078124078125 0.6062503203125 0.709375184375 0.6421874203125 0.709375184375 0.648437740625 0.7031248156250001 0.648437740625 0.7015627765625 0.6531251609375001 0.696875184375 0.6531251609375001 0.68124963125 0.651562259375 0.68124963125 0.648437740625 0.678124815625 0.648437740625 0.6765627765625 0.6468748390625 0.675 0.6406251609375 0.675 0.635937740625 0.6703124078125 0.635937740625 0.665624815625 0.6296874203125 0.659375184375 0.6296874203125 0.65624963125 0.626562259375 0.653124815625 0.6062503203125 0.653124815625 0.6031251609375 0.65624963125 0.601562259375 0.65624963125 0.6 0.6578124078124999 0.6 0.659375184375
31 0.6031251609375 0.2796875921875 0.6031251609375 0.32187518437499996 0.6046874203125 0.32187518437499996 0.6062503203125 0.3234372234375 0.6390622593749999 0.3234372234375 0.6453125796875 0.3171875921875 0.6453125796875 0.30468759218749997 0.6437503203125 0.30312481562500004 0.6437503203125 0.3015627765625 0.6421874203125 0.3 0.6421874203125 0.2765627765625 0.6406251609375 0.275 0.6375 0.275 0.6328125796874999 0.2703124078125 0.6078125796875 0.2703124078125 0.6078125796875 0.27187518437499997 0.6062503203125 0.2734372234375 0.6062503203125 0.2765627765625 0.6031251609375 0.2796875921875
3 0.6734377406250001 0.5140627765625 0.6718748390625 0.5140627765625 0.6703125796875 0.5156248156250001 0.6703125796875 0.5171875921875 0.6687496796875 0.5187496312500001 0.6687496796875 0.534375184375 0.6671874203125 0.5359372234374999 0.6671874203125 0.5546875921875001 0.6687496796875 0.55624963125 0.6687496796875 0.5578124078125 0.675 0.5640627765625 0.675 0.565624815625 0.714062259375 0.565624815625 0.7187503203125 0.5609372234375 0.7203125796875 0.5609372234375 0.723437740625 0.5578124078125 0.723437740625 0.55624963125 0.726562259375 0.553124815625 0.726562259375 0.5453124078125 0.725 0.5437496312500001 0.725 0.5421875921875 0.723437740625 0.540624815625 0.723437740625 0.5390627765625 0.7218748390624999 0.5375 0.7187503203125 0.5375 0.7156251609375001 0.534375184375 0.714062259375 0.534375184375 0.710937740625 0.53124963125 0.7078125796875 0.53124963125 0.7046874203125 0.528124815625 0.7046874203125 0.5234372234375 0.7031251609375 0.521875184375 0.7031251609375 0.5203124078125 0.698437740625 0.5156248156250001 0.698437740625 0.5125 0.6937503203125 0.5078124078124999 0.6812503203125 0.5078124078124999 0.6812503203125 0.509375184375 0.6781251609375001 0.5125 0.675 0.5125 0.6734377406250001 0.5140627765625
6 0.46875032031249997 0.7062496312500001 0.464062259375 0.7109372234375 0.4625 0.7109372234375 0.45468742031250003 0.71874963125 0.45312516093750005 0.71874963125 0.4468748390625 0.725 0.4453125796875 0.725 0.4437496796875 0.7265627765625 0.4421874203125 0.7265627765625 0.4375 0.7312496312500001 0.4375 0.7343751843749999 0.435937740625 0.7359372234375 0.435937740625 0.7375 0.43437483906249996 0.7390627765625 0.43437483906249996 0.740624815625 0.4328125796875 0.7421875921875001 0.4328125796875 0.746875184375 0.4312503203125 0.7484372234375 0.4312503203125 0.75 0.4296874203125 0.7515627765625 0.4296874203125 0.753124815625 0.4281251609375 0.7546875921875 0.426562259375 0.7546875921875 0.425 0.75624963125 0.423437740625 0.75624963125 0.42187483906249995 0.7578124078124999 0.42031257968749997 0.7578124078124999 0.42031257968749997 0.759375184375 0.4187503203125 0.7609372234375 0.4187503203125 0.7625 0.4171874203125 0.7640627765625 0.4171874203125 0.8218751843750001 0.4187503203125 0.8234372234375 0.4187503203125 0.828124815625 0.426562259375 0.8359372234375 0.4281251609375 0.8359372234375 0.43437483906249996 0.8421875921875 0.4375 0.8421875921875 0.4421874203125 0.8468751843750001 0.4437496796875 0.8468751843750001 0.4453125796875 0.8484372234374999 0.4468748390625 0.8484372234374999 0.45 0.8515627765625 0.45 0.853124815625 0.451562259375 0.853124815625 0.45468742031250003 0.8562496312500001 0.4562503203125 0.8562496312500001 0.46093774062500004 0.8609372234375 0.464062259375 0.8609372234375 0.46562516093750006 0.8625 0.46718742031250005 0.8625 0.46875032031249997 0.8640627765625 0.46875032031249997 0.8656248156249999 0.47031257968749995 0.8656248156249999 0.47187483906249994 0.8671875921875 0.4796874203125 0.8671875921875 0.4812503203125 0.86874963125 0.48437483906249995 0.86874963125 0.485937740625 0.8671875921875 0.489062259375 0.8671875921875 0.4906251609375 0.8656248156249999 0.4921874203125 0.8656248156249999 0.49687483906249996 0.8609372234375 0.498437740625 0.8609372234375 0.5 0.859375184375 0.501562259375 0.859375184375 0.5062496796875 0.8546875921874999 0.5078125796874999 0.8546875921874999 0.5093748390624999 0.853124815625 0.510937740625 0.853124815625 0.5156251609375 0.8484372234374999 0.5187503203125 0.8484372234374999 0.5203125796875 0.8468751843750001 0.5218748390625 0.8468751843750001 0.5281251609375001 0.8406248156249999 0.5296874203125 0.8406248156249999 0.5296874203125 0.8390627765625001 0.5312503203125 0.8375 0.5328125796875 0.8375 0.5406251609375 0.8296875921875 0.5406251609375 0.828124815625 0.5421874203125 0.8265627765625 0.5421874203125 0.7453124078125 0.5406251609375 0.74374963125 0.5406251609375 0.740624815625 0.539062259375 0.7390627765625 0.5375 0.7390627765625 0.535937740625 0.7375 0.5343748390624999 0.7375 0.5281251609375001 0.7312496312500001 0.526562259375 0.7312496312500001 0.5203125796875 0.725 0.5187503203125 0.725 0.5140622593749999 0.7203124078124999 0.5125 0.7203124078124999 0.510937740625 0.71874963125 0.5093748390624999 0.71874963125 0.5031251609375 0.7125 0.501562259375 0.7125 0.4953125796875 0.7062496312500001 0.4937503203125 0.7062496312500001 0.4906251609375 0.7031248156250001 0.47656225937499996 0.7031248156250001 0.475 0.7046875921875 0.473437740625 0.7046875921875 0.47187483906249994 0.7062496312500001 0.46875032031249997 0.7062496312500001
17 0.6593748390624999 0.5859372234375 0.6517914 0.586956425 0.6342284984375001 0.59921491875 0.6359152765625 0.61224963125 0.647553915625 0.6012459375 0.6603767656249999 0.602324225 0.6671874203125 0.6062496312500001 0.6687496796875 0.6078124078125 0.6687496796875 0.6171875921875001 0.6703125796875 0.61874963125 0.6703125796875 0.621875184375 0.675 0.6265627765625 0.675 0.63124963125 0.676562259375 0.6328124078124999 0.676562259375 0.6406248156250001 0.675 0.6421875921875 0.675 0.6437496312500001 0.6734377406250001 0.6453124078125 0.6734377406250001 0.646875184375 0.6718748390625 0.6484372234375 0.6703125796875 0.6484372234375 0.6671874203125 0.6515627765625001 0.6671874203125 0.653124815625 0.6656251609375 0.6546875921875001 0.664062259375 0.6546875921875001 0.6625 0.65624963125 0.6593748390624999 0.65624963125 0.6578125796875 0.6578124078124999 0.6562503203125 0.6578124078124999 0.6531251609375001 0.6609372234374999 0.648437740625 0.6609372234374999 0.6468748390625 0.6625 0.6421874203125 0.6625 0.6406251609375 0.6640627765625 0.6406251609375 0.665624815625 0.6421874203125 0.6671875921875 0.6421874203125 0.6687496312500001 0.6437503203125 0.6703124078125 0.6437503203125 0.6718751843749999 0.6453125796875 0.6718751843749999 0.6562503203125 0.6828124078125 0.6562503203125 0.7015627765625 0.660937740625 0.7062496312500001 0.6625 0.7062496312500001 0.6656251609375 0.709375184375 0.6671874203125 0.709375184375 0.6687496796875 0.7109372234375 0.6703125796875 0.7109372234375 0.676562259375 0.7171875921875001 0.6781251609375001 0.7171875921875001 0.6812503203125 0.7203124078124999 0.6828125796875 0.7203124078124999 0.6843748390625 0.721875184375 0.685937740625 0.721875184375 0.6875 0.7234372234374999 0.6906251609375 0.7234372234374999 0.6921874203125 0.725 0.6953125796874999 0.725 0.6968748390624999 0.7265627765625 0.698437740625 0.725 0.7046874203125 0.725 0.7062503203125 0.7234372234374999 0.7093748390625 0.7234372234374999 0.7156251609375001 0.7171875921875001 0.7171874203125 0.7171875921875001 0.7218748390624999 0.7125 0.723437740625 0.7125 0.725 0.7109372234375 0.726562259375 0.7109372234375 0.7281251609375 0.709375184375 0.7296874203125 0.709375184375 0.7328125796875 0.7062496312500001 0.7343748390625 0.7062496312500001 0.7359377406250001 0.7046875921875 0.739062259375 0.7046875921875 0.7453125796875 0.6984372234375 0.7468748390625 0.6984372234375 0.7531251609375 0.6921875921875 0.7546874203125 0.6921875921875 0.7562503203125 0.690624815625 0.7562503203125 0.6890627765625 0.7578125796874999 0.6875 0.7593748390624999 0.6875 0.7593748390624999 0.6859372234375 0.760937740625 0.684375184375 0.760937740625 0.6093751843749999 0.7593748390624999 0.6078124078125 0.7593748390624999 0.6046875921875 0.7578125796874999 0.603124815625 0.7578125796874999 0.6015627765625 0.7562503203125 0.6015627765625 0.7468748390625 0.5921875921875001 0.7453125796875 0.5921875921875001 0.7421874203125001 0.5890627765625001 0.7406251609375001 0.5890627765625001 0.739062259375 0.5875 0.7356643125 0.5848722296875 0.711851090625 0.5713197937500001 0.6837175859375 0.5699261453125 0.6718748390625 0.575 0.6703125796875 0.5765627765625 0.6671874203125 0.5765627765625 0.6593748390624999 0.584375184375 0.6593748390624999 0.5859372234375
7 0.6671874203125 0.6765627765625 0.6687496796875 0.678124815625 0.6687496796875 0.7015627765625 0.6718748390625 0.7046875921875 0.7203125796875 0.7046875921875 0.723437740625 0.7015627765625 0.723437740625 0.6453124078125 0.7218748390624999 0.6437496312500001 0.7156251609375001 0.6437496312500001 0.714062259375 0.6421875921875 0.7125 0.6421875921875 0.710937740625 0.6406248156250001 0.675 0.6406248156250001 0.6687496796875 0.646875184375 0.6687496796875 0.65624963125 0.6671874203125 0.6578124078124999 0.6671874203125 0.6765627765625
31 0.3937503203125 0.7515627765625 0.3937503203125 0.753124815625 0.3953125796875 0.7546875921875 0.42187483906249995 0.7546875921875 0.423437740625 0.753124815625 0.423437740625 0.7515627765625 0.426562259375 0.7484372234375 0.4281251609375 0.7484372234375 0.4296874203125 0.746875184375 0.4296874203125 0.7140627765625001 0.4281251609375 0.7125 0.426562259375 0.7125 0.423437740625 0.709375184375 0.423437740625 0.7062496312500001 0.42187483906249995 0.7046875921875 0.42187483906249995 0.7031248156250001 0.42031257968749997 0.7015627765625 0.3937503203125 0.7015627765625 0.389062259375 0.7062496312500001 0.389062259375 0.7484372234375 0.3906251609375 0.7484372234375 0.3937503203125 0.7515627765625
12 0.648437740625 0.559375184375 0.648437740625 0.5203124078125 0.65 0.5187496312500001 0.65 0.5078124078124999 0.648437740625 0.50624963125 0.648437740625 0.5015627765625 0.6468748390625 0.5 0.6 0.5 0.6 0.559375184375 0.601562259375 0.5609372234375 0.6468748390625 0.5609372234375 0.648437740625 0.559375184375
15 0.7437503203125 0.559375184375 0.7453125796875 0.5609372234375 0.7906251609375 0.5609372234375 0.7921874203125 0.559375184375 0.7921874203125 0.5 0.7906251609375 0.49843722343749997 0.7437503203125 0.49843722343749997 0.7421874203125001 0.5 0.7421874203125001 0.5515627765625 0.7437503203125 0.553124815625 0.7437503203125 0.559375184375
25 0.6562503203125 0.2734372234375 0.65 0.2796875921875 0.648437740625 0.2796875921875 0.6468748390625 0.28124963125 0.6468748390625 0.3015627765625 0.6546874203125 0.3015627765625 0.6578125796875 0.2984372234375 0.6625 0.2984372234375 0.664062259375 0.296875184375 0.6656251609375 0.296875184375 0.6703125796875 0.2921875921875 0.6718748390625 0.2921875921875 0.6734377406250001 0.29062481562500003 0.6734377406250001 0.2890627765625 0.676562259375 0.2859372234375 0.6781251609375001 0.2859372234375 0.6796874203125001 0.284375184375 0.6812503203125 0.284375184375 0.6812503203125 0.2828124078125 0.6828125796875 0.28124963125 0.6843748390625 0.28124963125 0.6906251609375 0.275 0.6906251609375 0.2734372234375 0.6921874203125 0.27187518437499997 0.6921874203125 0.2625 0.6703125796875 0.2625 0.664062259375 0.26874963125 0.6593748390624999 0.26874963125 0.6562503203125 0.27187518437499997 0.6562503203125 0.2734372234375
28 0.275 0.5625 0.276562259375 0.5625 0.28125032031249997 0.5671875921875 0.2828125796875 0.5671875921875 0.28906225937499996 0.5734372234375 0.2906251609375 0.5734372234375 0.2953125796875 0.5781248156250001 0.2968748390625 0.5781248156250001 0.298437740625 0.5796875921875 0.301562259375 0.5796875921875 0.30312516093749997 0.5812496312500001 0.30468742031249996 0.5812496312500001 0.3062503203125 0.5828124078125 0.3062503203125 0.584375184375 0.314062259375 0.584375184375 0.314062259375 0.5671875921875 0.3093748390625 0.5625 0.30781257968750003 0.5625 0.30468742031249996 0.559375184375 0.30468742031249996 0.5578124078125 0.30312516093749997 0.55624963125 0.301562259375 0.55624963125 0.2968748390625 0.5515627765625 0.2953125796875 0.5515627765625 0.2937503203125 0.55 0.2906251609375 0.55 0.2875 0.5468751843749999 0.2703125796875 0.5468751843749999 0.2703125796875 0.559375184375 0.2718748390625 0.5609372234375 0.27343774062500004 0.5609372234375 0.275 0.5625
12 0.2171874203125 0.559375184375 0.2171874203125 0.5578124078125 0.2187503203125 0.55624963125 0.2187503203125 0.5546875921875001 0.2203125796875 0.553124815625 0.2203125796875 0.503124815625 0.2171874203125 0.5 0.16875032031249998 0.5 0.16875032031249998 0.559375184375 0.1703125796875 0.5609372234375 0.2156251609375 0.5609372234375 0.2171874203125 0.559375184375
25 0.451562259375 0.69374963125 0.45 0.6953124078124999 0.45 0.696875184375 0.4468748390625 0.7 0.4453125796875 0.7 0.439062259375 0.7062496312500001 0.4328125796875 0.7062496312500001 0.4328125796875 0.7312496312500001 0.4375 0.7312496312500001 0.439062259375 0.7296875921875 0.44062516093750004 0.7296875921875 0.4468748390625 0.7234372234374999 0.45 0.7234372234374999 0.45468742031250003 0.71874963125 0.4562503203125 0.71874963125 0.4578125796875 0.7171875921875001 0.4593748390625 0.7171875921875001 0.46093774062500004 0.715624815625 0.46093774062500004 0.7140627765625001 0.464062259375 0.7109372234375 0.46718742031250005 0.7109372234375 0.46875032031249997 0.709375184375 0.47187483906249994 0.709375184375 0.47187483906249994 0.7078124078125 0.47656225937499996 0.7031248156250001 0.4781251609375 0.7031248156250001 0.4781251609375 0.6890627765625 0.4593748390625 0.6890627765625 0.4562503203125 0.6921875921875 0.45468742031250003 0.6921875921875 0.45312516093750005 0.69374963125 0.451562259375 0.69374963125
33 0.3187503203125 0.278124815625 0.31718742031249997 0.2796875921875 0.31718742031249997 0.2828124078125 0.3156251609375 0.284375184375 0.3156251609375 0.315624815625 0.3187503203125 0.31874963125 0.3187503203125 0.32187518437499996 0.32031257968750004 0.3234372234375 0.35156225937499996 0.3234372234375 0.3546874203125 0.32031240781250003 0.3546874203125 0.2828124078125 0.3531251609375 0.28124963125 0.35156225937499996 0.28124963125 0.348437740625 0.278124815625 0.348437740625 0.2765627765625 0.3468748390625 0.275 0.3453125796875 0.275 0.34375032031249997 0.2734372234375 0.325 0.2734372234375 0.323437740625 0.275 0.32031257968750004 0.275 0.3187503203125 0.2765627765625 0.3187503203125 0.278124815625
26 0.30781257968750003 0.40781240781249994 0.30781257968750003 0.409375184375 0.3062503203125 0.4109372234375 0.30468742031249996 0.4109372234375 0.30312516093749997 0.4125 0.301562259375 0.4125 0.2906251609375 0.4234372234375 0.2906251609375 0.44687518437499996 0.2921874203125 0.44687518437499996 0.2937503203125 0.4453124078125 0.2953125796875 0.4453124078125 0.2968748390625 0.44374963125000005 0.298437740625 0.44374963125000005 0.3 0.44218759218750003 0.30312516093749997 0.44218759218750003 0.30468742031249996 0.440624815625 0.30468742031249996 0.43906277656250003 0.30781257968750003 0.43593722343749997 0.3093748390625 0.43593722343749997 0.3156251609375 0.4296875921875 0.31718742031249997 0.4296875921875 0.3187503203125 0.42812481562500004 0.32031257968750004 0.42812481562500004 0.325 0.4234372234375 0.3281251609375 0.4234372234375 0.3296874203125 0.421875184375 0.3296874203125 0.4171875921875 0.3312503203125 0.41562481562500003 0.3312503203125 0.4140627765625 0.3328125796875 0.4125 0.3328125796875 0.40468759218750006 0.3156251609375 0.40468759218750006 0.314062259375 0.40625036875 0.310937740625 0.40625036875 0.3093748390625 0.40781240781249994 0.30781257968750003 0.40781240781249994
15 0.2562503203125 0.4140627765625 0.2656251609375 0.4140627765625 0.2671874203125 0.41562481562500003 0.2687496796875 0.41562481562500003 0.2703125796875 0.4171875921875 0.285937740625 0.4171875921875 0.2906251609375 0.4125 0.2906251609375 0.40781240781249994 0.2921874203125 0.40625036875 0.2921874203125 0.3578124078125 0.24218742031249998 0.3578124078125 0.24218742031249998 0.4125 0.24531257968750003 0.41562481562500003 0.25468742031249997 0.41562481562500003 0.2562503203125 0.4140627765625
14 0.389062259375 0.7046875921875 0.4296874203125 0.7046875921875 0.4312503203125 0.7031248156250001 0.43437483906249996 0.7031248156250001 0.43437483906249996 0.7 0.435937740625 0.6984372234375 0.435937740625 0.6453124078125 0.43437483906249996 0.6437496312500001 0.38437483906250003 0.6437496312500001 0.38437483906250003 0.6984372234375 0.3875 0.7015627765625 0.3875 0.7031248156250001 0.389062259375 0.7046875921875
8 0.2921874203125 0.7015627765625 0.2921874203125 0.6453124078125 0.2906251609375 0.6437496312500001 0.2828125796875 0.6437496312500001 0.28125032031249997 0.6421875921875 0.24218742031249998 0.6421875921875 0.2406251609375 0.6437496312500001 0.2406251609375 0.7046875921875 0.28906225937499996 0.7046875921875 0.2921874203125 0.7015627765625
31 0.4593748390625 0.5640627765625 0.4593748390625 0.6 0.46093774062500004 0.6015627765625 0.46093774062500004 0.6046875921875 0.4625 0.6062496312500001 0.4625 0.6093751843749999 0.464062259375 0.6109372234375 0.4906251609375 0.6109372234375 0.4921874203125 0.6093751843749999 0.4937503203125 0.6093751843749999 0.4937503203125 0.6078124078125 0.4953125796875 0.6062496312500001 0.49687483906249996 0.6062496312500001 0.498437740625 0.6046875921875 0.498437740625 0.603124815625 0.5 0.6015627765625 0.5 0.6 0.501562259375 0.5984372234374999 0.501562259375 0.5890627765625001 0.5 0.5875 0.5 0.5671875921875 0.498437740625 0.565624815625 0.498437740625 0.5625 0.4937503203125 0.5578124078125 0.4625 0.5578124078125 0.4625 0.559375184375 0.46093774062500004 0.5609372234375 0.46093774062500004 0.5625 0.4593748390625 0.5640627765625
27 0.275 0.2765627765625 0.275 0.278124815625 0.276562259375 0.2796875921875 0.2781251609375 0.2796875921875 0.28125032031249997 0.2828124078125 0.28125032031249997 0.284375184375 0.2828125796875 0.2859372234375 0.28906225937499996 0.2859372234375 0.2953125796875 0.2921875921875 0.2968748390625 0.2921875921875 0.3 0.2953124078125 0.3 0.296875184375 0.301562259375 0.2984372234375 0.3093748390625 0.2984372234375 0.310937740625 0.296875184375 0.310937740625 0.2828124078125 0.30312516093749997 0.275 0.301562259375 0.275 0.298437740625 0.27187518437499997 0.298437740625 0.2703124078125 0.2968748390625 0.26874963125 0.2953125796875 0.26874963125 0.2937503203125 0.2671875921875 0.2921874203125 0.2671875921875 0.28906225937499996 0.2640627765625 0.2875 0.2640627765625 0.285937740625 0.2625 0.2828125796875 0.2625 0.28125032031249997 0.2609372234375 0.2687496796875 0.2609372234375 0.2687496796875 0.27187518437499997 0.2703125796875 0.2734372234375 0.2718748390625 0.2734372234375 0.275 0.2765627765625
25 0.698437740625 0.25937518437499996 0.698437740625 0.25781240781250003 0.7 0.25624963125 0.7 0.2546875921875 0.7015622593749999 0.253124815625 0.7031251609375 0.253124815625 0.7031251609375 0.165624815625 0.689062259375 0.165624815625 0.689062259375 0.25937518437499996 0.6906251609375 0.2609372234375 0.6968748390624999 0.2609372234375 0.698437740625 0.25937518437499996
29 0.6375 0.621875184375 0.6328125796874999 0.6265627765625 0.6312503203125 0.6265627765625 0.6296874203125 0.628124815625 0.6265423625000001 0.6422895125 0.6425815140625 0.6429734125000001 0.64305263125 0.6568892171875 0.6546874203125 0.6578124078124999 0.6562503203125 0.65624963125 0.6578125796875 0.65624963125 0.6671874203125 0.646875184375 0.6671874203125 0.6453124078125 0.6703125796875 0.6421875921875 0.6718748390625 0.6421875921875 0.6734377406250001 0.6406248156250001 0.6734377406250001 0.6328124078124999 0.6718748390625 0.63124963125 0.6718748390625 0.6296875921875 0.6687496796875 0.6265627765625 0.6687496796875 0.625 0.6671874203125 0.6234372234375 0.6671874203125 0.615624815625 0.6625 0.6109372234375 0.6625 0.6093751843749999 0.6546874203125 0.6015627765625 0.6546874203125 0.6 0.6472105265625 0.60489069375 0.6431604625 0.607866321875 0.6390622593749999 0.6125 0.6375 0.6140627765625 0.6375 0.621875184375
25 0.48281257968749997 0.6859372234375 0.48437483906249995 0.6859372234375 0.485937740625 0.684375184375 0.485937740625 0.6140627765625 0.4875 0.6125 0.473437740625 0.6125 0.473437740625 0.6875 0.47656225937499996 0.690624815625 0.4781251609375 0.690624815625 0.48281257968749997 0.6859372234375
13 0.5281251609375001 0.7046875921875 0.5718748390624999 0.7046875921875 0.573437740625 0.7031248156250001 0.575 0.7031248156250001 0.5781251609375 0.7 0.5781251609375 0.6984372234375 0.5796874203125 0.696875184375 0.5796874203125 0.6453124078125 0.5781251609375 0.6437496312500001 0.5703125796874999 0.6437496312500001 0.5687496796875 0.6421875921875 0.5312503203125 0.6421875921875 0.5296874203125 0.6437496312500001 0.526562259375 0.6437496312500001 0.526562259375 0.7031248156250001 0.5281251609375001 0.7046875921875
14 0.601562259375 0.2734372234375 0.6281251609375 0.2734372234375 0.6312503203125 0.2765627765625 0.6421874203125 0.2765627765625 0.6453125796875 0.2734372234375 0.6468748390625 0.2734372234375 0.648437740625 0.27187518437499997 0.648437740625 0.26874963125 0.65 0.2671875921875 0.65 0.2640627765625 0.651562259375 0.2625 0.651562259375 0.2140627765625 0.598437740625 0.2140627765625 0.598437740625 0.26874963125 0.6 0.2703124078125 0.6 0.27187518437499997 0.601562259375 0.2734372234375
27 0.226562259375 0.275 0.225 0.2765627765625 0.225 0.278124815625 0.2218748390625 0.28124963125 0.2203125796875 0.28124963125 0.2187503203125 0.2828124078125 0.2187503203125 0.3015627765625 0.2203125796875 0.3 0.2218748390625 0.3 0.22343774062500002 0.2984372234375 0.2281251609375 0.2984372234375 0.22968742031249997 0.296875184375 0.22968742031249997 0.2953124078125 0.23281257968750002 0.2921875921875 0.23906225937499997 0.2921875921875 0.24531257968750003 0.2859372234375 0.24687483906250002 0.2859372234375 0.25468742031249997 0.278124815625 0.25468742031249997 0.2765627765625 0.25781257968750004 0.2734372234375 0.25937483906250003 0.2734372234375 0.260937740625 0.27187518437499997 0.260937740625 0.26874963125 0.2625 0.2671875921875 0.2625 0.2640627765625 0.2406251609375 0.2640627765625 0.235937740625 0.26874963125 0.2343748390625 0.26874963125 0.2281251609375 0.275 0.226562259375 0.275
27 0.485937740625 0.36562481562500004 0.485937740625 0.3125 0.48437483906249995 0.31093722343749997 0.475 0.31093722343749997 0.475 0.36562481562500004 0.47656225937499996 0.36718759218749997 0.48437483906249995 0.36718759218749997 0.485937740625 0.36562481562500004
11 0.7218748390624999 0.35624963125 0.6703125796875 0.35624963125 0.6703125796875 0.41562481562500003 0.6718748390625 0.4171875921875 0.7218748390624999 0.4171875921875 0.7218748390624999 0.35624963125
16 0.526562259375 0.35624963125 0.526562259375 0.4171875921875 0.5781251609375 0.4171875921875 0.5781251609375 0.35624963125 0.526562259375 0.35624963125
7 0.435937740625 0.3578124078125 0.43437483906249996 0.35624963125 0.38281257968750004 0.35624963125 0.38281257968750004 0.4171875921875 0.43437483906249996 0.4171875921875 0.435937740625 0.41562481562500003 0.435937740625 0.3578124078125
26 0.7015622593749999 0.5125 0.7015622593749999 0.4625 0.7 0.4609372234375 0.7 0.45937518437499997 0.698437740625 0.4578124078125 0.698437740625 0.45624963125000007 0.6968748390624999 0.45468759218750004 0.689062259375 0.45468759218750004 0.689062259375 0.5109372234375 0.6937503203125 0.5109372234375 0.6953125796874999 0.5125 0.7015622593749999 0.5125
27 0.3421874203125 0.3328124078125 0.3406251609375 0.33124963125 0.3328125796875 0.33124963125 0.3328125796875 0.3984372234375 0.3406251609375 0.3984372234375 0.3421874203125 0.39687518437499997 0.3421874203125 0.3328124078125
33 0.46718742031250005 0.375 0.46718742031250005 0.37656277656250003 0.464062259375 0.3796875921875 0.464062259375 0.38124963125 0.4625 0.38281240781250003 0.4625 0.41562481562500003 0.464062259375 0.4171875921875 0.46562516093750006 0.4171875921875 0.47031257968749995 0.421875184375 0.489062259375 0.421875184375 0.4921874203125 0.41874963125000003 0.4937503203125 0.41874963125000003 0.4953125796875 0.4171875921875 0.49687483906249996 0.4171875921875 0.498437740625 0.41562481562500003 0.498437740625 0.378124815625 0.489062259375 0.36874963125 0.473437740625 0.36874963125 0.47187483906249994 0.3703124078125 0.47031257968749995 0.3703124078125 0.47031257968749995 0.371875184375 0.46718742031250005 0.375
10 0.5074743265625 0.2582282125 0.5059114250000001 0.2566654359375 0.5059114250000001 0.22541580468750003 0.5074743265625 0.22385302812500002 0.5059114250000001 0.2222909890625 0.5059114250000001 0.2160406203125 0.504349165625 0.21447784374999998 0.4574743265625 0.21447784374999998 0.4574743265625 0.27541580468750004 0.504349165625 0.27541580468750004 0.5074743265625 0.2722909890625 0.5074743265625 0.2582282125
9 0.3421052625 0.8500738546875001 0.3594351734375 0.8485967499999999 0.3645699609375 0.845642540625 0.3658536578125 0.798375184375 0.362644415625 0.7872968984375001 0.3157894734375 0.78581979375 0.3119383828125 0.7895125546874999 0.3100128375 0.7976366328125 0.3100128375 0.8419497781249999 0.3119383828125 0.84638109375 0.318998715625 0.849335303125 0.3421052625 0.8500738546875001
11 0.338254171875 0.5539143281250001 0.3478819 0.5620384046875 0.35622593125 0.5627769578125 0.3639281125 0.559822746875 0.3658536578125 0.507385525 0.362644415625 0.5007385531249999 0.31771501875 0.499261446875 0.311296534375 0.5051698671875 0.3106546859375 0.5546528796875 0.313863928125 0.5612998515625 0.324775353125 0.5627769578125 0.338254171875 0.5539143281250001
16 0.650834403125 0.845642540625 0.6527599484375 0.8035450515625 0.650834403125 0.78803545 0.6373555843750001 0.7850812406250001 0.6026957640624999 0.78581979375 0.5982028234375 0.7946824218749999 0.5982028234375 0.8404726734375 0.602053915625 0.8485967499999999 0.6379974328125 0.849335303125 0.650834403125 0.845642540625
13 0.324775353125 0.279172821875 0.32862644375 0.2732644015625 0.3363286265625 0.2695716390625 0.3485237484375 0.2762186109375 0.3568677796875 0.2762186109375 0.3645699609375 0.27252584999999996 0.365211809375 0.21935007343750001 0.362644415625 0.214918759375 0.31771501875 0.21344165468749998 0.3119383828125 0.21713441718749998 0.3106546859375 0.2666174296875 0.3145057765625 0.27474150625 0.3209242625 0.27548005937500003 0.324775353125 0.279172821875
8 0.4813863921875 0.5546528796875 0.4942233640625 0.5642540625 0.5077021828125 0.5590841953125001 0.5089858796875 0.5081240765625 0.5051347875000001 0.5007385531249999 0.4736842109375 0.499261446875 0.455070603125 0.5022156578125 0.4544287546875 0.5561299859375 0.4582798453125 0.5612998515625 0.4679075734375 0.5627769578125 0.4813863921875 0.5546528796875
28 0.6270860078125 0.6351550953125 0.6322207953125 0.6262924671875 0.6322207953125 0.6019202359375 0.626444159375 0.59675036875 0.62259306875 0.59675036875 0.6161745828125 0.6033973406250001 0.61681643125 0.6506646968750001 0.6296534015625 0.6558345640625001 0.63029525 0.6454948296875 0.6270860078125 0.6351550953125
18 0.089062259375 0.5812496312500001 0.089062259375 0.659375184375 0.1406251609375 0.659375184375 0.1406251609375 0.5812496312500001 0.089062259375 0.5812496312500001
21 0.1421874203125 0.34374963125 0.14375032031249999 0.3421875921875 0.14375032031249999 0.29062481562500003 0.08593774062500001 0.29062481562500003 0.08593774062500001 0.37343722343749997 0.1406251609375 0.37343722343749997 0.1421874203125 0.371875184375 0.1421874203125 0.34374963125
23 0.7919993578125 0.1515627765625 0.73262451875 0.1515627765625 0.73262451875 0.22968759218749998 0.7904370984375 0.22968759218749998 0.7919993578125 0.22812481562500003 0.7919993578125 0.1515627765625
18 0.28906225937499996 0.0890627765625 0.28906225937499996 0.009375184375 0.23281257968750002 0.009375184375 0.23281257968750002 0.0921875921875 0.2875 0.0921875921875 0.2875 0.090624815625 0.28906225937499996 0.0890627765625
22 0.575 0.0796875921875 0.575 0.009375184375 0.5187503203125 0.009375184375 0.5187503203125 0.084375184375 0.573437740625 0.084375184375 0.573437740625 0.08124963125 0.575 0.0796875921875
18 0.23125032031249998 0.86874963125 0.23125032031249998 0.9453124078125 0.2875 0.9453124078125 0.2875 0.86874963125 0.23125032031249998 0.86874963125
20 0.7359377406250001 0.7234372234374999 0.7359377406250001 0.8031248156249999 0.7906251609375 0.8031248156249999 0.7906251609375 0.7234372234374999 0.7359377406250001 0.7234372234374999
18 0.8781251609374999 0.43281240781249997 0.8781251609374999 0.5171875921875 0.9343748390625001 0.5171875921875 0.9343748390625001 0.43281240781249997 0.8781251609374999 0.43281240781249997
19 0.5718748390624999 0.9453124078125 0.5718748390624999 0.94374963125 0.573437740625 0.9421875921874999 0.573437740625 0.8656248156249999 0.5203125796875 0.8656248156249999 0.5203125796875 0.9468751843750001 0.55 0.9468751843750001 0.551562259375 0.9453124078125 0.5718748390624999 0.9453124078125