0 0.584375 0.73125 0.5828125 0.7328123093750001 0.58125 0.7328123093750001 0.5765625 0.7375 0.575 0.7375 0.5703125 0.742187690625 0.56875 0.742187690625 0.5671875 0.74375 0.565625 0.74375 0.559375 0.75 0.5578125 0.75 0.5484375 0.7593753796875 0.5484375 0.7609376906249999 0.546875 0.7625 0.546875 0.8468753796874999 0.55 0.85 0.55 0.851562309375 0.5515625 0.8531253796874999 0.553125 0.8531253796874999 0.5546875 0.854687690625 0.5578125 0.854687690625 0.5640625 0.860937690625 0.565625 0.860937690625 0.571875 0.867187690625 0.5765625 0.867187690625 0.5828125 0.8734376906250001 0.584375 0.8734376906250001 0.590625 0.8796876906250001 0.5921875 0.8796876906250001 0.59375 0.88125 0.5953125 0.88125 0.6 0.885937690625 0.603125 0.885937690625 0.6078125 0.8906253796874999 0.6203125 0.8906253796874999 0.625 0.885937690625 0.6265625 0.885937690625 0.628125 0.8843753796874999 0.6296875 0.8843753796874999 0.6296875 0.882812309375 0.6328125 0.8796876906250001 0.6359375 0.8796876906250001 0.6375 0.8781253796874999 0.640625 0.8781253796874999 0.640625 0.8765623093749999 0.64375 0.8734376906250001 0.6453125 0.8734376906250001 0.6515625 0.867187690625 0.653125 0.867187690625 0.6546875 0.8656253796875 0.65625 0.8656253796875 0.659375 0.8625 0.6609375 0.8625 0.6625 0.860937690625 0.665625 0.860937690625 0.671875 0.854687690625 0.675 0.854687690625 0.6765625 0.8531253796874999 0.678125 0.8531253796874999 0.678125 0.851562309375 0.6796875 0.85 0.6796875 0.8468753796874999 0.68125 0.8453123093749999 0.68125 0.7875 0.6796875 0.785937690625 0.6796875 0.7609376906249999 0.678125 0.7593753796875 0.678125 0.757812309375 0.6765625 0.757812309375 0.6703125 0.751562309375 0.6671875 0.751562309375 0.665625 0.75 0.6640625 0.75 0.6625 0.748437690625 0.6609375 0.748437690625 0.6578125 0.745312309375 0.65625 0.745312309375 0.6546875 0.74375 0.6515625 0.74375 0.646875 0.7390623093750001 0.64375 0.7390623093750001 0.6359375 0.73125 0.6359375 0.7296876906249999 0.634375 0.7281253796875 0.590625 0.7281253796875 0.5890625 0.7296876906249999 0.5875 0.7296876906249999 0.5859375 0.73125 0.584375 0.73125
36 0.2953125 0.1375 0.2890625 0.14375 0.2859375 0.14375 0.284375 0.145312309375 0.2828125 0.145312309375 0.278125 0.15 0.2765625 0.15 0.2703125 0.15625 0.26875 0.15625 0.2640625 0.16093769062500002 0.2625 0.16093769062500002 0.2609375 0.1625 0.2578125 0.1625 0.25625 0.164062309375 0.25625 0.1656253796875 0.253125 0.16875 0.253125 0.2593753796875 0.25625 0.2625 0.25625 0.26406230937499997 0.2578125 0.2656253796875 0.259375 0.2656253796875 0.2609375 0.26718769062500003 0.2640625 0.26718769062500003 0.265625 0.26875 0.2671875 0.26875 0.26875 0.270312309375 0.26875 0.27187537968750003 0.2703125 0.273437690625 0.275 0.273437690625 0.2765625 0.275 0.278125 0.275 0.2828125 0.279687690625 0.2890625 0.279687690625 0.2953125 0.273437690625 0.3046875 0.273437690625 0.30625 0.27187537968750003 0.309375 0.27187537968750003 0.3109375 0.273437690625 0.3171875 0.273437690625 0.3203125 0.276562309375 0.321875 0.276562309375 0.325 0.279687690625 0.3296875 0.279687690625 0.33125 0.28125 0.3390625 0.28125 0.340625 0.279687690625 0.3453125 0.279687690625 0.3515625 0.273437690625 0.35625 0.273437690625 0.3578125 0.27187537968750003 0.359375 0.27187537968750003 0.3640625 0.26718769062500003 0.3671875 0.26718769062500003 0.36875 0.2656253796875 0.371875 0.2656253796875 0.371875 0.26406230937499997 0.3734375 0.2625 0.375 0.2625 0.3765625 0.260937690625 0.378125 0.260937690625 0.384375 0.254687690625 0.384375 0.19218769062500002 0.3828125 0.19062537968749999 0.3828125 0.189062309375 0.38125 0.1875 0.38125 0.1843753796875 0.3796875 0.18281230937499998 0.3796875 0.18125 0.3734375 0.175 0.3734375 0.1718753796875 0.36875 0.167187690625 0.36875 0.1656253796875 0.3671875 0.164062309375 0.3671875 0.15625 0.365625 0.154687690625 0.365625 0.1531253796875 0.3640625 0.15156230937499998 0.3625 0.15156230937499998 0.3609375 0.15 0.3578125 0.15 0.3515625 0.14375 0.3453125 0.14375 0.3421875 0.1406253796875 0.3421875 0.139062309375 0.340625 0.1375 0.334375 0.1375 0.3328125 0.135937690625 0.33125 0.135937690625 0.3296875 0.1343753796875 0.3296875 0.132812309375 0.328125 0.132812309375 0.3265625 0.13125 0.3046875 0.13125 0.303125 0.132812309375 0.3015625 0.132812309375 0.296875 0.1375 0.2953125 0.1375
0 0.2265625 0.28125 0.2203125 0.2875 0.215625 0.2875 0.209375 0.29375 0.20625 0.29375 0.203125 0.2968753796875 0.2015625 0.2968753796875 0.1984375 0.3 0.196875 0.3 0.190625 0.30625 0.1890625 0.30625 0.184375 0.310937690625 0.1828125 0.310937690625 0.18125 0.3125 0.18125 0.314062309375 0.1796875 0.31562537968750004 0.1796875 0.407812309375 0.1828125 0.41093769062499996 0.184375 0.41093769062499996 0.190625 0.41718769062499994 0.196875 0.41718769062499994 0.2 0.420312309375 0.2 0.4218753796875 0.2015625 0.4218753796875 0.203125 0.423437690625 0.21875 0.423437690625 0.2203125 0.4218753796875 0.221875 0.4218753796875 0.2265625 0.41718769062499994 0.240625 0.41718769062499994 0.246875 0.423437690625 0.2515625 0.423437690625 0.253125 0.425 0.2546875 0.425 0.25625 0.42656230937500006 0.2578125 0.42656230937500006 0.259375 0.42812537968750003 0.271875 0.42812537968750003 0.2734375 0.42656230937500006 0.275 0.42656230937500006 0.278125 0.423437690625 0.2875 0.423437690625 0.2890625 0.4218753796875 0.290625 0.4218753796875 0.2953125 0.41718769062499994 0.2984375 0.41718769062499994 0.3 0.4156253796875 0.303125 0.4156253796875 0.303125 0.41406230937500005 0.30625 0.41093769062499996 0.3078125 0.41093769062499996 0.3109375 0.407812309375 0.3109375 0.345312309375 0.309375 0.34375 0.309375 0.342187690625 0.3015625 0.33437537968750003 0.3 0.33437537968750003 0.2921875 0.32656230937499997 0.2921875 0.320312309375 0.290625 0.31875 0.290625 0.317187690625 0.2875 0.314062309375 0.2875 0.3125 0.2859375 0.310937690625 0.2859375 0.304687690625 0.284375 0.30312537968750003 0.284375 0.301562309375 0.2765625 0.29375 0.2734375 0.29375 0.271875 0.292187690625 0.2703125 0.292187690625 0.2671875 0.289062309375 0.2640625 0.289062309375 0.2625 0.2875 0.2609375 0.2875 0.2546875 0.28125 0.2546875 0.279687690625 0.2515625 0.276562309375 0.234375 0.276562309375 0.23125 0.279687690625 0.2296875 0.279687690625 0.228125 0.28125 0.2265625 0.28125
36 0.3828125 0.282812309375 0.378125 0.2875 0.3734375 0.2875 0.371875 0.289062309375 0.3703125 0.289062309375 0.365625 0.29375 0.3625 0.29375 0.3609375 0.29531230937499997 0.359375 0.29531230937499997 0.353125 0.301562309375 0.353125 0.30312537968750003 0.3515625 0.304687690625 0.3515625 0.30625 0.35 0.307812309375 0.35 0.320312309375 0.3484375 0.3218753796875 0.3484375 0.323437690625 0.346875 0.325 0.3453125 0.325 0.34375 0.32656230937499997 0.34375 0.3281253796875 0.340625 0.33125 0.3359375 0.33125 0.334375 0.332812309375 0.3328125 0.332812309375 0.328125 0.3375 0.328125 0.407812309375 0.33125 0.41093769062499996 0.3328125 0.41093769062499996 0.3390625 0.41718769062499994 0.340625 0.41718769062499994 0.3421875 0.41875 0.34375 0.41875 0.3484375 0.423437690625 0.3515625 0.423437690625 0.3578125 0.42968769062499995 0.359375 0.42968769062499995 0.365625 0.435937690625 0.3703125 0.435937690625 0.371875 0.4375 0.3734375 0.4375 0.375 0.439062309375 0.375 0.44062537968750004 0.3765625 0.44062537968750004 0.378125 0.44218769062499996 0.3796875 0.44218769062499996 0.38125 0.44375 0.3828125 0.44375 0.3859375 0.4468753796875 0.3875 0.4468753796875 0.3890625 0.44843769062499994 0.396875 0.44843769062499994 0.3984375 0.4468753796875 0.4 0.4468753796875 0.403125 0.44375 0.4046875 0.44375 0.40625 0.44218769062499996 0.409375 0.44218769062499996 0.415625 0.435937690625 0.4203125 0.435937690625 0.4265625 0.42968769062499995 0.428125 0.42968769062499995 0.43125 0.42656230937500006 0.43125 0.425 0.434375 0.4218753796875 0.434375 0.398437690625 0.4359375 0.39687537968750003 0.4359375 0.382812309375 0.4546875 0.364062309375 0.4546875 0.354687690625 0.45625 0.3531253796875 0.45625 0.332812309375 0.4546875 0.33125 0.4546875 0.314062309375 0.453125 0.314062309375 0.4453125 0.30625 0.440625 0.30625 0.4390625 0.304687690625 0.4375 0.304687690625 0.4328125 0.3 0.43125 0.3 0.4265625 0.29531230937499997 0.425 0.29531230937499997 0.4234375 0.29375 0.4203125 0.29375 0.4140625 0.2875 0.4125 0.2875 0.4078125 0.282812309375 0.40625 0.282812309375 0.403125 0.279687690625 0.3890625 0.279687690625 0.3875 0.28125 0.3859375 0.28125 0.384375 0.282812309375 0.3828125 0.282812309375
36 0.5109375 0.58125 0.50625 0.585937690625 0.5046875 0.585937690625 0.503125 0.5875 0.5015625 0.5875 0.496875 0.592187690625 0.4953125 0.592187690625 0.49375 0.59375 0.490625 0.59375 0.484375 0.6 0.4828125 0.6 0.48125 0.601562309375 0.48125 0.6031253796875 0.478125 0.60625 0.4765625 0.60625 0.4734375 0.6093753796875 0.4734375 0.6109376906249999 0.471875 0.6125 0.4703125 0.6125 0.4703125 0.6984376906249999 0.471875 0.6984376906249999 0.4734375 0.7 0.4734375 0.7015623093750001 0.4765625 0.7046876906249999 0.478125 0.7046876906249999 0.4828125 0.7093753796875 0.484375 0.7093753796875 0.4859375 0.710937690625 0.490625 0.710937690625 0.496875 0.717187690625 0.503125 0.717187690625 0.509375 0.723437690625 0.5125 0.723437690625 0.5171875 0.7281253796875 0.51875 0.7281253796875 0.5203125 0.7296876906249999 0.521875 0.7296876906249999 0.5234375 0.73125 0.525 0.73125 0.528125 0.7343753796875 0.5296875 0.7343753796875 0.53125 0.7359376906249999 0.5328125 0.7359376906249999 0.534375 0.7375 0.5359375 0.7375 0.5375 0.7390623093750001 0.54375 0.7390623093750001 0.5453125 0.7375 0.546875 0.7375 0.5484375 0.7359376906249999 0.5515625 0.7359376906249999 0.55625 0.73125 0.5578125 0.73125 0.559375 0.7296876906249999 0.5640625 0.7296876906249999 0.5703125 0.723437690625 0.571875 0.723437690625 0.5734375 0.7218753796875 0.575 0.7218753796875 0.5796875 0.717187690625 0.5796875 0.6906253796875 0.58125 0.689062309375 0.58125 0.6843753796875001 0.5828125 0.682812309375 0.5828125 0.68125 0.584375 0.679687690625 0.584375 0.6781253796875 0.5859375 0.6765623093750001 0.5859375 0.6734376906249999 0.5921875 0.6671876906249999 0.59375 0.6671876906249999 0.596875 0.664062309375 0.596875 0.6625 0.6 0.6593753796875 0.6 0.657812309375 0.603125 0.654687690625 0.603125 0.6125 0.6015625 0.6109376906249999 0.6015625 0.6093753796875 0.5984375 0.60625 0.596875 0.60625 0.5921875 0.601562309375 0.590625 0.601562309375 0.5890625 0.6 0.5859375 0.6 0.584375 0.598437690625 0.5828125 0.598437690625 0.578125 0.59375 0.575 0.59375 0.571875 0.5906253796875001 0.5703125 0.5906253796875001 0.56875 0.589062309375 0.5671875 0.589062309375 0.565625 0.5875 0.5625 0.5875 0.5578125 0.5828123093750001 0.55625 0.5828123093750001 0.5546875 0.58125 0.553125 0.58125 0.5484375 0.5765623093750001 0.5203125 0.5765623093750001 0.5171875 0.5796876906249999 0.515625 0.5796876906249999 0.5140625 0.58125 0.5109375 0.58125
0 0.7375 0.435937690625 0.7359375 0.4375 0.7328125 0.4375 0.73125 0.439062309375 0.7296875 0.439062309375 0.7265625 0.44218769062499996 0.725 0.44218769062499996 0.7234375 0.44375 0.721875 0.44375 0.715625 0.45 0.7140625 0.45 0.709375 0.454687690625 0.7078125 0.454687690625 0.70625 0.45625 0.703125 0.45625 0.696875 0.4625 0.696875 0.5218753796875 0.7 0.525 0.7 0.526562309375 0.70625 0.532812309375 0.70625 0.5406253796875 0.7078125 0.5421876906249999 0.7078125 0.5468753796875 0.709375 0.5484376906249999 0.709375 0.55 0.7109375 0.5515623093750001 0.7109375 0.554687690625 0.7125 0.55625 0.7125 0.5625 0.7171875 0.567187690625 0.7203125 0.567187690625 0.7265625 0.5734376906249999 0.73125 0.5734376906249999 0.7328125 0.575 0.734375 0.575 0.7390625 0.5796876906249999 0.7421875 0.5796876906249999 0.746875 0.5843753796875 0.7484375 0.5843753796875 0.75 0.585937690625 0.7515625 0.585937690625 0.753125 0.5875 0.7546875 0.5875 0.7578125 0.5906253796875001 0.765625 0.5906253796875001 0.7703125 0.585937690625 0.771875 0.585937690625 0.7734375 0.5843753796875 0.775 0.5843753796875 0.778125 0.58125 0.7796875 0.58125 0.78125 0.5796876906249999 0.784375 0.5796876906249999 0.790625 0.5734376906249999 0.7953125 0.5734376906249999 0.796875 0.5718753796875 0.7984375 0.5718753796875 0.7984375 0.570312309375 0.8 0.56875 0.8015625 0.56875 0.803125 0.567187690625 0.8078125 0.567187690625 0.8140625 0.560937690625 0.815625 0.560937690625 0.8234375 0.5531253796875 0.8234375 0.54375 0.825 0.5421876906249999 0.825 0.532812309375 0.8234375 0.53125 0.8234375 0.526562309375 0.825 0.525 0.825 0.5203123093750001 0.8234375 0.51875 0.8234375 0.45937537968750003 0.8203125 0.45625 0.815625 0.45625 0.8109375 0.451562309375 0.809375 0.451562309375 0.8078125 0.45 0.803125 0.45 0.8015625 0.44843769062499994 0.8 0.44843769062499994 0.7953125 0.44375 0.790625 0.44375 0.7890625 0.44218769062499996 0.7875 0.44218769062499996 0.784375 0.439062309375 0.7828125 0.439062309375 0.78125 0.4375 0.7796875 0.4375 0.778125 0.435937690625 0.7765625 0.435937690625 0.7734375 0.43281230937500004 0.74375 0.43281230937500004 0.7421875 0.4343753796875 0.740625 0.4343753796875 0.7390625 0.435937690625 0.7375 0.435937690625
37 0.4484375 0.13125 0.44375 0.135937690625 0.4421875 0.135937690625 0.440625 0.1375 0.4390625 0.1375 0.4328125 0.14375 0.43125 0.14375 0.428125 0.1468753796875 0.4265625 0.1468753796875 0.4234375 0.15 0.421875 0.15 0.41875 0.1531253796875 0.41875 0.157812309375 0.4171875 0.15937537968749999 0.4171875 0.16093769062500002 0.4140625 0.164062309375 0.4140625 0.167187690625 0.4125 0.16875 0.4125 0.1718753796875 0.403125 0.18125 0.403125 0.26406230937499997 0.40625 0.26718769062500003 0.4078125 0.26718769062500003 0.4140625 0.273437690625 0.415625 0.273437690625 0.4203125 0.2781253796875 0.421875 0.2781253796875 0.4234375 0.279687690625 0.428125 0.279687690625 0.43125 0.282812309375 0.43125 0.28437537968750004 0.4328125 0.285937690625 0.4359375 0.285937690625 0.4375 0.2875 0.4390625 0.2875 0.4421875 0.2906253796875 0.44375 0.2906253796875 0.4453125 0.292187690625 0.446875 0.292187690625 0.4484375 0.29375 0.45 0.29375 0.453125 0.2968753796875 0.4546875 0.2968753796875 0.45625 0.29843769062500003 0.459375 0.29843769062500003 0.4609375 0.3 0.471875 0.3 0.4734375 0.29843769062500003 0.478125 0.29843769062500003 0.4796875 0.2968753796875 0.4796875 0.29531230937499997 0.4828125 0.292187690625 0.4859375 0.292187690625 0.4875 0.2906253796875 0.4890625 0.2906253796875 0.4921875 0.2875 0.49375 0.2875 0.4953125 0.285937690625 0.496875 0.285937690625 0.5015625 0.28125 0.503125 0.28125 0.5046875 0.279687690625 0.509375 0.279687690625 0.5109375 0.2781253796875 0.5109375 0.276562309375 0.5140625 0.273437690625 0.5203125 0.273437690625 0.5265625 0.26718769062500003 0.528125 0.26718769062500003 0.5296875 0.2656253796875 0.5296875 0.26406230937499997 0.5328125 0.260937690625 0.5328125 0.195312309375 0.53125 0.19375 0.53125 0.19218769062500002 0.5296875 0.19062537968749999 0.5296875 0.18281230937499998 0.528125 0.18125 0.5265625 0.18125 0.5234375 0.1781253796875 0.5234375 0.176562309375 0.521875 0.175 0.5203125 0.175 0.5171875 0.1718753796875 0.5171875 0.16093769062500002 0.515625 0.15937537968749999 0.515625 0.157812309375 0.5109375 0.1531253796875 0.5109375 0.15156230937499998 0.509375 0.15 0.5078125 0.15 0.5046875 0.1468753796875 0.5046875 0.145312309375 0.503125 0.145312309375 0.5015625 0.14375 0.496875 0.14375 0.490625 0.1375 0.4890625 0.1375 0.4859375 0.1343753796875 0.4859375 0.132812309375 0.484375 0.132812309375 0.478125 0.126562309375 0.45625 0.126562309375 0.453125 0.12968769062500002 0.4515625 0.12968769062500002 0.45 0.13125 0.4484375 0.13125
37 0.3015625 0.71875 0.3 0.720312309375 0.3 0.7218753796875 0.296875 0.725 0.2953125 0.725 0.29375 0.726562309375 0.2921875 0.726562309375 0.2875 0.73125 0.284375 0.73125 0.278125 0.7375 0.275 0.7375 0.2734375 0.7390623093750001 0.271875 0.7390623093750001 0.26875 0.742187690625 0.2671875 0.742187690625 0.265625 0.74375 0.2640625 0.74375 0.2578125 0.75 0.25625 0.75 0.253125 0.7531253796875 0.253125 0.8531253796874999 0.2546875 0.8531253796874999 0.25625 0.854687690625 0.259375 0.854687690625 0.265625 0.860937690625 0.271875 0.860937690625 0.275 0.864062309375 0.275 0.8656253796875 0.2765625 0.867187690625 0.278125 0.867187690625 0.2828125 0.8718753796875 0.284375 0.8718753796875 0.2859375 0.8734376906250001 0.290625 0.8734376906250001 0.29375 0.8765623093749999 0.29375 0.8781253796874999 0.2953125 0.8781253796874999 0.296875 0.8796876906250001 0.2984375 0.8796876906250001 0.3 0.88125 0.3015625 0.88125 0.3046875 0.8843753796874999 0.30625 0.8843753796874999 0.3078125 0.885937690625 0.3109375 0.885937690625 0.3125 0.8875 0.3140625 0.8875 0.315625 0.889062309375 0.3234375 0.889062309375 0.325 0.8875 0.3265625 0.8875 0.328125 0.885937690625 0.3296875 0.885937690625 0.33125 0.8843753796874999 0.334375 0.8843753796874999 0.334375 0.882812309375 0.3375 0.8796876906250001 0.340625 0.8796876906250001 0.3453125 0.875 0.346875 0.875 0.3484375 0.8734376906250001 0.35 0.8734376906250001 0.3515625 0.8718753796875 0.353125 0.8718753796875 0.3578125 0.867187690625 0.3609375 0.867187690625 0.3625 0.8656253796875 0.3640625 0.8656253796875 0.3671875 0.8625 0.36875 0.8625 0.3703125 0.860937690625 0.371875 0.860937690625 0.3734375 0.8593753796874999 0.3734375 0.857812309375 0.3765625 0.854687690625 0.378125 0.854687690625 0.3796875 0.8531253796874999 0.38125 0.8531253796874999 0.38125 0.851562309375 0.3828125 0.85 0.384375 0.85 0.384375 0.8484376906250001 0.3859375 0.8468753796874999 0.3859375 0.757812309375 0.384375 0.75625 0.384375 0.754687690625 0.38125 0.751562309375 0.3796875 0.751562309375 0.378125 0.75 0.3765625 0.75 0.3703125 0.74375 0.3671875 0.74375 0.365625 0.742187690625 0.3640625 0.742187690625 0.359375 0.7375 0.3578125 0.7375 0.35625 0.7359376906249999 0.3546875 0.7359376906249999 0.3515625 0.7328123093750001 0.35 0.7328123093750001 0.3484375 0.73125 0.346875 0.73125 0.340625 0.725 0.3390625 0.725 0.334375 0.720312309375 0.3328125 0.720312309375 0.33125 0.71875 0.3296875 0.71875 0.328125 0.717187690625 0.3265625 0.717187690625 0.325 0.7156253796875001 0.3078125 0.7156253796875001 0.30625 0.717187690625 0.3046875 0.717187690625 0.303125 0.71875 0.3015625 0.71875
17 0.44375 0.725 0.4421875 0.726562309375 0.440625 0.726562309375 0.4359375 0.73125 0.434375 0.73125 0.4296875 0.7359376906249999 0.428125 0.7359376906249999 0.4265625 0.7375 0.425 0.7375 0.4234375 0.7390623093750001 0.421875 0.7390623093750001 0.4171875 0.74375 0.4140625 0.74375 0.4078125 0.75 0.40625 0.75 0.4046875 0.751562309375 0.403125 0.751562309375 0.4015625 0.7531253796875 0.4015625 0.754687690625 0.4 0.75625 0.4 0.757812309375 0.3984375 0.7593753796875 0.3984375 0.85 0.4015625 0.8531253796874999 0.403125 0.8531253796874999 0.4046875 0.854687690625 0.409375 0.854687690625 0.4125 0.857812309375 0.4125 0.8593753796874999 0.4140625 0.860937690625 0.41875 0.860937690625 0.4203125 0.8625 0.421875 0.8625 0.4234375 0.864062309375 0.4234375 0.8656253796875 0.425 0.8656253796875 0.4265625 0.867187690625 0.428125 0.867187690625 0.43125 0.8703123093749999 0.43125 0.8718753796875 0.4328125 0.8734376906250001 0.4359375 0.8734376906250001 0.4375 0.875 0.4390625 0.875 0.44375 0.8796876906250001 0.446875 0.8796876906250001 0.453125 0.885937690625 0.4546875 0.885937690625 0.459375 0.8906253796874999 0.46875 0.8906253796874999 0.471875 0.8875 0.4734375 0.8875 0.475 0.885937690625 0.4765625 0.885937690625 0.4828125 0.8796876906250001 0.4875 0.8796876906250001 0.4890625 0.8781253796874999 0.490625 0.8781253796874999 0.496875 0.8718753796875 0.4984375 0.8718753796875 0.5015625 0.86875 0.503125 0.86875 0.5046875 0.867187690625 0.5078125 0.867187690625 0.5140625 0.860937690625 0.515625 0.860937690625 0.5171875 0.8593753796874999 0.51875 0.8593753796874999 0.521875 0.85625 0.5234375 0.85625 0.525 0.854687690625 0.528125 0.854687690625 0.5296875 0.8531253796874999 0.5296875 0.851562309375 0.534375 0.8468753796874999 0.534375 0.7625 0.5328125 0.7609376906249999 0.5328125 0.7593753796875 0.53125 0.757812309375 0.53125 0.75625 0.5296875 0.754687690625 0.5296875 0.7531253796875 0.5265625 0.75 0.525 0.75 0.5234375 0.748437690625 0.521875 0.748437690625 0.51875 0.745312309375 0.5171875 0.745312309375 0.515625 0.74375 0.5140625 0.74375 0.5078125 0.7375 0.5046875 0.7375 0.503125 0.7359376906249999 0.5015625 0.7359376906249999 0.496875 0.73125 0.4953125 0.73125 0.4890625 0.725 0.484375 0.725 0.478125 0.71875 0.4765625 0.71875 0.4734375 0.7156253796875001 0.45625 0.7156253796875001 0.453125 0.71875 0.4515625 0.71875 0.4453125 0.725 0.44375 0.725
6 0.3046875 0.43125 0.3015625 0.4343753796875 0.3 0.4343753796875 0.2984375 0.435937690625 0.296875 0.435937690625 0.2953125 0.4375 0.290625 0.4375 0.2890625 0.439062309375 0.2875 0.439062309375 0.2875 0.44062537968750004 0.284375 0.44375 0.2828125 0.44375 0.28125 0.44531230937500005 0.28125 0.4468753796875 0.2796875 0.44843769062499994 0.2796875 0.451562309375 0.278125 0.4531253796875 0.278125 0.454687690625 0.2765625 0.45625 0.2765625 0.46093769062499995 0.275 0.4625 0.275 0.467187690625 0.2734375 0.46875 0.2734375 0.470312309375 0.26875 0.475 0.2671875 0.475 0.265625 0.47656230937500005 0.2640625 0.47656230937500005 0.259375 0.48125 0.259375 0.560937690625 0.2609375 0.560937690625 0.265625 0.5656253796875 0.2671875 0.5656253796875 0.26875 0.567187690625 0.271875 0.567187690625 0.275 0.570312309375 0.275 0.5718753796875 0.2765625 0.5734376906249999 0.28125 0.5734376906249999 0.2828125 0.575 0.284375 0.575 0.2890625 0.5796876906249999 0.290625 0.5796876906249999 0.2921875 0.58125 0.29375 0.58125 0.296875 0.5843753796875 0.2984375 0.5843753796875 0.3 0.585937690625 0.303125 0.585937690625 0.3078125 0.5906253796875001 0.3296875 0.5906253796875001 0.3296875 0.589062309375 0.33125 0.5875 0.3328125 0.5875 0.334375 0.585937690625 0.3375 0.585937690625 0.3390625 0.5843753796875 0.340625 0.5843753796875 0.3453125 0.5796876906249999 0.3484375 0.5796876906249999 0.35 0.5781253796875 0.3515625 0.5781253796875 0.35625 0.5734376906249999 0.359375 0.5734376906249999 0.365625 0.567187690625 0.3703125 0.567187690625 0.3765625 0.560937690625 0.378125 0.560937690625 0.3859375 0.5531253796875 0.3859375 0.5140623093750001 0.3875 0.5125 0.3875 0.5 0.3859375 0.498437690625 0.3859375 0.467187690625 0.384375 0.4656253796875 0.384375 0.46406230937500004 0.3828125 0.46406230937500004 0.38125 0.4625 0.3765625 0.4625 0.371875 0.45781230937500006 0.36875 0.45781230937500006 0.3671875 0.45625 0.365625 0.45625 0.3640625 0.454687690625 0.3625 0.454687690625 0.3578125 0.45 0.3546875 0.45 0.353125 0.44843769062499994 0.3515625 0.44843769062499994 0.35 0.4468753796875 0.3484375 0.4468753796875 0.346875 0.44531230937500005 0.3453125 0.44531230937500005 0.34375 0.44375 0.340625 0.44375 0.3390625 0.44218769062499996 0.3375 0.44218769062499996 0.321875 0.42656230937500006 0.3125 0.42656230937500006 0.3109375 0.42812537968750003 0.309375 0.42812537968750003 0.30625 0.43125 0.3046875 0.43125
17 0.153125 0.42968769062499995 0.1515625 0.43125 0.15 0.43125 0.1484375 0.43281230937500004 0.146875 0.43281230937500004 0.14375 0.435937690625 0.1421875 0.435937690625 0.140625 0.4375 0.1390625 0.4375 0.134375 0.44218769062499996 0.1328125 0.44218769062499996 0.13125 0.44375 0.128125 0.44375 0.121875 0.45 0.1203125 0.45 0.1140625 0.45625 0.1125 0.45625 0.1109375 0.45781230937500006 0.109375 0.45781230937500006 0.10625 0.46093769062499995 0.10625 0.55625 0.109375 0.5593753796875001 0.1109375 0.5593753796875001 0.1125 0.560937690625 0.115625 0.560937690625 0.11875 0.564062309375 0.11875 0.5656253796875 0.1203125 0.567187690625 0.1265625 0.567187690625 0.1328125 0.5734376906249999 0.134375 0.5734376906249999 0.1375 0.5765623093750001 0.15 0.5765623093750001 0.1515625 0.575 0.153125 0.575 0.1546875 0.5734376906249999 0.15625 0.5734376906249999 0.1609375 0.56875 0.1625 0.56875 0.1640625 0.567187690625 0.1796875 0.567187690625 0.1828125 0.570312309375 0.184375 0.570312309375 0.1875 0.5734376906249999 0.2015625 0.5734376906249999 0.203125 0.5718753796875 0.2046875 0.5718753796875 0.2046875 0.570312309375 0.20625 0.56875 0.2078125 0.56875 0.209375 0.567187690625 0.2140625 0.567187690625 0.2203125 0.560937690625 0.2234375 0.560937690625 0.225 0.5593753796875001 0.2265625 0.5593753796875001 0.23125 0.554687690625 0.2328125 0.554687690625 0.234375 0.5531253796875 0.234375 0.5515623093750001 0.2359375 0.55 0.2359375 0.4875 0.234375 0.485937690625 0.234375 0.4843753796875 0.23125 0.48125 0.228125 0.48125 0.21875 0.47187537968750004 0.21875 0.470312309375 0.2171875 0.46875 0.2171875 0.46406230937500004 0.215625 0.4625 0.215625 0.46093769062499995 0.2125 0.45781230937500006 0.2125 0.45625 0.2109375 0.454687690625 0.2109375 0.451562309375 0.209375 0.45 0.209375 0.44843769062499994 0.2078125 0.44843769062499994 0.20625 0.4468753796875 0.20625 0.44531230937500005 0.2046875 0.44375 0.203125 0.44375 0.2 0.44062537968750004 0.1984375 0.44062537968750004 0.196875 0.439062309375 0.1953125 0.439062309375 0.19375 0.4375 0.1921875 0.4375 0.1890625 0.4343753796875 0.1875 0.4343753796875 0.184375 0.43125 0.1828125 0.43125 0.178125 0.42656230937500006 0.1765625 0.42656230937500006 0.175 0.425 0.1625 0.425 0.1609375 0.42656230937500006 0.1578125 0.42656230937500006 0.1546875 0.42968769062499995 0.153125 0.42968769062499995
37 0.4453125 0.4375 0.44375 0.439062309375 0.4421875 0.439062309375 0.4390625 0.44218769062499996 0.4375 0.44218769062499996 0.4359375 0.44375 0.434375 0.44375 0.43125 0.4468753796875 0.4296875 0.4468753796875 0.428125 0.44843769062499994 0.4265625 0.44843769062499994 0.425 0.45 0.4234375 0.45 0.421875 0.451562309375 0.4203125 0.451562309375 0.41875 0.4531253796875 0.4171875 0.4531253796875 0.415625 0.454687690625 0.4140625 0.454687690625 0.4125 0.45625 0.409375 0.45625 0.403125 0.4625 0.4015625 0.4625 0.4 0.46406230937500004 0.4 0.5593753796875001 0.4015625 0.5593753796875001 0.4046875 0.5625 0.40625 0.5625 0.409375 0.5656253796875 0.4109375 0.5656253796875 0.4125 0.567187690625 0.415625 0.567187690625 0.41875 0.570312309375 0.41875 0.5718753796875 0.4203125 0.5734376906249999 0.4234375 0.5734376906249999 0.425 0.575 0.4265625 0.575 0.4296875 0.5781253796875 0.43125 0.5781253796875 0.4328125 0.5796876906249999 0.434375 0.5796876906249999 0.440625 0.585937690625 0.4453125 0.585937690625 0.446875 0.5875 0.4484375 0.5875 0.45 0.589062309375 0.45 0.5906253796875001 0.4515625 0.5906253796875001 0.453125 0.592187690625 0.45625 0.592187690625 0.4578125 0.59375 0.459375 0.59375 0.4609375 0.595312309375 0.471875 0.595312309375 0.475 0.592187690625 0.4765625 0.592187690625 0.4828125 0.585937690625 0.4859375 0.585937690625 0.4875 0.5843753796875 0.490625 0.5843753796875 0.490625 0.5828123093750001 0.4921875 0.58125 0.49375 0.58125 0.4953125 0.5796876906249999 0.4984375 0.5796876906249999 0.5 0.5781253796875 0.5015625 0.5781253796875 0.5046875 0.575 0.50625 0.575 0.5078125 0.5734376906249999 0.509375 0.5734376906249999 0.5109375 0.5718753796875 0.5109375 0.570312309375 0.5140625 0.567187690625 0.515625 0.567187690625 0.515625 0.5656253796875 0.5171875 0.564062309375 0.5171875 0.5468753796875 0.51875 0.5453123093750001 0.51875 0.54375 0.5203125 0.5421876906249999 0.5203125 0.5406253796875 0.521875 0.539062309375 0.521875 0.5375 0.5234375 0.535937690625 0.5234375 0.532812309375 0.528125 0.5281253796875001 0.528125 0.526562309375 0.5296875 0.525 0.5296875 0.5218753796875 0.5328125 0.51875 0.5328125 0.4656253796875 0.5296875 0.4625 0.5296875 0.46093769062499995 0.5265625 0.45781230937500006 0.525 0.45781230937500006 0.5234375 0.45625 0.521875 0.45625 0.5171875 0.451562309375 0.515625 0.451562309375 0.5140625 0.45 0.5109375 0.45 0.5078125 0.4468753796875 0.50625 0.4468753796875 0.503125 0.44375 0.5015625 0.44375 0.5 0.44218769062499996 0.4984375 0.44218769062499996 0.4953125 0.439062309375 0.49375 0.439062309375 0.4921875 0.4375 0.490625 0.4375 0.4890625 0.435937690625 0.4859375 0.435937690625 0.484375 0.4343753796875 0.4578125 0.4343753796875 0.45625 0.435937690625 0.453125 0.435937690625 0.4515625 0.4375 0.4453125 0.4375
35 0.2265625 0.5796876906249999 0.225 0.58125 0.2234375 0.58125 0.221875 0.5828123093750001 0.2203125 0.5828123093750001 0.215625 0.5875 0.2109375 0.5875 0.209375 0.589062309375 0.2078125 0.589062309375 0.203125 0.59375 0.2015625 0.59375 0.2 0.595312309375 0.2 0.5968753796875 0.1953125 0.601562309375 0.1953125 0.6046876906249999 0.19375 0.60625 0.19375 0.6109376906249999 0.1921875 0.6125 0.1921875 0.6140623093750001 0.1796875 0.626562309375 0.1796875 0.7046876906249999 0.184375 0.7046876906249999 0.1875 0.7078123093750001 0.1875 0.7093753796875 0.1890625 0.710937690625 0.190625 0.710937690625 0.1921875 0.7125 0.19375 0.7125 0.196875 0.7156253796875001 0.1984375 0.7156253796875001 0.2 0.717187690625 0.203125 0.717187690625 0.209375 0.723437690625 0.2109375 0.723437690625 0.2125 0.725 0.2140625 0.725 0.2171875 0.7281253796875 0.21875 0.7281253796875 0.2203125 0.7296876906249999 0.221875 0.7296876906249999 0.228125 0.7359376906249999 0.23125 0.7359376906249999 0.2328125 0.7375 0.234375 0.7375 0.2375 0.7406253796875 0.2484375 0.7406253796875 0.25 0.7390623093750001 0.2515625 0.7390623093750001 0.2546875 0.7359376906249999 0.25625 0.7359376906249999 0.2609375 0.73125 0.2625 0.73125 0.2640625 0.7296876906249999 0.265625 0.7296876906249999 0.2671875 0.7281253796875 0.2703125 0.7281253796875 0.275 0.723437690625 0.278125 0.723437690625 0.2796875 0.7218753796875 0.28125 0.7218753796875 0.2828125 0.720312309375 0.284375 0.720312309375 0.2859375 0.71875 0.2875 0.71875 0.2890625 0.717187690625 0.2921875 0.717187690625 0.29375 0.7156253796875001 0.2953125 0.7156253796875001 0.2984375 0.7125 0.3 0.7125 0.3015625 0.710937690625 0.303125 0.710937690625 0.3109375 0.7031253796875 0.3109375 0.7 0.3125 0.6984376906249999 0.3125 0.69375 0.3140625 0.692187690625 0.3140625 0.629687690625 0.3125 0.6281253796875 0.3125 0.6156253796875 0.3109375 0.6140623093750001 0.3109375 0.6125 0.309375 0.6109376906249999 0.309375 0.6093753796875 0.3078125 0.6078123093750001 0.30625 0.6078123093750001 0.3046875 0.60625 0.303125 0.60625 0.296875 0.6 0.29375 0.6 0.2890625 0.595312309375 0.2859375 0.595312309375 0.284375 0.59375 0.2796875 0.59375 0.2765625 0.5906253796875001 0.275 0.5906253796875001 0.2734375 0.589062309375 0.271875 0.589062309375 0.2703125 0.5875 0.26875 0.5875 0.2625 0.58125 0.2609375 0.58125 0.2578125 0.5781253796875 0.2578125 0.5765623093750001 0.25625 0.5765623093750001 0.2546875 0.575 0.234375 0.575 0.2328125 0.5765623093750001 0.23125 0.5765623093750001 0.228125 0.5796876906249999 0.2265625 0.5796876906249999
35 0.5984375 0.43125 0.596875 0.43125 0.590625 0.4375 0.5890625 0.4375 0.5859375 0.44062537968750004 0.584375 0.44062537968750004 0.58125 0.44375 0.5796875 0.44375 0.578125 0.44531230937500005 0.5765625 0.44531230937500005 0.5734375 0.44843769062499994 0.571875 0.44843769062499994 0.5703125 0.45 0.5671875 0.45 0.565625 0.451562309375 0.5640625 0.451562309375 0.559375 0.45625 0.5578125 0.45625 0.55625 0.45781230937500006 0.5546875 0.45781230937500006 0.55 0.4625 0.5484375 0.4625 0.546875 0.46406230937500004 0.546875 0.51875 0.5484375 0.5203123093750001 0.5484375 0.5218753796875 0.55 0.523437690625 0.55 0.525 0.55625 0.53125 0.55625 0.5343753796875 0.5578125 0.535937690625 0.5578125 0.5375 0.559375 0.539062309375 0.559375 0.5406253796875 0.5609375 0.5421876906249999 0.5609375 0.54375 0.5625 0.5453123093750001 0.5625 0.5593753796875001 0.5640625 0.560937690625 0.5640625 0.5625 0.5671875 0.5656253796875 0.56875 0.5656253796875 0.5703125 0.567187690625 0.571875 0.567187690625 0.578125 0.5734376906249999 0.584375 0.5734376906249999 0.590625 0.5796876906249999 0.5953125 0.5796876906249999 0.6015625 0.585937690625 0.603125 0.585937690625 0.6046875 0.5875 0.60625 0.5875 0.609375 0.5906253796875001 0.615625 0.5906253796875001 0.61875 0.5875 0.6203125 0.5875 0.621875 0.585937690625 0.625 0.585937690625 0.6265625 0.5843753796875 0.628125 0.5843753796875 0.6328125 0.5796876906249999 0.6375 0.5796876906249999 0.6390625 0.5781253796875 0.640625 0.5781253796875 0.6453125 0.5734376906249999 0.646875 0.5734376906249999 0.6484375 0.5718753796875 0.65 0.5718753796875 0.653125 0.56875 0.6546875 0.56875 0.65625 0.567187690625 0.659375 0.567187690625 0.6609375 0.5656253796875 0.6609375 0.5625 0.6625 0.560937690625 0.6625 0.557812309375 0.665625 0.554687690625 0.665625 0.55 0.6671875 0.5484376906249999 0.6671875 0.5375 0.66875 0.535937690625 0.66875 0.532812309375 0.675 0.526562309375 0.675 0.525 0.6765625 0.523437690625 0.678125 0.523437690625 0.6796875 0.5218753796875 0.6796875 0.4656253796875 0.6765625 0.4625 0.675 0.4625 0.6703125 0.45781230937500006 0.66875 0.45781230937500006 0.6671875 0.45625 0.6640625 0.45625 0.659375 0.451562309375 0.65625 0.451562309375 0.6546875 0.45 0.653125 0.45 0.6515625 0.44843769062499994 0.65 0.44843769062499994 0.6484375 0.4468753796875 0.646875 0.4468753796875 0.6453125 0.44531230937500005 0.64375 0.44531230937500005 0.6421875 0.44375 0.640625 0.44375 0.621875 0.425 0.6046875 0.425 0.603125 0.42656230937500006 0.6015625 0.42656230937500006 0.6015625 0.42812537968750003 0.5984375 0.43125
36 0.6703125 0.58125 0.66875 0.5828123093750001 0.6671875 0.5828123093750001 0.6640625 0.585937690625 0.6625 0.585937690625 0.6609375 0.5875 0.659375 0.5875 0.6578125 0.589062309375 0.65625 0.589062309375 0.6515625 0.59375 0.6484375 0.59375 0.646875 0.595312309375 0.6453125 0.595312309375 0.640625 0.6 0.6390625 0.6 0.6328125 0.60625 0.63125 0.60625 0.6265625 0.6109376906249999 0.6265625 0.6125 0.625 0.6140623093750001 0.625 0.623437690625 0.6234375 0.625 0.6234375 0.63125 0.621875 0.632812309375 0.621875 0.6765623093750001 0.6234375 0.6781253796875 0.6234375 0.679687690625 0.625 0.68125 0.625 0.6843753796875001 0.6265625 0.685937690625 0.628125 0.685937690625 0.6328125 0.6906253796875 0.634375 0.6906253796875 0.6359375 0.692187690625 0.6390625 0.692187690625 0.64375 0.6968753796875 0.64375 0.7015623093750001 0.6453125 0.7031253796875 0.6453125 0.7093753796875 0.646875 0.710937690625 0.646875 0.7125 0.6484375 0.714062309375 0.6484375 0.7156253796875001 0.65 0.717187690625 0.65 0.71875 0.6515625 0.720312309375 0.6515625 0.7218753796875 0.653125 0.7218753796875 0.6578125 0.726562309375 0.659375 0.726562309375 0.6625 0.7296876906249999 0.665625 0.7296876906249999 0.6671875 0.73125 0.66875 0.73125 0.6703125 0.7328123093750001 0.6703125 0.7343753796875 0.671875 0.7343753796875 0.6734375 0.7359376906249999 0.6765625 0.7359376906249999 0.68125 0.7406253796875 0.6828125 0.7406253796875 0.684375 0.742187690625 0.690625 0.742187690625 0.6921875 0.7406253796875 0.69375 0.7406253796875 0.696875 0.7375 0.6984375 0.7375 0.7 0.7359376906249999 0.7015625 0.7359376906249999 0.7078125 0.7296876906249999 0.7109375 0.7296876906249999 0.7125 0.7281253796875 0.7140625 0.7281253796875 0.71875 0.723437690625 0.7203125 0.723437690625 0.7265625 0.717187690625 0.728125 0.717187690625 0.7296875 0.7156253796875001 0.73125 0.7156253796875001 0.734375 0.7125 0.7359375 0.7125 0.7375 0.710937690625 0.740625 0.710937690625 0.7421875 0.7093753796875 0.7421875 0.7078123093750001 0.74375 0.70625 0.7453125 0.70625 0.746875 0.7046876906249999 0.7484375 0.7046876906249999 0.753125 0.7 0.753125 0.626562309375 0.7515625 0.625 0.7515625 0.6218753796875001 0.75 0.620312309375 0.75 0.6140623093750001 0.7484375 0.6125 0.7484375 0.6093753796875 0.7453125 0.60625 0.74375 0.60625 0.740625 0.6031253796875 0.7390625 0.6031253796875 0.7375 0.601562309375 0.7359375 0.601562309375 0.734375 0.6 0.7328125 0.6 0.73125 0.598437690625 0.7296875 0.598437690625 0.7265625 0.595312309375 0.7234375 0.595312309375 0.721875 0.59375 0.71875 0.59375 0.715625 0.5906253796875001 0.715625 0.589062309375 0.7109375 0.589062309375 0.709375 0.5906253796875001 0.7078125 0.5906253796875001 0.7046875 0.5875 0.7046875 0.585937690625 0.6984375 0.5796876906249999 0.6984375 0.5781253796875 0.6765625 0.5781253796875 0.675 0.5796876906249999 0.6734375 0.5796876906249999 0.671875 0.58125 0.6703125 0.58125
37 0.6640625 0.2906253796875 0.6625 0.292187690625 0.6609375 0.292187690625 0.659375 0.29375 0.6546875 0.29375 0.653125 0.29531230937499997 0.6515625 0.29531230937499997 0.646875 0.3 0.6453125 0.3 0.64375 0.301562309375 0.64375 0.30312537968750003 0.6421875 0.304687690625 0.640625 0.304687690625 0.6375 0.307812309375 0.6375 0.31562537968750004 0.6359375 0.317187690625 0.6359375 0.31875 0.63125 0.323437690625 0.63125 0.325 0.625 0.33125 0.6234375 0.33125 0.6203125 0.33437537968750003 0.6203125 0.335937690625 0.61875 0.3375 0.61875 0.40937537968750004 0.6203125 0.41093769062499996 0.621875 0.41093769062499996 0.625 0.41406230937500005 0.625 0.4156253796875 0.6265625 0.41718769062499994 0.6296875 0.41718769062499994 0.634375 0.4218753796875 0.6359375 0.4218753796875 0.6375 0.423437690625 0.640625 0.423437690625 0.64375 0.42656230937500006 0.64375 0.42812537968750003 0.6453125 0.42968769062499995 0.6515625 0.42968769062499995 0.6578125 0.435937690625 0.659375 0.435937690625 0.6609375 0.4375 0.6625 0.4375 0.665625 0.44062537968750004 0.6671875 0.44062537968750004 0.66875 0.44218769062499996 0.671875 0.44218769062499996 0.678125 0.44843769062499994 0.6953125 0.44843769062499994 0.7015625 0.44218769062499996 0.703125 0.44218769062499996 0.7046875 0.44062537968750004 0.70625 0.44062537968750004 0.709375 0.4375 0.7109375 0.4375 0.7125 0.435937690625 0.715625 0.435937690625 0.7171875 0.4343753796875 0.71875 0.4343753796875 0.71875 0.43281230937500004 0.7203125 0.43125 0.721875 0.43125 0.7234375 0.42968769062499995 0.7265625 0.42968769062499995 0.7328125 0.423437690625 0.734375 0.423437690625 0.7359375 0.4218753796875 0.7359375 0.41718769062499994 0.7375 0.4156253796875 0.7375 0.40625 0.7390625 0.404687690625 0.7390625 0.40156230937500004 0.740625 0.4 0.740625 0.395312309375 0.7421875 0.39375 0.7421875 0.3843753796875 0.7484375 0.37812537968750004 0.7484375 0.375 0.7515625 0.3718753796875 0.7515625 0.32968769062500003 0.75 0.3281253796875 0.75 0.325 0.7484375 0.323437690625 0.7484375 0.314062309375 0.7421875 0.307812309375 0.740625 0.307812309375 0.7390625 0.30625 0.734375 0.30625 0.7328125 0.304687690625 0.73125 0.304687690625 0.728125 0.301562309375 0.7140625 0.301562309375 0.7125 0.3 0.7046875 0.3 0.703125 0.29843769062500003 0.7 0.29843769062500003 0.696875 0.29531230937499997 0.6953125 0.29531230937499997 0.6890625 0.289062309375 0.6828125 0.289062309375 0.6796875 0.292187690625 0.66875 0.292187690625 0.6671875 0.2906253796875 0.6640625 0.2906253796875
35 0.36875 0.58125 0.3640625 0.585937690625 0.3625 0.585937690625 0.3609375 0.5875 0.359375 0.5875 0.3578125 0.589062309375 0.35625 0.589062309375 0.3515625 0.59375 0.3484375 0.59375 0.346875 0.595312309375 0.3453125 0.595312309375 0.340625 0.6 0.3390625 0.6 0.3328125 0.60625 0.33125 0.60625 0.3265625 0.6109376906249999 0.3265625 0.7046876906249999 0.3328125 0.710937690625 0.3390625 0.710937690625 0.3453125 0.717187690625 0.35 0.717187690625 0.3515625 0.71875 0.353125 0.71875 0.3578125 0.723437690625 0.359375 0.723437690625 0.3640625 0.7281253796875 0.365625 0.7281253796875 0.3671875 0.7296876906249999 0.371875 0.7296876906249999 0.378125 0.7359376906249999 0.3796875 0.7359376906249999 0.384375 0.7406253796875 0.3984375 0.7406253796875 0.4015625 0.7375 0.403125 0.7375 0.4046875 0.7359376906249999 0.4078125 0.7359376906249999 0.4140625 0.7296876906249999 0.415625 0.7296876906249999 0.4171875 0.7281253796875 0.41875 0.7281253796875 0.421875 0.725 0.4234375 0.725 0.425 0.723437690625 0.428125 0.723437690625 0.434375 0.717187690625 0.4390625 0.717187690625 0.440625 0.7156253796875001 0.4421875 0.7156253796875001 0.4421875 0.714062309375 0.4453125 0.710937690625 0.4484375 0.710937690625 0.4515625 0.7078123093750001 0.453125 0.7078123093750001 0.4578125 0.7031253796875 0.459375 0.7031253796875 0.459375 0.7015623093750001 0.4609375 0.7 0.4609375 0.6140623093750001 0.459375 0.6125 0.459375 0.6109376906249999 0.4546875 0.60625 0.453125 0.60625 0.4484375 0.601562309375 0.446875 0.601562309375 0.4453125 0.6 0.44375 0.6 0.4421875 0.598437690625 0.440625 0.598437690625 0.4375 0.595312309375 0.4359375 0.595312309375 0.434375 0.59375 0.43125 0.59375 0.428125 0.5906253796875001 0.4265625 0.5906253796875001 0.425 0.589062309375 0.4234375 0.589062309375 0.421875 0.5875 0.4203125 0.5875 0.4171875 0.5843753796875 0.4171875 0.5828123093750001 0.415625 0.5828123093750001 0.4078125 0.575 0.40625 0.575 0.403125 0.5718753796875 0.38125 0.5718753796875 0.378125 0.575 0.3765625 0.575 0.3703125 0.58125 0.36875 0.58125
35 0.590625 0.135937690625 0.5890625 0.135937690625 0.5875 0.1375 0.584375 0.1375 0.578125 0.14375 0.5765625 0.14375 0.575 0.145312309375 0.5734375 0.145312309375 0.56875 0.15 0.5671875 0.15 0.5640625 0.1531253796875 0.5640625 0.154687690625 0.5625 0.15625 0.5625 0.16875 0.5609375 0.170312309375 0.5609375 0.1718753796875 0.55625 0.176562309375 0.55625 0.1781253796875 0.553125 0.18125 0.5515625 0.18125 0.55 0.18281230937499998 0.55 0.257812309375 0.553125 0.260937690625 0.55625 0.260937690625 0.5578125 0.2625 0.559375 0.2625 0.5640625 0.26718769062500003 0.565625 0.26718769062500003 0.5671875 0.26875 0.56875 0.26875 0.571875 0.27187537968750003 0.5734375 0.27187537968750003 0.575 0.273437690625 0.578125 0.273437690625 0.5796875 0.275 0.58125 0.275 0.5828125 0.276562309375 0.584375 0.276562309375 0.5859375 0.2781253796875 0.5984375 0.2781253796875 0.6 0.276562309375 0.6015625 0.276562309375 0.603125 0.275 0.6046875 0.275 0.60625 0.273437690625 0.61875 0.273437690625 0.6203125 0.275 0.6234375 0.275 0.625 0.276562309375 0.6265625 0.276562309375 0.628125 0.2781253796875 0.6421875 0.2781253796875 0.6453125 0.275 0.646875 0.275 0.6484375 0.273437690625 0.653125 0.273437690625 0.659375 0.26718769062500003 0.665625 0.26718769062500003 0.6671875 0.2656253796875 0.6671875 0.26406230937499997 0.66875 0.2625 0.6703125 0.2625 0.671875 0.260937690625 0.675 0.260937690625 0.6765625 0.2593753796875 0.678125 0.2593753796875 0.678125 0.185937690625 0.66875 0.176562309375 0.66875 0.175 0.6671875 0.173437690625 0.6671875 0.170312309375 0.665625 0.16875 0.665625 0.167187690625 0.6640625 0.1656253796875 0.6640625 0.164062309375 0.6625 0.1625 0.6625 0.15937537968749999 0.6609375 0.157812309375 0.6609375 0.1531253796875 0.653125 0.145312309375 0.6515625 0.145312309375 0.65 0.14375 0.646875 0.14375 0.6453125 0.142187690625 0.64375 0.142187690625 0.6421875 0.1406253796875 0.6421875 0.139062309375 0.640625 0.139062309375 0.6390625 0.1375 0.6375 0.1375 0.6359375 0.135937690625 0.634375 0.135937690625 0.6296875 0.13125 0.628125 0.13125 0.6234375 0.126562309375 0.6 0.126562309375 0.6 0.12812537968749999 0.596875 0.13125 0.5953125 0.13125 0.590625 0.135937690625
17 0.528125 0.2906253796875 0.5265625 0.2906253796875 0.525 0.292187690625 0.5234375 0.292187690625 0.521875 0.29375 0.5109375 0.29375 0.509375 0.29531230937499997 0.50625 0.29531230937499997 0.5046875 0.2968753796875 0.503125 0.2968753796875 0.5 0.3 0.4984375 0.3 0.496875 0.301562309375 0.4953125 0.301562309375 0.4953125 0.30312537968750003 0.49375 0.304687690625 0.49375 0.30625 0.4921875 0.307812309375 0.4921875 0.310937690625 0.490625 0.3125 0.490625 0.314062309375 0.4921875 0.31562537968750004 0.496875 0.31562537968750004 0.4984375 0.317187690625 0.5 0.317187690625 0.5015625 0.31875 0.503125 0.31875 0.5046875 0.320312309375 0.5046875 0.3218753796875 0.5078125 0.325 0.5078125 0.32656230937499997 0.5109375 0.32968769062500003 0.5109375 0.332812309375 0.5125 0.33437537968750003 0.5125 0.339062309375 0.5140625 0.3406253796875 0.5140625 0.342187690625 0.51875 0.34687537968750004 0.51875 0.348437690625 0.5203125 0.35 0.5203125 0.351562309375 0.521875 0.3531253796875 0.5203125 0.354687690625 0.5203125 0.35781230937499997 0.5171875 0.36093769062500003 0.515625 0.36093769062500003 0.5140625 0.3625 0.5125 0.3625 0.5109375 0.364062309375 0.509375 0.364062309375 0.5 0.373437690625 0.4984375 0.373437690625 0.496875 0.375 0.490625 0.375 0.4890625 0.373437690625 0.4875 0.373437690625 0.4859375 0.3718753796875 0.4859375 0.370312309375 0.4796875 0.364062309375 0.478125 0.364062309375 0.478125 0.3875 0.4828125 0.39218769062500003 0.4859375 0.39218769062500003 0.4890625 0.395312309375 0.490625 0.395312309375 0.49375 0.398437690625 0.49375 0.4 0.496875 0.4031253796875 0.496875 0.404687690625 0.4984375 0.40625 0.4984375 0.41875 0.5 0.420312309375 0.5 0.423437690625 0.5015625 0.425 0.503125 0.425 0.5046875 0.42656230937500006 0.5046875 0.42812537968750003 0.50625 0.42812537968750003 0.5078125 0.42968769062499995 0.509375 0.42968769062499995 0.5125 0.43281230937500004 0.5125 0.4343753796875 0.5140625 0.435937690625 0.5171875 0.435937690625 0.51875 0.4375 0.5203125 0.4375 0.5234375 0.44062537968750004 0.525 0.44062537968750004 0.5265625 0.44218769062499996 0.528125 0.44218769062499996 0.53125 0.44531230937500005 0.5484375 0.44531230937500005 0.5515625 0.44218769062499996 0.553125 0.44218769062499996 0.5546875 0.44062537968750004 0.55625 0.44062537968750004 0.559375 0.4375 0.5609375 0.4375 0.5625 0.435937690625 0.565625 0.435937690625 0.571875 0.42968769062499995 0.575 0.42968769062499995 0.5765625 0.42812537968750003 0.578125 0.42812537968750003 0.5828125 0.423437690625 0.5875 0.423437690625 0.5890625 0.4218753796875 0.590625 0.4218753796875 0.5953125 0.41718769062499994 0.5984375 0.41718769062499994 0.60625 0.40937537968750004 0.60625 0.407812309375 0.609375 0.404687690625 0.609375 0.345312309375 0.6078125 0.34375 0.6078125 0.3406253796875 0.60625 0.339062309375 0.60625 0.335937690625 0.6046875 0.33437537968750003 0.6046875 0.332812309375 0.603125 0.33125 0.6015625 0.33125 0.6 0.32968769062500003 0.5984375 0.32968769062500003 0.5921875 0.323437690625 0.5921875 0.320312309375 0.590625 0.31875 0.590625 0.317187690625 0.5875 0.314062309375 0.5875 0.3093753796875 0.5859375 0.307812309375 0.5859375 0.30625 0.584375 0.304687690625 0.584375 0.30312537968750003 0.5828125 0.301562309375 0.58125 0.301562309375 0.5796875 0.3 0.578125 0.3 0.5765625 0.29843769062500003 0.575 0.29843769062500003 0.571875 0.29531230937499997 0.56875 0.29531230937499997 0.5671875 0.29375 0.5625 0.29375 0.5609375 0.292187690625 0.5546875 0.292187690625 0.553125 0.29375 0.5515625 0.292187690625 0.55 0.292187690625 0.5421875 0.28437537968750004 0.540625 0.28437537968750004 0.5390625 0.282812309375 0.5375 0.282812309375 0.5359375 0.28437537968750004 0.5328125 0.28437537968750004 0.5328125 0.285937690625 0.528125 0.2906253796875
25 0.2140625 0.5625 0.2078125 0.56875 0.203125 0.56875 0.196875 0.575 0.1953125 0.575 0.1953125 0.598437690625 0.2015625 0.598437690625 0.2078125 0.592187690625 0.2109375 0.592187690625 0.215625 0.5875 0.2171875 0.5875 0.21875 0.585937690625 0.2203125 0.585937690625 0.2265625 0.5796876906249999 0.228125 0.5796876906249999 0.2421875 0.5656253796875 0.2421875 0.557812309375 0.221875 0.557812309375 0.21875 0.560937690625 0.2171875 0.560937690625 0.215625 0.5625 0.2140625 0.5625
24 0.7109375 0.5843753796875 0.7125 0.585937690625 0.715625 0.585937690625 0.71875 0.589062309375 0.71875 0.5906253796875001 0.7203125 0.592187690625 0.721875 0.592187690625 0.7265625 0.5968753796875 0.728125 0.5968753796875 0.7296875 0.598437690625 0.7328125 0.598437690625 0.7390625 0.6046876906249999 0.7421875 0.6046876906249999 0.7453125 0.6078123093750001 0.7546875 0.6078123093750001 0.7546875 0.60625 0.75625 0.6046876906249999 0.75625 0.5968753796875 0.7546875 0.595312309375 0.7546875 0.589062309375 0.753125 0.5875 0.7515625 0.5875 0.7484375 0.5843753796875 0.7484375 0.5828123093750001 0.746875 0.58125 0.74375 0.58125 0.7421875 0.5796876906249999 0.740625 0.5796876906249999 0.7359375 0.575 0.7328125 0.575 0.7296875 0.5718753796875 0.7296875 0.570312309375 0.728125 0.56875 0.7265625 0.56875 0.7234375 0.5656253796875 0.703125 0.5656253796875 0.703125 0.5796876906249999 0.7046875 0.5796876906249999 0.709375 0.5843753796875 0.7109375 0.5843753796875
13 0.309375 0.27187537968750003 0.3109375 0.273437690625 0.315625 0.273437690625 0.31875 0.276562309375 0.340625 0.276562309375 0.34375 0.273437690625 0.3453125 0.273437690625 0.346875 0.27187537968750003 0.346875 0.21406230937499998 0.29375 0.21406230937499998 0.29375 0.273437690625 0.30625 0.273437690625 0.3078125 0.27187537968750003 0.309375 0.27187537968750003
24 0.6390625 0.575 0.6375 0.5765623093750001 0.6375 0.5781253796875 0.634375 0.58125 0.63125 0.58125 0.6265625 0.585937690625 0.625 0.585937690625 0.6234375 0.5875 0.6203125 0.5875 0.61875 0.589062309375 0.61875 0.598437690625 0.6171875 0.6 0.6171875 0.6046876906249999 0.61875 0.60625 0.61875 0.6093753796875 0.628125 0.6093753796875 0.6328125 0.6046876906249999 0.6359375 0.6046876906249999 0.640625 0.6 0.6421875 0.6 0.64375 0.598437690625 0.646875 0.598437690625 0.6484375 0.5968753796875 0.6484375 0.595312309375 0.6515625 0.592187690625 0.653125 0.592187690625 0.6578125 0.5875 0.659375 0.5875 0.6609375 0.585937690625 0.6640625 0.585937690625 0.671875 0.5781253796875 0.671875 0.567187690625 0.65 0.567187690625 0.6484375 0.56875 0.646875 0.56875 0.640625 0.575 0.6390625 0.575
14 0.6046875 0.275 0.60625 0.275 0.6078125 0.273437690625 0.615625 0.273437690625 0.6171875 0.275 0.61875 0.275 0.6203125 0.276562309375 0.634375 0.276562309375 0.6359375 0.275 0.6375 0.275 0.6390625 0.273437690625 0.640625 0.273437690625 0.640625 0.21406230937499998 0.5875 0.21406230937499998 0.5875 0.275 0.5890625 0.276562309375 0.603125 0.276562309375 0.6046875 0.275
33 0.525 0.1343753796875 0.521875 0.1375 0.5203125 0.1375 0.51875 0.139062309375 0.51875 0.175 0.5203125 0.176562309375 0.5203125 0.1781253796875 0.521875 0.1781253796875 0.5234375 0.179687690625 0.553125 0.179687690625 0.559375 0.173437690625 0.559375 0.139062309375 0.5546875 0.1343753796875 0.5546875 0.132812309375 0.553125 0.13125 0.5515625 0.13125 0.5484375 0.12812537968749999 0.53125 0.12812537968749999 0.528125 0.13125 0.5265625 0.13125 0.525 0.132812309375 0.525 0.1343753796875
33 0.6703125 0.135937690625 0.66875 0.1375 0.66875 0.1406253796875 0.6671875 0.142187690625 0.6671875 0.176562309375 0.6703125 0.179687690625 0.703125 0.179687690625 0.7046875 0.1781253796875 0.7046875 0.175 0.70625 0.173437690625 0.70625 0.15156230937499998 0.7046875 0.15 0.7046875 0.139062309375 0.696875 0.13125 0.6953125 0.13125 0.6921875 0.12812537968749999 0.678125 0.12812537968749999 0.6765625 0.12968769062500002 0.675 0.12968769062500002 0.6703125 0.1343753796875 0.6703125 0.135937690625
24 0.7875 0.439062309375 0.7875 0.44062537968750004 0.7890625 0.44218769062499996 0.7921875 0.44218769062499996 0.796875 0.4468753796875 0.7984375 0.4468753796875 0.8 0.44843769062499994 0.803125 0.44843769062499994 0.80625 0.451562309375 0.80625 0.4531253796875 0.8078125 0.454687690625 0.8109375 0.454687690625 0.8125 0.45625 0.8140625 0.45625 0.8171875 0.45937537968750003 0.81875 0.45937537968750003 0.8203125 0.46093769062499995 0.8328125 0.46093769062499995 0.8328125 0.44843769062499994 0.83125 0.4468753796875 0.83125 0.44531230937500005 0.8234375 0.4375 0.821875 0.4375 0.8203125 0.435937690625 0.81875 0.435937690625 0.8171875 0.4343753796875 0.8171875 0.43281230937500004 0.815625 0.43125 0.8125 0.43125 0.809375 0.42812537968750003 0.8078125 0.42812537968750003 0.8046875 0.425 0.803125 0.425 0.796875 0.41875 0.7765625 0.41875 0.7765625 0.42968769062499995 0.7828125 0.435937690625 0.784375 0.435937690625 0.7875 0.439062309375
27 0.546875 0.279687690625 0.5515625 0.279687690625 0.5578125 0.285937690625 0.559375 0.285937690625 0.5625 0.289062309375 0.5625 0.2906253796875 0.5640625 0.292187690625 0.5671875 0.292187690625 0.56875 0.29375 0.5703125 0.29375 0.5734375 0.2968753796875 0.575 0.2968753796875 0.5765625 0.29843769062500003 0.578125 0.29843769062500003 0.58125 0.301562309375 0.590625 0.301562309375 0.590625 0.285937690625 0.5890625 0.28437537968750004 0.5890625 0.282812309375 0.5875 0.282812309375 0.5859375 0.28125 0.584375 0.28125 0.5828125 0.279687690625 0.58125 0.279687690625 0.5796875 0.2781253796875 0.5796875 0.276562309375 0.578125 0.275 0.5765625 0.275 0.571875 0.270312309375 0.5703125 0.270312309375 0.56875 0.26875 0.565625 0.26875 0.559375 0.2625 0.5515625 0.2625 0.55 0.260937690625 0.5421875 0.260937690625 0.5421875 0.270312309375 0.54375 0.27187537968750003 0.54375 0.276562309375 0.546875 0.279687690625
33 0.5953125 0.28125 0.59375 0.282812309375 0.59375 0.3218753796875 0.5953125 0.323437690625 0.596875 0.323437690625 0.6 0.32656230937499997 0.628125 0.32656230937499997 0.6328125 0.3218753796875 0.6328125 0.289062309375 0.63125 0.2875 0.63125 0.285937690625 0.6296875 0.28437537968750004 0.6296875 0.282812309375 0.628125 0.28125 0.6265625 0.28125 0.6234375 0.2781253796875 0.6234375 0.276562309375 0.621875 0.275 0.6015625 0.275 0.6 0.276562309375 0.6 0.2781253796875 0.596875 0.28125 0.5953125 0.28125
13 0.640625 0.56875 0.640625 0.507812309375 0.5875 0.507812309375 0.5875 0.570312309375 0.5890625 0.5718753796875 0.6375 0.5718753796875 0.640625 0.56875
14 0.5671875 0.657812309375 0.565625 0.65625 0.5625 0.65625 0.5609375 0.654687690625 0.5140625 0.654687690625 0.5140625 0.717187690625 0.565625 0.717187690625 0.5671875 0.7156253796875001 0.5671875 0.657812309375
8 0.3453125 0.8031253796875 0.2953125 0.8031253796875 0.2953125 0.8625 0.34375 0.8625 0.3453125 0.860937690625 0.3453125 0.8031253796875
11 0.403125 0.71875 0.4046875 0.717187690625 0.415625 0.717187690625 0.4171875 0.7156253796875001 0.41875 0.7156253796875001 0.4203125 0.714062309375 0.4203125 0.657812309375 0.41875 0.65625 0.4171875 0.65625 0.415625 0.654687690625 0.3671875 0.654687690625 0.3671875 0.717187690625 0.384375 0.717187690625 0.3859375 0.71875 0.403125 0.71875
8 0.4921875 0.567187690625 0.4921875 0.5093753796875 0.4390625 0.5093753796875 0.4390625 0.570312309375 0.490625 0.570312309375 0.490625 0.56875 0.4921875 0.567187690625
2 0.21875 0.42812537968750003 0.2171875 0.42968769062499995 0.2171875 0.43125 0.215625 0.43281230937500004 0.215625 0.46093769062499995 0.21875 0.46406230937500004 0.21875 0.47187537968750004 0.2203125 0.47343769062499996 0.221875 0.47343769062499996 0.225 0.47656230937500005 0.225 0.4781253796875 0.2609375 0.4781253796875 0.2640625 0.475 0.265625 0.475 0.2671875 0.47343769062499996 0.26875 0.47343769062499996 0.271875 0.470312309375 0.271875 0.46875 0.2734375 0.467187690625 0.2734375 0.45 0.271875 0.44843769062499994 0.271875 0.4468753796875 0.2703125 0.44531230937500005 0.26875 0.44531230937500005 0.2671875 0.44375 0.2640625 0.44375 0.259375 0.439062309375 0.2578125 0.439062309375 0.25625 0.4375 0.25625 0.435937690625 0.2546875 0.4343753796875 0.2546875 0.43125 0.24375 0.420312309375 0.24375 0.41875 0.225 0.41875 0.2234375 0.420312309375 0.2234375 0.4218753796875 0.21875 0.42656230937500006 0.21875 0.42812537968750003
7 0.228125 0.41875 0.2296875 0.41718769062499994 0.2390625 0.41718769062499994 0.2453125 0.423437690625 0.26875 0.423437690625 0.2703125 0.4218753796875 0.271875 0.4218753796875 0.271875 0.420312309375 0.2734375 0.41875 0.2734375 0.364062309375 0.2703125 0.36093769062500003 0.2203125 0.36093769062500003 0.2203125 0.4218753796875 0.221875 0.4218753796875 0.225 0.41875 0.228125 0.41875
24 0.7546875 0.3125 0.7546875 0.3718753796875 0.7671875 0.3718753796875 0.7671875 0.3125 0.7546875 0.3125
27 0.571875 0.592187690625 0.5765625 0.592187690625 0.5828125 0.598437690625 0.584375 0.598437690625 0.590625 0.6046876906249999 0.59375 0.6046876906249999 0.5953125 0.60625 0.596875 0.60625 0.5984375 0.6078123093750001 0.609375 0.6078123093750001 0.609375 0.59375 0.60625 0.5906253796875001 0.60625 0.589062309375 0.6046875 0.589062309375 0.596875 0.58125 0.5953125 0.58125 0.59375 0.5796876906249999 0.5921875 0.5796876906249999 0.590625 0.5781253796875 0.590625 0.5765623093750001 0.5890625 0.5765623093750001 0.5875 0.575 0.5828125 0.575 0.5796875 0.5718753796875 0.5796875 0.570312309375 0.578125 0.56875 0.5765625 0.56875 0.575 0.567187690625 0.55625 0.567187690625 0.55625 0.5781253796875 0.5640625 0.585937690625 0.565625 0.585937690625 0.571875 0.592187690625
16 0.4203125 0.364062309375 0.4171875 0.36093769062500003 0.365625 0.36093769062500003 0.365625 0.423437690625 0.415625 0.423437690625 0.4203125 0.41875 0.4203125 0.364062309375
11 0.715625 0.41875 0.715625 0.364062309375 0.7125 0.36093769062500003 0.6609375 0.36093769062500003 0.6609375 0.4218753796875 0.6625 0.423437690625 0.7109375 0.423437690625 0.715625 0.41875
24 0.8015625 0.5625 0.8 0.564062309375 0.8 0.5656253796875 0.7984375 0.567187690625 0.796875 0.567187690625 0.7953125 0.56875 0.79375 0.56875 0.7921875 0.570312309375 0.790625 0.570312309375 0.7859375 0.575 0.784375 0.575 0.7828125 0.5765623093750001 0.78125 0.5765623093750001 0.78125 0.5781253796875 0.778125 0.58125 0.775 0.58125 0.7703125 0.585937690625 0.76875 0.585937690625 0.7671875 0.5875 0.765625 0.5875 0.7640625 0.589062309375 0.7640625 0.60625 0.7734375 0.60625 0.775 0.6046876906249999 0.784375 0.6046876906249999 0.790625 0.598437690625 0.7921875 0.598437690625 0.796875 0.59375 0.7984375 0.59375 0.8 0.592187690625 0.803125 0.592187690625 0.809375 0.585937690625 0.8109375 0.585937690625 0.8125 0.5843753796875 0.8140625 0.5843753796875 0.81875 0.5796876906249999 0.821875 0.5796876906249999 0.8234375 0.5781253796875 0.8234375 0.5765623093750001 0.8265625 0.5734376906249999 0.828125 0.5734376906249999 0.8296875 0.5718753796875 0.8296875 0.570312309375 0.83125 0.56875 0.83125 0.55625 0.8125 0.55625 0.8078125 0.560937690625 0.80625 0.560937690625 0.8046875 0.5625 0.8015625 0.5625
31 0.1546875 0.6218753796875001 0.184375 0.6218753796875001 0.1890625 0.617187690625 0.190625 0.617187690625 0.1921875 0.6156253796875 0.1921875 0.58125 0.190625 0.5796876906249999 0.190625 0.5781253796875 0.1859375 0.5734376906249999 0.1859375 0.5718753796875 0.184375 0.570312309375 0.184375 0.567187690625 0.15625 0.567187690625 0.15625 0.5734376906249999 0.1515625 0.5781253796875 0.1515625 0.61875 0.1546875 0.6218753796875001
24 0.696875 0.279687690625 0.7 0.282812309375 0.7 0.28437537968750004 0.7015625 0.285937690625 0.7046875 0.285937690625 0.7078125 0.289062309375 0.709375 0.289062309375 0.7125 0.292187690625 0.715625 0.292187690625 0.71875 0.29531230937499997 0.71875 0.2968753796875 0.7203125 0.2968753796875 0.721875 0.29843769062500003 0.7234375 0.29843769062500003 0.725 0.3 0.7265625 0.3 0.73125 0.304687690625 0.734375 0.304687690625 0.7375 0.307812309375 0.7375 0.3093753796875 0.7390625 0.310937690625 0.74375 0.310937690625 0.7453125 0.3125 0.7546875 0.3125 0.75625 0.310937690625 0.759375 0.310937690625 0.759375 0.3 0.7515625 0.292187690625 0.75 0.292187690625 0.7484375 0.2906253796875 0.7484375 0.289062309375 0.746875 0.2875 0.7453125 0.2875 0.74375 0.285937690625 0.7421875 0.285937690625 0.7375 0.28125 0.7359375 0.28125 0.734375 0.279687690625 0.7328125 0.279687690625 0.728125 0.275 0.725 0.275 0.7234375 0.273437690625 0.721875 0.273437690625 0.7171875 0.26875 0.715625 0.26875 0.709375 0.2625 0.6890625 0.2625 0.6890625 0.275 0.690625 0.275 0.6953125 0.279687690625 0.696875 0.279687690625
12 0.5671875 0.364062309375 0.5640625 0.36093769062500003 0.5140625 0.36093769062500003 0.5140625 0.423437690625 0.565625 0.423437690625 0.5671875 0.4218753796875 0.5671875 0.364062309375
7 0.7140625 0.65625 0.659375 0.65625 0.659375 0.717187690625 0.7125 0.717187690625 0.7140625 0.7156253796875001 0.7140625 0.65625
28 0.3671875 0.26406230937499997 0.3640625 0.26718769062500003 0.3625 0.26718769062500003 0.3609375 0.26875 0.359375 0.26875 0.353125 0.275 0.3515625 0.275 0.35 0.276562309375 0.3484375 0.276562309375 0.3484375 0.2781253796875 0.346875 0.279687690625 0.3453125 0.279687690625 0.34375 0.28125 0.340625 0.28125 0.3375 0.28437537968750004 0.3375 0.2968753796875 0.359375 0.2968753796875 0.3640625 0.292187690625 0.365625 0.292187690625 0.3671875 0.2906253796875 0.36875 0.2906253796875 0.36875 0.289062309375 0.3703125 0.2875 0.371875 0.2875 0.3734375 0.285937690625 0.378125 0.285937690625 0.3796875 0.28437537968750004 0.3796875 0.282812309375 0.3828125 0.279687690625 0.384375 0.279687690625 0.3859375 0.2781253796875 0.3875 0.2781253796875 0.390625 0.275 0.390625 0.273437690625 0.3921875 0.27187537968750003 0.3921875 0.260937690625 0.3734375 0.260937690625 0.371875 0.2625 0.3703125 0.2625 0.36875 0.26406230937499997 0.3671875 0.26406230937499997
28 0.325 0.12968769062500002 0.3265625 0.13125 0.328125 0.13125 0.3328125 0.135937690625 0.334375 0.135937690625 0.3375 0.139062309375 0.3375 0.1406253796875 0.3390625 0.142187690625 0.3421875 0.142187690625 0.34375 0.14375 0.3453125 0.14375 0.3484375 0.1468753796875 0.35 0.1468753796875 0.3515625 0.148437690625 0.353125 0.148437690625 0.35625 0.15156230937499998 0.35625 0.1531253796875 0.3578125 0.154687690625 0.3671875 0.154687690625 0.36875 0.1531253796875 0.3703125 0.1531253796875 0.3703125 0.15156230937499998 0.371875 0.15 0.371875 0.1375 0.365625 0.13125 0.3640625 0.13125 0.3609375 0.12812537968749999 0.3609375 0.126562309375 0.359375 0.125 0.3546875 0.125 0.353125 0.12343769062500001 0.3515625 0.12343769062500001 0.35 0.1218753796875 0.35 0.120312309375 0.3484375 0.120312309375 0.346875 0.11875 0.3453125 0.11875 0.3390625 0.1125 0.3203125 0.1125 0.3203125 0.12812537968749999 0.321875 0.12812537968749999 0.3234375 0.12968769062500002 0.325 0.12968769062500002
12 0.2203125 0.65625 0.2203125 0.717187690625 0.271875 0.717187690625 0.271875 0.65625 0.2203125 0.65625
27 0.65625 0.26875 0.6546875 0.270312309375 0.653125 0.270312309375 0.6484375 0.275 0.646875 0.275 0.640625 0.28125 0.6390625 0.28125 0.6375 0.282812309375 0.6375 0.301562309375 0.6421875 0.301562309375 0.64375 0.3 0.6453125 0.3 0.646875 0.29843769062500003 0.653125 0.29843769062500003 0.6546875 0.2968753796875 0.6546875 0.29531230937499997 0.6578125 0.292187690625 0.659375 0.292187690625 0.6640625 0.2875 0.665625 0.2875 0.6671875 0.285937690625 0.6703125 0.285937690625 0.6765625 0.279687690625 0.678125 0.279687690625 0.6796875 0.2781253796875 0.6796875 0.276562309375 0.6828125 0.273437690625 0.684375 0.273437690625 0.684375 0.2625 0.6640625 0.2625 0.6625 0.26406230937499997 0.6625 0.2656253796875 0.659375 0.26875 0.65625 0.26875
33 0.5203125 0.56875 0.5234375 0.5718753796875 0.525 0.5718753796875 0.5265625 0.5734376906249999 0.553125 0.5734376906249999 0.559375 0.567187690625 0.559375 0.535937690625 0.5578125 0.5343753796875 0.5578125 0.532812309375 0.5546875 0.529687690625 0.5546875 0.5281253796875001 0.5484375 0.5218753796875 0.5296875 0.5218753796875 0.525 0.526562309375 0.525 0.5281253796875001 0.5203125 0.532812309375 0.5203125 0.56875
34 0.375 0.1375 0.3734375 0.139062309375 0.3734375 0.14375 0.371875 0.145312309375 0.371875 0.173437690625 0.375 0.176562309375 0.375 0.1781253796875 0.3765625 0.179687690625 0.4078125 0.179687690625 0.4109375 0.176562309375 0.4109375 0.1718753796875 0.4125 0.170312309375 0.4125 0.145312309375 0.4109375 0.14375 0.4109375 0.1375 0.4046875 0.13125 0.403125 0.13125 0.4 0.12812537968749999 0.38125 0.12812537968749999 0.378125 0.13125 0.3765625 0.13125 0.375 0.132812309375 0.375 0.1375
28 0.396875 0.257812309375 0.3984375 0.25625 0.3984375 0.1843753796875 0.3859375 0.1843753796875 0.3859375 0.257812309375 0.3875 0.2593753796875 0.396875 0.2593753796875 0.396875 0.257812309375
25 0.621875 0.66875 0.621875 0.6093753796875 0.6078125 0.6093753796875 0.6078125 0.6671876906249999 0.6109375 0.6671876906249999 0.6125 0.66875 0.621875 0.66875
5 0.2890625 0.28125 0.2890625 0.31562537968750004 0.29375 0.320312309375 0.29375 0.325 0.2953125 0.32656230937499997 0.2953125 0.3281253796875 0.296875 0.3281253796875 0.2984375 0.32968769062500003 0.340625 0.32968769062500003 0.3421875 0.3281253796875 0.3421875 0.32656230937499997 0.3453125 0.323437690625 0.346875 0.323437690625 0.3484375 0.3218753796875 0.3484375 0.301562309375 0.346875 0.3 0.3453125 0.3 0.3390625 0.29375 0.334375 0.29375 0.3296875 0.289062309375 0.3296875 0.285937690625 0.328125 0.28437537968750004 0.328125 0.282812309375 0.31875 0.273437690625 0.296875 0.273437690625 0.29375 0.276562309375 0.29375 0.2781253796875 0.290625 0.28125 0.2890625 0.28125
15 0.1625 0.56875 0.165625 0.56875 0.1671875 0.567187690625 0.171875 0.567187690625 0.1734375 0.56875 0.1765625 0.56875 0.1796875 0.5718753796875 0.1953125 0.5718753796875 0.196875 0.570312309375 0.196875 0.56875 0.1984375 0.567187690625 0.1984375 0.5093753796875 0.146875 0.5093753796875 0.146875 0.56875 0.15 0.5718753796875 0.159375 0.5718753796875 0.1625 0.56875
24 0.8265625 0.46093769062499995 0.8265625 0.554687690625 0.840625 0.554687690625 0.840625 0.46093769062499995 0.8265625 0.46093769062499995
9 0.4921875 0.8625 0.4921875 0.8375 0.49375 0.835937690625 0.49375 0.8093753796875 0.4921875 0.8078123093749999 0.4921875 0.8031253796875 0.440625 0.8031253796875 0.440625 0.8625 0.4421875 0.864062309375 0.490625 0.864062309375 0.4921875 0.8625
30 0.671875 0.526562309375 0.6703125 0.526562309375 0.6703125 0.5281253796875001 0.66875 0.529687690625 0.66875 0.532812309375 0.6671875 0.5343753796875 0.6671875 0.535937690625 0.665625 0.5375 0.665625 0.567187690625 0.66875 0.570312309375 0.66875 0.5718753796875 0.6703125 0.5734376906249999 0.703125 0.5734376906249999 0.7046875 0.5718753796875 0.7046875 0.570312309375 0.7078125 0.567187690625 0.7078125 0.54375 0.70625 0.5421876906249999 0.70625 0.5375 0.7046875 0.535937690625 0.7046875 0.53125 0.703125 0.529687690625 0.703125 0.5281253796875001 0.6984375 0.523437690625 0.6984375 0.5218753796875 0.6953125 0.51875 0.6796875 0.51875 0.678125 0.5203123093750001 0.6765625 0.5203123093750001 0.6765625 0.5218753796875 0.671875 0.526562309375
16 0.640625 0.860937690625 0.640625 0.8031253796875 0.5875 0.8031253796875 0.5875 0.8625 0.5890625 0.864062309375 0.6375 0.864062309375 0.640625 0.860937690625
27 0.546875 0.25625 0.546875 0.185937690625 0.534375 0.185937690625 0.534375 0.257812309375 0.5359375 0.2593753796875 0.54375 0.2593753796875 0.546875 0.25625
5 0.440625 0.375 0.4375 0.37812537968750004 0.4375 0.4156253796875 0.4390625 0.41718769062499994 0.4390625 0.41875 0.440625 0.41875 0.4421875 0.420312309375 0.4421875 0.423437690625 0.44375 0.425 0.44375 0.42812537968750003 0.4859375 0.42812537968750003 0.4921875 0.4218753796875 0.4921875 0.420312309375 0.4953125 0.41718769062499994 0.4953125 0.4 0.4890625 0.39375 0.48125 0.39375 0.4796875 0.39218769062500003 0.478125 0.39218769062500003 0.475 0.38906230937499997 0.475 0.3875 0.4734375 0.385937690625 0.4734375 0.38125 0.471875 0.379687690625 0.471875 0.37812537968750004 0.4671875 0.373437690625 0.4671875 0.370312309375 0.4484375 0.370312309375 0.4453125 0.373437690625 0.44375 0.373437690625 0.4421875 0.375 0.440625 0.375
2 0.5875 0.6718753796875 0.584375 0.675 0.584375 0.70625 0.5859375 0.7078123093750001 0.5859375 0.7093753796875 0.5875 0.710937690625 0.5875 0.7156253796875001 0.5953125 0.723437690625 0.634375 0.723437690625 0.6359375 0.7218753796875 0.6359375 0.720312309375 0.6390625 0.717187690625 0.640625 0.717187690625 0.6421875 0.7156253796875001 0.6421875 0.695312309375 0.6390625 0.692187690625 0.6375 0.692187690625 0.6359375 0.6906253796875 0.6359375 0.689062309375 0.634375 0.689062309375 0.6328125 0.6875 0.6265625 0.6875 0.6234375 0.6843753796875001 0.6234375 0.6781253796875 0.6171875 0.6718753796875 0.6171875 0.66875 0.615625 0.6671876906249999 0.615625 0.6656253796875 0.59375 0.6656253796875 0.590625 0.66875 0.5890625 0.66875 0.5875 0.6703123093750001 0.5875 0.6718753796875
28 0.4640625 0.373437690625 0.4671875 0.373437690625 0.46875 0.3718753796875 0.4703125 0.3718753796875 0.471875 0.370312309375 0.471875 0.367187690625 0.4734375 0.36562537968750003 0.4734375 0.364062309375 0.471875 0.3625 0.471875 0.348437690625 0.4734375 0.34687537968750004 0.4734375 0.314062309375 0.459375 0.314062309375 0.459375 0.367187690625 0.4625 0.370312309375 0.4625 0.3718753796875 0.4640625 0.373437690625
10 0.44375 0.276562309375 0.4875 0.276562309375 0.4890625 0.275 0.490625 0.275 0.490625 0.273437690625 0.4921875 0.27187537968750003 0.4921875 0.21406230937499998 0.4390625 0.21406230937499998 0.4390625 0.273437690625 0.440625 0.275 0.4421875 0.275 0.44375 0.276562309375
29 0.4828125 0.32656230937499997 0.4828125 0.33125 0.48125 0.332812309375 0.48125 0.33437537968750003 0.4765625 0.339062309375 0.475 0.3375 0.4734375 0.3375 0.4734375 0.3593753796875 0.478125 0.3593753796875 0.4796875 0.36093769062500003 0.4796875 0.3625 0.48125 0.364062309375 0.48125 0.36562537968750003 0.4828125 0.367187690625 0.4828125 0.370312309375 0.484375 0.3718753796875 0.4859375 0.3718753796875 0.4875 0.373437690625 0.49375 0.373437690625 0.4953125 0.375 0.496875 0.373437690625 0.503125 0.373437690625 0.5046875 0.3718753796875 0.5046875 0.370312309375 0.50625 0.36875 0.50625 0.367187690625 0.5109375 0.3625 0.5125 0.3625 0.5140625 0.36093769062500003 0.515625 0.36093769062500003 0.5171875 0.3593753796875 0.51875 0.3593753796875 0.51875 0.348437690625 0.5171875 0.34687537968750004 0.5171875 0.345312309375 0.515625 0.34375 0.5140625 0.34375 0.5109375 0.3406253796875 0.5109375 0.335937690625 0.509375 0.33437537968750003 0.509375 0.33125 0.50625 0.3281253796875 0.50625 0.325 0.5046875 0.323437690625 0.5046875 0.320312309375 0.503125 0.31875 0.5 0.31875 0.4984375 0.317187690625 0.4875 0.317187690625 0.4875 0.31875 0.4859375 0.320312309375 0.4859375 0.323437690625 0.4828125 0.32656230937499997
30 0.740625 0.385937690625 0.740625 0.4218753796875 0.7421875 0.423437690625 0.746875 0.423437690625 0.7484375 0.425 0.75 0.425 0.7515625 0.42656230937500006 0.7578125 0.42656230937500006 0.759375 0.425 0.7734375 0.425 0.775 0.423437690625 0.778125 0.423437690625 0.7796875 0.4218753796875 0.7796875 0.382812309375 0.778125 0.38125 0.7765625 0.38125 0.7734375 0.37812537968750004 0.7734375 0.376562309375 0.771875 0.375 0.7703125 0.375 0.7671875 0.3718753796875 0.75 0.3718753796875 0.75 0.373437690625 0.74375 0.379687690625 0.74375 0.382812309375 0.740625 0.385937690625
15 0.7859375 0.567187690625 0.7875 0.5656253796875 0.7875 0.5171876906249999 0.7859375 0.5156253796875 0.7859375 0.507812309375 0.7359375 0.507812309375 0.7359375 0.56875 0.7828125 0.56875 0.784375 0.567187690625 0.7859375 0.567187690625
27 0.68125 0.1843753796875 0.68125 0.2593753796875 0.6921875 0.2593753796875 0.6921875 0.1843753796875 0.68125 0.1843753796875
25 0.25 0.55 0.2515625 0.5484376906249999 0.2515625 0.482812309375 0.2390625 0.482812309375 0.2390625 0.554687690625 0.246875 0.554687690625 0.25 0.5515623093750001 0.25 0.55
20 0.2703355265625 0.0037386015625 0.2048355265625 0.0037386015625 0.2048355265625 0.090957446875 0.2703355265625 0.090957446875 0.2703355265625 0.0037386015625
19 0.5661118421875 0.000782675 0.5014144734375 0.000782675 0.5014144734375 0.0828039515625 0.5661118421875 0.0828039515625 0.5661118421875 0.000782675
21 0.7828355265625 0.1448138296875 0.7207565796875001 0.1448138296875 0.7207565796875001 0.22795212812500001 0.7828355265625 0.22795212812500001 0.7828355265625 0.1448138296875
18 0.9350592109375 0.43207446875000005 0.8649671046874999 0.43207446875000005 0.8649671046874999 0.5247644375 0.9350592109375 0.5247644375 0.9350592109375 0.43207446875000005
18 0.78925 0.7383852578125001 0.7253421046875 0.7383852578125001 0.7253421046875 0.8240463531250001 0.78925 0.8240463531250001 0.78925 0.7383852578125001
18 0.5671677625 0.8813943765625 0.5022927625 0.8813943765625 0.5022927625 0.9687575984375 0.5671677625 0.9687575984375 0.5671677625 0.8813943765625
22 0.268213815625 0.8813981765625 0.20548355312500002 0.8813981765625 0.20548355312500002 0.96957446875 0.268213815625 0.96957446875 0.268213815625 0.8813981765625
23 0.1181875 0.5872606390625 0.0641019734375 0.5872606390625 0.0641019734375 0.6747150453125 0.1181875 0.6747150453125 0.1181875 0.5872606390625
18 0.12467763125 0.29819148906250004 0.0588355265625 0.29819148906250004 0.0588355265625 0.3827659578125 0.12467763125 0.3827659578125 0.12467763125 0.29819148906250004