0 0.3031248359375 0.1390626890625 0.3 0.1421873109375 0.2984375828125 0.1421873109375 0.2968751640625 0.14375 0.295312746875 0.14375 0.293749671875 0.1453126890625 0.292187253125 0.1453126890625 0.2890624171875 0.1484373109375 0.2875 0.1484373109375 0.28593758281250004 0.15 0.28437516406249996 0.15 0.27812483593750004 0.15625 0.27656241718749996 0.15625 0.270312746875 0.1625 0.267187253125 0.1625 0.2625 0.1671873109375 0.2609375828125 0.1671873109375 0.2593751640625 0.16875 0.257812746875 0.16875 0.257812746875 0.2703126890625 0.2593751640625 0.271874621875 0.2609375828125 0.271874621875 0.2625 0.2734373109375 0.2640624171875 0.2734373109375 0.270312746875 0.2796873109375 0.2734375828125 0.2796873109375 0.275 0.28125 0.27656241718749996 0.28125 0.279687253125 0.284374621875 0.281250328125 0.284374621875 0.282812746875 0.28593731093749997 0.28437516406249996 0.28593731093749997 0.2906248359375 0.2921873109375 0.293749671875 0.2921873109375 0.295312746875 0.29375 0.2968751640625 0.29375 0.3015624171875 0.2984373109375 0.304687253125 0.2984373109375 0.30624967187499996 0.3 0.307812746875 0.3 0.3109375828125 0.303124621875 0.3125 0.303124621875 0.3140624171875 0.3046873109375 0.317187253125 0.3046873109375 0.318749671875 0.30625 0.3234375828125 0.30625 0.325 0.3046873109375 0.329687253125 0.3046873109375 0.332812746875 0.3015626890625 0.3343751640625 0.3015626890625 0.3375 0.2984373109375 0.34062483593750004 0.2984373109375 0.342187253125 0.296874621875 0.343750328125 0.296874621875 0.34687516406249996 0.29375 0.34843758281250004 0.29375 0.35 0.2921873109375 0.3531248359375 0.2921873109375 0.354687253125 0.29062462187500004 0.354687253125 0.2890626890625 0.356249671875 0.2875 0.357812746875 0.2875 0.3593751640625 0.28593731093749997 0.3609375828125 0.28593731093749997 0.3625 0.284374621875 0.3640624171875 0.284374621875 0.3656248359375 0.2828126890625 0.3656248359375 0.28125 0.36874967187499996 0.27812462187500003 0.36874967187499996 0.275 0.3718751640625 0.271874621875 0.3718751640625 0.2671873109375 0.3734375828125 0.265624621875 0.3734375828125 0.24687462187500003 0.379687253125 0.24062462187500003 0.379687253125 0.2390626890625 0.3843751640625 0.23437537812499998 0.3843751640625 0.1734373109375 0.379687253125 0.16875 0.3781248359375 0.16875 0.3765624171875 0.1671873109375 0.375 0.1671873109375 0.3718751640625 0.1640626890625 0.370312746875 0.1640626890625 0.36874967187499996 0.1625 0.3656248359375 0.1625 0.3640624171875 0.16093731093750002 0.3625 0.16093731093750002 0.357812746875 0.15625 0.356249671875 0.15625 0.3515624171875 0.15156268906249998 0.35 0.15156268906249998 0.34843758281250004 0.15 0.345312746875 0.15 0.343750328125 0.1484373109375 0.342187253125 0.1484373109375 0.33906241718749996 0.1453126890625 0.3375 0.1453126890625 0.3343751640625 0.1421873109375 0.332812746875 0.1421873109375 0.329687253125 0.1390626890625 0.3265624171875 0.1390626890625 0.325 0.1375 0.320312746875 0.1375 0.318749671875 0.1359373109375 0.3140624171875 0.1359373109375 0.3125 0.1375 0.30624967187499996 0.1375 0.304687253125 0.1390626890625 0.3031248359375 0.1390626890625
0 0.5281248359374999 0.29375 0.5265624171875001 0.2953126890625 0.525 0.2953126890625 0.5234375828125 0.296874621875 0.5234375828125 0.2984373109375 0.5218751640625 0.3 0.520312746875 0.3 0.518749671875 0.3015626890625 0.5140624171875 0.3015626890625 0.5125 0.303124621875 0.5093751640625 0.303124621875 0.507812746875 0.3046873109375 0.504687253125 0.3046873109375 0.5031248359375 0.30625 0.5 0.30625 0.49843758281249995 0.30781268906250003 0.49687516406250004 0.30781268906250003 0.492187253125 0.3125 0.49062483593749995 0.3125 0.48906241718750004 0.3140626890625 0.4875 0.3140626890625 0.48437516406250003 0.31718731093749997 0.482812746875 0.31718731093749997 0.479687253125 0.3203126890625 0.479687253125 0.378124621875 0.481249671875 0.37968731093749997 0.481249671875 0.38437462187500004 0.482812746875 0.3859373109375 0.48437516406250003 0.3859373109375 0.4875 0.3890626890625 0.4875 0.396874621875 0.48906241718750004 0.3984373109375 0.48906241718750004 0.40625 0.49062483593749995 0.40781268906249996 0.49062483593749995 0.40937462187499996 0.492187253125 0.4109373109375 0.492187253125 0.4125 0.493749671875 0.4140626890625 0.493749671875 0.42343731093750003 0.495312746875 0.425 0.495312746875 0.42656268906249994 0.49687516406250004 0.428124621875 0.49843758281249995 0.428124621875 0.5 0.4296873109375 0.5015624171875 0.4296873109375 0.507812746875 0.43593731093750004 0.5109375828125 0.43593731093750004 0.5125 0.4375 0.5140624171875 0.4375 0.517187253125 0.44062462187499996 0.518749671875 0.44062462187499996 0.520312746875 0.4421873109375 0.5218751640625 0.4421873109375 0.5265624171875001 0.446874621875 0.5281248359374999 0.446874621875 0.529687253125 0.44843731093750006 0.5343751640625001 0.44843731093750006 0.5359375828124999 0.45 0.5468751640625 0.45 0.5484375828125 0.44843731093750006 0.5515624171875 0.44843731093750006 0.5531248359375 0.446874621875 0.554687253125 0.446874621875 0.554687253125 0.4453126890625 0.557812746875 0.4421873109375 0.5625 0.4421873109375 0.5640624171875 0.44062462187499996 0.5656248359375 0.44062462187499996 0.570312746875 0.43593731093750004 0.5718751640625 0.43593731093750004 0.5734375828125 0.434374621875 0.575 0.434374621875 0.5781248359375 0.43125 0.579687253125 0.43125 0.581249671875 0.4296873109375 0.582812746875 0.4296873109375 0.5875 0.425 0.5875 0.42343731093750003 0.5890624171875001 0.42187537812500003 0.5906248359374999 0.42187537812500003 0.5906248359374999 0.41875 0.592187253125 0.41718731093750006 0.592187253125 0.4 0.593750328125 0.3984373109375 0.593750328125 0.3953126890625 0.5968751640625001 0.3921873109375 0.5968751640625001 0.390625378125 0.5984375828124999 0.3890626890625 0.5984375828124999 0.3875 0.6 0.3859373109375 0.6 0.38437462187500004 0.6031248359375 0.38125 0.6031248359375 0.37968731093749997 0.604687253125 0.378124621875 0.604687253125 0.3734373109375 0.606249671875 0.37187462187500003 0.606249671875 0.33906268906250003 0.604687253125 0.3375 0.604687253125 0.32187462187500004 0.6031248359375 0.3203126890625 0.6031248359375 0.31875 0.6015624171875 0.31875 0.5968751640625001 0.3140626890625 0.595312746875 0.3140626890625 0.593750328125 0.3125 0.5875 0.3125 0.582812746875 0.30781268906250003 0.5734375828125 0.30781268906250003 0.5718751640625 0.30625 0.5640624171875 0.30625 0.5625 0.3046873109375 0.5609375828125 0.3046873109375 0.5593751640625 0.303124621875 0.5562496718750001 0.303124621875 0.554687253125 0.3015626890625 0.5531248359375 0.3015626890625 0.5484375828125 0.296874621875 0.5484375828125 0.2953126890625 0.5468751640625 0.29375 0.5468751640625 0.2921873109375 0.543749671875 0.2890626890625 0.5359375828124999 0.2890626890625 0.5343751640625001 0.29062462187500004 0.532812746875 0.29062462187500004 0.529687253125 0.29375 0.5281248359374999 0.29375
0 0.3765624171875 0.2953126890625 0.375 0.296874621875 0.375 0.2984373109375 0.3718751640625 0.3015626890625 0.3625 0.3015626890625 0.3609375828125 0.303124621875 0.3593751640625 0.303124621875 0.357812746875 0.3046873109375 0.356249671875 0.3046873109375 0.354687253125 0.30625 0.3515624171875 0.30625 0.35 0.30781268906250003 0.34843758281250004 0.30781268906250003 0.345312746875 0.3109373109375 0.343750328125 0.3109373109375 0.342187253125 0.3125 0.34062483593750004 0.3125 0.33906241718749996 0.3140626890625 0.3375 0.3140626890625 0.3375 0.315624621875 0.3359375828125 0.31718731093749997 0.3343751640625 0.31718731093749997 0.332812746875 0.31875 0.331249671875 0.31875 0.331249671875 0.415624621875 0.332812746875 0.41718731093750006 0.3343751640625 0.41718731093750006 0.3375 0.42031268906249997 0.3375 0.42187537812500003 0.33906241718749996 0.42343731093750003 0.345312746875 0.42343731093750003 0.3515624171875 0.4296873109375 0.356249671875 0.4296873109375 0.357812746875 0.43125 0.3593751640625 0.43125 0.3640624171875 0.43593731093750004 0.3656248359375 0.43593731093750004 0.367187253125 0.4375 0.36874967187499996 0.4375 0.3718751640625 0.44062462187499996 0.3734375828125 0.44062462187499996 0.375 0.4421873109375 0.3781248359375 0.4421873109375 0.3843751640625 0.44843731093750006 0.3890624171875 0.44843731093750006 0.3906248359375 0.45 0.4 0.45 0.4015624171875 0.44843731093750006 0.404687253125 0.44843731093750006 0.40625032812499995 0.446874621875 0.407812746875 0.446874621875 0.4109375828125 0.44375 0.4125 0.44375 0.41406241718750003 0.4421873109375 0.4156248359375 0.4421873109375 0.417187253125 0.44062462187499996 0.418749671875 0.44062462187499996 0.420312746875 0.43906268906249996 0.42187516406250003 0.43906268906249996 0.425 0.43593731093750004 0.42812483593749995 0.43593731093750004 0.429687253125 0.434374621875 0.431249671875 0.434374621875 0.43593758281249995 0.4296873109375 0.43906241718750005 0.4296873109375 0.442187253125 0.42656268906249994 0.442187253125 0.41875 0.443750328125 0.41718731093750006 0.443750328125 0.4140626890625 0.445312746875 0.4125 0.445312746875 0.4109373109375 0.44687516406250005 0.40937462187499996 0.44687516406250005 0.40468731093750004 0.44843758281249996 0.403124621875 0.44843758281249996 0.390625378125 0.454687253125 0.38437462187500004 0.454687253125 0.38125 0.457812746875 0.378124621875 0.457812746875 0.32187462187500004 0.45312483593749997 0.31718731093749997 0.4515624171875 0.31718731093749997 0.44843758281249996 0.3140626890625 0.44687516406250005 0.3140626890625 0.445312746875 0.3125 0.443750328125 0.3125 0.442187253125 0.3109373109375 0.44062483593749996 0.3109373109375 0.4375 0.30781268906250003 0.432812746875 0.30781268906250003 0.431249671875 0.30625 0.42656241718750004 0.30625 0.425 0.3046873109375 0.42187516406250003 0.3046873109375 0.420312746875 0.303124621875 0.41406241718750003 0.303124621875 0.4125 0.3015626890625 0.4109375828125 0.3015626890625 0.404687253125 0.2953126890625 0.404687253125 0.2921873109375 0.4031248359375 0.29062462187500004 0.3859375828125 0.29062462187500004 0.382812746875 0.29375 0.38125032812500004 0.29375 0.379687253125 0.2953126890625 0.3765624171875 0.2953126890625
17 0.220312746875 0.29375 0.218750328125 0.2953126890625 0.217187253125 0.2953126890625 0.2140624171875 0.2984373109375 0.2125 0.2984373109375 0.21093758281250002 0.3 0.207812746875 0.3 0.20625032812500002 0.3015626890625 0.20625032812500002 0.303124621875 0.204687253125 0.3046873109375 0.20312483593750003 0.3046873109375 0.20156241718749998 0.30625 0.2 0.30625 0.19843758281249999 0.30781268906250003 0.1968751640625 0.30781268906250003 0.192187253125 0.3125 0.1906248359375 0.3125 0.1890624171875 0.3140626890625 0.1875 0.3140626890625 0.1875 0.315624621875 0.1859375828125 0.31718731093749997 0.1843751640625 0.31718731093749997 0.18124967187500002 0.3203126890625 0.18124967187500002 0.415624621875 0.182812746875 0.41718731093750006 0.1843751640625 0.41718731093750006 0.1890624171875 0.42187537812500003 0.1906248359375 0.42187537812500003 0.192187253125 0.42343731093750003 0.1968751640625 0.42343731093750003 0.20312483593750003 0.4296873109375 0.20937516406249998 0.4296873109375 0.21093758281250002 0.43125 0.2125 0.43125 0.2140624171875 0.4328126890625 0.2140624171875 0.434374621875 0.217187253125 0.434374621875 0.218750328125 0.43593731093750004 0.2218751640625 0.43593731093750004 0.2234375828125 0.434374621875 0.22656241718749998 0.434374621875 0.23124967187499998 0.4296873109375 0.23437516406249997 0.4296873109375 0.2390624171875 0.425 0.2406248359375 0.425 0.242187253125 0.42343731093750003 0.2531248359375 0.42343731093750003 0.257812746875 0.428124621875 0.2609375828125 0.428124621875 0.2625 0.4296873109375 0.268750328125 0.4296873109375 0.270312746875 0.43125 0.275 0.43125 0.27656241718749996 0.4328126890625 0.27812483593750004 0.43125 0.279687253125 0.43125 0.281250328125 0.4296873109375 0.2890624171875 0.4296873109375 0.295312746875 0.42343731093750003 0.3015624171875 0.42343731093750003 0.307812746875 0.41718731093750006 0.3093751640625 0.41718731093750006 0.3109375828125 0.415624621875 0.3109375828125 0.4140626890625 0.3140624171875 0.4109373109375 0.3140624171875 0.3234373109375 0.3125 0.32187462187500004 0.3125 0.3203126890625 0.3109375828125 0.31875 0.3093751640625 0.31875 0.3031248359375 0.3125 0.2984375828125 0.3125 0.2968751640625 0.3109373109375 0.295312746875 0.3109373109375 0.292187253125 0.30781268906250003 0.2906248359375 0.30781268906250003 0.2890624171875 0.30625 0.2875 0.30625 0.282812746875 0.3015626890625 0.279687253125 0.3015626890625 0.27812483593750004 0.3 0.27656241718749996 0.3 0.275 0.2984373109375 0.2734375828125 0.2984373109375 0.2609375828125 0.28593731093749997 0.2593751640625 0.28593731093749997 0.254687253125 0.28125 0.2390624171875 0.28125 0.232812746875 0.2875 0.22812483593750002 0.2875 0.2218751640625 0.29375 0.220312746875 0.29375
17 0.44062483593749996 0.14375 0.43437516406250004 0.15 0.432812746875 0.15 0.42656241718750004 0.15625 0.425 0.15625 0.4234375828125 0.15781268906249998 0.42187516406250003 0.15781268906249998 0.417187253125 0.1625 0.4156248359375 0.1625 0.4093751640625 0.16875 0.407812746875 0.16875 0.40625032812499995 0.1703126890625 0.40625032812499995 0.23593731093749998 0.407812746875 0.2375 0.407812746875 0.2390626890625 0.4109375828125 0.24218731093749998 0.4109375828125 0.24375 0.4125 0.2453126890625 0.4125 0.2484373109375 0.41406241718750003 0.25 0.41406241718750003 0.25937462187500004 0.4156248359375 0.2609373109375 0.4156248359375 0.2640626890625 0.417187253125 0.265624621875 0.417187253125 0.26875 0.418749671875 0.2703126890625 0.418749671875 0.27812462187500003 0.420312746875 0.2796873109375 0.42187516406250003 0.2796873109375 0.425 0.2828126890625 0.425 0.284374621875 0.42656241718750004 0.28593731093749997 0.42812483593749995 0.28593731093749997 0.429687253125 0.2875 0.431249671875 0.2875 0.43437516406250004 0.29062462187500004 0.43593758281249995 0.29062462187500004 0.4375 0.2921873109375 0.44062483593749996 0.2921873109375 0.443750328125 0.2953126890625 0.443750328125 0.296874621875 0.445312746875 0.2984373109375 0.4515624171875 0.2984373109375 0.457812746875 0.3046873109375 0.46093758281249997 0.3046873109375 0.4625 0.30625 0.4718751640625 0.30625 0.4734375828125 0.3046873109375 0.4781248359375 0.3046873109375 0.479687253125 0.303124621875 0.479687253125 0.3015626890625 0.481249671875 0.3 0.482812746875 0.3 0.48437516406250003 0.2984373109375 0.4875 0.2984373109375 0.48906241718750004 0.296874621875 0.49062483593749995 0.296874621875 0.495312746875 0.2921873109375 0.5 0.2921873109375 0.5015624171875 0.29062462187500004 0.5031248359375 0.29062462187500004 0.507812746875 0.28593731093749997 0.5093751640625 0.28593731093749997 0.517187253125 0.27812462187500003 0.517187253125 0.271874621875 0.518749671875 0.2703126890625 0.518749671875 0.2640626890625 0.520312746875 0.2625 0.520312746875 0.25937462187500004 0.5218751640625 0.2578126890625 0.5218751640625 0.253124621875 0.5234375828125 0.2515626890625 0.5234375828125 0.2453126890625 0.525 0.24375 0.525 0.24218731093749998 0.5265624171875001 0.24062462187500003 0.5281248359374999 0.24062462187500003 0.5281248359374999 0.2390626890625 0.529687253125 0.2375 0.529687253125 0.23593731093749998 0.5343751640625001 0.23125 0.5343751640625001 0.1765626890625 0.5265624171875001 0.16875 0.525 0.16875 0.518749671875 0.1625 0.517187253125 0.1625 0.5156248359375 0.16093731093750002 0.5140624171875 0.16093731093750002 0.5093751640625 0.15625 0.507812746875 0.15625 0.5015624171875 0.15 0.49843758281249995 0.15 0.493749671875 0.1453126890625 0.492187253125 0.1453126890625 0.49062483593749995 0.14375 0.48906241718750004 0.14375 0.4859375828125 0.140624621875 0.4859375828125 0.1390626890625 0.48437516406250003 0.1390626890625 0.479687253125 0.134374621875 0.45624967187500004 0.134374621875 0.45312483593749997 0.1375 0.4515624171875 0.1375 0.445312746875 0.14375 0.44062483593749996 0.14375
36 0.5984375828124999 0.1421873109375 0.5968751640625001 0.1421873109375 0.595312746875 0.14375 0.593750328125 0.14375 0.5890624171875001 0.1484373109375 0.5875 0.1484373109375 0.5859375828125 0.15 0.5843751640625 0.15 0.582812746875 0.15156268906249998 0.581249671875 0.15156268906249998 0.581249671875 0.153124621875 0.5781248359375 0.15625 0.575 0.15625 0.570312746875 0.16093731093750002 0.5687503281249999 0.16093731093750002 0.567187253125 0.1625 0.5656248359375 0.1625 0.5593751640625 0.16875 0.557812746875 0.16875 0.5515624171875 0.175 0.55 0.175 0.55 0.1765626890625 0.5484375828125 0.178124621875 0.5484375828125 0.23125 0.5562496718750001 0.2390626890625 0.5562496718750001 0.24062462187500003 0.5625 0.24687462187500003 0.5625 0.265624621875 0.5640624171875 0.2671873109375 0.5640624171875 0.2703126890625 0.5687503281249999 0.275 0.5687503281249999 0.27656268906250003 0.5718751640625 0.2796873109375 0.5781248359375 0.2796873109375 0.581249671875 0.2828126890625 0.581249671875 0.284374621875 0.582812746875 0.28593731093749997 0.5890624171875001 0.28593731093749997 0.595312746875 0.2921873109375 0.5968751640625001 0.2921873109375 0.5984375828124999 0.29375 0.6 0.29375 0.6031248359375 0.296874621875 0.604687253125 0.296874621875 0.606249671875 0.2984373109375 0.6093751640625 0.2984373109375 0.6109375828125 0.3 0.6125 0.3 0.6140624171875 0.3015626890625 0.6156248359375 0.3015626890625 0.617187253125 0.3 0.620312746875 0.3 0.6218751640625 0.2984373109375 0.6234375828125 0.2984373109375 0.625 0.296874621875 0.6265624171875 0.296874621875 0.631249671875 0.2921873109375 0.6343751640625 0.2921873109375 0.6406248359375 0.28593731093749997 0.643749671875 0.28593731093749997 0.645312746875 0.284374621875 0.6468751640625 0.284374621875 0.6515624171875001 0.2796873109375 0.654687253125 0.2796873109375 0.656250328125 0.27812462187500003 0.657812746875 0.27812462187500003 0.6609375828124999 0.275 0.6625 0.275 0.6640624171875 0.2734373109375 0.6656248359375 0.2734373109375 0.670312746875 0.26875 0.6718751640625 0.26875 0.6734375828125 0.2671873109375 0.6765624171875 0.2671873109375 0.679687253125 0.2640626890625 0.679687253125 0.25937462187500004 0.6812496718750001 0.2578126890625 0.6812496718750001 0.18593731093750002 0.679687253125 0.184374621875 0.679687253125 0.1765626890625 0.6718751640625 0.16875 0.670312746875 0.16875 0.668749671875 0.1671873109375 0.667187253125 0.1671873109375 0.6640624171875 0.1640626890625 0.6625 0.1640626890625 0.6609375828124999 0.1625 0.6593751640625001 0.1625 0.657812746875 0.16093731093750002 0.656250328125 0.16093731093750002 0.6515624171875001 0.15625 0.65 0.15625 0.645312746875 0.15156268906249998 0.643749671875 0.15156268906249998 0.642187253125 0.15 0.6390624171875 0.15 0.632812746875 0.14375 0.631249671875 0.14375 0.6281248359375 0.140624621875 0.6281248359375 0.1390626890625 0.6265624171875 0.1390626890625 0.6234375828125 0.1359373109375 0.604687253125 0.1359373109375 0.6015624171875 0.1390626890625 0.6 0.1390626890625 0.6 0.140624621875 0.5984375828124999 0.1421873109375
6 0.432812746875 0.4453126890625 0.42812483593749995 0.45 0.42656241718750004 0.45 0.425 0.45156268906249997 0.4234375828125 0.45156268906249997 0.418749671875 0.45625 0.417187253125 0.45625 0.4156248359375 0.45781268906249994 0.41406241718750003 0.45781268906249994 0.4125 0.459374621875 0.4125 0.4609373109375 0.407812746875 0.465624621875 0.407812746875 0.47187462187499996 0.4093751640625 0.4734373109375 0.41406241718750003 0.4734373109375 0.4156248359375 0.47187462187499996 0.417187253125 0.47187462187499996 0.418749671875 0.47031268906249996 0.4234375828125 0.47031268906249996 0.425 0.47187462187499996 0.42656241718750004 0.47187462187499996 0.432812746875 0.478124621875 0.432812746875 0.47968731093750006 0.4375 0.48437537812500003 0.4375 0.490624621875 0.44843758281249996 0.5015626890625 0.44843758281249996 0.503124621875 0.44687516406250005 0.5046873109375001 0.44687516406250005 0.50625 0.44062483593749996 0.5125 0.43906241718750005 0.5125 0.42812483593749995 0.5234373109375 0.4234375828125 0.5234373109375 0.42187516406250003 0.525 0.420312746875 0.5234373109375 0.418749671875 0.5234373109375 0.4156248359375 0.5203126890625 0.41406241718750003 0.5203126890625 0.4125 0.51875 0.4093751640625 0.51875 0.407812746875 0.5171873109375 0.4015624171875 0.5171873109375 0.4015624171875 0.51875 0.4 0.5203126890625 0.4 0.559374621875 0.4031248359375 0.5625 0.404687253125 0.5625 0.40625032812499995 0.5640626890625 0.40625032812499995 0.565624621875 0.407812746875 0.5671873109375001 0.4125 0.5671873109375001 0.41406241718750003 0.56875 0.4156248359375 0.56875 0.417187253125 0.5703126890625 0.417187253125 0.5718746218749999 0.418749671875 0.5718746218749999 0.420312746875 0.5734373109375 0.42187516406250003 0.5734373109375 0.425 0.5765626890625 0.425 0.578124621875 0.42656241718750004 0.5796873109375 0.43437516406250004 0.5796873109375 0.4375 0.5828126890625 0.4375 0.584374621875 0.43906241718750005 0.5859373109375 0.442187253125 0.5859373109375 0.443750328125 0.5875 0.445312746875 0.5875 0.44843758281249996 0.590624621875 0.45 0.590624621875 0.4515624171875 0.5921873109375 0.454687253125 0.5921873109375 0.457812746875 0.5953126890625 0.4593751640625 0.5953126890625 0.46093758281249997 0.596874621875 0.4734375828125 0.596874621875 0.475 0.5953126890625 0.47656241718750003 0.5953126890625 0.4781248359375 0.59375 0.479687253125 0.59375 0.481249671875 0.5921873109375 0.48437516406250003 0.5921873109375 0.4859375828125 0.590624621875 0.4875 0.590624621875 0.49062483593749995 0.5875 0.492187253125 0.5875 0.493749671875 0.5859373109375 0.495312746875 0.5859373109375 0.49687516406250004 0.584374621875 0.49843758281249995 0.584374621875 0.49843758281249995 0.5828126890625 0.5015624171875 0.5796873109375 0.507812746875 0.5796873109375 0.5140624171875 0.5734373109375 0.5156248359375 0.5734373109375 0.517187253125 0.5718746218749999 0.518749671875 0.5718746218749999 0.5218751640625 0.56875 0.5234375828125 0.56875 0.525 0.5671873109375001 0.5281248359374999 0.5671873109375001 0.529687253125 0.565624621875 0.529687253125 0.5640626890625 0.532812746875 0.5609373109375 0.5343751640625001 0.5609373109375 0.5343751640625001 0.559374621875 0.5359375828124999 0.5578126890624999 0.5359375828124999 0.475 0.5343751640625001 0.4734373109375 0.5343751640625001 0.47031268906249996 0.529687253125 0.465624621875 0.529687253125 0.4640626890625 0.5281248359374999 0.4640626890625 0.5265624171875001 0.4625 0.525 0.4625 0.520312746875 0.45781268906249994 0.517187253125 0.45781268906249994 0.5156248359375 0.45625 0.5125 0.45625 0.5109375828125 0.45468731093750003 0.5093751640625 0.45468731093750003 0.5062503281249999 0.45156268906249997 0.504687253125 0.45156268906249997 0.5031248359375 0.45 0.5 0.45 0.49843758281249995 0.44843731093750006 0.49687516406250004 0.44843731093750006 0.493749671875 0.4453126890625 0.492187253125 0.4453126890625 0.4875 0.44062462187499996 0.4859375828125 0.44062462187499996 0.48437516406250003 0.43906268906249996 0.482812746875 0.43906268906249996 0.481249671875 0.4375 0.445312746875 0.4375 0.43906241718750005 0.44375 0.43593758281249995 0.44375 0.43437516406250004 0.4453126890625 0.432812746875 0.4453126890625
37 0.6875 0.3 0.682812746875 0.3046873109375 0.6734375828125 0.3046873109375 0.6718751640625 0.30625 0.670312746875 0.30625 0.668749671875 0.3046873109375 0.6640624171875 0.3046873109375 0.6625 0.303124621875 0.657812746875 0.303124621875 0.656250328125 0.3046873109375 0.654687253125 0.3046873109375 0.6531248359374999 0.30625 0.6484375828125 0.30625 0.6468751640625 0.30781268906250003 0.645312746875 0.30781268906250003 0.643749671875 0.30937462187500003 0.642187253125 0.30937462187500003 0.6406248359375 0.3109373109375 0.6390624171875 0.3109373109375 0.6375 0.3125 0.6343751640625 0.3125 0.625 0.32187462187500004 0.625 0.3234373109375 0.6234375828125 0.325 0.6234375828125 0.3265626890625 0.6218751640625 0.328124621875 0.6218751640625 0.378124621875 0.6265624171875 0.3828126890625 0.6265624171875 0.38437462187500004 0.6281248359375 0.38437462187500004 0.629687253125 0.3859373109375 0.629687253125 0.3875 0.631249671875 0.3890626890625 0.631249671875 0.390625378125 0.632812746875 0.3921873109375 0.632812746875 0.39375 0.6359375828125 0.396874621875 0.6359375828125 0.4 0.6375 0.4015626890625 0.6375 0.41718731093750006 0.6390624171875 0.41875 0.6390624171875 0.42031268906249997 0.6406248359375 0.42187537812500003 0.642187253125 0.42187537812500003 0.643749671875 0.42343731093750003 0.645312746875 0.42343731093750003 0.6515624171875001 0.4296873109375 0.656250328125 0.4296873109375 0.657812746875 0.43125 0.6593751640625001 0.43125 0.6640624171875 0.43593731093750004 0.667187253125 0.43593731093750004 0.668749671875 0.4375 0.670312746875 0.4375 0.6734375828125 0.44062462187499996 0.675 0.44062462187499996 0.6765624171875 0.4421873109375 0.6781248359375 0.4421873109375 0.6812496718750001 0.4453126890625 0.6812496718750001 0.446874621875 0.682812746875 0.44843731093750006 0.6843751640625 0.44843731093750006 0.6859375828125 0.45 0.6875 0.45 0.6890624171875 0.45156268906249997 0.693749671875 0.45156268906249997 0.695312746875 0.45 0.6984375828125 0.45 0.7 0.44843731093750006 0.7015624171875 0.44843731093750006 0.706249671875 0.44375 0.707812746875 0.44375 0.7093751640625 0.4421873109375 0.7125 0.4421873109375 0.7140624171875001 0.44062462187499996 0.7156248359374999 0.44062462187499996 0.720312746875 0.43593731093750004 0.7218751640625001 0.43593731093750004 0.7234375828124999 0.434374621875 0.725 0.434374621875 0.7281248359375 0.43125 0.729687253125 0.43125 0.731250328125 0.4296873109375 0.7343751640625 0.4296873109375 0.7390624171875 0.425 0.7406248359375 0.425 0.742187253125 0.42343731093750003 0.7468751640625 0.42343731093750003 0.7484375828125 0.42187537812500003 0.7484375828125 0.42031268906249997 0.7515624171875 0.41718731093750006 0.7531248359375 0.41718731093750006 0.754687253125 0.415624621875 0.754687253125 0.4140626890625 0.756249671875 0.4125 0.756249671875 0.4109373109375 0.757812746875 0.40937462187499996 0.757812746875 0.390625378125 0.756249671875 0.3890626890625 0.756249671875 0.33125 0.754687253125 0.3296873109375 0.754687253125 0.3203126890625 0.7531248359375 0.31875 0.7515624171875 0.31875 0.745312746875 0.3125 0.7437496718750001 0.3125 0.742187253125 0.3109373109375 0.7406248359375 0.3109373109375 0.7375 0.30781268906250003 0.7359375828125 0.30781268906250003 0.7343751640625 0.30625 0.732812746875 0.30625 0.731250328125 0.3046873109375 0.729687253125 0.3046873109375 0.7265624171875 0.3015626890625 0.725 0.3015626890625 0.7234375828124999 0.3 0.717187253125 0.3 0.7156248359374999 0.2984373109375 0.7140624171875001 0.2984373109375 0.7125 0.296874621875 0.7109375828125 0.296874621875 0.7093751640625 0.2953126890625 0.6984375828125 0.2953126890625 0.6968751640625 0.29375 0.693749671875 0.29375 0.692187253125 0.2953126890625 0.6906248359375 0.2953126890625 0.6875 0.2984373109375 0.6875 0.3
35 0.1625 0.43125 0.16093758281249998 0.4328126890625 0.15937516406250002 0.4328126890625 0.156250328125 0.43593731093750004 0.154687253125 0.43593731093750004 0.15312483593749998 0.4375 0.15 0.4375 0.1484375828125 0.43906268906249996 0.1468751640625 0.43906268906249996 0.143749671875 0.4421873109375 0.142187253125 0.4421873109375 0.1406248359375 0.44375 0.1390624171875 0.44375 0.1375 0.4453126890625 0.13593758281249999 0.4453126890625 0.132812746875 0.44843731093750006 0.131249671875 0.44843731093750006 0.129687253125 0.45 0.1281248359375 0.45 0.1265624171875 0.45156268906249997 0.125 0.45156268906249997 0.125 0.45312537812500003 0.12343758281249999 0.45468731093750003 0.12187516406250001 0.45468731093750003 0.120312746875 0.45625 0.118750328125 0.45625 0.11562483593749999 0.459374621875 0.11406241718750001 0.459374621875 0.11093758281249999 0.4625 0.1093751640625 0.4625 0.107812746875 0.4640626890625 0.107812746875 0.5609373109375 0.1093751640625 0.5625 0.11093758281249999 0.5625 0.1125 0.5640626890625 0.1125 0.565624621875 0.11406241718750001 0.5671873109375001 0.117187253125 0.5671873109375001 0.118750328125 0.56875 0.120312746875 0.56875 0.12343758281249999 0.5718746218749999 0.125 0.5718746218749999 0.1265624171875 0.5734373109375 0.1281248359375 0.5734373109375 0.131249671875 0.5765626890625 0.131249671875 0.578124621875 0.132812746875 0.5796873109375 0.1390624171875 0.5796873109375 0.145312746875 0.5859373109375 0.1468751640625 0.5859373109375 0.15156241718750002 0.590624621875 0.15312483593749998 0.590624621875 0.154687253125 0.5921873109375 0.157812746875 0.5921873109375 0.15937516406250002 0.59375 0.16093758281249998 0.59375 0.1625 0.5953126890625 0.1625 0.596874621875 0.1640624171875 0.5984373109375001 0.18124967187500002 0.5984373109375001 0.182812746875 0.596874621875 0.1843751640625 0.596874621875 0.1890624171875 0.5921873109375 0.1906248359375 0.5921873109375 0.1968751640625 0.5859373109375 0.20156241718749998 0.5859373109375 0.207812746875 0.5796873109375 0.21093758281250002 0.5796873109375 0.2125 0.578124621875 0.2140624171875 0.578124621875 0.217187253125 0.575 0.218750328125 0.575 0.220312746875 0.5734373109375 0.2218751640625 0.5734373109375 0.2234375828125 0.5718746218749999 0.2234375828125 0.5703126890625 0.22656241718749998 0.5671873109375001 0.229687253125 0.5671873109375001 0.23593758281250002 0.5609373109375 0.23593758281250002 0.55 0.2375 0.5484373109375 0.2375 0.490624621875 0.23593758281250002 0.48906268906249994 0.23593758281250002 0.48281268906249997 0.23437516406249997 0.48125 0.232812746875 0.48125 0.229687253125 0.478124621875 0.229687253125 0.4765626890625 0.22812483593750002 0.475 0.22656241718749998 0.475 0.2234375828125 0.47187462187499996 0.2234375828125 0.4640626890625 0.2218751640625 0.4625 0.2218751640625 0.4609373109375 0.2125 0.45156268906249997 0.21093758281250002 0.45156268906249997 0.20937516406249998 0.45 0.20625032812500002 0.45 0.204687253125 0.44843731093750006 0.20312483593750003 0.44843731093750006 0.20156241718749998 0.446874621875 0.2 0.446874621875 0.1968751640625 0.44375 0.195312746875 0.44375 0.193749671875 0.4421873109375 0.192187253125 0.4421873109375 0.1890624171875 0.43906268906249996 0.1875 0.43906268906249996 0.1781248359375 0.4296873109375 0.17656241718750001 0.4296873109375 0.175 0.428124621875 0.168749671875 0.428124621875 0.167187253125 0.4296873109375 0.1656248359375 0.4296873109375 0.1640624171875 0.43125 0.1625 0.43125
36 0.44687516406250005 0.73125 0.445312746875 0.7328126890625 0.443750328125 0.7328126890625 0.443750328125 0.734374621875 0.44062483593749996 0.7375 0.43437516406250004 0.7375 0.42812483593749995 0.74375 0.42656241718750004 0.74375 0.418749671875 0.7515626890625 0.418749671875 0.7609373109375 0.417187253125 0.7625 0.417187253125 0.7640626890625 0.4125 0.76875 0.4125 0.7703126890625 0.404687253125 0.778124621875 0.404687253125 0.8515626890625001 0.407812746875 0.8546873109374999 0.4093751640625 0.8546873109374999 0.4156248359375 0.8609373109374999 0.420312746875 0.8609373109374999 0.42656241718750004 0.8671873109374999 0.42812483593749995 0.8671873109374999 0.432812746875 0.8718746218750001 0.43437516406250004 0.8718746218750001 0.43593758281249995 0.8734373109375 0.43906241718750005 0.8734373109375 0.445312746875 0.8796873109375 0.44687516406250005 0.8796873109375 0.45312483593749997 0.8859373109374999 0.45624967187500004 0.8859373109374999 0.457812746875 0.8875 0.4593751640625 0.8875 0.4625 0.890625378125 0.4718751640625 0.890625378125 0.475 0.8875 0.47656241718750003 0.8875 0.4781248359375 0.8859373109374999 0.479687253125 0.8859373109374999 0.4859375828125 0.8796873109375 0.48906241718750004 0.8796873109375 0.495312746875 0.8734373109375 0.49687516406250004 0.8734373109375 0.49843758281249995 0.8718746218750001 0.5 0.8718746218750001 0.5015624171875 0.8703126890625 0.5031248359375 0.8703126890625 0.5062503281249999 0.8671873109374999 0.5093751640625 0.8671873109374999 0.5156248359375 0.8609373109374999 0.518749671875 0.8609373109374999 0.520312746875 0.859375378125 0.5218751640625 0.859375378125 0.5265624171875001 0.8546873109374999 0.5281248359374999 0.8546873109374999 0.529687253125 0.853124621875 0.529687253125 0.8515626890625001 0.5343751640625001 0.8468746218750001 0.5343751640625001 0.7796873109375 0.532812746875 0.778124621875 0.532812746875 0.7765626890624999 0.531250328125 0.7765626890624999 0.529687253125 0.775 0.5281248359374999 0.775 0.517187253125 0.7640626890625 0.517187253125 0.753124621875 0.5109375828125 0.746874621875 0.5109375828125 0.7453126890624999 0.5093751640625 0.74375 0.507812746875 0.74375 0.504687253125 0.740624621875 0.504687253125 0.7390626890625 0.5031248359375 0.7375 0.5 0.7375 0.49843758281249995 0.7359373109375 0.49687516406250004 0.7359373109375 0.493749671875 0.7328126890625 0.492187253125 0.7328126890625 0.49062483593749995 0.73125 0.48906241718750004 0.73125 0.482812746875 0.725 0.457812746875 0.725 0.45312483593749997 0.7296873109375 0.4515624171875 0.7296873109375 0.45 0.73125 0.44687516406250005 0.73125
37 0.307812746875 0.4328126890625 0.307812746875 0.434374621875 0.30624967187499996 0.43593731093750004 0.304687253125 0.43593731093750004 0.3031248359375 0.4375 0.3015624171875 0.4375 0.2968751640625 0.4421873109375 0.295312746875 0.4421873109375 0.293749671875 0.44375 0.292187253125 0.44375 0.2906248359375 0.4453126890625 0.2890624171875 0.4453126890625 0.28437516406249996 0.45 0.282812746875 0.45 0.275 0.45781268906249994 0.275 0.459374621875 0.2734375828125 0.4609373109375 0.2734375828125 0.4640626890625 0.270312746875 0.46718731093750004 0.270312746875 0.46875 0.268750328125 0.47031268906249996 0.268750328125 0.47187462187499996 0.2593751640625 0.48125 0.2593751640625 0.5609373109375 0.2625 0.5640626890625 0.2625 0.565624621875 0.2640624171875 0.5671873109375001 0.2656248359375 0.5671873109375001 0.270312746875 0.5718746218749999 0.2718751640625 0.5718746218749999 0.2734375828125 0.5734373109375 0.27812483593750004 0.5734373109375 0.28437516406249996 0.5796873109375 0.3015624171875 0.5796873109375 0.307812746875 0.5734373109375 0.331249671875 0.5734373109375 0.332812746875 0.575 0.3359375828125 0.575 0.33906241718749996 0.578124621875 0.34687516406249996 0.578124621875 0.35 0.575 0.3515624171875 0.575 0.3531248359375 0.5734373109375 0.3593751640625 0.5734373109375 0.3656248359375 0.5671873109375001 0.370312746875 0.5671873109375001 0.3765624171875 0.5609373109375 0.3781248359375 0.5609373109375 0.379687253125 0.559374621875 0.38125032812500004 0.559374621875 0.3843751640625 0.55625 0.3843751640625 0.5546873109375 0.3859375828125 0.553124621875 0.3859375828125 0.5375 0.3875 0.5359373109375001 0.3875 0.4734373109375 0.3859375828125 0.47187462187499996 0.3859375828125 0.46875 0.3843751640625 0.46718731093750004 0.3843751640625 0.465624621875 0.382812746875 0.4640626890625 0.38125032812500004 0.4640626890625 0.379687253125 0.4625 0.3781248359375 0.4625 0.3765624171875 0.4609373109375 0.375 0.4609373109375 0.370312746875 0.45625 0.3656248359375 0.45625 0.3640624171875 0.45468731093750003 0.3625 0.45468731093750003 0.357812746875 0.45 0.354687253125 0.45 0.3531248359375 0.44843731093750006 0.3515624171875 0.44843731093750006 0.34843758281250004 0.4453126890625 0.34687516406249996 0.4453126890625 0.345312746875 0.44375 0.343750328125 0.44375 0.33906241718749996 0.43906268906249996 0.3375 0.43906268906249996 0.3281248359375 0.4296873109375 0.3140624171875 0.4296873109375 0.3125 0.43125 0.3109375828125 0.43125 0.3093751640625 0.4328126890625 0.307812746875 0.4328126890625
36 0.293749671875 0.73125 0.292187253125 0.7328126890625 0.2906248359375 0.7328126890625 0.28593758281250004 0.7375 0.28437516406249996 0.7375 0.27812483593750004 0.74375 0.27656241718749996 0.74375 0.275 0.7453126890624999 0.2734375828125 0.7453126890624999 0.270312746875 0.7484373109375 0.268750328125 0.7484373109375 0.267187253125 0.75 0.2656248359375 0.75 0.2640624171875 0.7515626890625 0.2625 0.7515626890625 0.2625 0.753124621875 0.2593751640625 0.75625 0.257812746875 0.75625 0.254687253125 0.7593746218749999 0.254687253125 0.85 0.256249671875 0.8515626890625001 0.256249671875 0.853124621875 0.257812746875 0.8546873109374999 0.2625 0.8546873109374999 0.2640624171875 0.85625 0.2656248359375 0.85625 0.270312746875 0.8609373109374999 0.2718751640625 0.8609373109374999 0.275 0.8640626890625001 0.275 0.8656246218750001 0.27656241718749996 0.8671873109374999 0.281250328125 0.8671873109374999 0.282812746875 0.86875 0.28437516406249996 0.86875 0.2890624171875 0.8734373109375 0.2906248359375 0.8734373109375 0.293749671875 0.8765626890625 0.293749671875 0.8781246218750001 0.295312746875 0.8796873109375 0.2984375828125 0.8796873109375 0.3031248359375 0.884374621875 0.304687253125 0.884374621875 0.30624967187499996 0.8859373109374999 0.3093751640625 0.8859373109374999 0.3125 0.8890626890625001 0.3125 0.890625378125 0.3140624171875 0.8921873109374999 0.317187253125 0.8921873109374999 0.318749671875 0.89375 0.325 0.89375 0.3265624171875 0.8921873109374999 0.3281248359375 0.8921873109374999 0.332812746875 0.8875 0.3343751640625 0.8875 0.3359375828125 0.8859373109374999 0.33906241718749996 0.8859373109374999 0.345312746875 0.8796873109375 0.34687516406249996 0.8796873109375 0.3531248359375 0.8734373109375 0.354687253125 0.8734373109375 0.357812746875 0.8703126890625 0.3593751640625 0.8703126890625 0.3625 0.8671873109374999 0.3640624171875 0.8671873109374999 0.370312746875 0.8609373109374999 0.3718751640625 0.8609373109374999 0.3734375828125 0.859375378125 0.375 0.859375378125 0.3781248359375 0.85625 0.379687253125 0.85625 0.38125032812500004 0.8546873109374999 0.382812746875 0.8546873109374999 0.3859375828125 0.8515626890625001 0.3859375828125 0.85 0.3875 0.8484373109375 0.3875 0.8468746218750001 0.3890624171875 0.8453126890625 0.3890624171875 0.7859373109375001 0.3875 0.784374621875 0.3875 0.78125 0.3859375828125 0.7796873109375 0.3859375828125 0.7765626890624999 0.3843751640625 0.775 0.382812746875 0.775 0.3734375828125 0.765624621875 0.3734375828125 0.7625 0.3718751640625 0.7609373109375 0.3718751640625 0.7593746218749999 0.36874967187499996 0.75625 0.36874967187499996 0.7546873109375001 0.367187253125 0.753124621875 0.367187253125 0.7453126890624999 0.3656248359375 0.74375 0.3640624171875 0.74375 0.357812746875 0.7375 0.354687253125 0.7375 0.3531248359375 0.7359373109375 0.3515624171875 0.7359373109375 0.34687516406249996 0.73125 0.345312746875 0.73125 0.33906241718749996 0.725 0.3359375828125 0.725 0.329687253125 0.71875 0.3093751640625 0.71875 0.3031248359375 0.725 0.3015624171875 0.725 0.295312746875 0.73125 0.293749671875 0.73125
36 0.6 0.7281246218749999 0.5984375828124999 0.7296873109375 0.5968751640625001 0.7296873109375 0.595312746875 0.73125 0.592187253125 0.73125 0.5906248359374999 0.7328126890625 0.5890624171875001 0.7328126890625 0.5843751640625 0.7375 0.581249671875 0.7375 0.579687253125 0.7390626890625 0.5781248359375 0.7390626890625 0.5734375828125 0.74375 0.570312746875 0.74375 0.5687503281249999 0.7453126890624999 0.5687503281249999 0.7484373109375 0.567187253125 0.75 0.567187253125 0.7515626890625 0.5656248359375 0.753124621875 0.5656248359375 0.7546873109375001 0.5640624171875 0.75625 0.5640624171875 0.7578126890625 0.5625 0.7593746218749999 0.5625 0.765624621875 0.5531248359375 0.775 0.5515624171875 0.775 0.55 0.7765626890624999 0.55 0.778124621875 0.5484375828125 0.7796873109375 0.5484375828125 0.8484373109375 0.5515624171875 0.8515626890625001 0.5515624171875 0.853124621875 0.5531248359375 0.853124621875 0.554687253125 0.8546873109374999 0.557812746875 0.8546873109374999 0.5640624171875 0.8609373109374999 0.5656248359375 0.8609373109374999 0.5718751640625 0.8671873109374999 0.5765624171875 0.8671873109374999 0.582812746875 0.8734373109375 0.5843751640625 0.8734373109375 0.5906248359374999 0.8796873109375 0.592187253125 0.8796873109375 0.593750328125 0.88125 0.595312746875 0.88125 0.5984375828124999 0.884374621875 0.6 0.884374621875 0.6015624171875 0.8859373109374999 0.6031248359375 0.8859373109374999 0.6093751640625 0.8921873109374999 0.620312746875 0.8921873109374999 0.625 0.8875 0.6265624171875 0.8875 0.6281248359375 0.8859373109374999 0.631249671875 0.8859373109374999 0.632812746875 0.884374621875 0.6343751640625 0.884374621875 0.6343751640625 0.8828126890625001 0.6359375828125 0.88125 0.6375 0.88125 0.6390624171875 0.8796873109375 0.6406248359375 0.8796873109375 0.642187253125 0.8781246218750001 0.642187253125 0.8765626890625 0.645312746875 0.8734373109375 0.6468751640625 0.8734373109375 0.6484375828125 0.8718746218750001 0.65 0.8718746218750001 0.6531248359374999 0.86875 0.654687253125 0.86875 0.656250328125 0.8671873109374999 0.657812746875 0.8671873109374999 0.6593751640625001 0.8656246218750001 0.6609375828124999 0.8656246218750001 0.6609375828124999 0.8640626890625001 0.6625 0.8625 0.6640624171875 0.8625 0.6656248359375 0.8609373109374999 0.668749671875 0.8609373109374999 0.670312746875 0.859375378125 0.6718751640625 0.859375378125 0.6765624171875 0.8546873109374999 0.6781248359375 0.8546873109374999 0.679687253125 0.853124621875 0.679687253125 0.8515626890625001 0.6843751640625 0.8468746218750001 0.6843751640625 0.7640626890625 0.6812496718750001 0.7609373109375 0.6812496718750001 0.7593746218749999 0.6781248359375 0.75625 0.6765624171875 0.75625 0.6734375828125 0.753124621875 0.6734375828125 0.7515626890625 0.6718751640625 0.7515626890625 0.670312746875 0.75 0.668749671875 0.75 0.6656248359375 0.746874621875 0.6640624171875 0.746874621875 0.6625 0.7453126890624999 0.6609375828124999 0.7453126890624999 0.6593751640625001 0.74375 0.657812746875 0.74375 0.6531248359374999 0.7390626890625 0.6515624171875001 0.7390626890625 0.65 0.7375 0.6484375828125 0.7375 0.6468751640625 0.7359373109375 0.645312746875 0.7359373109375 0.6406248359375 0.73125 0.6390624171875 0.73125 0.629687253125 0.721874621875 0.629687253125 0.7203126890625 0.6093751640625 0.7203126890625 0.604687253125 0.725 0.6015624171875 0.725 0.6 0.7265626890625 0.6 0.7281246218749999
35 0.225 0.58125 0.2234375828125 0.5828126890625 0.2218751640625 0.5828126890625 0.217187253125 0.5875 0.2140624171875 0.5875 0.207812746875 0.59375 0.204687253125 0.59375 0.20312483593750003 0.5953126890625 0.20156241718749998 0.5953126890625 0.20156241718749998 0.596874621875 0.2 0.5984373109375001 0.19843758281249999 0.5984373109375001 0.1968751640625 0.6 0.195312746875 0.6 0.193749671875 0.6015626890625 0.193749671875 0.6031246218749999 0.192187253125 0.6046873109375 0.1906248359375 0.6046873109375 0.1890624171875 0.60625 0.1875 0.60625 0.1859375828125 0.6078126890625 0.1843751640625 0.6078126890625 0.182812746875 0.609374621875 0.182812746875 0.6109373109375 0.18124967187500002 0.6125 0.18124967187500002 0.70625 0.1843751640625 0.709374621875 0.1859375828125 0.709374621875 0.1875 0.7109373109375 0.1906248359375 0.7109373109375 0.193749671875 0.7140626890624999 0.193749671875 0.715624621875 0.195312746875 0.7171873109375 0.19843758281249999 0.7171873109375 0.20156241718749998 0.7203126890625 0.20312483593750003 0.7203126890625 0.20625032812500002 0.7234373109375001 0.20937516406249998 0.7234373109375001 0.2125 0.7265626890625 0.2125 0.7281246218749999 0.2140624171875 0.7296873109375 0.217187253125 0.7296873109375 0.2218751640625 0.734374621875 0.2234375828125 0.734374621875 0.225 0.7359373109375 0.22812483593750002 0.7359373109375 0.23124967187499998 0.7390626890625 0.23124967187499998 0.740624621875 0.232812746875 0.7421873109375 0.23593758281250002 0.7421873109375 0.2406248359375 0.746874621875 0.2531248359375 0.746874621875 0.2593751640625 0.740624621875 0.2609375828125 0.740624621875 0.2609375828125 0.7390626890625 0.2625 0.7375 0.2640624171875 0.7375 0.2656248359375 0.7359373109375 0.267187253125 0.7359373109375 0.2718751640625 0.73125 0.2734375828125 0.73125 0.27656241718749996 0.7281246218749999 0.27812483593750004 0.7281246218749999 0.281250328125 0.725 0.282812746875 0.725 0.28437516406249996 0.7234373109375001 0.2890624171875 0.7234373109375001 0.295312746875 0.7171873109375 0.2984375828125 0.7171873109375 0.3 0.715624621875 0.3015624171875 0.715624621875 0.304687253125 0.7125 0.30624967187499996 0.7125 0.307812746875 0.7109373109375 0.3093751640625 0.7109373109375 0.3109375828125 0.709374621875 0.3109375828125 0.7078126890625 0.3140624171875 0.7046873109375 0.3140624171875 0.6375 0.3125 0.6359373109375 0.3125 0.6343746218749999 0.3109375828125 0.6328126890625 0.3109375828125 0.6296873109375001 0.3 0.61875 0.3 0.6171873109375 0.2984375828125 0.615624621875 0.2984375828125 0.609374621875 0.2968751640625 0.6078126890625 0.2968751640625 0.60625 0.292187253125 0.6015626890625 0.292187253125 0.6 0.2906248359375 0.5984373109375001 0.2906248359375 0.596874621875 0.2890624171875 0.5953126890625 0.2875 0.5953126890625 0.28593758281250004 0.59375 0.28437516406249996 0.59375 0.27812483593750004 0.5875 0.27656241718749996 0.5875 0.275 0.5859373109375 0.2734375828125 0.5859373109375 0.2718751640625 0.584374621875 0.2718751640625 0.5828126890625 0.270312746875 0.5828126890625 0.268750328125 0.58125 0.267187253125 0.58125 0.2656248359375 0.5796873109375 0.2640624171875 0.5796873109375 0.2609375828125 0.5765626890625 0.2609375828125 0.575 0.2593751640625 0.575 0.257812746875 0.5734373109375 0.23593758281250002 0.5734373109375 0.23437516406249997 0.575 0.232812746875 0.575 0.22656241718749998 0.58125 0.225 0.58125
37 0.745312746875 0.43125 0.7390624171875 0.4375 0.7375 0.4375 0.7359375828125 0.43906268906249996 0.7343751640625 0.43906268906249996 0.729687253125 0.44375 0.7281248359375 0.44375 0.7265624171875 0.4453126890625 0.725 0.4453126890625 0.725 0.446874621875 0.7234375828124999 0.44843731093750006 0.7218751640625001 0.44843731093750006 0.720312746875 0.45 0.718750328125 0.45 0.7140624171875001 0.45468731093750003 0.7125 0.45468731093750003 0.7109375828125 0.45625 0.7093751640625 0.45625 0.7031248359375 0.4625 0.7 0.4625 0.695312746875 0.46718731093750004 0.695312746875 0.46875 0.693749671875 0.47031268906249996 0.693749671875 0.559374621875 0.695312746875 0.5609373109375 0.6968751640625 0.5609373109375 0.7 0.5640626890625 0.7 0.565624621875 0.7015624171875 0.5671873109375001 0.704687253125 0.5671873109375001 0.706249671875 0.56875 0.707812746875 0.56875 0.7109375828125 0.5718746218749999 0.7125 0.5718746218749999 0.7140624171875001 0.5734373109375 0.7156248359374999 0.5734373109375 0.718750328125 0.5765626890625 0.718750328125 0.578124621875 0.720312746875 0.5796873109375 0.7265624171875 0.5796873109375 0.732812746875 0.5859373109375 0.7343751640625 0.5859373109375 0.7390624171875 0.590624621875 0.7406248359375 0.590624621875 0.742187253125 0.5921873109375 0.7468751640625 0.5921873109375 0.7531248359375 0.5984373109375001 0.7718751640625 0.5984373109375001 0.7765624171875001 0.59375 0.7781248359374999 0.59375 0.779687253125 0.5921873109375 0.782812746875 0.5921873109375 0.7890624171875 0.5859373109375 0.7906248359375 0.5859373109375 0.792187253125 0.584374621875 0.793750328125 0.584374621875 0.7968751640625 0.58125 0.7984375828125 0.58125 0.8 0.5796873109375 0.8031248359375001 0.5796873109375 0.8046872531249999 0.578124621875 0.8046872531249999 0.5765626890625 0.807812746875 0.5734373109375 0.8125 0.5734373109375 0.8140624171875 0.5718746218749999 0.8156248359375 0.5718746218749999 0.8203127468750001 0.5671873109375001 0.8218751640624999 0.5671873109375001 0.8296872531249999 0.559374621875 0.8296872531249999 0.55625 0.831249671875 0.5546873109375 0.831249671875 0.54375 0.8296872531249999 0.5421873109375 0.8296872531249999 0.48593731093750003 0.831249671875 0.48437537812500003 0.831249671875 0.47187462187499996 0.8296872531249999 0.47031268906249996 0.8296872531249999 0.4640626890625 0.8281248359375001 0.4625 0.8265624171875 0.4625 0.8203127468750001 0.45625 0.8156248359375 0.45625 0.8093751640625 0.45 0.807812746875 0.45 0.8031248359375001 0.4453126890625 0.8015624171875 0.4453126890625 0.8 0.44375 0.7968751640625 0.44375 0.795312746875 0.4421873109375 0.793750328125 0.4421873109375 0.792187253125 0.44062462187499996 0.792187253125 0.43906268906249996 0.7906248359375 0.43906268906249996 0.7890624171875 0.4375 0.7875 0.4375 0.7859375828124999 0.43593731093750004 0.7843751640625001 0.43593731093750004 0.779687253125 0.43125 0.7781248359374999 0.43125 0.7765624171875001 0.4296873109375 0.775 0.4296873109375 0.7734375828125 0.428124621875 0.7734375828125 0.42656268906249994 0.7718751640625 0.425 0.7515624171875 0.425 0.75 0.42656268906249994 0.75 0.428124621875 0.7468751640625 0.43125 0.745312746875 0.43125
37 0.667187253125 0.58125 0.6609375828124999 0.5875 0.657812746875 0.5875 0.6515624171875001 0.59375 0.65 0.59375 0.6484375828125 0.5953126890625 0.6468751640625 0.5953126890625 0.642187253125 0.6 0.6390624171875 0.6 0.6375 0.6015626890625 0.6375 0.6031246218749999 0.6359375828125 0.6046873109375 0.6343751640625 0.6046873109375 0.6281248359375 0.6109373109375 0.6265624171875 0.6109373109375 0.6234375828125 0.6140626890625 0.6218751640625 0.6140626890625 0.620312746875 0.615624621875 0.620312746875 0.7078126890625 0.6218751640625 0.709374621875 0.6234375828125 0.709374621875 0.625 0.7109373109375 0.6281248359375 0.7109373109375 0.632812746875 0.715624621875 0.6343751640625 0.715624621875 0.6359375828125 0.7171873109375 0.6406248359375 0.7171873109375 0.6468751640625 0.7234373109375001 0.6515624171875001 0.7234373109375001 0.656250328125 0.7281246218749999 0.657812746875 0.7281246218749999 0.6593751640625001 0.7296873109375 0.6625 0.7296873109375 0.6640624171875 0.73125 0.6656248359375 0.73125 0.668749671875 0.734374621875 0.670312746875 0.734374621875 0.6718751640625 0.7359373109375 0.6734375828125 0.7359373109375 0.675 0.7375 0.6765624171875 0.7375 0.679687253125 0.740624621875 0.6843751640625 0.740624621875 0.6859375828125 0.7421873109375 0.6984375828125 0.7421873109375 0.7 0.740624621875 0.7015624171875 0.740624621875 0.706249671875 0.7359373109375 0.707812746875 0.7359373109375 0.7093751640625 0.734374621875 0.7109375828125 0.734374621875 0.7156248359374999 0.7296873109375 0.720312746875 0.7296873109375 0.7265624171875 0.7234373109375001 0.7281248359375 0.7234373109375001 0.729687253125 0.721874621875 0.731250328125 0.721874621875 0.7343751640625 0.71875 0.7359375828125 0.71875 0.7375 0.7171873109375 0.7406248359375 0.7171873109375 0.742187253125 0.715624621875 0.742187253125 0.7140626890624999 0.745312746875 0.7109373109375 0.7515624171875 0.7109373109375 0.754687253125 0.7078126890625 0.754687253125 0.703124621875 0.756249671875 0.7015626890625 0.756249671875 0.6140626890625 0.7531248359375 0.6109373109375 0.7531248359375 0.609374621875 0.7515624171875 0.6078126890625 0.75 0.6078126890625 0.7484375828125 0.60625 0.7468751640625 0.60625 0.745312746875 0.6046873109375 0.7437496718750001 0.6046873109375 0.742187253125 0.6031246218749999 0.742187253125 0.6015626890625 0.7406248359375 0.6015626890625 0.7390624171875 0.6 0.7359375828125 0.6 0.7343751640625 0.5984373109375001 0.732812746875 0.5984373109375001 0.7281248359375 0.59375 0.725 0.59375 0.7234375828124999 0.5921873109375 0.7218751640625001 0.5921873109375 0.718750328125 0.5890626890624999 0.717187253125 0.5890626890624999 0.7156248359374999 0.5875 0.7140624171875001 0.5875 0.7093751640625 0.5828126890625 0.707812746875 0.5828126890625 0.704687253125 0.5796873109375 0.7031248359375 0.5796873109375 0.6968751640625 0.5734373109375 0.679687253125 0.5734373109375 0.6781248359375 0.575 0.6765624171875 0.575 0.670312746875 0.58125 0.667187253125 0.58125
35 0.5265624171875001 0.58125 0.5218751640625 0.5859373109375 0.520312746875 0.5859373109375 0.518749671875 0.5875 0.517187253125 0.5875 0.5156248359375 0.5890626890624999 0.5140624171875 0.5890626890624999 0.5093751640625 0.59375 0.507812746875 0.59375 0.5062503281249999 0.5953126890625 0.504687253125 0.5953126890625 0.5015624171875 0.5984373109375001 0.5 0.5984373109375001 0.49843758281249995 0.6 0.49687516406250004 0.6 0.495312746875 0.6015626890625 0.493749671875 0.6015626890625 0.48906241718750004 0.60625 0.4859375828125 0.60625 0.479687253125 0.6125 0.4781248359375 0.6125 0.475 0.615624621875 0.475 0.709374621875 0.47656241718750003 0.709374621875 0.4781248359375 0.7109373109375 0.482812746875 0.7109373109375 0.48437516406250003 0.7125 0.4859375828125 0.7125 0.4875 0.7140626890624999 0.4875 0.715624621875 0.48906241718750004 0.715624621875 0.49062483593749995 0.7171873109375 0.49687516406250004 0.7171873109375 0.5015624171875 0.721874621875 0.504687253125 0.721874621875 0.5062503281249999 0.7234373109375001 0.520312746875 0.7234373109375001 0.5218751640625 0.721874621875 0.5234375828125 0.721874621875 0.525 0.7203126890625 0.5265624171875001 0.7203126890625 0.5281248359374999 0.71875 0.529687253125 0.71875 0.531250328125 0.7171873109375 0.5375 0.7171873109375 0.5390624171875 0.715624621875 0.542187253125 0.715624621875 0.543749671875 0.7171873109375 0.55 0.7171873109375 0.5515624171875 0.71875 0.5531248359375 0.71875 0.554687253125 0.7203126890625 0.5562496718750001 0.7203126890625 0.557812746875 0.721874621875 0.5625 0.721874621875 0.5640624171875 0.7234373109375001 0.5656248359375 0.721874621875 0.567187253125 0.721874621875 0.570312746875 0.71875 0.5718751640625 0.71875 0.5734375828125 0.7171873109375 0.581249671875 0.7171873109375 0.582812746875 0.715624621875 0.5843751640625 0.715624621875 0.5890624171875001 0.7109373109375 0.592187253125 0.7109373109375 0.593750328125 0.709374621875 0.595312746875 0.709374621875 0.5984375828124999 0.70625 0.6 0.70625 0.6015624171875 0.7046873109375 0.6031248359375 0.7046873109375 0.604687253125 0.703124621875 0.604687253125 0.7015626890625 0.606249671875 0.7 0.606249671875 0.6984373109375 0.607812746875 0.6968746218749999 0.607812746875 0.6953126890625 0.6093751640625 0.69375 0.6093751640625 0.621874621875 0.606249671875 0.61875 0.606249671875 0.6171873109375 0.604687253125 0.615624621875 0.604687253125 0.6140626890625 0.6031248359375 0.6125 0.6015624171875 0.6125 0.5968751640625001 0.6078126890625 0.595312746875 0.6078126890625 0.593750328125 0.60625 0.5906248359374999 0.60625 0.5890624171875001 0.6046873109375 0.5875 0.6046873109375 0.5843751640625 0.6015626890625 0.582812746875 0.6015626890625 0.581249671875 0.6 0.5781248359375 0.6 0.5765624171875 0.5984373109375001 0.5734375828125 0.5984373109375001 0.5718751640625 0.596874621875 0.570312746875 0.596874621875 0.5687503281249999 0.5953126890625 0.567187253125 0.5953126890625 0.5593751640625 0.5875 0.557812746875 0.5875 0.5562496718750001 0.5859373109375 0.5562496718750001 0.584374621875 0.5484375828125 0.5765626890625 0.531250328125 0.5765626890625 0.529687253125 0.578124621875 0.529687253125 0.5796873109375 0.5281248359374999 0.58125 0.5265624171875001 0.58125
17 0.581249671875 0.44375 0.579687253125 0.4453126890625 0.5781248359375 0.4453126890625 0.5734375828125 0.45 0.5718751640625 0.45 0.5656248359375 0.45625 0.5625 0.45625 0.557812746875 0.4609373109375 0.5562496718750001 0.4609373109375 0.554687253125 0.4625 0.5531248359375 0.4625 0.55 0.465624621875 0.55 0.5609373109375 0.5515624171875 0.5625 0.5531248359375 0.5625 0.554687253125 0.5640626890625 0.554687253125 0.565624621875 0.5562496718750001 0.565624621875 0.557812746875 0.5671873109375001 0.5593751640625 0.5671873109375001 0.5625 0.5703126890625 0.5625 0.5718746218749999 0.5640624171875 0.5734373109375 0.570312746875 0.5734373109375 0.5765624171875 0.5796873109375 0.579687253125 0.5796873109375 0.5843751640625 0.584374621875 0.5859375828125 0.584374621875 0.5875 0.5859373109375 0.5906248359374999 0.5859373109375 0.593750328125 0.5890626890624999 0.593750328125 0.590624621875 0.595312746875 0.590624621875 0.5968751640625001 0.5921873109375 0.6015624171875 0.5921873109375 0.607812746875 0.5984373109375001 0.6218751640625 0.5984373109375001 0.6234375828125 0.596874621875 0.625 0.596874621875 0.625 0.5953126890625 0.6265624171875 0.59375 0.6281248359375 0.59375 0.629687253125 0.5921873109375 0.632812746875 0.5921873109375 0.6390624171875 0.5859373109375 0.642187253125 0.5859373109375 0.643749671875 0.584374621875 0.645312746875 0.584374621875 0.6484375828125 0.58125 0.65 0.58125 0.6515624171875001 0.5796873109375 0.6531248359374999 0.5796873109375 0.6593751640625001 0.5734373109375 0.6656248359375 0.5734373109375 0.667187253125 0.5718746218749999 0.667187253125 0.5703126890625 0.670312746875 0.5671873109375001 0.675 0.5671873109375001 0.6765624171875 0.565624621875 0.6781248359375 0.565624621875 0.679687253125 0.5640626890625 0.679687253125 0.5625 0.682812746875 0.559374621875 0.6843751640625 0.559374621875 0.6843751640625 0.4921873109375 0.682812746875 0.490624621875 0.682812746875 0.48593731093750003 0.6812496718750001 0.48437537812500003 0.6812496718750001 0.47968731093750006 0.679687253125 0.478124621875 0.679687253125 0.465624621875 0.6765624171875 0.4625 0.670312746875 0.4625 0.6656248359375 0.45781268906249994 0.6640624171875 0.45781268906249994 0.6625 0.45625 0.657812746875 0.45625 0.6515624171875001 0.45 0.6468751640625 0.45 0.645312746875 0.44843731093750006 0.643749671875 0.44843731093750006 0.6406248359375 0.4453126890625 0.6390624171875 0.4453126890625 0.6375 0.44375 0.6359375828125 0.44375 0.632812746875 0.44062462187499996 0.631249671875 0.44062462187499996 0.629687253125 0.43906268906249996 0.6281248359375 0.43906268906249996 0.6265624171875 0.4375 0.593750328125 0.4375 0.592187253125 0.43906268906249996 0.5890624171875001 0.43906268906249996 0.5843751640625 0.44375 0.581249671875 0.44375
35 0.379687253125 0.58125 0.3734375828125 0.5875 0.370312746875 0.5875 0.36874967187499996 0.5890626890624999 0.367187253125 0.5890626890624999 0.3640624171875 0.5921873109375 0.3625 0.5921873109375 0.3609375828125 0.59375 0.357812746875 0.59375 0.3531248359375 0.5984373109375001 0.3515624171875 0.5984373109375001 0.34843758281250004 0.6015626890625 0.34843758281250004 0.6031246218749999 0.343750328125 0.6078126890625 0.343750328125 0.615624621875 0.342187253125 0.6171873109375 0.342187253125 0.61875 0.3375 0.6234373109375 0.3375 0.625 0.329687253125 0.6328126890625 0.329687253125 0.7078126890625 0.332812746875 0.7109373109375 0.3375 0.7109373109375 0.33906241718749996 0.7125 0.34062483593750004 0.7125 0.342187253125 0.7140626890624999 0.342187253125 0.715624621875 0.343750328125 0.715624621875 0.345312746875 0.7171873109375 0.34687516406249996 0.7171873109375 0.34843758281250004 0.71875 0.35 0.71875 0.3531248359375 0.721874621875 0.354687253125 0.721874621875 0.356249671875 0.7234373109375001 0.3593751640625 0.7234373109375001 0.3625 0.7265626890625 0.3734375828125 0.7265626890625 0.3765624171875 0.7234373109375001 0.3781248359375 0.7234373109375001 0.3843751640625 0.7171873109375 0.404687253125 0.7171873109375 0.40625032812499995 0.71875 0.407812746875 0.71875 0.4093751640625 0.7203126890625 0.4125 0.7203126890625 0.41406241718750003 0.721874621875 0.420312746875 0.721874621875 0.42187516406250003 0.7203126890625 0.4234375828125 0.7203126890625 0.425 0.71875 0.42656241718750004 0.71875 0.42812483593749995 0.7171873109375 0.43437516406250004 0.7171873109375 0.43906241718750005 0.7125 0.44062483593749996 0.7125 0.442187253125 0.7109373109375 0.445312746875 0.7109373109375 0.44687516406250005 0.709374621875 0.44843758281249996 0.709374621875 0.44843758281249996 0.7078126890625 0.4515624171875 0.7046873109375 0.454687253125 0.7046873109375 0.45624967187500004 0.703124621875 0.457812746875 0.703124621875 0.4593751640625 0.7015626890625 0.4593751640625 0.7 0.46093758281249997 0.6984373109375 0.46093758281249997 0.6171873109375 0.4593751640625 0.615624621875 0.4593751640625 0.6140626890625 0.457812746875 0.6140626890625 0.4515624171875 0.6078126890625 0.45 0.6078126890625 0.44843758281249996 0.60625 0.44687516406250005 0.60625 0.44062483593749996 0.6 0.4375 0.6 0.43593758281249995 0.5984373109375001 0.43437516406250004 0.5984373109375001 0.431249671875 0.5953126890625 0.429687253125 0.5953126890625 0.42812483593749995 0.59375 0.42656241718750004 0.59375 0.425 0.5921873109375 0.4234375828125 0.5921873109375 0.418749671875 0.5875 0.417187253125 0.5875 0.4156248359375 0.5859373109375 0.41406241718750003 0.5859373109375 0.4093751640625 0.58125 0.407812746875 0.58125 0.404687253125 0.578124621875 0.404687253125 0.5765626890625 0.3875 0.5765626890625 0.3843751640625 0.5796873109375 0.382812746875 0.5796873109375 0.38125032812500004 0.58125 0.379687253125 0.58125
24 0.6406248359375 0.4421873109375 0.643749671875 0.4453126890625 0.643749671875 0.446874621875 0.645312746875 0.44843731093750006 0.6468751640625 0.44843731093750006 0.6484375828125 0.45 0.65 0.45 0.6515624171875001 0.45156268906249997 0.6515624171875001 0.45312537812500003 0.6531248359374999 0.45312537812500003 0.654687253125 0.45468731093750003 0.657812746875 0.45468731093750003 0.6640624171875 0.4609373109375 0.6656248359375 0.4609373109375 0.6718751640625 0.46718731093750004 0.6843751640625 0.46718731093750004 0.6859375828125 0.465624621875 0.6859375828125 0.45156268906249997 0.6781248359375 0.44375 0.6765624171875 0.44375 0.670312746875 0.4375 0.667187253125 0.4375 0.6656248359375 0.43593731093750004 0.6640624171875 0.43593731093750004 0.6593751640625001 0.43125 0.657812746875 0.43125 0.654687253125 0.428124621875 0.654687253125 0.42656268906249994 0.6531248359374999 0.425 0.631249671875 0.425 0.631249671875 0.43593731093750004 0.632812746875 0.43593731093750004 0.6390624171875 0.4421873109375 0.6406248359375 0.4421873109375
31 0.5218751640625 0.7265626890625 0.5218751640625 0.7281246218749999 0.520312746875 0.7296873109375 0.520312746875 0.765624621875 0.5265624171875001 0.771874621875 0.554687253125 0.771874621875 0.5609375828125 0.765624621875 0.5609375828125 0.7265626890625 0.5593751640625 0.725 0.557812746875 0.725 0.554687253125 0.721874621875 0.554687253125 0.7203126890625 0.5531248359375 0.71875 0.5265624171875001 0.71875 0.5265624171875001 0.7203126890625 0.525 0.721874621875 0.525 0.7234373109375001 0.5218751640625 0.7265626890625
16 0.38125032812500004 0.7203126890625 0.382812746875 0.71875 0.3843751640625 0.71875 0.3859375828125 0.7171873109375 0.3968751640625 0.7171873109375 0.3984375828125 0.71875 0.4 0.71875 0.4031248359375 0.721874621875 0.417187253125 0.721874621875 0.417187253125 0.7203126890625 0.420312746875 0.7171873109375 0.42187516406250003 0.7171873109375 0.42187516406250003 0.659374621875 0.370312746875 0.659374621875 0.370312746875 0.721874621875 0.3781248359375 0.721874621875 0.379687253125 0.7203126890625 0.38125032812500004 0.7203126890625
7 0.45624967187500004 0.28125 0.457812746875 0.2796873109375 0.495312746875 0.2796873109375 0.49687516406250004 0.27812462187500003 0.49687516406250004 0.221874621875 0.495312746875 0.2203126890625 0.442187253125 0.2203126890625 0.442187253125 0.2796873109375 0.44687516406250005 0.2796873109375 0.44843758281249996 0.28125 0.45624967187500004 0.28125
24 0.657812746875 0.275 0.656250328125 0.275 0.654687253125 0.27656268906250003 0.6531248359374999 0.27656268906250003 0.6484375828125 0.28125 0.645312746875 0.28125 0.643749671875 0.2828126890625 0.643749671875 0.284374621875 0.6406248359375 0.2875 0.6390624171875 0.2875 0.632812746875 0.29375 0.629687253125 0.29375 0.6281248359375 0.2953126890625 0.6265624171875 0.2953126890625 0.6218751640625 0.3 0.620312746875 0.3 0.620312746875 0.31718731093749997 0.6218751640625 0.31875 0.629687253125 0.31875 0.631249671875 0.31718731093749997 0.6343751640625 0.31718731093749997 0.6390624171875 0.3125 0.6406248359375 0.3125 0.642187253125 0.3109373109375 0.645312746875 0.3109373109375 0.6515624171875001 0.3046873109375 0.6531248359374999 0.3046873109375 0.6593751640625001 0.2984373109375 0.6625 0.2984373109375 0.6640624171875 0.296874621875 0.6656248359375 0.296874621875 0.670312746875 0.2921873109375 0.6718751640625 0.2921873109375 0.6781248359375 0.28593731093749997 0.679687253125 0.28593731093749997 0.6812496718750001 0.284374621875 0.682812746875 0.284374621875 0.6843751640625 0.2828126890625 0.6843751640625 0.28125 0.6859375828125 0.2796873109375 0.6859375828125 0.2703126890625 0.6625 0.2703126890625 0.6625 0.271874621875 0.6609375828124999 0.2734373109375 0.6593751640625001 0.2734373109375 0.657812746875 0.275
13 0.329687253125 0.86875 0.331249671875 0.8671873109374999 0.34687516406249996 0.8671873109374999 0.34843758281250004 0.8656246218750001 0.34843758281250004 0.8078126890625 0.345312746875 0.8046873109374999 0.2968751640625 0.8046873109374999 0.2968751640625 0.8671873109374999 0.3125 0.8671873109374999 0.3140624171875 0.86875 0.329687253125 0.86875
7 0.493749671875 0.8656246218750001 0.493749671875 0.8640626890625001 0.49687516406250004 0.8609373109374999 0.49687516406250004 0.8078126890625 0.495312746875 0.80625 0.443750328125 0.80625 0.443750328125 0.8671873109374999 0.49062483593749995 0.8671873109374999 0.492187253125 0.8656246218750001 0.493749671875 0.8656246218750001
12 0.7156248359374999 0.7171873109375 0.7156248359374999 0.659374621875 0.6625 0.659374621875 0.6625 0.7203126890625 0.6640624171875 0.721874621875 0.7109375828125 0.721874621875 0.7156248359374999 0.7171873109375
9 0.717187253125 0.425 0.717187253125 0.37031268906250003 0.7140624171875001 0.3671873109375 0.6625 0.3671873109375 0.6625 0.428124621875 0.7156248359374999 0.428124621875 0.7156248359374999 0.42656268906249994 0.717187253125 0.425
8 0.5468751640625 0.7171873109375 0.5515624171875 0.721874621875 0.5640624171875 0.721874621875 0.567187253125 0.71875 0.567187253125 0.709374621875 0.5687503281249999 0.7078126890625 0.5687503281249999 0.6671873109375 0.567187253125 0.6656246218749999 0.567187253125 0.6578126890625 0.517187253125 0.6578126890625 0.517187253125 0.721874621875 0.5281248359374999 0.721874621875 0.532812746875 0.7171873109375 0.5468751640625 0.7171873109375
12 0.3359375828125 0.575 0.3375 0.5765626890625 0.34062483593750004 0.5765626890625 0.342187253125 0.575 0.343750328125 0.575 0.345312746875 0.5734373109375 0.34687516406249996 0.5734373109375 0.34843758281250004 0.5718746218749999 0.34843758281250004 0.5140626890625 0.34687516406249996 0.5125 0.295312746875 0.5125 0.295312746875 0.5734373109375 0.329687253125 0.5734373109375 0.331249671875 0.575 0.3359375828125 0.575
33 0.379687253125 0.284374621875 0.38125032812500004 0.28593731093749997 0.407812746875 0.28593731093749997 0.41406241718750003 0.2796873109375 0.41406241718750003 0.2484373109375 0.4125 0.24687462187500003 0.4125 0.2453126890625 0.4109375828125 0.24375 0.4109375828125 0.24062462187500003 0.404687253125 0.23437537812499998 0.404687253125 0.23281268906250002 0.3859375828125 0.23281268906250002 0.375 0.24375 0.375 0.28125 0.3781248359375 0.284374621875 0.379687253125 0.284374621875
27 0.331249671875 0.140624621875 0.332812746875 0.1421873109375 0.3343751640625 0.1421873109375 0.34062483593750004 0.1484373109375 0.345312746875 0.1484373109375 0.3515624171875 0.15468731093750002 0.3531248359375 0.15468731093750002 0.3593751640625 0.16093731093750002 0.3640624171875 0.16093731093750002 0.370312746875 0.1671873109375 0.3718751640625 0.1671873109375 0.3781248359375 0.1734373109375 0.3906248359375 0.1734373109375 0.392187253125 0.171874621875 0.392187253125 0.15781268906249998 0.3906248359375 0.15625 0.3890624171875 0.15625 0.3859375828125 0.153124621875 0.3859375828125 0.15156268906249998 0.3843751640625 0.15 0.38125032812500004 0.15 0.3765624171875 0.1453126890625 0.375 0.1453126890625 0.3734375828125 0.14375 0.3718751640625 0.14375 0.3656248359375 0.1375 0.3640624171875 0.1375 0.3625 0.1359373109375 0.3609375828125 0.1359373109375 0.357812746875 0.1328126890625 0.356249671875 0.1328126890625 0.354687253125 0.13125 0.3515624171875 0.13125 0.34843758281250004 0.128124621875 0.34843758281250004 0.12656268906249998 0.34687516406249996 0.12656268906249998 0.345312746875 0.125 0.343750328125 0.125 0.342187253125 0.12343731093750002 0.34062483593750004 0.12343731093750002 0.3359375828125 0.11875 0.3234375828125 0.11875 0.3234375828125 0.1359373109375 0.3281248359375 0.1359373109375 0.331249671875 0.1390626890625 0.331249671875 0.140624621875
14 0.1875 0.575 0.1890624171875 0.5734373109375 0.19843758281249999 0.5734373109375 0.20156241718749998 0.5703126890625 0.20156241718749998 0.515624621875 0.2 0.5140626890625 0.15 0.5140626890625 0.15 0.5734373109375 0.156250328125 0.5734373109375 0.157812746875 0.575 0.1875 0.575
31 0.22812483593750002 0.4375 0.22812483593750002 0.475 0.23124967187499998 0.478124621875 0.2609375828125 0.478124621875 0.267187253125 0.47187462187499996 0.267187253125 0.43906268906249996 0.2609375828125 0.4328126890625 0.2609375828125 0.43125 0.256249671875 0.42656268906249994 0.23593758281250002 0.42656268906249994 0.23593758281250002 0.428124621875 0.229687253125 0.434374621875 0.229687253125 0.43593731093750004 0.22812483593750002 0.4375
11 0.6343751640625 0.575 0.6359375828125 0.5734373109375 0.6406248359375 0.5734373109375 0.642187253125 0.5718746218749999 0.642187253125 0.5140626890625 0.6406248359375 0.5125 0.5906248359374999 0.5125 0.5906248359374999 0.5734373109375 0.592187253125 0.5734373109375 0.593750328125 0.575 0.6343751640625 0.575
30 0.6 0.38437462187500004 0.595312746875 0.3890626890625 0.595312746875 0.428124621875 0.5968751640625001 0.428124621875 0.5984375828124999 0.4296873109375 0.606249671875 0.4296873109375 0.607812746875 0.43125 0.629687253125 0.43125 0.631249671875 0.4296873109375 0.6343751640625 0.4296873109375 0.6359375828125 0.428124621875 0.6359375828125 0.3921873109375 0.6343751640625 0.390625378125 0.6343751640625 0.3890626890625 0.6234375828125 0.378124621875 0.606249671875 0.378124621875 0.6031248359375 0.38125 0.6015624171875 0.38125 0.6 0.3828126890625 0.6 0.38437462187500004
14 0.5687503281249999 0.41718731093750006 0.5687503281249999 0.37968731093749997 0.567187253125 0.378124621875 0.567187253125 0.3671873109375 0.517187253125 0.3671873109375 0.517187253125 0.428124621875 0.567187253125 0.428124621875 0.567187253125 0.41875 0.5687503281249999 0.41718731093750006
8 0.7875 0.5718746218749999 0.7875 0.5140626890625 0.7359375828125 0.5140626890625 0.7359375828125 0.5718746218749999 0.7375 0.5734373109375 0.7859375828124999 0.5734373109375 0.7875 0.5718746218749999
13 0.42187516406250003 0.3671873109375 0.370312746875 0.3671873109375 0.370312746875 0.428124621875 0.420312746875 0.428124621875 0.42187516406250003 0.42656268906249994 0.42187516406250003 0.3671873109375
28 0.43437516406250004 0.7140626890624999 0.431249671875 0.7171873109375 0.429687253125 0.7171873109375 0.42812483593749995 0.71875 0.42656241718750004 0.71875 0.425 0.7203126890625 0.425 0.721874621875 0.42187516406250003 0.725 0.418749671875 0.725 0.418749671875 0.7484373109375 0.425 0.7484373109375 0.42656241718750004 0.746874621875 0.42812483593749995 0.746874621875 0.432812746875 0.7421873109375 0.43437516406250004 0.7421873109375 0.44062483593749996 0.7359373109375 0.445312746875 0.7359373109375 0.4515624171875 0.7296873109375 0.45312483593749997 0.7296873109375 0.4593751640625 0.7234373109375001 0.46093758281249997 0.7234373109375001 0.4625 0.721874621875 0.4640624171875 0.721874621875 0.4656248359375 0.7203126890625 0.4656248359375 0.70625 0.44687516406250005 0.70625 0.44062483593749996 0.7125 0.4375 0.7125 0.43593758281249995 0.7140626890624999 0.43437516406250004 0.7140626890624999
33 0.307812746875 0.625 0.3093751640625 0.625 0.3109375828125 0.6265626890625 0.332812746875 0.6265626890625 0.3343751640625 0.625 0.3359375828125 0.625 0.33906241718749996 0.621874621875 0.34062483593750004 0.621874621875 0.34062483593750004 0.5828126890625 0.331249671875 0.5734373109375 0.3093751640625 0.5734373109375 0.3031248359375 0.5796873109375 0.3031248359375 0.6234373109375 0.30624967187499996 0.6234373109375 0.307812746875 0.625
25 0.582812746875 0.7125 0.581249671875 0.7140626890624999 0.581249671875 0.715624621875 0.579687253125 0.7171873109375 0.5781248359375 0.7171873109375 0.5765624171875 0.71875 0.575 0.71875 0.5734375828125 0.7203126890625 0.5718751640625 0.7203126890625 0.567187253125 0.725 0.5656248359375 0.725 0.5656248359375 0.746874621875 0.5734375828125 0.746874621875 0.5781248359375 0.7421873109375 0.582812746875 0.7421873109375 0.5890624171875001 0.7359373109375 0.5906248359374999 0.7359373109375 0.5968751640625001 0.7296873109375 0.6015624171875 0.7296873109375 0.607812746875 0.7234373109375001 0.6093751640625 0.7234373109375001 0.6109375828125 0.721874621875 0.6109375828125 0.7203126890625 0.6140624171875 0.7171873109375 0.6140624171875 0.7078126890625 0.6125 0.70625 0.593750328125 0.70625 0.5890624171875001 0.7109373109375 0.5875 0.7109373109375 0.5859375828125 0.7125 0.582812746875 0.7125
34 0.44843758281249996 0.390625378125 0.44843758281249996 0.425 0.45 0.42656268906249994 0.45 0.428124621875 0.4515624171875 0.4296873109375 0.48437516406250003 0.4296873109375 0.4859375828125 0.428124621875 0.4859375828125 0.42656268906249994 0.48906241718750004 0.42343731093750003 0.48906241718750004 0.3984373109375 0.4875 0.396874621875 0.4875 0.39375 0.4859375828125 0.3921873109375 0.4859375828125 0.3890626890625 0.48437516406250003 0.3875 0.482812746875 0.3875 0.479687253125 0.38437462187500004 0.479687253125 0.3828126890625 0.475 0.378124621875 0.457812746875 0.378124621875 0.457812746875 0.37968731093749997 0.45624967187500004 0.38125 0.45624967187500004 0.3828126890625 0.44843758281249996 0.390625378125
24 0.5640624171875 0.29375 0.5687503281249999 0.2984373109375 0.5718751640625 0.2984373109375 0.575 0.3015626890625 0.575 0.303124621875 0.5765624171875 0.3046873109375 0.5781248359375 0.3046873109375 0.582812746875 0.30937462187500003 0.5843751640625 0.30937462187500003 0.5859375828125 0.3109373109375 0.5890624171875001 0.3109373109375 0.5906248359374999 0.3125 0.592187253125 0.3125 0.593750328125 0.3140626890625 0.593750328125 0.315624621875 0.595312746875 0.31718731093749997 0.6093751640625 0.31718731093749997 0.6109375828125 0.315624621875 0.6109375828125 0.3015626890625 0.6093751640625 0.3 0.607812746875 0.3 0.604687253125 0.296874621875 0.604687253125 0.2953126890625 0.6031248359375 0.29375 0.5984375828124999 0.29375 0.5968751640625001 0.2921873109375 0.595312746875 0.2921873109375 0.5906248359374999 0.2875 0.5890624171875001 0.2875 0.579687253125 0.27812462187500003 0.557812746875 0.27812462187500003 0.557812746875 0.2921873109375 0.5609375828125 0.2921873109375 0.5625 0.29375 0.5640624171875 0.29375
27 0.4015624171875 0.22812462187500002 0.4015624171875 0.1734373109375 0.3890624171875 0.1734373109375 0.3890624171875 0.2296873109375 0.3984375828125 0.2296873109375 0.4 0.22812462187500002 0.4015624171875 0.22812462187500002
30 0.5234375828125 0.24218731093749998 0.5234375828125 0.28125 0.5265624171875001 0.284374621875 0.554687253125 0.284374621875 0.5609375828125 0.27812462187500003 0.5609375828125 0.24375 0.5484375828125 0.23125 0.531250328125 0.23125 0.531250328125 0.23281268906250002 0.525 0.2390626890625 0.525 0.24062462187500003 0.5234375828125 0.24218731093749998
28 0.4734375828125 0.37187462187500003 0.4734375828125 0.3203126890625 0.4625 0.3203126890625 0.4625 0.3734373109375 0.46875032812499995 0.3734373109375 0.470312746875 0.375 0.4734375828125 0.37187462187500003
27 0.3625 0.56875 0.3609375828125 0.5703126890625 0.3593751640625 0.5703126890625 0.356249671875 0.5734373109375 0.354687253125 0.5734373109375 0.3531248359375 0.575 0.3515624171875 0.575 0.345312746875 0.58125 0.345312746875 0.6015626890625 0.34843758281250004 0.6015626890625 0.3515624171875 0.5984373109375001 0.357812746875 0.5984373109375001 0.3640624171875 0.5921873109375 0.3656248359375 0.5921873109375 0.367187253125 0.590624621875 0.367187253125 0.5890626890624999 0.370312746875 0.5859373109375 0.375 0.5859373109375 0.3765624171875 0.584374621875 0.3781248359375 0.584374621875 0.3781248359375 0.5828126890625 0.379687253125 0.58125 0.38125032812500004 0.58125 0.382812746875 0.5796873109375 0.3843751640625 0.5796873109375 0.3859375828125 0.578124621875 0.3859375828125 0.5765626890625 0.3890624171875 0.5734373109375 0.3906248359375 0.5734373109375 0.392187253125 0.5718746218749999 0.392187253125 0.5625 0.370312746875 0.5625 0.36874967187499996 0.5640626890625 0.36874967187499996 0.565624621875 0.3656248359375 0.56875 0.3625 0.56875
16 0.6343751640625 0.284374621875 0.6375 0.28125 0.6390624171875 0.28125 0.642187253125 0.27812462187500003 0.642187253125 0.2203126890625 0.5890624171875001 0.2203126890625 0.5890624171875001 0.2828126890625 0.5906248359374999 0.2828126890625 0.592187253125 0.284374621875 0.6343751640625 0.284374621875
34 0.38125032812500004 0.771874621875 0.4093751640625 0.771874621875 0.4156248359375 0.765624621875 0.4156248359375 0.7296873109375 0.4125 0.7265626890625 0.4125 0.725 0.4093751640625 0.721874621875 0.4093751640625 0.71875 0.38125032812500004 0.71875 0.38125032812500004 0.7203126890625 0.375 0.7265626890625 0.375 0.765624621875 0.38125032812500004 0.771874621875
15 0.642187253125 0.8078126890625 0.6390624171875 0.8046873109374999 0.5890624171875001 0.8046873109374999 0.5890624171875001 0.8671873109374999 0.6406248359375 0.8671873109374999 0.642187253125 0.8656246218750001 0.642187253125 0.8078126890625
25 0.25 0.55625 0.2515624171875 0.55625 0.2531248359375 0.5546873109375 0.2531248359375 0.48437537812500003 0.242187253125 0.48437537812500003 0.242187253125 0.55625 0.243749671875 0.5578126890624999 0.2484375828125 0.5578126890624999 0.25 0.55625
15 0.342187253125 0.2828126890625 0.343750328125 0.28125 0.345312746875 0.28125 0.34843758281250004 0.27812462187500003 0.34843758281250004 0.2203126890625 0.295312746875 0.2203126890625 0.295312746875 0.2796873109375 0.2968751640625 0.2796873109375 0.3 0.2828126890625 0.342187253125 0.2828126890625
11 0.23437516406249997 0.4296873109375 0.23593758281250002 0.428124621875 0.2375 0.428124621875 0.2406248359375 0.425 0.242187253125 0.425 0.243749671875 0.42343731093750003 0.2484375828125 0.42343731093750003 0.25 0.425 0.2531248359375 0.425 0.254687253125 0.42656268906249994 0.254687253125 0.428124621875 0.256249671875 0.428124621875 0.257812746875 0.4296873109375 0.2718751640625 0.4296873109375 0.2734375828125 0.428124621875 0.2734375828125 0.3671873109375 0.2718751640625 0.365624621875 0.2234375828125 0.365624621875 0.2218751640625 0.3671873109375 0.2218751640625 0.428124621875 0.2234375828125 0.4296873109375 0.23437516406249997 0.4296873109375
10 0.2734375828125 0.6578126890625 0.2218751640625 0.6578126890625 0.2218751640625 0.721874621875 0.2718751640625 0.721874621875 0.2734375828125 0.7203126890625 0.2734375828125 0.6578126890625
22 0.5093751640625 0.890625378125 0.5093751640625 0.9671873109375 0.5640624171875 0.9671873109375 0.5640624171875 0.890625378125 0.5093751640625 0.890625378125
18 0.729687253125 0.740624621875 0.729687253125 0.821874621875 0.7843751640625001 0.821874621875 0.7843751640625001 0.740624621875 0.729687253125 0.740624621875
20 0.782812746875 0.2375 0.7843751640625001 0.23593731093749998 0.7843751640625001 0.15468731093750002 0.729687253125 0.15468731093750002 0.729687253125 0.2390626890625 0.7781248359374999 0.2390626890625 0.779687253125 0.2375 0.782812746875 0.2375
18 0.2125 0.8921873109374999 0.2125 0.96875 0.2718751640625 0.96875 0.2718751640625 0.8921873109374999 0.2125 0.8921873109374999
23 0.5640624171875 0.0859373109375 0.5640624171875 0.009374621875 0.507812746875 0.009374621875 0.507812746875 0.0890626890625 0.5593751640625 0.0890626890625 0.5625 0.0859373109375 0.5640624171875 0.0859373109375
19 0.0656248359375 0.2953126890625 0.0656248359375 0.3859373109375 0.12187516406250001 0.3859373109375 0.12187516406250001 0.2953126890625 0.0656248359375 0.2953126890625
18 0.21093758281250002 0.0078126890625 0.21093758281250002 0.09375 0.2718751640625 0.09375 0.2718751640625 0.0078126890625 0.21093758281250002 0.0078126890625
21 0.931249671875 0.4421873109375 0.875 0.4421873109375 0.875 0.5296873109375 0.9296872531249999 0.5296873109375 0.931249671875 0.528124621875 0.931249671875 0.4421873109375
18 0.1334165578125 0.581570996875 0.0607752953125 0.581570996875 0.0607752953125 0.6872809671875 0.1334165578125 0.6872809671875 0.1334165578125 0.581570996875