0 0.3109375 0.13125 0.30625 0.135937690625 0.3046875 0.135937690625 0.303125 0.1375 0.3015625 0.1375 0.2953125 0.14375 0.290625 0.14375 0.284375 0.15 0.2828125 0.15 0.28125 0.15156230937499998 0.28125 0.1531253796875 0.278125 0.15625 0.2765625 0.15625 0.275 0.157812309375 0.2734375 0.157812309375 0.2734375 0.15937537968749999 0.271875 0.16093769062500002 0.2703125 0.16093769062500002 0.26875 0.1625 0.2671875 0.1625 0.265625 0.164062309375 0.2640625 0.164062309375 0.2625 0.1656253796875 0.2625 0.2656253796875 0.2640625 0.26718769062500003 0.265625 0.26718769062500003 0.271875 0.273437690625 0.278125 0.273437690625 0.28125 0.276562309375 0.28125 0.2781253796875 0.2828125 0.279687690625 0.2859375 0.279687690625 0.2875 0.28125 0.2890625 0.28125 0.2921875 0.28437537968750004 0.29375 0.28437537968750004 0.2953125 0.285937690625 0.296875 0.285937690625 0.303125 0.292187690625 0.3078125 0.292187690625 0.3140625 0.29843769062500003 0.315625 0.29843769062500003 0.31875 0.301562309375 0.3328125 0.301562309375 0.334375 0.3 0.3359375 0.3 0.3375 0.29843769062500003 0.3390625 0.29843769062500003 0.340625 0.2968753796875 0.3421875 0.2968753796875 0.3421875 0.29531230937499997 0.3453125 0.292187690625 0.35 0.292187690625 0.3515625 0.2906253796875 0.353125 0.2906253796875 0.3578125 0.285937690625 0.359375 0.285937690625 0.3640625 0.28125 0.365625 0.28125 0.3671875 0.279687690625 0.3703125 0.279687690625 0.3765625 0.273437690625 0.38125 0.273437690625 0.3828125 0.27187537968750003 0.384375 0.27187537968750003 0.384375 0.270312309375 0.3859375 0.26875 0.3875 0.26875 0.3890625 0.26718769062500003 0.390625 0.26718769062500003 0.3921875 0.2656253796875 0.3921875 0.170312309375 0.384375 0.1625 0.3828125 0.1625 0.3765625 0.15625 0.375 0.15625 0.3734375 0.154687690625 0.371875 0.154687690625 0.3671875 0.15 0.3640625 0.15 0.3578125 0.14375 0.3546875 0.14375 0.353125 0.142187690625 0.3515625 0.142187690625 0.346875 0.1375 0.34375 0.1375 0.3390625 0.132812309375 0.3375 0.132812309375 0.334375 0.12968769062500002 0.3328125 0.12968769062500002 0.33125 0.12812537968749999 0.3171875 0.12812537968749999 0.315625 0.12968769062500002 0.3140625 0.12968769062500002 0.3125 0.13125 0.3109375 0.13125
0 0.371875 0.2875 0.365625 0.29375 0.3640625 0.29375 0.3625 0.29531230937499997 0.3609375 0.29531230937499997 0.35625 0.3 0.3546875 0.3 0.35 0.304687690625 0.3484375 0.304687690625 0.346875 0.30625 0.3453125 0.30625 0.3390625 0.3125 0.3359375 0.3125 0.3359375 0.41093769062499996 0.3390625 0.41406230937500005 0.3390625 0.4156253796875 0.3421875 0.4156253796875 0.34375 0.41718769062499994 0.346875 0.41718769062499994 0.3515625 0.4218753796875 0.3546875 0.4218753796875 0.35625 0.423437690625 0.4125 0.423437690625 0.4140625 0.425 0.4234375 0.425 0.425 0.423437690625 0.4328125 0.423437690625 0.434375 0.4218753796875 0.4359375 0.4218753796875 0.4390625 0.41875 0.440625 0.41875 0.4421875 0.41718769062499994 0.446875 0.41718769062499994 0.453125 0.41093769062499996 0.4578125 0.41093769062499996 0.4609375 0.407812309375 0.4609375 0.4031253796875 0.4625 0.40156230937500004 0.4625 0.3875 0.4640625 0.385937690625 0.4640625 0.34687537968750004 0.4625 0.345312309375 0.4625 0.3218753796875 0.4609375 0.320312309375 0.4609375 0.317187690625 0.459375 0.31562537968750004 0.459375 0.314062309375 0.4578125 0.3125 0.4546875 0.3125 0.453125 0.310937690625 0.4515625 0.310937690625 0.446875 0.30625 0.44375 0.30625 0.4390625 0.301562309375 0.4375 0.301562309375 0.4359375 0.3 0.434375 0.3 0.4296875 0.29531230937499997 0.428125 0.29531230937499997 0.4203125 0.2875 0.41875 0.2875 0.4171875 0.285937690625 0.4171875 0.28437537968750004 0.4140625 0.28125 0.4125 0.28125 0.409375 0.2781253796875 0.384375 0.2781253796875 0.3765625 0.285937690625 0.375 0.285937690625 0.3734375 0.2875 0.371875 0.2875
0 0.2375 0.282812309375 0.2359375 0.282812309375 0.2328125 0.285937690625 0.23125 0.285937690625 0.2296875 0.2875 0.2265625 0.2875 0.225 0.289062309375 0.2234375 0.289062309375 0.2203125 0.292187690625 0.21875 0.292187690625 0.2171875 0.29375 0.215625 0.29375 0.209375 0.3 0.20625 0.3 0.2015625 0.304687690625 0.2 0.304687690625 0.1984375 0.30625 0.196875 0.30625 0.190625 0.3125 0.1890625 0.3125 0.1875 0.314062309375 0.1875 0.40937537968750004 0.1890625 0.41093769062499996 0.190625 0.41093769062499996 0.19375 0.41406230937500005 0.19375 0.4156253796875 0.1953125 0.4156253796875 0.196875 0.41718769062499994 0.2 0.41718769062499994 0.2015625 0.41875 0.203125 0.41875 0.2078125 0.423437690625 0.209375 0.423437690625 0.2109375 0.425 0.2125 0.425 0.215625 0.42812537968750003 0.2203125 0.42812537968750003 0.221875 0.42968769062499995 0.2234375 0.42968769062499995 0.2265625 0.43281230937500004 0.228125 0.43281230937500004 0.2296875 0.4343753796875 0.23125 0.4343753796875 0.2328125 0.435937690625 0.234375 0.435937690625 0.2390625 0.44062537968750004 0.240625 0.44062537968750004 0.246875 0.4468753796875 0.25 0.4468753796875 0.2515625 0.44843769062499994 0.2578125 0.44843769062499994 0.2640625 0.44218769062499996 0.265625 0.44218769062499996 0.271875 0.435937690625 0.275 0.435937690625 0.2765625 0.4343753796875 0.278125 0.4343753796875 0.28125 0.43125 0.2828125 0.43125 0.284375 0.42968769062499995 0.2890625 0.42968769062499995 0.290625 0.42812537968750003 0.2921875 0.42812537968750003 0.2921875 0.42656230937500006 0.29375 0.425 0.2953125 0.425 0.296875 0.423437690625 0.303125 0.423437690625 0.309375 0.41718769062499994 0.3140625 0.41718769062499994 0.3171875 0.41406230937500005 0.3171875 0.4125 0.3203125 0.40937537968750004 0.3203125 0.345312309375 0.31875 0.34375 0.31875 0.323437690625 0.3171875 0.3218753796875 0.3171875 0.317187690625 0.315625 0.31562537968750004 0.315625 0.314062309375 0.3140625 0.314062309375 0.3125 0.3125 0.3109375 0.3125 0.309375 0.310937690625 0.3078125 0.310937690625 0.3046875 0.307812309375 0.303125 0.307812309375 0.3015625 0.30625 0.3 0.30625 0.2984375 0.304687690625 0.296875 0.304687690625 0.29375 0.301562309375 0.2921875 0.301562309375 0.290625 0.3 0.2890625 0.3 0.284375 0.29531230937499997 0.2828125 0.29531230937499997 0.28125 0.29375 0.2796875 0.29375 0.275 0.289062309375 0.2734375 0.289062309375 0.271875 0.2875 0.2703125 0.2875 0.2640625 0.28125 0.2625 0.28125 0.2609375 0.279687690625 0.2609375 0.2781253796875 0.259375 0.276562309375 0.24375 0.276562309375 0.24375 0.2781253796875 0.2421875 0.279687690625 0.240625 0.279687690625 0.2375 0.282812309375
36 0.3078125 0.723437690625 0.30625 0.725 0.3046875 0.725 0.303125 0.726562309375 0.3015625 0.726562309375 0.3015625 0.7281253796875 0.3 0.7296876906249999 0.2984375 0.7296876906249999 0.296875 0.73125 0.2953125 0.73125 0.290625 0.7359376906249999 0.2890625 0.7359376906249999 0.2875 0.7375 0.2859375 0.7375 0.284375 0.7390623093750001 0.2828125 0.7390623093750001 0.278125 0.74375 0.2765625 0.74375 0.275 0.745312309375 0.275 0.7468753796875001 0.2734375 0.748437690625 0.271875 0.748437690625 0.2703125 0.75 0.26875 0.75 0.2609375 0.757812309375 0.2609375 0.85 0.2625 0.851562309375 0.2625 0.8531253796874999 0.2640625 0.8531253796874999 0.265625 0.854687690625 0.2703125 0.854687690625 0.2765625 0.860937690625 0.278125 0.860937690625 0.2796875 0.8625 0.28125 0.8625 0.284375 0.8656253796875 0.2859375 0.8656253796875 0.2875 0.867187690625 0.290625 0.867187690625 0.2921875 0.86875 0.2953125 0.86875 0.2984375 0.8718753796875 0.3 0.8718753796875 0.3078125 0.8796876906250001 0.309375 0.8796876906250001 0.3109375 0.88125 0.3125 0.88125 0.315625 0.8843753796874999 0.3171875 0.8843753796874999 0.31875 0.885937690625 0.321875 0.885937690625 0.3234375 0.8875 0.33125 0.8875 0.3328125 0.885937690625 0.3359375 0.885937690625 0.3375 0.8843753796874999 0.3390625 0.8843753796874999 0.34375 0.8796876906250001 0.3453125 0.8796876906250001 0.346875 0.8781253796874999 0.3484375 0.8781253796874999 0.3515625 0.875 0.353125 0.875 0.3546875 0.8734376906250001 0.35625 0.8734376906250001 0.3609375 0.86875 0.3625 0.86875 0.3640625 0.867187690625 0.365625 0.867187690625 0.371875 0.860937690625 0.3765625 0.860937690625 0.378125 0.8593753796874999 0.3796875 0.8593753796874999 0.3796875 0.857812309375 0.3828125 0.854687690625 0.384375 0.854687690625 0.3859375 0.8531253796874999 0.3875 0.8531253796874999 0.3921875 0.8484376906250001 0.3921875 0.8468753796874999 0.39375 0.8453123093749999 0.39375 0.8171876906250001 0.3921875 0.8156253796874999 0.3921875 0.7640623093750001 0.390625 0.7625 0.390625 0.7593753796875 0.3875 0.75625 0.3859375 0.75625 0.3796875 0.75 0.3765625 0.75 0.3703125 0.74375 0.3671875 0.74375 0.365625 0.742187690625 0.3640625 0.742187690625 0.359375 0.7375 0.3578125 0.7375 0.35625 0.7359376906249999 0.3546875 0.7359376906249999 0.353125 0.7343753796875 0.353125 0.7328123093750001 0.3515625 0.7328123093750001 0.35 0.73125 0.3484375 0.73125 0.3421875 0.725 0.340625 0.725 0.334375 0.71875 0.3125 0.71875 0.3109375 0.720312309375 0.3109375 0.7218753796875 0.309375 0.723437690625 0.3078125 0.723437690625
37 0.4453125 0.1375 0.4390625 0.14375 0.4375 0.14375 0.4359375 0.145312309375 0.434375 0.145312309375 0.4296875 0.15 0.4265625 0.15 0.425 0.15156230937499998 0.425 0.1531253796875 0.421875 0.15625 0.4203125 0.15625 0.41875 0.157812309375 0.4171875 0.157812309375 0.4125 0.1625 0.409375 0.1625 0.40625 0.1656253796875 0.40625 0.2656253796875 0.4078125 0.26718769062500003 0.409375 0.26718769062500003 0.415625 0.273437690625 0.4203125 0.273437690625 0.4265625 0.279687690625 0.428125 0.279687690625 0.434375 0.285937690625 0.440625 0.285937690625 0.44375 0.289062309375 0.44375 0.2906253796875 0.4453125 0.292187690625 0.4484375 0.292187690625 0.45 0.29375 0.4515625 0.29375 0.45625 0.29843769062500003 0.459375 0.29843769062500003 0.4640625 0.30312537968750003 0.4796875 0.30312537968750003 0.4796875 0.301562309375 0.4828125 0.29843769062500003 0.4875 0.29843769062500003 0.4890625 0.2968753796875 0.490625 0.2968753796875 0.4953125 0.292187690625 0.496875 0.292187690625 0.4984375 0.2906253796875 0.5 0.2906253796875 0.503125 0.2875 0.5046875 0.2875 0.50625 0.285937690625 0.509375 0.285937690625 0.5109375 0.28437537968750004 0.5109375 0.282812309375 0.5125 0.28125 0.5140625 0.28125 0.515625 0.279687690625 0.5203125 0.279687690625 0.5265625 0.273437690625 0.528125 0.273437690625 0.534375 0.26718769062500003 0.5359375 0.26718769062500003 0.5359375 0.2656253796875 0.5390625 0.2625 0.5390625 0.22812537968750002 0.5375 0.226562309375 0.5390625 0.225 0.5390625 0.220312309375 0.5375 0.21875 0.5375 0.175 0.5359375 0.173437690625 0.5359375 0.16875 0.534375 0.167187690625 0.534375 0.1656253796875 0.5328125 0.164062309375 0.53125 0.164062309375 0.528125 0.16093769062500002 0.5265625 0.16093769062500002 0.521875 0.15625 0.5203125 0.15625 0.5140625 0.15 0.5109375 0.15 0.50625 0.145312309375 0.5046875 0.145312309375 0.503125 0.14375 0.5015625 0.14375 0.4953125 0.1375 0.4921875 0.1375 0.4875 0.132812309375 0.4859375 0.132812309375 0.484375 0.13125 0.4828125 0.13125 0.4796875 0.12812537968749999 0.4796875 0.126562309375 0.4609375 0.126562309375 0.4546875 0.132812309375 0.453125 0.132812309375 0.4484375 0.1375 0.4453125 0.1375
17 0.51875 0.58125 0.5171875 0.5828123093750001 0.515625 0.5828123093750001 0.5125 0.585937690625 0.5109375 0.585937690625 0.509375 0.5875 0.5078125 0.5875 0.5015625 0.59375 0.5 0.59375 0.4984375 0.595312309375 0.496875 0.595312309375 0.4921875 0.6 0.490625 0.6 0.4890625 0.601562309375 0.4875 0.601562309375 0.4875 0.6031253796875 0.484375 0.60625 0.4828125 0.60625 0.48125 0.6078123093750001 0.48125 0.70625 0.484375 0.7093753796875 0.4859375 0.7093753796875 0.4875 0.710937690625 0.490625 0.710937690625 0.49375 0.714062309375 0.49375 0.7156253796875001 0.4953125 0.717187690625 0.5015625 0.717187690625 0.50625 0.7218753796875 0.5078125 0.7218753796875 0.509375 0.723437690625 0.5125 0.723437690625 0.5140625 0.725 0.515625 0.725 0.51875 0.7281253796875 0.5203125 0.7281253796875 0.521875 0.7296876906249999 0.525 0.7296876906249999 0.5328125 0.7375 0.534375 0.7375 0.5375 0.7406253796875 0.5421875 0.7406253796875 0.54375 0.742187690625 0.546875 0.742187690625 0.5484375 0.7406253796875 0.55 0.7406253796875 0.5515625 0.7390623093750001 0.5515625 0.7375 0.5546875 0.7343753796875 0.5578125 0.7343753796875 0.5609375 0.73125 0.5640625 0.73125 0.565625 0.7296876906249999 0.5703125 0.7296876906249999 0.571875 0.7281253796875 0.5734375 0.7281253796875 0.5734375 0.726562309375 0.575 0.725 0.5765625 0.725 0.578125 0.723437690625 0.5828125 0.723437690625 0.5875 0.71875 0.5890625 0.71875 0.590625 0.717187690625 0.5953125 0.717187690625 0.596875 0.7156253796875001 0.5984375 0.7156253796875001 0.5984375 0.714062309375 0.6 0.7125 0.6015625 0.7125 0.603125 0.710937690625 0.6046875 0.710937690625 0.609375 0.70625 0.609375 0.7046876906249999 0.6109375 0.7031253796875 0.6109375 0.629687690625 0.6125 0.6281253796875 0.6125 0.617187690625 0.6109375 0.6156253796875 0.6109375 0.6125 0.60625 0.6078123093750001 0.6046875 0.6078123093750001 0.603125 0.60625 0.6015625 0.60625 0.5953125 0.6 0.5921875 0.6 0.590625 0.598437690625 0.5890625 0.598437690625 0.5859375 0.595312309375 0.584375 0.595312309375 0.5828125 0.59375 0.58125 0.59375 0.5765625 0.589062309375 0.575 0.589062309375 0.56875 0.5828123093750001 0.5671875 0.5828123093750001 0.5640625 0.5796876906249999 0.5625 0.5796876906249999 0.5609375 0.5781253796875 0.5609375 0.5765623093750001 0.559375 0.575 0.5578125 0.575 0.553125 0.570312309375 0.5328125 0.570312309375 0.528125 0.575 0.5265625 0.575 0.5203125 0.58125 0.51875 0.58125
35 0.459375 0.43281230937500004 0.45625 0.435937690625 0.4546875 0.435937690625 0.453125 0.4375 0.4515625 0.4375 0.45 0.439062309375 0.4484375 0.439062309375 0.4453125 0.44218769062499996 0.4421875 0.44218769062499996 0.440625 0.44375 0.4359375 0.44375 0.434375 0.44531230937500005 0.4328125 0.44531230937500005 0.428125 0.45 0.4265625 0.45 0.4265625 0.451562309375 0.425 0.4531253796875 0.425 0.45625 0.4234375 0.45781230937500006 0.4234375 0.45937537968750003 0.4203125 0.4625 0.4203125 0.46406230937500004 0.41875 0.4656253796875 0.41875 0.470312309375 0.4171875 0.47187537968750004 0.4171875 0.47343769062499996 0.415625 0.475 0.4140625 0.475 0.4078125 0.48125 0.4078125 0.5593753796875001 0.4109375 0.5625 0.4125 0.5625 0.4140625 0.564062309375 0.4140625 0.5656253796875 0.415625 0.5656253796875 0.4171875 0.567187690625 0.4203125 0.567187690625 0.4265625 0.5734376906249999 0.428125 0.5734376906249999 0.4296875 0.575 0.43125 0.575 0.434375 0.5781253796875 0.4359375 0.5781253796875 0.4375 0.5796876906249999 0.440625 0.5796876906249999 0.446875 0.585937690625 0.45 0.585937690625 0.4515625 0.5875 0.453125 0.5875 0.45625 0.5906253796875001 0.4578125 0.5906253796875001 0.459375 0.592187690625 0.4609375 0.592187690625 0.4640625 0.595312309375 0.465625 0.595312309375 0.4671875 0.5968753796875 0.4765625 0.5968753796875 0.4796875 0.59375 0.48125 0.59375 0.4828125 0.592187690625 0.484375 0.592187690625 0.4890625 0.5875 0.490625 0.5875 0.4921875 0.585937690625 0.496875 0.585937690625 0.4984375 0.5843753796875 0.4984375 0.5828123093750001 0.5015625 0.5796876906249999 0.5046875 0.5796876906249999 0.50625 0.5781253796875 0.5078125 0.5781253796875 0.5109375 0.575 0.5125 0.575 0.5140625 0.5734376906249999 0.515625 0.5734376906249999 0.5203125 0.56875 0.521875 0.56875 0.5234375 0.567187690625 0.528125 0.567187690625 0.5296875 0.5656253796875 0.5296875 0.564062309375 0.5328125 0.560937690625 0.534375 0.560937690625 0.5359375 0.5593753796875001 0.5359375 0.55625 0.5375 0.554687690625 0.5375 0.475 0.5359375 0.47343769062499996 0.5359375 0.46406230937500004 0.534375 0.4625 0.5328125 0.4625 0.528125 0.45781230937500006 0.5265625 0.45781230937500006 0.525 0.45625 0.521875 0.45625 0.5203125 0.454687690625 0.51875 0.454687690625 0.515625 0.451562309375 0.5140625 0.451562309375 0.5125 0.45 0.5109375 0.45 0.509375 0.44843769062499994 0.5078125 0.44843769062499994 0.5046875 0.44531230937500005 0.5015625 0.44531230937500005 0.5 0.44375 0.4984375 0.44375 0.496875 0.44218769062499996 0.4953125 0.44218769062499996 0.49375 0.44062537968750004 0.4921875 0.44062537968750004 0.490625 0.439062309375 0.4890625 0.439062309375 0.4828125 0.43281230937500004 0.48125 0.43281230937500004 0.4765625 0.42812537968750003 0.4671875 0.42812537968750003 0.4640625 0.43125 0.4625 0.43125 0.4609375 0.43281230937500004 0.459375 0.43281230937500004
6 0.371875 0.5828123093750001 0.3671875 0.5875 0.365625 0.5875 0.3640625 0.589062309375 0.3625 0.589062309375 0.3578125 0.59375 0.35625 0.59375 0.3515625 0.598437690625 0.35 0.598437690625 0.346875 0.601562309375 0.3453125 0.601562309375 0.340625 0.60625 0.3390625 0.60625 0.3359375 0.6093753796875 0.3359375 0.6125 0.334375 0.6140623093750001 0.334375 0.617187690625 0.3375 0.620312309375 0.3375 0.6218753796875001 0.3390625 0.623437690625 0.3390625 0.625 0.340625 0.625 0.340625 0.6218753796875001 0.3421875 0.620312309375 0.3421875 0.61875 0.34375 0.617187690625 0.34375 0.6156253796875 0.346875 0.6125 0.3484375 0.6125 0.35 0.6109376906249999 0.353125 0.6109376906249999 0.3546875 0.6125 0.3578125 0.6125 0.3625 0.617187690625 0.3625 0.61875 0.3671875 0.623437690625 0.3671875 0.626562309375 0.36875 0.6281253796875 0.36875 0.6343753796875 0.3703125 0.6359376906249999 0.371875 0.6359376906249999 0.3734375 0.6375 0.3734375 0.6390623093750001 0.375 0.6406253796875 0.375 0.6421876906249999 0.378125 0.6453123093750001 0.378125 0.651562309375 0.371875 0.657812309375 0.3703125 0.657812309375 0.3703125 0.6593753796875 0.3609375 0.66875 0.359375 0.66875 0.3578125 0.6703123093750001 0.353125 0.6703123093750001 0.3515625 0.66875 0.3453125 0.66875 0.34375 0.6671876906249999 0.3375 0.6671876906249999 0.3359375 0.66875 0.334375 0.66875 0.3328125 0.6703123093750001 0.3328125 0.7046876906249999 0.334375 0.7046876906249999 0.3375 0.7078123093750001 0.3375 0.7093753796875 0.3390625 0.7093753796875 0.340625 0.710937690625 0.3421875 0.710937690625 0.34375 0.7125 0.3453125 0.7125 0.3484375 0.7156253796875001 0.35 0.7156253796875001 0.3515625 0.717187690625 0.353125 0.717187690625 0.3546875 0.71875 0.35625 0.71875 0.359375 0.7218753796875 0.3609375 0.7218753796875 0.3625 0.723437690625 0.365625 0.723437690625 0.36875 0.726562309375 0.36875 0.7281253796875 0.3703125 0.7281253796875 0.371875 0.7296876906249999 0.3765625 0.7296876906249999 0.378125 0.73125 0.3796875 0.73125 0.38125 0.7328123093750001 0.38125 0.7343753796875 0.3828125 0.7343753796875 0.384375 0.7359376906249999 0.3859375 0.7359376906249999 0.390625 0.7406253796875 0.3921875 0.7406253796875 0.39375 0.742187690625 0.40625 0.742187690625 0.4078125 0.7406253796875 0.409375 0.7406253796875 0.4140625 0.7359376906249999 0.415625 0.7359376906249999 0.4203125 0.73125 0.421875 0.73125 0.4234375 0.7296876906249999 0.4265625 0.7296876906249999 0.428125 0.7281253796875 0.4296875 0.7281253796875 0.4296875 0.726562309375 0.4328125 0.723437690625 0.4359375 0.723437690625 0.4375 0.7218753796875 0.4390625 0.7218753796875 0.4421875 0.71875 0.44375 0.71875 0.4453125 0.717187690625 0.446875 0.717187690625 0.453125 0.710937690625 0.45625 0.710937690625 0.4578125 0.7093753796875 0.459375 0.7093753796875 0.459375 0.7078123093750001 0.4640625 0.7031253796875 0.465625 0.7031253796875 0.465625 0.7 0.4671875 0.6984376906249999 0.4671875 0.620312309375 0.465625 0.61875 0.465625 0.6140623093750001 0.4640625 0.6140623093750001 0.4609375 0.6109376906249999 0.4609375 0.6093753796875 0.4578125 0.60625 0.45625 0.60625 0.453125 0.6031253796875 0.453125 0.601562309375 0.4515625 0.601562309375 0.45 0.6 0.446875 0.6 0.440625 0.59375 0.4375 0.59375 0.4328125 0.589062309375 0.43125 0.589062309375 0.4296875 0.5875 0.4265625 0.5875 0.4203125 0.58125 0.41875 0.58125 0.415625 0.5781253796875 0.4140625 0.5781253796875 0.409375 0.5734376906249999 0.4078125 0.5734376906249999 0.40625 0.5718753796875 0.3859375 0.5718753796875 0.3765625 0.58125 0.375 0.58125 0.3734375 0.5828123093750001 0.371875 0.5828123093750001
35 0.525 0.285937690625 0.5234375 0.285937690625 0.515625 0.29375 0.5125 0.29375 0.5109375 0.29531230937499997 0.509375 0.29531230937499997 0.5046875 0.3 0.503125 0.3 0.5015625 0.301562309375 0.5 0.301562309375 0.5 0.30312537968750003 0.4984375 0.304687690625 0.496875 0.304687690625 0.4953125 0.30625 0.49375 0.30625 0.490625 0.3093753796875 0.4890625 0.3093753796875 0.4859375 0.3125 0.4828125 0.3125 0.478125 0.317187690625 0.478125 0.4125 0.4796875 0.4125 0.48125 0.41406230937500005 0.48125 0.4156253796875 0.4828125 0.41718769062499994 0.484375 0.41718769062499994 0.4859375 0.41875 0.4875 0.41875 0.490625 0.4218753796875 0.4921875 0.4218753796875 0.49375 0.423437690625 0.496875 0.423437690625 0.5 0.42656230937500006 0.5 0.42812537968750003 0.5015625 0.42812537968750003 0.503125 0.42968769062499995 0.509375 0.42968769062499995 0.5125 0.43281230937500004 0.5125 0.4343753796875 0.5140625 0.435937690625 0.5171875 0.435937690625 0.51875 0.4375 0.521875 0.4375 0.525 0.44062537968750004 0.5265625 0.44062537968750004 0.528125 0.44218769062499996 0.5296875 0.44218769062499996 0.5328125 0.44531230937500005 0.5328125 0.4468753796875 0.534375 0.4468753796875 0.5359375 0.44843769062499994 0.54375 0.44843769062499994 0.5453125 0.45 0.546875 0.44843769062499994 0.5515625 0.44843769062499994 0.559375 0.44062537968750004 0.5609375 0.44062537968750004 0.5625 0.439062309375 0.5640625 0.439062309375 0.5671875 0.435937690625 0.5703125 0.435937690625 0.571875 0.4343753796875 0.5734375 0.4343753796875 0.5765625 0.43125 0.578125 0.43125 0.5796875 0.42968769062499995 0.5828125 0.42968769062499995 0.584375 0.42812537968750003 0.5859375 0.42812537968750003 0.5859375 0.42656230937500006 0.5875 0.425 0.5890625 0.425 0.590625 0.423437690625 0.5953125 0.423437690625 0.6015625 0.41718769062499994 0.603125 0.41718769062499994 0.6109375 0.40937537968750004 0.6109375 0.320312309375 0.603125 0.3125 0.6015625 0.3125 0.6 0.310937690625 0.5984375 0.310937690625 0.5953125 0.307812309375 0.59375 0.307812309375 0.5921875 0.30625 0.5890625 0.30625 0.584375 0.301562309375 0.5828125 0.301562309375 0.58125 0.3 0.5796875 0.3 0.578125 0.29843769062500003 0.5765625 0.29843769062500003 0.571875 0.29375 0.5703125 0.29375 0.5671875 0.2906253796875 0.5671875 0.289062309375 0.565625 0.289062309375 0.5578125 0.28125 0.55625 0.28125 0.5546875 0.279687690625 0.5546875 0.2781253796875 0.553125 0.276562309375 0.534375 0.276562309375 0.528125 0.282812309375 0.5265625 0.282812309375 0.5265625 0.28437537968750004 0.525 0.285937690625
36 0.453125 0.725 0.446875 0.73125 0.4453125 0.73125 0.4390625 0.7375 0.4375 0.7375 0.4359375 0.7390623093750001 0.434375 0.7390623093750001 0.4296875 0.74375 0.4265625 0.74375 0.4203125 0.75 0.4171875 0.75 0.415625 0.751562309375 0.4140625 0.751562309375 0.4140625 0.7531253796875 0.4109375 0.75625 0.409375 0.75625 0.4078125 0.757812309375 0.4078125 0.85 0.4125 0.854687690625 0.415625 0.854687690625 0.41875 0.857812309375 0.41875 0.8593753796874999 0.4203125 0.860937690625 0.425 0.860937690625 0.4265625 0.8625 0.428125 0.8625 0.4296875 0.864062309375 0.4296875 0.8656253796875 0.43125 0.8656253796875 0.4328125 0.867187690625 0.434375 0.867187690625 0.440625 0.8734376906250001 0.4421875 0.8734376906250001 0.44375 0.875 0.4453125 0.875 0.4484375 0.8781253796874999 0.45 0.8781253796874999 0.4515625 0.8796876906250001 0.453125 0.8796876906250001 0.459375 0.885937690625 0.4609375 0.885937690625 0.4625 0.8875 0.4640625 0.8875 0.465625 0.889062309375 0.46875 0.889062309375 0.4703125 0.8906253796874999 0.471875 0.889062309375 0.475 0.889062309375 0.4765625 0.8875 0.478125 0.8875 0.4796875 0.885937690625 0.48125 0.885937690625 0.4875 0.8796876906250001 0.4890625 0.8796876906250001 0.490625 0.8781253796874999 0.4921875 0.8781253796874999 0.496875 0.8734376906250001 0.4984375 0.8734376906250001 0.5 0.8718753796875 0.5015625 0.8718753796875 0.5046875 0.86875 0.50625 0.86875 0.5078125 0.867187690625 0.5109375 0.867187690625 0.5140625 0.864062309375 0.515625 0.864062309375 0.51875 0.860937690625 0.5203125 0.860937690625 0.5265625 0.854687690625 0.528125 0.854687690625 0.5296875 0.8531253796874999 0.53125 0.8531253796874999 0.5359375 0.8484376906250001 0.5359375 0.8468753796874999 0.5375 0.8453123093749999 0.5375 0.8390623093749999 0.5390625 0.8375 0.5390625 0.7921876906249999 0.5375 0.7906253796875 0.5375 0.7703123093750001 0.5359375 0.76875 0.5359375 0.7609376906249999 0.534375 0.7593753796875 0.534375 0.757812309375 0.5328125 0.75625 0.53125 0.75625 0.5265625 0.751562309375 0.525 0.751562309375 0.5234375 0.75 0.5203125 0.75 0.5171875 0.7468753796875001 0.5171875 0.745312309375 0.515625 0.745312309375 0.5140625 0.74375 0.5125 0.74375 0.5078125 0.7390623093750001 0.50625 0.7390623093750001 0.5046875 0.7375 0.5015625 0.7375 0.4953125 0.73125 0.49375 0.73125 0.490625 0.7281253796875 0.4890625 0.7281253796875 0.4859375 0.725 0.484375 0.725 0.4828125 0.723437690625 0.48125 0.723437690625 0.4796875 0.7218753796875 0.459375 0.7218753796875 0.4578125 0.723437690625 0.45625 0.723437690625 0.4546875 0.725 0.453125 0.725
36 0.309375 0.42968769062499995 0.3078125 0.43125 0.30625 0.43125 0.3015625 0.435937690625 0.3 0.435937690625 0.2984375 0.4375 0.296875 0.4375 0.2953125 0.439062309375 0.29375 0.439062309375 0.29375 0.44062537968750004 0.2921875 0.44218769062499996 0.290625 0.44218769062499996 0.2890625 0.44375 0.2875 0.44375 0.2859375 0.44531230937500005 0.284375 0.44531230937500005 0.2796875 0.45 0.278125 0.45 0.271875 0.45625 0.2703125 0.45625 0.2640625 0.4625 0.2640625 0.525 0.2671875 0.5281253796875001 0.2671875 0.529687690625 0.26875 0.53125 0.26875 0.5343753796875 0.2734375 0.539062309375 0.2734375 0.5421876906249999 0.275 0.54375 0.275 0.560937690625 0.2765625 0.5625 0.2765625 0.5656253796875 0.284375 0.5734376906249999 0.2875 0.5734376906249999 0.2890625 0.575 0.290625 0.575 0.2953125 0.5796876906249999 0.296875 0.5796876906249999 0.2984375 0.58125 0.3 0.58125 0.3015625 0.5828123093750001 0.3015625 0.5843753796875 0.303125 0.5843753796875 0.3046875 0.585937690625 0.3078125 0.585937690625 0.309375 0.5875 0.3109375 0.5875 0.3125 0.589062309375 0.3125 0.5906253796875001 0.3140625 0.5906253796875001 0.315625 0.592187690625 0.31875 0.592187690625 0.3203125 0.59375 0.321875 0.59375 0.3234375 0.595312309375 0.3296875 0.595312309375 0.3328125 0.592187690625 0.3359375 0.592187690625 0.3421875 0.585937690625 0.3453125 0.585937690625 0.3515625 0.5796876906249999 0.3546875 0.5796876906249999 0.35625 0.5781253796875 0.3578125 0.5781253796875 0.3609375 0.575 0.3625 0.575 0.3640625 0.5734376906249999 0.365625 0.5734376906249999 0.3703125 0.56875 0.371875 0.56875 0.3734375 0.567187690625 0.3765625 0.567187690625 0.378125 0.5656253796875 0.3796875 0.5656253796875 0.3796875 0.564062309375 0.3828125 0.560937690625 0.384375 0.560937690625 0.3859375 0.5593753796875001 0.3875 0.5593753796875001 0.3921875 0.554687690625 0.3921875 0.5531253796875 0.39375 0.5515623093750001 0.39375 0.5031253796875 0.3921875 0.501562309375 0.3921875 0.482812309375 0.384375 0.475 0.3828125 0.475 0.3796875 0.47187537968750004 0.3796875 0.470312309375 0.3734375 0.46406230937500004 0.3734375 0.4531253796875 0.3640625 0.44375 0.3625 0.44375 0.3609375 0.44218769062499996 0.359375 0.44218769062499996 0.3546875 0.4375 0.3515625 0.4375 0.3453125 0.43125 0.34375 0.43125 0.3375 0.425 0.3140625 0.425 0.3125 0.42656230937500006 0.3125 0.42812537968750003 0.3109375 0.42968769062499995 0.309375 0.42968769062499995
37 0.6703125 0.285937690625 0.66875 0.2875 0.6671875 0.2875 0.665625 0.289062309375 0.6640625 0.289062309375 0.659375 0.29375 0.6578125 0.29375 0.65625 0.29531230937499997 0.6546875 0.29531230937499997 0.6515625 0.29843769062500003 0.65 0.29843769062500003 0.6484375 0.3 0.646875 0.3 0.640625 0.30625 0.6390625 0.30625 0.6375 0.307812309375 0.6359375 0.307812309375 0.6328125 0.310937690625 0.63125 0.310937690625 0.6296875 0.3125 0.628125 0.3125 0.625 0.31562537968750004 0.625 0.41093769062499996 0.6265625 0.41093769062499996 0.6328125 0.41718769062499994 0.634375 0.41718769062499994 0.640625 0.423437690625 0.646875 0.423437690625 0.65 0.42656230937500006 0.65 0.42812537968750003 0.6515625 0.42968769062499995 0.659375 0.42968769062499995 0.6609375 0.43125 0.671875 0.43125 0.678125 0.425 0.6796875 0.425 0.68125 0.423437690625 0.7 0.423437690625 0.7015625 0.425 0.7046875 0.425 0.70625 0.42656230937500006 0.7078125 0.42656230937500006 0.709375 0.42812537968750003 0.715625 0.42812537968750003 0.7203125 0.423437690625 0.725 0.423437690625 0.7265625 0.4218753796875 0.728125 0.4218753796875 0.73125 0.41875 0.7328125 0.41875 0.734375 0.41718769062499994 0.740625 0.41718769062499994 0.746875 0.41093769062499996 0.7515625 0.41093769062499996 0.7546875 0.407812309375 0.7546875 0.404687690625 0.75625 0.4031253796875 0.75625 0.370312309375 0.7578125 0.36875 0.7578125 0.320312309375 0.75625 0.31875 0.75625 0.317187690625 0.7546875 0.31562537968750004 0.7546875 0.314062309375 0.753125 0.3125 0.7515625 0.3125 0.746875 0.307812309375 0.7453125 0.307812309375 0.7421875 0.304687690625 0.740625 0.304687690625 0.7359375 0.3 0.7328125 0.3 0.7265625 0.29375 0.721875 0.29375 0.7171875 0.289062309375 0.715625 0.289062309375 0.7140625 0.2875 0.7125 0.2875 0.709375 0.28437537968750004 0.7078125 0.28437537968750004 0.7046875 0.28125 0.703125 0.28125 0.6984375 0.276562309375 0.6828125 0.276562309375 0.678125 0.28125 0.6765625 0.28125 0.671875 0.285937690625 0.6703125 0.285937690625
35 0.675 0.575 0.6734375 0.575 0.6671875 0.58125 0.665625 0.58125 0.659375 0.5875 0.6578125 0.5875 0.65625 0.589062309375 0.6546875 0.589062309375 0.65 0.59375 0.646875 0.59375 0.640625 0.6 0.6390625 0.6 0.6328125 0.60625 0.63125 0.60625 0.6296875 0.6078123093750001 0.628125 0.6078123093750001 0.6265625 0.6093753796875 0.6265625 0.6109376906249999 0.625 0.6125 0.625 0.70625 0.628125 0.7093753796875 0.6296875 0.7093753796875 0.63125 0.710937690625 0.634375 0.710937690625 0.6375 0.714062309375 0.6375 0.7156253796875001 0.6390625 0.7156253796875001 0.640625 0.717187690625 0.6453125 0.717187690625 0.646875 0.71875 0.6484375 0.71875 0.653125 0.723437690625 0.65625 0.723437690625 0.659375 0.726562309375 0.6609375 0.726562309375 0.6625 0.7281253796875 0.6640625 0.7281253796875 0.665625 0.7296876906249999 0.66875 0.7296876906249999 0.6703125 0.7281253796875 0.6828125 0.7406253796875 0.6859375 0.7406253796875 0.6875 0.742187690625 0.6984375 0.742187690625 0.7 0.7406253796875 0.7015625 0.7406253796875 0.70625 0.7359376906249999 0.7078125 0.7359376906249999 0.7140625 0.7296876906249999 0.7171875 0.7296876906249999 0.71875 0.7281253796875 0.7203125 0.7281253796875 0.725 0.723437690625 0.728125 0.723437690625 0.734375 0.717187690625 0.7390625 0.717187690625 0.7453125 0.710937690625 0.7484375 0.710937690625 0.75 0.7093753796875 0.7515625 0.7093753796875 0.753125 0.7078123093750001 0.753125 0.70625 0.7546875 0.7046876906249999 0.7546875 0.7015623093750001 0.75625 0.7 0.75625 0.6984376906249999 0.7578125 0.6968753796875 0.7578125 0.6140623093750001 0.75625 0.6125 0.75625 0.6109376906249999 0.7515625 0.60625 0.75 0.60625 0.7484375 0.6046876906249999 0.746875 0.6046876906249999 0.74375 0.601562309375 0.7421875 0.601562309375 0.740625 0.6 0.7390625 0.6 0.7375 0.598437690625 0.7359375 0.598437690625 0.7328125 0.595312309375 0.7296875 0.595312309375 0.728125 0.59375 0.725 0.59375 0.721875 0.5906253796875001 0.7203125 0.5906253796875001 0.715625 0.585937690625 0.7140625 0.585937690625 0.709375 0.58125 0.7078125 0.58125 0.7046875 0.5781253796875 0.7046875 0.5765623093750001 0.703125 0.575 0.7015625 0.575 0.696875 0.570312309375 0.6796875 0.570312309375 0.6796875 0.5718753796875 0.678125 0.5734376906249999 0.6765625 0.5734376906249999 0.675 0.575
35 0.1671875 0.425 0.165625 0.42656230937500006 0.1640625 0.42656230937500006 0.159375 0.43125 0.1578125 0.43125 0.15625 0.43281230937500004 0.1546875 0.43281230937500004 0.1515625 0.435937690625 0.15 0.435937690625 0.1484375 0.4375 0.1453125 0.4375 0.1390625 0.44375 0.1359375 0.44375 0.13125 0.44843769062499994 0.1296875 0.44843769062499994 0.1265625 0.451562309375 0.125 0.451562309375 0.125 0.4531253796875 0.1234375 0.454687690625 0.121875 0.454687690625 0.11875 0.45781230937500006 0.1171875 0.45781230937500006 0.1140625 0.46093769062499995 0.1140625 0.5593753796875001 0.115625 0.560937690625 0.1203125 0.560937690625 0.1265625 0.567187690625 0.128125 0.567187690625 0.134375 0.5734376906249999 0.1390625 0.5734376906249999 0.1453125 0.5796876906249999 0.146875 0.5796876906249999 0.1515625 0.5843753796875 0.153125 0.5843753796875 0.1546875 0.585937690625 0.159375 0.585937690625 0.1625 0.589062309375 0.1625 0.5906253796875001 0.1640625 0.592187690625 0.1671875 0.592187690625 0.171875 0.5968753796875 0.1734375 0.5968753796875 0.175 0.598437690625 0.184375 0.598437690625 0.1890625 0.59375 0.190625 0.59375 0.1921875 0.592187690625 0.19375 0.592187690625 0.1984375 0.5875 0.2 0.5875 0.2015625 0.585937690625 0.203125 0.585937690625 0.2078125 0.58125 0.209375 0.58125 0.2109375 0.5796876906249999 0.2140625 0.5796876906249999 0.2203125 0.5734376906249999 0.221875 0.5734376906249999 0.2234375 0.5718753796875 0.2234375 0.570312309375 0.2265625 0.567187690625 0.228125 0.567187690625 0.2296875 0.5656253796875 0.2296875 0.55 0.23125 0.5484376906249999 0.23125 0.5453123093750001 0.2328125 0.54375 0.2328125 0.5421876906249999 0.234375 0.5406253796875 0.234375 0.539062309375 0.2359375 0.5375 0.2359375 0.532812309375 0.240625 0.5281253796875001 0.240625 0.526562309375 0.2421875 0.525 0.2421875 0.5093753796875 0.24375 0.507812309375 0.24375 0.482812309375 0.2421875 0.48125 0.2421875 0.46406230937500004 0.234375 0.45625 0.2328125 0.45625 0.2265625 0.45 0.2234375 0.45 0.21875 0.44531230937500005 0.2171875 0.44531230937500005 0.215625 0.44375 0.2140625 0.44375 0.209375 0.439062309375 0.2078125 0.439062309375 0.20625 0.4375 0.2046875 0.4375 0.203125 0.435937690625 0.2015625 0.435937690625 0.2 0.4343753796875 0.2 0.43281230937500004 0.1984375 0.43281230937500004 0.1953125 0.42968769062499995 0.19375 0.42968769062499995 0.1921875 0.42812537968750003 0.1921875 0.42656230937500006 0.1890625 0.423437690625 0.1875 0.423437690625 0.1859375 0.4218753796875 0.1734375 0.4218753796875 0.171875 0.423437690625 0.1703125 0.423437690625 0.16875 0.425 0.1671875 0.425
36 0.5953125 0.726562309375 0.5953125 0.7281253796875 0.59375 0.7296876906249999 0.5921875 0.7296876906249999 0.584375 0.7375 0.58125 0.7375 0.5796875 0.7390623093750001 0.578125 0.7390623093750001 0.5734375 0.74375 0.571875 0.74375 0.5703125 0.745312309375 0.56875 0.745312309375 0.56875 0.7468753796875001 0.565625 0.75 0.5625 0.75 0.5578125 0.754687690625 0.55625 0.754687690625 0.553125 0.757812309375 0.5515625 0.757812309375 0.5515625 0.7593753796875 0.55 0.7609376906249999 0.55 0.8468753796874999 0.5515625 0.8484376906250001 0.553125 0.8484376906250001 0.55625 0.851562309375 0.55625 0.8531253796874999 0.5578125 0.854687690625 0.5609375 0.854687690625 0.5625 0.85625 0.5640625 0.85625 0.56875 0.860937690625 0.571875 0.860937690625 0.575 0.864062309375 0.575 0.8656253796875 0.5765625 0.867187690625 0.5796875 0.867187690625 0.5828125 0.8703123093749999 0.584375 0.8703123093749999 0.5875 0.8734376906250001 0.590625 0.8734376906250001 0.59375 0.8765623093749999 0.59375 0.8781253796874999 0.5953125 0.8796876906250001 0.596875 0.8796876906250001 0.5984375 0.88125 0.6 0.88125 0.6046875 0.885937690625 0.6078125 0.885937690625 0.6125 0.8906253796874999 0.621875 0.8906253796874999 0.625 0.8875 0.6265625 0.8875 0.628125 0.885937690625 0.6296875 0.885937690625 0.63125 0.8843753796874999 0.6328125 0.8843753796874999 0.6359375 0.88125 0.6375 0.88125 0.6390625 0.8796876906250001 0.640625 0.8796876906250001 0.6421875 0.8781253796874999 0.6421875 0.8765623093749999 0.6453125 0.8734376906250001 0.646875 0.8734376906250001 0.6484375 0.8718753796875 0.65 0.8718753796875 0.653125 0.86875 0.6546875 0.86875 0.65625 0.867187690625 0.659375 0.867187690625 0.665625 0.860937690625 0.66875 0.860937690625 0.6703125 0.8593753796874999 0.671875 0.8593753796874999 0.671875 0.857812309375 0.6734375 0.85625 0.675 0.85625 0.6765625 0.854687690625 0.678125 0.854687690625 0.6796875 0.8531253796874999 0.6796875 0.851562309375 0.6859375 0.8453123093749999 0.6859375 0.7625 0.684375 0.7609376906249999 0.684375 0.7593753796875 0.6796875 0.754687690625 0.678125 0.754687690625 0.675 0.751562309375 0.6734375 0.751562309375 0.671875 0.75 0.6703125 0.75 0.66875 0.748437690625 0.6671875 0.748437690625 0.6640625 0.745312309375 0.6625 0.745312309375 0.6609375 0.74375 0.6578125 0.74375 0.6515625 0.7375 0.6484375 0.7375 0.6421875 0.73125 0.640625 0.73125 0.6390625 0.7296876906249999 0.6375 0.7296876906249999 0.6359375 0.7281253796875 0.6359375 0.726562309375 0.634375 0.726562309375 0.6328125 0.725 0.63125 0.725 0.625 0.71875 0.60625 0.71875 0.6 0.725 0.5984375 0.725 0.596875 0.726562309375 0.5953125 0.726562309375
37 0.2265625 0.58125 0.221875 0.585937690625 0.2203125 0.585937690625 0.21875 0.5875 0.215625 0.5875 0.209375 0.59375 0.2078125 0.59375 0.20625 0.595312309375 0.2046875 0.595312309375 0.2015625 0.598437690625 0.2 0.598437690625 0.1984375 0.6 0.196875 0.6 0.190625 0.60625 0.1890625 0.60625 0.1875 0.6078123093750001 0.1875 0.6093753796875 0.1859375 0.6109376906249999 0.1859375 0.7031253796875 0.1875 0.7046876906249999 0.1890625 0.7046876906249999 0.1953125 0.710937690625 0.196875 0.710937690625 0.2 0.714062309375 0.2 0.7156253796875001 0.2015625 0.7156253796875001 0.203125 0.717187690625 0.2078125 0.717187690625 0.2140625 0.723437690625 0.215625 0.723437690625 0.221875 0.7296876906249999 0.2265625 0.7296876906249999 0.2328125 0.7359376906249999 0.234375 0.7359376906249999 0.2359375 0.7375 0.2375 0.7375 0.2390625 0.7390623093750001 0.2390625 0.7406253796875 0.2421875 0.7406253796875 0.24375 0.742187690625 0.2515625 0.742187690625 0.253125 0.7406253796875 0.253125 0.7343753796875 0.2546875 0.7328123093750001 0.2546875 0.73125 0.259375 0.726562309375 0.259375 0.725 0.2640625 0.720312309375 0.26875 0.720312309375 0.2703125 0.71875 0.278125 0.71875 0.2796875 0.720312309375 0.28125 0.720312309375 0.284375 0.723437690625 0.2859375 0.7218753796875 0.290625 0.7218753796875 0.2921875 0.720312309375 0.2953125 0.720312309375 0.296875 0.71875 0.3 0.71875 0.3015625 0.717187690625 0.3046875 0.717187690625 0.3078125 0.714062309375 0.309375 0.714062309375 0.3125 0.710937690625 0.3140625 0.710937690625 0.3171875 0.7078123093750001 0.3171875 0.70625 0.31875 0.7046876906249999 0.31875 0.7031253796875 0.3203125 0.7015623093750001 0.3203125 0.6156253796875 0.31875 0.6140623093750001 0.31875 0.6125 0.3171875 0.6109376906249999 0.3171875 0.6093753796875 0.3140625 0.60625 0.3125 0.60625 0.309375 0.6031253796875 0.309375 0.601562309375 0.3078125 0.601562309375 0.30625 0.6 0.303125 0.6 0.3015625 0.598437690625 0.3 0.598437690625 0.2984375 0.5968753796875 0.2984375 0.595312309375 0.296875 0.595312309375 0.2953125 0.59375 0.29375 0.59375 0.2921875 0.592187690625 0.290625 0.592187690625 0.2875 0.589062309375 0.2859375 0.589062309375 0.284375 0.5875 0.2828125 0.5875 0.278125 0.5828123093750001 0.2765625 0.5828123093750001 0.2734375 0.5796876906249999 0.271875 0.5796876906249999 0.2703125 0.5781253796875 0.234375 0.5781253796875 0.2328125 0.5796876906249999 0.23125 0.5796876906249999 0.2296875 0.58125 0.2265625 0.58125
37 0.74375 0.43281230937500004 0.7390625 0.4375 0.7359375 0.4375 0.734375 0.439062309375 0.7328125 0.439062309375 0.7328125 0.44062537968750004 0.73125 0.44218769062499996 0.7296875 0.44218769062499996 0.728125 0.44375 0.7265625 0.44375 0.7125 0.45781230937500006 0.7125 0.467187690625 0.7109375 0.46875 0.7109375 0.470312309375 0.70625 0.475 0.70625 0.47656230937500005 0.7015625 0.48125 0.7 0.48125 0.6984375 0.482812309375 0.6984375 0.4843753796875 0.696875 0.485937690625 0.696875 0.55625 0.7015625 0.560937690625 0.703125 0.560937690625 0.70625 0.564062309375 0.70625 0.5656253796875 0.7078125 0.567187690625 0.709375 0.567187690625 0.7140625 0.5718753796875 0.715625 0.5718753796875 0.7171875 0.5734376906249999 0.721875 0.5734376906249999 0.725 0.5765623093750001 0.725 0.5781253796875 0.7265625 0.5796876906249999 0.7296875 0.5796876906249999 0.734375 0.5843753796875 0.7359375 0.5843753796875 0.7375 0.585937690625 0.740625 0.585937690625 0.74375 0.589062309375 0.74375 0.5906253796875001 0.7453125 0.5906253796875001 0.746875 0.592187690625 0.75 0.592187690625 0.7515625 0.59375 0.753125 0.59375 0.7546875 0.595312309375 0.7546875 0.5968753796875 0.75625 0.5968753796875 0.7578125 0.598437690625 0.771875 0.598437690625 0.7734375 0.5968753796875 0.7734375 0.595312309375 0.775 0.59375 0.7765625 0.59375 0.778125 0.592187690625 0.7796875 0.592187690625 0.78125 0.5906253796875001 0.7828125 0.5906253796875001 0.7859375 0.5875 0.7875 0.5875 0.7890625 0.585937690625 0.790625 0.585937690625 0.7921875 0.5843753796875 0.7921875 0.5828123093750001 0.7953125 0.5796876906249999 0.8 0.5796876906249999 0.8015625 0.5781253796875 0.803125 0.5781253796875 0.8078125 0.5734376906249999 0.809375 0.5734376906249999 0.8109375 0.5718753796875 0.8109375 0.570312309375 0.8140625 0.567187690625 0.81875 0.567187690625 0.8203125 0.5656253796875 0.821875 0.5656253796875 0.8265625 0.560937690625 0.828125 0.560937690625 0.8296875 0.5593753796875001 0.8296875 0.5531253796875 0.83125 0.5515623093750001 0.83125 0.5375 0.8296875 0.535937690625 0.8296875 0.4875 0.83125 0.485937690625 0.83125 0.470312309375 0.8296875 0.46875 0.8296875 0.4625 0.825 0.45781230937500006 0.8234375 0.45781230937500006 0.821875 0.45625 0.8203125 0.45625 0.8140625 0.45 0.8109375 0.45 0.809375 0.44843769062499994 0.8078125 0.44843769062499994 0.803125 0.44375 0.8 0.44375 0.796875 0.44062537968750004 0.7953125 0.44062537968750004 0.7921875 0.4375 0.7890625 0.4375 0.784375 0.43281230937500004 0.7828125 0.43281230937500004 0.78125 0.43125 0.778125 0.43125 0.7734375 0.42656230937500006 0.753125 0.42656230937500006 0.7484375 0.43125 0.746875 0.43125 0.7453125 0.43281230937500004 0.74375 0.43281230937500004
17 0.5953125 0.43125 0.5890625 0.4375 0.584375 0.4375 0.578125 0.44375 0.5765625 0.44375 0.571875 0.44843769062499994 0.5703125 0.44843769062499994 0.56875 0.45 0.565625 0.45 0.559375 0.45625 0.5578125 0.45625 0.55625 0.45781230937500006 0.55625 0.45937537968750003 0.5546875 0.46093769062499995 0.553125 0.46093769062499995 0.55 0.46406230937500004 0.55 0.5593753796875001 0.5515625 0.560937690625 0.55625 0.560937690625 0.5578125 0.5625 0.559375 0.5625 0.5640625 0.567187690625 0.565625 0.567187690625 0.5671875 0.56875 0.56875 0.56875 0.5703125 0.570312309375 0.5703125 0.5718753796875 0.5734375 0.5718753796875 0.575 0.5734376906249999 0.578125 0.5734376906249999 0.58125 0.5765623093750001 0.58125 0.5781253796875 0.5828125 0.5796876906249999 0.5859375 0.5796876906249999 0.590625 0.5843753796875 0.5921875 0.5843753796875 0.59375 0.585937690625 0.596875 0.585937690625 0.6 0.589062309375 0.6 0.5906253796875001 0.6015625 0.5906253796875001 0.603125 0.592187690625 0.6046875 0.592187690625 0.60625 0.59375 0.6078125 0.59375 0.6109375 0.5968753796875 0.6125 0.5968753796875 0.6140625 0.598437690625 0.621875 0.598437690625 0.6265625 0.59375 0.628125 0.59375 0.6296875 0.592187690625 0.63125 0.592187690625 0.6359375 0.5875 0.6375 0.5875 0.6390625 0.585937690625 0.640625 0.585937690625 0.6453125 0.58125 0.646875 0.58125 0.6484375 0.5796876906249999 0.6515625 0.5796876906249999 0.6578125 0.5734376906249999 0.6609375 0.5734376906249999 0.6625 0.5718753796875 0.6640625 0.5718753796875 0.6671875 0.56875 0.66875 0.56875 0.6703125 0.567187690625 0.671875 0.567187690625 0.6859375 0.5531253796875 0.6859375 0.4843753796875 0.6828125 0.48125 0.6796875 0.48125 0.678125 0.47968769062499994 0.6765625 0.47968769062499994 0.675 0.4781253796875 0.675 0.47656230937500005 0.6734375 0.475 0.671875 0.475 0.66875 0.47187537968750004 0.66875 0.470312309375 0.6671875 0.46875 0.6671875 0.45781230937500006 0.665625 0.45625 0.665625 0.454687690625 0.6640625 0.4531253796875 0.6640625 0.451562309375 0.65625 0.44375 0.6546875 0.44375 0.653125 0.44218769062499996 0.6515625 0.44218769062499996 0.646875 0.4375 0.6453125 0.4375 0.6390625 0.43125 0.6375 0.43125 0.6328125 0.42656230937500006 0.63125 0.42656230937500006 0.6265625 0.4218753796875 0.6078125 0.4218753796875 0.6046875 0.425 0.603125 0.425 0.596875 0.43125 0.5953125 0.43125
17 0.6 0.135937690625 0.5984375 0.135937690625 0.596875 0.1375 0.5953125 0.1375 0.59375 0.139062309375 0.5921875 0.139062309375 0.5890625 0.142187690625 0.5875 0.142187690625 0.5859375 0.14375 0.584375 0.14375 0.578125 0.15 0.5765625 0.15 0.575 0.15156230937499998 0.5734375 0.15156230937499998 0.56875 0.15625 0.5671875 0.15625 0.565625 0.157812309375 0.5640625 0.157812309375 0.559375 0.1625 0.5578125 0.1625 0.55 0.170312309375 0.55 0.26406230937499997 0.553125 0.26718769062500003 0.55625 0.26718769062500003 0.5578125 0.26875 0.559375 0.26875 0.5640625 0.273437690625 0.565625 0.273437690625 0.571875 0.279687690625 0.578125 0.279687690625 0.58125 0.282812309375 0.58125 0.28437537968750004 0.5828125 0.285937690625 0.584375 0.285937690625 0.5859375 0.2875 0.5875 0.2875 0.590625 0.2906253796875 0.5921875 0.2906253796875 0.59375 0.292187690625 0.596875 0.292187690625 0.603125 0.29843769062500003 0.6078125 0.29843769062500003 0.6109375 0.301562309375 0.6234375 0.301562309375 0.6265625 0.29843769062500003 0.628125 0.29843769062500003 0.6296875 0.2968753796875 0.63125 0.2968753796875 0.634375 0.29375 0.6359375 0.29375 0.6375 0.292187690625 0.6390625 0.292187690625 0.640625 0.2906253796875 0.6421875 0.2906253796875 0.6421875 0.289062309375 0.6453125 0.285937690625 0.6484375 0.285937690625 0.65 0.28437537968750004 0.6515625 0.28437537968750004 0.6546875 0.28125 0.65625 0.28125 0.6578125 0.279687690625 0.659375 0.279687690625 0.6609375 0.2781253796875 0.6625 0.2781253796875 0.665625 0.275 0.6671875 0.275 0.66875 0.273437690625 0.671875 0.273437690625 0.6859375 0.2593753796875 0.6859375 0.1718753796875 0.6828125 0.16875 0.68125 0.16875 0.6796875 0.167187690625 0.6796875 0.1656253796875 0.678125 0.164062309375 0.6765625 0.164062309375 0.675 0.1625 0.671875 0.1625 0.665625 0.15625 0.6640625 0.15625 0.659375 0.15156230937499998 0.6578125 0.15156230937499998 0.65625 0.15 0.653125 0.15 0.646875 0.14375 0.6453125 0.14375 0.640625 0.139062309375 0.6390625 0.139062309375 0.6375 0.1375 0.634375 0.1375 0.628125 0.13125 0.6265625 0.13125 0.625 0.12968769062500002 0.60625 0.12968769062500002 0.603125 0.132812309375 0.6015625 0.132812309375 0.6015625 0.1343753796875 0.6 0.135937690625
14 0.4171875 0.425 0.41875 0.423437690625 0.421875 0.423437690625 0.425 0.420312309375 0.425 0.36562537968750003 0.4234375 0.364062309375 0.3734375 0.364062309375 0.3734375 0.423437690625 0.40625 0.423437690625 0.4078125 0.425 0.4171875 0.425
16 0.2046875 0.5718753796875 0.2046875 0.570312309375 0.2078125 0.567187690625 0.2078125 0.5125 0.20625 0.5109376906249999 0.20625 0.5093753796875 0.1546875 0.5093753796875 0.1546875 0.5718753796875 0.15625 0.5734376906249999 0.203125 0.5734376906249999 0.2046875 0.5718753796875
11 0.4984375 0.80625 0.496875 0.804687690625 0.496875 0.8031253796875 0.446875 0.8031253796875 0.446875 0.8656253796875 0.496875 0.8656253796875 0.4984375 0.864062309375 0.4984375 0.80625
9 0.240625 0.425 0.2421875 0.423437690625 0.2546875 0.423437690625 0.25625 0.425 0.2640625 0.425 0.265625 0.423437690625 0.278125 0.423437690625 0.2796875 0.4218753796875 0.2796875 0.364062309375 0.228125 0.364062309375 0.228125 0.423437690625 0.2375 0.423437690625 0.2390625 0.425 0.240625 0.425
14 0.64375 0.8593753796874999 0.64375 0.81875 0.6421875 0.8171876906250001 0.6421875 0.80625 0.640625 0.804687690625 0.5921875 0.804687690625 0.5921875 0.864062309375 0.6421875 0.864062309375 0.6421875 0.860937690625 0.64375 0.8593753796874999
26 0.440625 0.41875 0.4375 0.41875 0.4359375 0.420312309375 0.434375 0.420312309375 0.4296875 0.425 0.4265625 0.425 0.425 0.42656230937500006 0.425 0.42812537968750003 0.421875 0.43125 0.421875 0.4531253796875 0.428125 0.4531253796875 0.4328125 0.44843769062499994 0.4359375 0.44843769062499994 0.4375 0.4468753796875 0.4390625 0.4468753796875 0.44375 0.44218769062499996 0.446875 0.44218769062499996 0.4484375 0.44062537968750004 0.4484375 0.439062309375 0.4515625 0.435937690625 0.453125 0.435937690625 0.4546875 0.4343753796875 0.4546875 0.43281230937500004 0.4578125 0.42968769062499995 0.4609375 0.42968769062499995 0.4671875 0.423437690625 0.4671875 0.41875 0.46875 0.41718769062499994 0.46875 0.4125 0.446875 0.4125 0.4453125 0.41406230937500005 0.44375 0.41406230937500005 0.44375 0.4156253796875 0.440625 0.41875
8 0.496875 0.570312309375 0.496875 0.56875 0.4984375 0.567187690625 0.4984375 0.5109376906249999 0.446875 0.5109376906249999 0.446875 0.56875 0.45 0.5718753796875 0.4953125 0.5718753796875 0.496875 0.570312309375
33 0.675 0.42968769062499995 0.675 0.43125 0.6703125 0.435937690625 0.6703125 0.47343769062499996 0.6734375 0.47343769062499996 0.675 0.475 0.6765625 0.475 0.678125 0.47656230937500005 0.703125 0.47656230937500005 0.7046875 0.475 0.70625 0.475 0.7109375 0.470312309375 0.7109375 0.4375 0.709375 0.435937690625 0.709375 0.4343753796875 0.70625 0.43125 0.7046875 0.43125 0.6984375 0.425 0.6796875 0.425 0.678125 0.42656230937500006 0.6765625 0.42656230937500006 0.6765625 0.42812537968750003 0.675 0.42968769062499995
13 0.353125 0.5109376906249999 0.3015625 0.5109376906249999 0.3015625 0.5718753796875 0.35 0.5718753796875 0.353125 0.56875 0.353125 0.5109376906249999
13 0.7859375 0.5718753796875 0.7875 0.5718753796875 0.7875 0.570312309375 0.7890625 0.56875 0.790625 0.56875 0.790625 0.5109376906249999 0.7890625 0.5093753796875 0.7375 0.5093753796875 0.7375 0.5718753796875 0.7390625 0.5734376906249999 0.784375 0.5734376906249999 0.7859375 0.5718753796875
11 0.571875 0.364062309375 0.5703125 0.3625 0.5203125 0.3625 0.5203125 0.423437690625 0.5703125 0.423437690625 0.571875 0.4218753796875 0.571875 0.364062309375
7 0.2546875 0.71875 0.25625 0.717187690625 0.278125 0.717187690625 0.2796875 0.7156253796875001 0.2796875 0.657812309375 0.228125 0.657812309375 0.228125 0.717187690625 0.2296875 0.717187690625 0.23125 0.71875 0.2546875 0.71875
7 0.7171875 0.364062309375 0.715625 0.3625 0.6640625 0.3625 0.6640625 0.423437690625 0.715625 0.423437690625 0.7171875 0.4218753796875 0.7171875 0.364062309375
12 0.4984375 0.2156253796875 0.446875 0.2156253796875 0.446875 0.2781253796875 0.496875 0.2781253796875 0.4984375 0.276562309375 0.4984375 0.2156253796875
16 0.6421875 0.5718753796875 0.6421875 0.56875 0.64375 0.567187690625 0.64375 0.5125 0.6421875 0.5109376906249999 0.5921875 0.5109376906249999 0.5921875 0.5718753796875 0.59375 0.5734376906249999 0.640625 0.5734376906249999 0.6421875 0.5718753796875
27 0.73125 0.41875 0.7296875 0.420312309375 0.728125 0.420312309375 0.7234375 0.425 0.721875 0.425 0.7203125 0.42656230937500006 0.71875 0.42656230937500006 0.71875 0.42812537968750003 0.715625 0.43125 0.7140625 0.43125 0.7125 0.43281230937500004 0.7125 0.451562309375 0.7171875 0.451562309375 0.7203125 0.44843769062499994 0.7265625 0.44843769062499994 0.7328125 0.44218769062499996 0.734375 0.44218769062499996 0.740625 0.435937690625 0.7453125 0.435937690625 0.7515625 0.42968769062499995 0.753125 0.42968769062499995 0.7546875 0.42812537968750003 0.7546875 0.42656230937500006 0.7578125 0.423437690625 0.759375 0.423437690625 0.759375 0.4125 0.7390625 0.4125 0.7375 0.41406230937500005 0.7375 0.4156253796875 0.734375 0.41875 0.73125 0.41875
8 0.3515625 0.275 0.353125 0.275 0.353125 0.217187690625 0.3 0.217187690625 0.3 0.276562309375 0.3015625 0.2781253796875 0.3484375 0.2781253796875 0.3515625 0.275
31 0.2375 0.5281253796875001 0.2328125 0.532812309375 0.2328125 0.567187690625 0.2390625 0.5734376906249999 0.26875 0.5734376906249999 0.2703125 0.5718753796875 0.271875 0.5718753796875 0.271875 0.570312309375 0.2734375 0.56875 0.2734375 0.532812309375 0.271875 0.53125 0.2703125 0.53125 0.2671875 0.5281253796875001 0.2671875 0.526562309375 0.265625 0.525 0.2640625 0.525 0.2609375 0.5218753796875 0.24375 0.5218753796875 0.240625 0.525 0.2390625 0.525 0.2375 0.526562309375 0.2375 0.5281253796875001
32 0.38125 0.43125 0.3796875 0.43281230937500004 0.3796875 0.47187537968750004 0.38125 0.47343769062499996 0.3859375 0.47343769062499996 0.3875 0.475 0.409375 0.475 0.4109375 0.47343769062499996 0.415625 0.47343769062499996 0.4171875 0.47187537968750004 0.4171875 0.43281230937500004 0.4109375 0.42656230937500006 0.4109375 0.423437690625 0.3859375 0.423437690625 0.384375 0.425 0.3828125 0.425 0.38125 0.42656230937500006 0.38125 0.43125
12 0.5640625 0.71875 0.565625 0.717187690625 0.5703125 0.717187690625 0.5703125 0.657812309375 0.5203125 0.657812309375 0.5203125 0.717187690625 0.546875 0.717187690625 0.5484375 0.71875 0.5640625 0.71875
25 0.2578125 0.51875 0.259375 0.5171876906249999 0.259375 0.46406230937500004 0.2484375 0.46406230937500004 0.2484375 0.5203123093750001 0.2546875 0.5203123093750001 0.25625 0.51875 0.2578125 0.51875
15 0.6421875 0.273437690625 0.6421875 0.27187537968750003 0.64375 0.270312309375 0.64375 0.22812537968750002 0.6421875 0.226562309375 0.6421875 0.217187690625 0.5921875 0.217187690625 0.5921875 0.276562309375 0.640625 0.276562309375 0.640625 0.275 0.6421875 0.273437690625
10 0.671875 0.71875 0.6734375 0.720312309375 0.703125 0.720312309375 0.7046875 0.71875 0.709375 0.71875 0.7109375 0.717187690625 0.715625 0.717187690625 0.7171875 0.7156253796875001 0.7171875 0.657812309375 0.715625 0.65625 0.6640625 0.65625 0.6640625 0.717187690625 0.665625 0.717187690625 0.6671875 0.71875 0.671875 0.71875
15 0.353125 0.804687690625 0.3015625 0.804687690625 0.3015625 0.8656253796875 0.3515625 0.8656253796875 0.353125 0.864062309375 0.353125 0.804687690625
29 0.3421875 0.6281253796875 0.3390625 0.63125 0.3390625 0.632812309375 0.33125 0.6406253796875 0.33125 0.654687690625 0.3359375 0.654687690625 0.3375 0.65625 0.3390625 0.65625 0.3421875 0.6593753796875 0.3421875 0.660937690625 0.34375 0.6625 0.34375 0.664062309375 0.3453125 0.6656253796875 0.3453125 0.6671876906249999 0.35 0.6718753796875 0.359375 0.6718753796875 0.3765625 0.654687690625 0.378125 0.654687690625 0.3796875 0.6531253796875001 0.3796875 0.6453123093750001 0.378125 0.64375 0.3765625 0.64375 0.3734375 0.6406253796875 0.3734375 0.6390623093750001 0.3671875 0.632812309375 0.3671875 0.6218753796875001 0.3609375 0.6156253796875 0.3609375 0.6140623093750001 0.359375 0.6125 0.3453125 0.6125 0.34375 0.6140623093750001 0.34375 0.623437690625 0.3421875 0.625 0.3421875 0.6281253796875
22 0.278857421875 0.004452887500000001 0.2159733078125 0.004452887500000001 0.2159733078125 0.0886778109375 0.278857421875 0.0886778109375 0.278857421875 0.004452887500000001
19 0.5680403640625 0.0022264437500000003 0.5090299484374999 0.0022264437500000003 0.5090299484374999 0.0865121578125 0.5680403640625 0.0865121578125 0.5680403640625 0.0022264437500000003
18 0.7918066406250001 0.138066109375 0.7250032546875 0.138066109375 0.7250032546875 0.2357940734375 0.7918066406250001 0.2357940734375 0.7918066406250001 0.138066109375
20 0.940087890625 0.4337955921875 0.8717220046874999 0.4337955921875 0.8717220046874999 0.5280585109375 0.940087890625 0.5280585109375 0.940087890625 0.4337955921875
21 0.7883919265625 0.734859421875 0.7238606765625 0.734859421875 0.7238606765625 0.82125 0.7883919265625 0.82125 0.7883919265625 0.734859421875
18 0.5700423171875 0.8885182374999999 0.5105566406250001 0.8885182374999999 0.5105566406250001 0.9698860187499999 0.5700423171875 0.9698860187499999 0.5700423171875 0.8885182374999999
18 0.2754915359375 0.8876253796875 0.21673502656250002 0.8876253796875 0.21673502656250002 0.9689855625 0.2754915359375 0.9689855625 0.2754915359375 0.8876253796875
18 0.1299772140625 0.5945744687500001 0.0698274734375 0.5945744687500001 0.0698274734375 0.67246200625 0.1299772140625 0.67246200625 0.1299772140625 0.5945744687500001
23 0.1322330734375 0.2961702125 0.07173828125000001 0.2961702125 0.07173828125000001 0.38306990937499996 0.1322330734375 0.38306990937499996 0.1322330734375 0.2961702125