28 0.4889707828125 0.845588059375 0.48161752968749993 0.8529410453124999 0.47977954843750004 0.8529410453124999 0.47794090312500004 0.8547791046875 0.47794090312500004 0.8566179109375 0.474264940625 0.8602940296874999 0.47058831406249996 0.8602940296874999 0.46875033125 0.8621320890625 0.46691168593750004 0.8621320890625 0.46691168593750004 0.880514925 0.48161752968749993 0.880514925 0.483456175 0.878676865625 0.483456175 0.876838059375 0.4871321375 0.873161940625 0.4889707828125 0.873161940625 0.49080876562500003 0.87132388125 0.49080876562500003 0.869485075 0.4944853921875 0.8658089546875001 0.5036766265625 0.8658089546875001 0.5055146078125 0.8639708953125 0.5055146078125 0.8621320890625 0.509191234375 0.8584559703125001 0.5110292171874999 0.8584559703125001 0.5202204515625 0.849264925 0.522059096875 0.849264925 0.522059096875 0.838235075 0.50183798125 0.838235075 0.5 0.84007388125 0.5 0.841911940625 0.4963233734375 0.845588059375 0.4889707828125 0.845588059375
36 0.43566201875 0.7132350749999999 0.4338233734375 0.7132350749999999 0.4319853921875 0.71507388125 0.43014674687500004 0.71507388125 0.4246321375 0.720588059375 0.420956175 0.720588059375 0.41360292187500003 0.7279410453125 0.40808831406249996 0.7279410453125 0.39705909687499996 0.7389708953125 0.39705909687499996 0.75 0.400735059375 0.7536768656249999 0.40257370468750003 0.7536768656249999 0.40441168593750004 0.751838059375 0.40808831406249996 0.751838059375 0.411764940625 0.748161940625 0.41544090312500004 0.748161940625 0.41727954843750004 0.75 0.41911752968749993 0.75 0.4246321375 0.7555149250000001 0.4264707828125 0.7555149250000001 0.4319853921875 0.7610291046875 0.4319853921875 0.7628679109375 0.4338233734375 0.7647059703125 0.4338233734375 0.7665440296875 0.43566201875 0.7683820890625 0.43566201875 0.7702208953125 0.4375 0.7720589546875 0.4375 0.7757350749999999 0.43566201875 0.77757388125 0.43566201875 0.779411940625 0.4338233734375 0.78125 0.4338233734375 0.7867649250000001 0.4319853921875 0.788602984375 0.4319853921875 0.7904410453125 0.43014674687500004 0.7922791046875 0.42830876562500003 0.7922791046875 0.4264707828125 0.7941179109375 0.4246321375 0.7941179109375 0.42279415625 0.7959559703125 0.41360292187500003 0.7959559703125 0.411764940625 0.7941179109375 0.40808831406249996 0.7941179109375 0.40625033125 0.7959559703125 0.40441168593750004 0.7959559703125 0.40441168593750004 0.7977940296875 0.40992629531249997 0.8033089546875001 0.40992629531249997 0.806985075 0.411764940625 0.80882388125 0.411764940625 0.8272059703125001 0.41360292187500003 0.8290440296874999 0.41360292187500003 0.8308820890625 0.41727954843750004 0.8345589546875001 0.41727954843750004 0.836397015625 0.41911752968749993 0.838235075 0.41911752968749993 0.841911940625 0.420956175 0.841911940625 0.42279415625 0.84375 0.43014674687500004 0.84375 0.4338233734375 0.847426865625 0.4338233734375 0.849264925 0.43566201875 0.849264925 0.4375 0.851102984375 0.4411766265625 0.851102984375 0.4430146078125 0.8529410453124999 0.44485325312499996 0.8529410453124999 0.4503678625 0.8584559703125001 0.454043825 0.8584559703125001 0.45772045156249996 0.8621320890625 0.46691168593750004 0.8621320890625 0.47058831406249996 0.8584559703125001 0.47242629531249997 0.8584559703125001 0.474264940625 0.8566179109375 0.47610292187500003 0.8566179109375 0.47610292187500003 0.8547791046875 0.47794090312500004 0.8529410453124999 0.47977954843750004 0.8529410453124999 0.48161752968749993 0.851102984375 0.483456175 0.851102984375 0.48529415625 0.849264925 0.4871321375 0.849264925 0.49080876562500003 0.845588059375 0.49264674687500004 0.845588059375 0.4944853921875 0.84375 0.49816201875 0.84375 0.5 0.841911940625 0.5036766265625 0.841911940625 0.5036766265625 0.84007388125 0.509191234375 0.8345589546875001 0.5110292171874999 0.8345589546875001 0.5110292171874999 0.8308820890625 0.5128678625 0.8290440296874999 0.5128678625 0.814338059375 0.5147058437500001 0.8125 0.5147058437500001 0.810661940625 0.5202204515625 0.805147015625 0.5202204515625 0.8033089546875001 0.5275737046875 0.7959559703125 0.5275737046875 0.7922791046875 0.5294116859375 0.7904410453125 0.5294116859375 0.7849268656249999 0.53125033125 0.783088059375 0.53125033125 0.7610291046875 0.5294116859375 0.7591910453125 0.5294116859375 0.74632388125 0.5275737046875 0.7444850749999999 0.5275737046875 0.7408089546875 0.5202204515625 0.7334559703125 0.5183824703125001 0.7334559703125 0.5147058437500001 0.7297791046875 0.5128678625 0.7297791046875 0.5110292171874999 0.7279410453125 0.509191234375 0.7279410453125 0.50183798125 0.720588059375 0.4963233734375 0.720588059375 0.4944853921875 0.71875 0.49264674687500004 0.71875 0.4871321375 0.7132350749999999 0.483456175 0.7132350749999999 0.48161752968749993 0.711397015625 0.47977954843750004 0.711397015625 0.47610292187500003 0.7077208953125 0.4411766265625 0.7077208953125 0.4411766265625 0.7095589546875 0.43933798125 0.711397015625 0.4375 0.711397015625 0.43566201875 0.7132350749999999
35 0.6525737046875 0.28492611874999996 0.650735059375 0.286764925 0.648897078125 0.286764925 0.6415438250000001 0.2941179109375 0.634191234375 0.2941179109375 0.6323525890624999 0.2959559703125 0.6323525890624999 0.2977940296875 0.6286766265625 0.3014708953125 0.62683798125 0.3014708953125 0.6194853921875 0.30882388125000004 0.617646746875 0.30882388125000004 0.615808765625 0.310661940625 0.615808765625 0.367647015625 0.617646746875 0.369485075 0.617646746875 0.37132388125000004 0.6194853921875 0.37132388125000004 0.6213233734375 0.373161940625 0.625 0.373161940625 0.6305146078125 0.37867611874999996 0.6305146078125 0.380514925 0.6323525890624999 0.382352984375 0.6323525890624999 0.40073507499999994 0.634191234375 0.40257388125000004 0.6360292171874999 0.40257388125000004 0.6397058437500001 0.40625 0.6397058437500001 0.408088059375 0.6433824703125001 0.41176492500000006 0.6452204515625 0.41176492500000006 0.647059096875 0.40992686562499997 0.648897078125 0.40992686562499997 0.6544116859375 0.41544104531250003 0.65625033125 0.41544104531250003 0.6580883140625 0.4172791046875 0.6599262953125 0.4172791046875 0.661764940625 0.41911791093749995 0.661764940625 0.4209559703125 0.665440903125 0.42463208906250005 0.6727941562499999 0.42463208906250005 0.6746321375 0.4264708953125 0.678308765625 0.4264708953125 0.6801474109375001 0.42830895468749997 0.6838233734375 0.42830895468749997 0.68566201875 0.43014701562499996 0.68933798125 0.4264708953125 0.6911766265625 0.4264708953125 0.6930146078125 0.42463208906250005 0.6948525890624999 0.42463208906250005 0.696691234375 0.4227940296875 0.6985292171874999 0.4227940296875 0.6985292171874999 0.4209559703125 0.696691234375 0.4209559703125 0.6948525890624999 0.41911791093749995 0.6930146078125 0.41911791093749995 0.68933798125 0.41544104531250003 0.68933798125 0.41360298437500004 0.6911766265625 0.41176492500000006 0.6930146078125 0.41176492500000006 0.6948525890624999 0.40992686562499997 0.7022058437500001 0.40992686562499997 0.7077204515625 0.41544104531250003 0.7077204515625 0.4172791046875 0.724264940625 0.4172791046875 0.7316175296874999 0.40992686562499997 0.7371321375 0.40992686562499997 0.7444853921875 0.40257388125000004 0.7463233734375 0.40257388125000004 0.74816201875 0.40073507499999994 0.74816201875 0.310661940625 0.7389707828125001 0.3014708953125 0.7334561749999999 0.3014708953125 0.7316175296874999 0.2996320890625 0.7297795484375 0.2996320890625 0.724264940625 0.2941179109375 0.7205883140625 0.2941179109375 0.71875033125 0.2922791046875 0.7169116859375 0.2922791046875 0.713235059375 0.288602984375 0.711397078125 0.288602984375 0.709559096875 0.286764925 0.7077204515625 0.286764925 0.7022058437500001 0.28125 0.7003678625 0.28125 0.6985292171874999 0.279411940625 0.661764940625 0.279411940625 0.6599262953125 0.28125 0.6580883140625 0.28125 0.6544116859375 0.28492611874999996 0.6525737046875 0.28492611874999996
37 0.5147058437500001 0.5661768656249999 0.5128678625 0.5680149250000001 0.5110292171874999 0.5680149250000001 0.507353253125 0.5716910453125 0.5055146078125 0.5716910453125 0.5036766265625 0.5735291046875 0.50183798125 0.5735291046875 0.4963233734375 0.5790440296875 0.4944853921875 0.5790440296875 0.49264674687500004 0.5808820890625 0.4889707828125 0.5808820890625 0.48161752968749993 0.5882350749999999 0.47977954843750004 0.5882350749999999 0.47794090312500004 0.59007388125 0.47610292187500003 0.59007388125 0.47058831406249996 0.595588059375 0.47058831406249996 0.65625 0.474264940625 0.6599268656249999 0.47610292187500003 0.6599268656249999 0.483456175 0.6672791046875 0.483456175 0.6691179109375 0.48529415625 0.6709559703125 0.48529415625 0.689338059375 0.4871321375 0.6911768656249999 0.4871321375 0.694852984375 0.4889707828125 0.694852984375 0.49264674687500004 0.6985291046875 0.4944853921875 0.6985291046875 0.49816201875 0.7022059703125 0.5 0.7022059703125 0.50183798125 0.7040440296875 0.507353253125 0.7040440296875 0.509191234375 0.7058820890625 0.5110292171874999 0.7058820890625 0.5165438250000001 0.711397015625 0.523897078125 0.711397015625 0.53125033125 0.71875 0.5422795484375 0.71875 0.5441175296874999 0.716911940625 0.5459561749999999 0.716911940625 0.5514707828125001 0.711397015625 0.555146746875 0.711397015625 0.5569853921875 0.7095589546875 0.5588233734375 0.7095589546875 0.5625 0.7058820890625 0.56433798125 0.7058820890625 0.5661766265625 0.7040440296875 0.5680146078125 0.7040440296875 0.5753678625 0.6966910453125 0.584559096875 0.6966910453125 0.586397078125 0.694852984375 0.586397078125 0.6930149250000001 0.588235059375 0.6911768656249999 0.5900737046875 0.6911768656249999 0.5919116859375 0.689338059375 0.5974262953125 0.689338059375 0.601102921875 0.685661940625 0.601102921875 0.680147015625 0.602940903125 0.6783089546875 0.602940903125 0.6746320890625 0.601102921875 0.6727940296875 0.601102921875 0.6341910453125 0.602940903125 0.632352984375 0.602940903125 0.623161940625 0.6047795484375 0.62132388125 0.602940903125 0.6194850749999999 0.602940903125 0.617647015625 0.5974262953125 0.6121320890625 0.5955883140625 0.6121320890625 0.59375033125 0.6102940296875 0.5900737046875 0.6102940296875 0.586397078125 0.6066179109375 0.586397078125 0.6029410453125 0.584559096875 0.601102984375 0.584559096875 0.5992649250000001 0.5808824703125001 0.595588059375 0.5808824703125001 0.59375 0.5790438250000001 0.591911940625 0.5790438250000001 0.5882350749999999 0.5772058437500001 0.586397015625 0.5772058437500001 0.5845589546875 0.571691234375 0.5790440296875 0.571691234375 0.5772059703125 0.5680146078125 0.5735291046875 0.5661766265625 0.5735291046875 0.56433798125 0.5716910453125 0.5625 0.5716910453125 0.5588233734375 0.5680149250000001 0.5569853921875 0.5680149250000001 0.555146746875 0.5661768656249999 0.553308765625 0.5661768656249999 0.5514707828125001 0.564338059375 0.5496321375 0.564338059375 0.5459561749999999 0.560661940625 0.5441175296874999 0.560661940625 0.5422795484375 0.55882388125 0.5349262953125 0.55882388125 0.5330883140625 0.5569850749999999 0.53125033125 0.55882388125 0.525735059375 0.55882388125 0.5183824703125001 0.5661768656249999 0.5147058437500001 0.5661768656249999
17 0.4430146078125 0.42463208906250005 0.4411766265625 0.4264708953125 0.4375 0.4264708953125 0.43566201875 0.42830895468749997 0.4338233734375 0.42830895468749997 0.43014674687500004 0.43198507499999994 0.42830876562500003 0.43198507499999994 0.4264707828125 0.43382388125000004 0.420956175 0.43382388125000004 0.41911752968749993 0.435661940625 0.41911752968749993 0.4375 0.420956175 0.439338059375 0.420956175 0.44117686562499997 0.42279415625 0.44301492500000006 0.42279415625 0.44669104531250003 0.420956175 0.4485291046875 0.420956175 0.4522059703125 0.41911752968749993 0.4540440296875 0.41911752968749993 0.45588208906250005 0.411764940625 0.46323507499999994 0.40992629531249997 0.46323507499999994 0.40808831406249996 0.46507388125000004 0.40625033125 0.46507388125000004 0.40441168593750004 0.466911940625 0.40441168593750004 0.470588059375 0.40257370468750003 0.47242686562499997 0.40257370468750003 0.5220589546875 0.39889707812499997 0.5257350749999999 0.39889707812499997 0.5404410453125 0.40257370468750003 0.5441179109375 0.40257370468750003 0.5459559703125 0.40625033125 0.5496320890625 0.40992629531249997 0.5496320890625 0.411764940625 0.5514708953125 0.41360292187500003 0.5514708953125 0.41727954843750004 0.555147015625 0.41911752968749993 0.555147015625 0.420956175 0.5569850749999999 0.42279415625 0.5569850749999999 0.42830876562500003 0.5625 0.43014674687500004 0.5625 0.4319853921875 0.564338059375 0.43566201875 0.564338059375 0.4430146078125 0.5716910453125 0.44485325312499996 0.5716910453125 0.4503678625 0.5772059703125 0.45220584375 0.5772059703125 0.454043825 0.5790440296875 0.46691168593750004 0.5790440296875 0.46875033125 0.5772059703125 0.46875033125 0.5753679109375 0.47242629531249997 0.5716910453125 0.47610292187500003 0.5716910453125 0.48161752968749993 0.5661768656249999 0.483456175 0.5661768656249999 0.48529415625 0.564338059375 0.4889707828125 0.564338059375 0.4963233734375 0.5569850749999999 0.50183798125 0.5569850749999999 0.5036766265625 0.555147015625 0.5055146078125 0.555147015625 0.5110292171874999 0.5496320890625 0.5183824703125001 0.5496320890625 0.5202204515625 0.5477940296875 0.5202204515625 0.5459559703125 0.523897078125 0.5422791046875 0.525735059375 0.5422791046875 0.5294116859375 0.538602984375 0.5294116859375 0.5367649250000001 0.5275737046875 0.5349268656249999 0.5275737046875 0.45588208906250005 0.525735059375 0.4540440296875 0.525735059375 0.4522059703125 0.523897078125 0.45036791093749995 0.522059096875 0.45036791093749995 0.5202204515625 0.4485291046875 0.5183824703125001 0.4485291046875 0.5165438250000001 0.44669104531250003 0.5147058437500001 0.44669104531250003 0.509191234375 0.44117686562499997 0.5055146078125 0.44117686562499997 0.5036766265625 0.439338059375 0.50183798125 0.439338059375 0.4963233734375 0.43382388125000004 0.49264674687500004 0.43382388125000004 0.4871321375 0.42830895468749997 0.48529415625 0.42830895468749997 0.483456175 0.4264708953125 0.47977954843750004 0.4264708953125 0.47242629531249997 0.41911791093749995 0.454043825 0.41911791093749995 0.45220584375 0.4209559703125 0.4503678625 0.4209559703125 0.44669123437499997 0.42463208906250005 0.4430146078125 0.42463208906250005
32 0.15441168593750002 0.564338059375 0.1525737046875 0.564338059375 0.150735059375 0.5661768656249999 0.148897078125 0.5661768656249999 0.14705909687500002 0.5680149250000001 0.14705909687500002 0.601102984375 0.15441168593750002 0.6084559703125 0.180146746875 0.6084559703125 0.1819853921875 0.6066179109375 0.1819853921875 0.6047791046875 0.18566201875 0.601102984375 0.1875 0.601102984375 0.18933798125 0.5992649250000001 0.18933798125 0.5680149250000001 0.1875 0.5661768656249999 0.18566201875 0.5661768656249999 0.1819853921875 0.5625 0.1819853921875 0.5569850749999999 0.1525737046875 0.5569850749999999 0.15625033125 0.560661940625 0.15625033125 0.5625 0.15441168593750002 0.564338059375
36 0.663602921875 0.5661768656249999 0.661764940625 0.5680149250000001 0.6599262953125 0.5680149250000001 0.65625033125 0.5716910453125 0.6544116859375 0.5716910453125 0.6525737046875 0.5735291046875 0.648897078125 0.5735291046875 0.647059096875 0.5753679109375 0.6452204515625 0.5753679109375 0.6415438250000001 0.5790440296875 0.6415438250000001 0.5808820890625 0.6397058437500001 0.5827208953125 0.6397058437500001 0.5845589546875 0.6433824703125001 0.5882350749999999 0.6433824703125001 0.59007388125 0.6452204515625 0.591911940625 0.6433824703125001 0.59375 0.6433824703125001 0.5974268656249999 0.6378678625 0.6029410453125 0.6360292171874999 0.6029410453125 0.62683798125 0.6121320890625 0.625 0.6121320890625 0.6213233734375 0.6158089546875 0.6194853921875 0.6158089546875 0.617646746875 0.617647015625 0.6139707828125001 0.617647015625 0.6139707828125001 0.68382388125 0.615808765625 0.685661940625 0.615808765625 0.6875 0.617646746875 0.6875 0.6194853921875 0.689338059375 0.6213233734375 0.689338059375 0.62683798125 0.694852984375 0.6305146078125 0.694852984375 0.6323525890624999 0.6966910453125 0.6415438250000001 0.6966910453125 0.648897078125 0.7040440296875 0.6672795484375 0.7040440296875 0.6691175296874999 0.7022059703125 0.6727941562499999 0.7022059703125 0.678308765625 0.6966910453125 0.68566201875 0.6966910453125 0.6875 0.6985291046875 0.68933798125 0.6985291046875 0.6930146078125 0.7022059703125 0.7003678625 0.7022059703125 0.7022058437500001 0.7040440296875 0.709559096875 0.7040440296875 0.711397078125 0.7022059703125 0.7150737046875 0.7022059703125 0.7169116859375 0.7003679109375 0.71875033125 0.7003679109375 0.7205883140625 0.6985291046875 0.724264940625 0.6985291046875 0.726102921875 0.6966910453125 0.7316175296874999 0.6966910453125 0.7371321375 0.6911768656249999 0.7389707828125001 0.6911768656249999 0.740808765625 0.689338059375 0.7426474109375001 0.689338059375 0.7444853921875 0.6875 0.7463233734375 0.6875 0.74816201875 0.685661940625 0.74816201875 0.623161940625 0.7463233734375 0.62132388125 0.7463233734375 0.617647015625 0.7389707828125001 0.6102940296875 0.7371321375 0.6102940296875 0.7334561749999999 0.6066179109375 0.7334561749999999 0.6029410453125 0.7316175296874999 0.601102984375 0.7316175296874999 0.5992649250000001 0.727940903125 0.595588059375 0.727940903125 0.59375 0.726102921875 0.591911940625 0.726102921875 0.59007388125 0.724264940625 0.5882350749999999 0.724264940625 0.5845589546875 0.7205883140625 0.5808820890625 0.7205883140625 0.5790440296875 0.7169116859375 0.5753679109375 0.7150737046875 0.5753679109375 0.713235059375 0.5735291046875 0.7077204515625 0.5735291046875 0.7022058437500001 0.5680149250000001 0.7003678625 0.5680149250000001 0.6985292171874999 0.5661768656249999 0.6948525890624999 0.5661768656249999 0.6930146078125 0.564338059375 0.6911766265625 0.564338059375 0.6875 0.560661940625 0.6764707828125001 0.560661940625 0.6727941562499999 0.564338059375 0.6691175296874999 0.564338059375 0.6672795484375 0.5661768656249999 0.663602921875 0.5661768656249999
37 0.5955883140625 0.7058820890625 0.59375033125 0.7077208953125 0.5919116859375 0.7077208953125 0.586397078125 0.7132350749999999 0.5827204515625 0.7132350749999999 0.5772058437500001 0.71875 0.5753678625 0.71875 0.5735292171874999 0.720588059375 0.5680146078125 0.720588059375 0.5661766265625 0.7224268656249999 0.5661766265625 0.7242649250000001 0.5625 0.7279410453125 0.5588233734375 0.7279410453125 0.5569853921875 0.7297791046875 0.555146746875 0.7297791046875 0.5496321375 0.7352940296875 0.5477941562499999 0.7352940296875 0.5441175296874999 0.7389708953125 0.5441175296874999 0.7408089546875 0.5422795484375 0.742647015625 0.5422795484375 0.7941179109375 0.5441175296874999 0.7959559703125 0.5441175296874999 0.7977940296875 0.5459561749999999 0.7996320890625 0.5477941562499999 0.7996320890625 0.5514707828125001 0.8033089546875001 0.5514707828125001 0.805147015625 0.5588233734375 0.8125 0.5588233734375 0.8345589546875001 0.56066201875 0.836397015625 0.5625 0.836397015625 0.56433798125 0.838235075 0.56433798125 0.84007388125 0.5680146078125 0.84375 0.5753678625 0.84375 0.5827204515625 0.851102984375 0.586397078125 0.851102984375 0.588235059375 0.8529410453124999 0.5900737046875 0.8529410453124999 0.59375033125 0.8566179109375 0.5955883140625 0.8566179109375 0.5974262953125 0.8584559703125001 0.599264940625 0.8584559703125001 0.6047795484375 0.8639708953125 0.6066175296874999 0.8639708953125 0.6084561749999999 0.8658089546875001 0.6121321375 0.8658089546875001 0.625 0.8529410453124999 0.62683798125 0.8529410453124999 0.6286766265625 0.851102984375 0.634191234375 0.851102984375 0.6415438250000001 0.84375 0.648897078125 0.84375 0.65625033125 0.836397015625 0.661764940625 0.836397015625 0.663602921875 0.8345589546875001 0.665440903125 0.8345589546875001 0.6709561749999999 0.8290440296874999 0.6746321375 0.8290440296874999 0.6764707828125001 0.8272059703125001 0.678308765625 0.8272059703125001 0.678308765625 0.8216910453124999 0.6764707828125001 0.819852984375 0.6764707828125001 0.8033089546875001 0.6746321375 0.8014708953125 0.6746321375 0.7628679109375 0.6764707828125001 0.7610291046875 0.6746321375 0.7591910453125 0.6746321375 0.7555149250000001 0.6727941562499999 0.7536768656249999 0.6727941562499999 0.751838059375 0.6709561749999999 0.751838059375 0.6672795484375 0.748161940625 0.665440903125 0.748161940625 0.661764940625 0.7444850749999999 0.661764940625 0.742647015625 0.6599262953125 0.7408089546875 0.6599262953125 0.7352940296875 0.6580883140625 0.7334559703125 0.6580883140625 0.7297791046875 0.6525737046875 0.7242649250000001 0.6525737046875 0.7224268656249999 0.650735059375 0.720588059375 0.648897078125 0.720588059375 0.647059096875 0.71875 0.6452204515625 0.71875 0.6415438250000001 0.71507388125 0.6397058437500001 0.71507388125 0.6378678625 0.7132350749999999 0.634191234375 0.7132350749999999 0.6305146078125 0.7095589546875 0.6286766265625 0.7095589546875 0.62316201875 0.7040440296875 0.6213233734375 0.7040440296875 0.615808765625 0.6985291046875 0.6102941562499999 0.6985291046875 0.6084561749999999 0.7003679109375 0.6047795484375 0.7003679109375 0.599264940625 0.7058820890625 0.5955883140625 0.7058820890625
36 0.22977954843749998 0.5680149250000001 0.22977954843749998 0.5753679109375 0.226102921875 0.5790440296875 0.2169116859375 0.5790440296875 0.21507370468749998 0.5808820890625 0.2058824703125 0.5808820890625 0.20404382499999998 0.5827208953125 0.2003678625 0.5827208953125 0.1985292171875 0.5845589546875 0.194853253125 0.5845589546875 0.1930146078125 0.586397015625 0.1930146078125 0.5882350749999999 0.1911766265625 0.59007388125 0.1911766265625 0.5992649250000001 0.180146746875 0.6102940296875 0.178308765625 0.6102940296875 0.178308765625 0.6286768656249999 0.180146746875 0.6305149250000001 0.180146746875 0.6378679109375 0.1819853921875 0.6397059703125 0.1819853921875 0.6672791046875 0.180146746875 0.6691179109375 0.180146746875 0.6727940296875 0.178308765625 0.6746320890625 0.178308765625 0.689338059375 0.1838233734375 0.689338059375 0.18566201875 0.6911768656249999 0.1875 0.6911768656249999 0.1930146078125 0.6966910453125 0.20220584375 0.6966910453125 0.20404382499999998 0.6985291046875 0.2058824703125 0.6985291046875 0.209559096875 0.7022059703125 0.213235059375 0.7022059703125 0.21507370468749998 0.7040440296875 0.2316175296875 0.7040440296875 0.2371321375 0.6985291046875 0.2444853921875 0.6985291046875 0.24632337343750002 0.7003679109375 0.24816201875 0.7003679109375 0.25 0.7022059703125 0.25183798125 0.7022059703125 0.2536766265625 0.7040440296875 0.2683824703125 0.7040440296875 0.27389707812499997 0.6985291046875 0.2775737046875 0.6985291046875 0.2794116859375 0.6966910453125 0.2849262953125 0.6966910453125 0.286764940625 0.694852984375 0.28860292187500003 0.694852984375 0.2941175296875 0.689338059375 0.29779415625 0.689338059375 0.2996321375 0.6875 0.2996321375 0.685661940625 0.30330876562500003 0.6819850749999999 0.305146746875 0.6819850749999999 0.3069853921875 0.680147015625 0.3069853921875 0.6139708953125 0.2922795484375 0.5992649250000001 0.2922795484375 0.59375 0.29044090312500004 0.591911940625 0.29044090312500004 0.59007388125 0.28860292187500003 0.5882350749999999 0.28860292187500003 0.586397015625 0.2830883140625 0.5808820890625 0.2794116859375 0.5808820890625 0.2775737046875 0.5790440296875 0.275735059375 0.5790440296875 0.27205909687499996 0.5753679109375 0.2702204515625 0.5753679109375 0.2683824703125 0.5735291046875 0.26654382499999996 0.5735291046875 0.26470584375 0.5716910453125 0.2628678625 0.5716910453125 0.25919123437499997 0.5680149250000001 0.257353253125 0.5680149250000001 0.2555146078125 0.5661768656249999 0.25 0.5661768656249999 0.24816201875 0.564338059375 0.24080876562500003 0.564338059375 0.2389707828125 0.5661768656249999 0.23529415625 0.5661768656249999 0.23345617500000002 0.5680149250000001 0.22977954843749998 0.5680149250000001
27 0.56433798125 0.132352984375 0.5625 0.13419104531249998 0.56066201875 0.13419104531249998 0.555146746875 0.1397059703125 0.553308765625 0.1397059703125 0.5459561749999999 0.14705895468750002 0.5441175296874999 0.14705895468750002 0.5422795484375 0.148897015625 0.5422795484375 0.150735075 0.540440903125 0.15257388125 0.540440903125 0.16544104531249998 0.5496321375 0.16544104531249998 0.5496321375 0.163602984375 0.553308765625 0.15992611875 0.5625 0.15992611875 0.56433798125 0.15808805937499998 0.56433798125 0.15625 0.5680146078125 0.15257388125 0.571691234375 0.15257388125 0.5753678625 0.148897015625 0.5772058437500001 0.148897015625 0.5808824703125001 0.1452208953125 0.584559096875 0.1452208953125 0.59375033125 0.1360291046875 0.5955883140625 0.1360291046875 0.5955883140625 0.125 0.5753678625 0.125 0.5735292171874999 0.12683805937499998 0.5735292171874999 0.12867611875 0.5698525890624999 0.132352984375 0.56433798125 0.132352984375
17 0.7426474109375001 0.4227940296875 0.740808765625 0.42463208906250005 0.7389707828125001 0.42463208906250005 0.7352941562499999 0.42830895468749997 0.7334561749999999 0.42830895468749997 0.727940903125 0.43382388125000004 0.724264940625 0.43382388125000004 0.7224262953125 0.435661940625 0.71875033125 0.435661940625 0.7169116859375 0.4375 0.7169116859375 0.44485298437500004 0.7150737046875 0.44669104531250003 0.713235059375 0.44669104531250003 0.711397078125 0.4485291046875 0.7058824703125001 0.4485291046875 0.7040438250000001 0.45036791093749995 0.7003678625 0.45036791093749995 0.696691234375 0.4540440296875 0.6948525890624999 0.4540440296875 0.6911766265625 0.4577208953125 0.6911766265625 0.5349268656249999 0.6930146078125 0.5367649250000001 0.6930146078125 0.538602984375 0.6948525890624999 0.5404410453125 0.696691234375 0.5404410453125 0.6985292171874999 0.5422791046875 0.7022058437500001 0.5422791046875 0.709559096875 0.5496320890625 0.7169116859375 0.5496320890625 0.7224262953125 0.555147015625 0.74816201875 0.555147015625 0.75 0.5569850749999999 0.7573525890624999 0.5569850749999999 0.759191234375 0.55882388125 0.7610292171874999 0.55882388125 0.7665438250000001 0.564338059375 0.7702204515625 0.564338059375 0.772059096875 0.5661768656249999 0.7794116859375 0.5661768656249999 0.78125033125 0.564338059375 0.7849262953125 0.564338059375 0.786764940625 0.5625 0.788602921875 0.5625 0.7922795484375 0.55882388125 0.7941175296874999 0.55882388125 0.7959561749999999 0.5569850749999999 0.8014707828125 0.5569850749999999 0.803308765625 0.555147015625 0.805146746875 0.555147015625 0.8106620187500001 0.5496320890625 0.8143379812499999 0.5496320890625 0.8161766265624999 0.5477940296875 0.8180146078125 0.5477940296875 0.821691234375 0.5441179109375 0.821691234375 0.5422791046875 0.8235292171875 0.5404410453125 0.8235292171875 0.538602984375 0.8253678624999999 0.5367649250000001 0.8253678624999999 0.45588208906250005 0.8180146078125 0.4485291046875 0.8143379812499999 0.4485291046875 0.8088233734375001 0.44301492500000006 0.8069853921875 0.44301492500000006 0.805146746875 0.44117686562499997 0.8014707828125 0.44117686562499997 0.7977941562499999 0.4375 0.7959561749999999 0.4375 0.7922795484375 0.43382388125000004 0.788602921875 0.43382388125000004 0.7849262953125 0.43014701562499996 0.7849262953125 0.42830895468749997 0.7830883140625 0.42830895468749997 0.78125033125 0.4264708953125 0.7775737046875 0.4264708953125 0.775735059375 0.42463208906250005 0.773897078125 0.42463208906250005 0.7683824703125001 0.41911791093749995 0.75183798125 0.41911791093749995 0.75 0.4209559703125 0.7463233734375 0.4209559703125 0.7444853921875 0.4227940296875 0.7426474109375001 0.4227940296875
37 0.586397078125 0.1397059703125 0.584559096875 0.1415440296875 0.5827204515625 0.1415440296875 0.5772058437500001 0.14705895468750002 0.571691234375 0.14705895468750002 0.5698525890624999 0.148897015625 0.5680146078125 0.148897015625 0.5625 0.15441194062500002 0.5588233734375 0.15441194062500002 0.5569853921875 0.15625 0.555146746875 0.15625 0.5514707828125001 0.15992611875 0.5496321375 0.15992611875 0.5477941562499999 0.161764925 0.5459561749999999 0.161764925 0.5441175296874999 0.163602984375 0.5441175296874999 0.22610298437499998 0.5459561749999999 0.22610298437499998 0.5514707828125001 0.2316179109375 0.5514707828125001 0.2334559703125 0.553308765625 0.2352940296875 0.555146746875 0.2352940296875 0.5569853921875 0.2371320890625 0.5569853921875 0.2408089546875 0.5588233734375 0.24264701562500002 0.5588233734375 0.2683820890625 0.56066201875 0.2702208953125 0.5625 0.2702208953125 0.5661766265625 0.273897015625 0.5661766265625 0.275735075 0.5680146078125 0.27757388125000004 0.5735292171874999 0.27757388125000004 0.5753678625 0.279411940625 0.5772058437500001 0.279411940625 0.5827204515625 0.28492611874999996 0.588235059375 0.28492611874999996 0.5900737046875 0.286764925 0.5919116859375 0.286764925 0.5974262953125 0.2922791046875 0.599264940625 0.2922791046875 0.601102921875 0.2941179109375 0.602940903125 0.2941179109375 0.6047795484375 0.2959559703125 0.6084561749999999 0.2959559703125 0.6102941562499999 0.2941179109375 0.6139707828125001 0.2941179109375 0.615808765625 0.2922791046875 0.6213233734375 0.2922791046875 0.6286766265625 0.28492611874999996 0.6360292171874999 0.28492611874999996 0.6378678625 0.283088059375 0.6378678625 0.28125 0.6397058437500001 0.279411940625 0.6415438250000001 0.279411940625 0.6433824703125001 0.27757388125000004 0.6452204515625 0.27757388125000004 0.647059096875 0.275735075 0.648897078125 0.275735075 0.6525737046875 0.27205895468749997 0.6544116859375 0.27205895468749997 0.65625033125 0.2702208953125 0.6580883140625 0.2702208953125 0.6599262953125 0.2683820890625 0.6599262953125 0.244485075 0.665440903125 0.2389708953125 0.665440903125 0.2371320890625 0.6672795484375 0.2352940296875 0.6672795484375 0.2334559703125 0.6746321375 0.22610298437499998 0.6746321375 0.224264925 0.6764707828125001 0.22242611874999998 0.6746321375 0.22058805937499998 0.6746321375 0.1672791046875 0.6709561749999999 0.163602984375 0.6691175296874999 0.163602984375 0.6672795484375 0.161764925 0.663602921875 0.161764925 0.65625033125 0.15441194062500002 0.650735059375 0.15441194062500002 0.648897078125 0.15257388125 0.647059096875 0.15257388125 0.6415438250000001 0.14705895468750002 0.6360292171874999 0.14705895468750002 0.6286766265625 0.1397059703125 0.62683798125 0.1397059703125 0.62316201875 0.1360291046875 0.5974262953125 0.1360291046875 0.5955883140625 0.1378679109375 0.59375033125 0.1378679109375 0.5919116859375 0.1397059703125 0.586397078125 0.1397059703125
36 0.5955883140625 0.42463208906250005 0.59375033125 0.4264708953125 0.588235059375 0.4264708953125 0.586397078125 0.42830895468749997 0.5827204515625 0.42830895468749997 0.5827204515625 0.43014701562499996 0.5808824703125001 0.43198507499999994 0.5790438250000001 0.43198507499999994 0.5772058437500001 0.43382388125000004 0.5698525890624999 0.43382388125000004 0.5625 0.44117686562499997 0.5588233734375 0.44117686562499997 0.5569853921875 0.44301492500000006 0.553308765625 0.44301492500000006 0.553308765625 0.44485298437500004 0.5514707828125001 0.44669104531250003 0.5496321375 0.44669104531250003 0.5477941562499999 0.4485291046875 0.5459561749999999 0.4485291046875 0.5459561749999999 0.5404410453125 0.5477941562499999 0.5404410453125 0.5496321375 0.5422791046875 0.555146746875 0.5422791046875 0.5588233734375 0.5459559703125 0.5588233734375 0.5477940296875 0.56066201875 0.5496320890625 0.5680146078125 0.5496320890625 0.5753678625 0.5569850749999999 0.5919116859375 0.5569850749999999 0.5974262953125 0.5514708953125 0.599264940625 0.5514708953125 0.602940903125 0.555147015625 0.6047795484375 0.555147015625 0.6066175296874999 0.5569850749999999 0.6139707828125001 0.5569850749999999 0.615808765625 0.55882388125 0.617646746875 0.55882388125 0.6213233734375 0.5625 0.6305146078125 0.5625 0.6360292171874999 0.5569850749999999 0.6433824703125001 0.5569850749999999 0.6452204515625 0.555147015625 0.647059096875 0.555147015625 0.650735059375 0.5514708953125 0.6525737046875 0.5514708953125 0.6544116859375 0.5496320890625 0.6580883140625 0.5496320890625 0.6599262953125 0.5477940296875 0.661764940625 0.5477940296875 0.6672795484375 0.5422791046875 0.6709561749999999 0.5422791046875 0.6746321375 0.538602984375 0.6746321375 0.5055149250000001 0.6764707828125001 0.5036768656249999 0.6764707828125001 0.4889708953125 0.6746321375 0.48713208906250005 0.6746321375 0.45955895468749997 0.6727941562499999 0.4577208953125 0.6727941562499999 0.45588208906250005 0.6709561749999999 0.4540440296875 0.6709561749999999 0.4522059703125 0.6691175296874999 0.45036791093749995 0.6672795484375 0.45036791093749995 0.665440903125 0.4485291046875 0.6599262953125 0.4485291046875 0.6544116859375 0.44301492500000006 0.6525737046875 0.44301492500000006 0.650735059375 0.44117686562499997 0.648897078125 0.44117686562499997 0.6433824703125001 0.435661940625 0.6415438250000001 0.435661940625 0.6397058437500001 0.43382388125000004 0.6360292171874999 0.43382388125000004 0.6286766265625 0.4264708953125 0.625 0.4264708953125 0.6194853921875 0.4209559703125 0.615808765625 0.4209559703125 0.6139707828125001 0.4227940296875 0.599264940625 0.4227940296875 0.5974262953125 0.42463208906250005 0.5955883140625 0.42463208906250005
35 0.3069853921875 0.7040440296875 0.305146746875 0.7040440296875 0.30330876562500003 0.7058820890625 0.29779415625 0.7058820890625 0.29595617500000004 0.7077208953125 0.2941175296875 0.7077208953125 0.2941175296875 0.7095589546875 0.29044090312500004 0.7132350749999999 0.286764940625 0.7132350749999999 0.2849262953125 0.71507388125 0.2830883140625 0.71507388125 0.2794116859375 0.71875 0.2775737046875 0.71875 0.275735059375 0.720588059375 0.27205909687499996 0.720588059375 0.2702204515625 0.7224268656249999 0.2683824703125 0.7224268656249999 0.26654382499999996 0.7242649250000001 0.26654382499999996 0.726102984375 0.26470584375 0.7279410453125 0.26470584375 0.7389708953125 0.257353253125 0.74632388125 0.257353253125 0.748161940625 0.2555146078125 0.75 0.2536766265625 0.75 0.25 0.7536768656249999 0.25 0.7610291046875 0.24816201875 0.7628679109375 0.24816201875 0.8290440296874999 0.25 0.8308820890625 0.25 0.8327208953125 0.25183798125 0.8345589546875001 0.2536766265625 0.8345589546875001 0.2555146078125 0.836397015625 0.2610292171875 0.836397015625 0.26470584375 0.84007388125 0.26470584375 0.841911940625 0.26654382499999996 0.84375 0.27389707812499997 0.84375 0.28125033125 0.851102984375 0.2830883140625 0.851102984375 0.29044090312500004 0.8584559703125001 0.29779415625 0.8584559703125001 0.3014707828125 0.8621320890625 0.3014707828125 0.8639708953125 0.30330876562500003 0.8658089546875001 0.32720584375 0.8658089546875001 0.33455909687499996 0.8584559703125001 0.3419116859375 0.8584559703125001 0.34375033125 0.8566179109375 0.34375033125 0.8547791046875 0.3474262953125 0.851102984375 0.35110292187500003 0.851102984375 0.35294090312500004 0.849264925 0.3547795484375 0.849264925 0.36029415625 0.84375 0.3639707828125 0.84375 0.36580876562500003 0.841911940625 0.36580876562500003 0.8125 0.37316201875 0.805147015625 0.37316201875 0.8033089546875001 0.37683798125 0.7996320890625 0.3786766265625 0.7996320890625 0.3805146078125 0.7977940296875 0.3805146078125 0.7941179109375 0.382353253125 0.7922791046875 0.382353253125 0.788602984375 0.38419123437499997 0.7867649250000001 0.38419123437499997 0.7408089546875 0.382353253125 0.7389708953125 0.382353253125 0.7371320890625 0.3805146078125 0.7352940296875 0.3786766265625 0.7352940296875 0.3713233734375 0.7279410453125 0.3694853921875 0.7279410453125 0.3621321375 0.720588059375 0.3566175296875 0.720588059375 0.3547795484375 0.71875 0.35294090312500004 0.71875 0.35110292187500003 0.716911940625 0.35110292187500003 0.71507388125 0.349264940625 0.7132350749999999 0.3474262953125 0.7132350749999999 0.3455883140625 0.711397015625 0.34375033125 0.711397015625 0.338235059375 0.7058820890625 0.33639707812499997 0.7058820890625 0.33455909687499996 0.7040440296875 0.3327204515625 0.7040440296875 0.3308824703125 0.7022059703125 0.3308824703125 0.6985291046875 0.3125 0.6985291046875 0.31066201875 0.7003679109375 0.3088233734375 0.7003679109375 0.3088233734375 0.7022059703125 0.3069853921875 0.7040440296875
0 0.15441168593750002 0.41911791093749995 0.148897078125 0.42463208906250005 0.14705909687500002 0.42463208906250005 0.14522045156250002 0.4264708953125 0.141543825 0.4264708953125 0.134191234375 0.43382388125000004 0.1286766265625 0.43382388125000004 0.12132337343749999 0.44117686562499997 0.11764674687500001 0.44117686562499997 0.11213213749999999 0.44669104531250003 0.11029415625000001 0.44669104531250003 0.108456175 0.4485291046875 0.1066175296875 0.4485291046875 0.1047795484375 0.45036791093749995 0.102940903125 0.45036791093749995 0.102940903125 0.4522059703125 0.101102921875 0.4540440296875 0.101102921875 0.5422791046875 0.1066175296875 0.5477940296875 0.108456175 0.5477940296875 0.11029415625000001 0.5496320890625 0.11397078281249999 0.5496320890625 0.12132337343749999 0.5569850749999999 0.125 0.5569850749999999 0.12683798125 0.55882388125 0.1286766265625 0.55882388125 0.134191234375 0.564338059375 0.13970584375 0.564338059375 0.141543825 0.5625 0.1433824703125 0.5625 0.14705909687500002 0.55882388125 0.148897078125 0.55882388125 0.150735059375 0.5569850749999999 0.17279415625 0.5569850749999999 0.1746321375 0.555147015625 0.1764707828125 0.555147015625 0.178308765625 0.5533089546875 0.180146746875 0.5533089546875 0.1819853921875 0.5514708953125 0.1875 0.5514708953125 0.1911766265625 0.555147015625 0.20220584375 0.555147015625 0.2058824703125 0.5514708953125 0.20772045156250002 0.5514708953125 0.209559096875 0.5496320890625 0.213235059375 0.5496320890625 0.21507370468749998 0.5477940296875 0.2169116859375 0.5477940296875 0.21875033125 0.5459559703125 0.2205883140625 0.5459559703125 0.22242629531250002 0.5441179109375 0.224264940625 0.5441179109375 0.226102921875 0.5422791046875 0.227940903125 0.5422791046875 0.22977954843749998 0.5404410453125 0.2316175296875 0.5404410453125 0.2316175296875 0.46875 0.226102921875 0.46323507499999994 0.224264940625 0.46323507499999994 0.21875033125 0.4577208953125 0.21875033125 0.44485298437500004 0.211397078125 0.4375 0.211397078125 0.435661940625 0.209559096875 0.43382388125000004 0.20220584375 0.43382388125000004 0.196691234375 0.42830895468749997 0.194853253125 0.42830895468749997 0.1930146078125 0.4264708953125 0.1911766265625 0.4264708953125 0.18566201875 0.4209559703125 0.1838233734375 0.4209559703125 0.1819853921875 0.41911791093749995 0.178308765625 0.41911791093749995 0.17279415625 0.41360298437500004 0.16544090312499998 0.41360298437500004 0.161764940625 0.4172791046875 0.1599262953125 0.4172791046875 0.15808831406249998 0.41911791093749995 0.15441168593750002 0.41911791093749995
0 0.42279415625 0.14705895468750002 0.41544090312500004 0.15441194062500002 0.411764940625 0.15441194062500002 0.40992629531249997 0.15625 0.40808831406249996 0.15625 0.40257370468750003 0.161764925 0.400735059375 0.161764925 0.400735059375 0.2334559703125 0.40257370468750003 0.2352940296875 0.40257370468750003 0.2371320890625 0.40808831406249996 0.24264701562500002 0.40992629531249997 0.24264701562500002 0.411764940625 0.244485075 0.411764940625 0.24632388125000002 0.41360292187500003 0.24816194062500002 0.41544090312500004 0.24816194062500002 0.41727954843750004 0.25 0.41911752968749993 0.25 0.420956175 0.251838059375 0.420956175 0.2702208953125 0.42830876562500003 0.27757388125000004 0.4319853921875 0.27757388125000004 0.4338233734375 0.279411940625 0.43566201875 0.279411940625 0.4411766265625 0.28492611874999996 0.44485325312499996 0.28492611874999996 0.45220584375 0.2922791046875 0.46691168593750004 0.2922791046875 0.47242629531249997 0.286764925 0.474264940625 0.286764925 0.47610292187500003 0.28492611874999996 0.47977954843750004 0.28492611874999996 0.48161752968749993 0.283088059375 0.483456175 0.283088059375 0.483456175 0.28125 0.48529415625 0.279411940625 0.4871321375 0.279411940625 0.49080876562500003 0.275735075 0.49264674687500004 0.275735075 0.49264674687500004 0.273897015625 0.4944853921875 0.27205895468749997 0.4963233734375 0.27205895468749997 0.49816201875 0.2702208953125 0.5036766265625 0.2702208953125 0.5055146078125 0.2683820890625 0.507353253125 0.2683820890625 0.5110292171874999 0.2647059703125 0.5110292171874999 0.2628679109375 0.5128678625 0.2610291046875 0.5128678625 0.251838059375 0.5147058437500001 0.25 0.5147058437500001 0.244485075 0.5183824703125001 0.2408089546875 0.5183824703125001 0.2389708953125 0.5202204515625 0.2371320890625 0.5202204515625 0.2334559703125 0.522059096875 0.2316179109375 0.522059096875 0.2297791046875 0.525735059375 0.22610298437499998 0.5275737046875 0.22610298437499998 0.5275737046875 0.163602984375 0.525735059375 0.161764925 0.523897078125 0.161764925 0.5165438250000001 0.15441194062500002 0.509191234375 0.15441194062500002 0.5055146078125 0.150735075 0.5055146078125 0.148897015625 0.5036766265625 0.14705895468750002 0.4944853921875 0.14705895468750002 0.4871321375 0.1397059703125 0.48529415625 0.1397059703125 0.483456175 0.1378679109375 0.44669123437499997 0.1378679109375 0.44485325312499996 0.1397059703125 0.43566201875 0.1397059703125 0.42830876562500003 0.14705895468750002 0.42279415625 0.14705895468750002
28 0.6746321375 0.7536768656249999 0.6746321375 0.8272059703125001 0.68933798125 0.8272059703125001 0.68933798125 0.7536768656249999 0.6746321375 0.7536768656249999
27 0.5808824703125001 0.6930149250000001 0.5808824703125001 0.694852984375 0.5772058437500001 0.6985291046875 0.5753678625 0.6985291046875 0.5680146078125 0.7058820890625 0.56066201875 0.7058820890625 0.5588233734375 0.7077208953125 0.5588233734375 0.7095589546875 0.555146746875 0.7132350749999999 0.5514707828125001 0.7132350749999999 0.5496321375 0.71507388125 0.5477941562499999 0.71507388125 0.5422795484375 0.720588059375 0.540440903125 0.720588059375 0.540440903125 0.7371320890625 0.5496321375 0.7371320890625 0.553308765625 0.7334559703125 0.555146746875 0.7334559703125 0.5569853921875 0.7316179109375 0.5588233734375 0.7316179109375 0.5625 0.7279410453125 0.56433798125 0.7279410453125 0.5661766265625 0.726102984375 0.5698525890624999 0.726102984375 0.571691234375 0.7242649250000001 0.571691234375 0.7224268656249999 0.5753678625 0.71875 0.5808824703125001 0.71875 0.5827204515625 0.716911940625 0.584559096875 0.716911940625 0.5900737046875 0.711397015625 0.5919116859375 0.711397015625 0.59375033125 0.7095589546875 0.59375033125 0.7077208953125 0.5974262953125 0.7040440296875 0.6047795484375 0.7040440296875 0.6066175296874999 0.7022059703125 0.6066175296874999 0.6875 0.6047795484375 0.685661940625 0.5955883140625 0.685661940625 0.5955883140625 0.6875 0.5919116859375 0.6911768656249999 0.5827204515625 0.6911768656249999 0.5808824703125001 0.6930149250000001
0 0.379869190625 0.5662559703125 0.3780312078125 0.5680940296875 0.3725159359375 0.5680940296875 0.3706779546875 0.5699320890624999 0.367001328125 0.5699320890624999 0.3614867203125 0.575447015625 0.3596487390625 0.575447015625 0.3578100921875 0.577285075 0.3559721109375 0.577285075 0.3541341296875 0.5791238812499999 0.352295484375 0.5791238812499999 0.350457503125 0.5809619406250001 0.3467808765625 0.5809619406250001 0.3449428953125 0.5828 0.34310425 0.5828 0.34126626875 0.584638059375 0.34126626875 0.6011820890624999 0.3394282875 0.6030208953125 0.3394282875 0.6048589546875001 0.3375896421875 0.606697015625 0.33575165937499996 0.606697015625 0.33575165937499996 0.608535075 0.32839840625 0.615888059375 0.32664541874999997 0.6855097015625 0.3339130140625 0.6967708953125 0.3375896421875 0.6967708953125 0.3394282875 0.6986089546875001 0.348619521875 0.6986089546875001 0.350457503125 0.700447015625 0.352295484375 0.700447015625 0.3559721109375 0.7041238812499999 0.3578100921875 0.7041238812499999 0.3596487390625 0.7059619406250001 0.3614867203125 0.7059619406250001 0.363325365625 0.7078 0.365163346875 0.7078 0.3706779546875 0.7133149249999999 0.37435458125 0.7133149249999999 0.3780312078125 0.7169910453125 0.3780312078125 0.7188291046875 0.379869190625 0.7206679109375 0.381707171875 0.7206679109375 0.38722244375 0.7261820890624999 0.396413678125 0.7261820890624999 0.396413678125 0.7243440296875 0.39825165937499996 0.7225059703125 0.4000896421875 0.7225059703125 0.4019282875 0.7206679109375 0.40376626875 0.7206679109375 0.40928087656249995 0.715152984375 0.411119521875 0.715152984375 0.412957503125 0.7133149249999999 0.41847211093750003 0.7133149249999999 0.42398672031249995 0.7078 0.425825365625 0.7078 0.427663346875 0.7059619406250001 0.4313399734375 0.7059619406250001 0.4386925625 0.6986089546875001 0.4405312078125 0.6986089546875001 0.4405312078125 0.6967708953125 0.442369190625 0.6949320890624999 0.442369190625 0.6728738812499999 0.44420717187500003 0.671035075 0.44420717187500003 0.669197015625 0.4478837984375 0.6655208953125 0.4478837984375 0.6636820890624999 0.44972244375 0.6618440296875 0.44972244375 0.6600059703125 0.45523705156250005 0.6544910453125 0.45523705156250005 0.5975059703125 0.44972244375 0.5919910453125 0.4478837984375 0.5919910453125 0.44604581718749997 0.590152984375 0.44420717187500003 0.590152984375 0.4405312078125 0.58647611875 0.4386925625 0.58647611875 0.43685458125 0.584638059375 0.4350159359375 0.584638059375 0.43317795468750003 0.5828 0.429501328125 0.5828 0.427663346875 0.5809619406250001 0.425825365625 0.5809619406250001 0.42398672031249995 0.5791238812499999 0.42214873906249994 0.5791238812499999 0.41847211093750003 0.575447015625 0.4166341296875 0.575447015625 0.414795484375 0.5736089546875001 0.412957503125 0.5736089546875001 0.40928087656249995 0.5699320890624999 0.40744289531250005 0.5699320890624999 0.4019282875 0.5644179109375 0.4019282875 0.5625791046875 0.4000896421875 0.5625791046875 0.396413678125 0.558902984375 0.3927370515625 0.558902984375 0.39089840625 0.5607410453125 0.38722244375 0.5607410453125 0.381707171875 0.5662559703125 0.379869190625 0.5662559703125
35 0.2849262953125 0.1415440296875 0.28125033125 0.1452208953125 0.2794116859375 0.1452208953125 0.2775737046875 0.14705895468750002 0.27389707812499997 0.14705895468750002 0.27205909687499996 0.148897015625 0.27205909687499996 0.150735075 0.2702204515625 0.15257388125 0.2683824703125 0.15257388125 0.26654382499999996 0.15441194062500002 0.2610292171875 0.15441194062500002 0.2536766265625 0.161764925 0.25183798125 0.161764925 0.25 0.163602984375 0.25 0.255514925 0.257353253125 0.2628679109375 0.25919123437499997 0.2628679109375 0.26654382499999996 0.2702208953125 0.2702204515625 0.2702208953125 0.27205909687499996 0.27205895468749997 0.27389707812499997 0.27205895468749997 0.2775737046875 0.275735075 0.2794116859375 0.275735075 0.28125033125 0.27757388125000004 0.2830883140625 0.27757388125000004 0.28860292187500003 0.283088059375 0.29044090312500004 0.283088059375 0.2922795484375 0.28492611874999996 0.29779415625 0.28492611874999996 0.3014707828125 0.288602984375 0.3014707828125 0.29044104531250003 0.30330876562500003 0.2922791046875 0.3088233734375 0.2922791046875 0.31066201875 0.2941179109375 0.3161766265625 0.2941179109375 0.3180146078125 0.2959559703125 0.319853253125 0.2941179109375 0.32169123437499997 0.2941179109375 0.3235292171875 0.2922791046875 0.32720584375 0.2922791046875 0.33455909687499996 0.28492611874999996 0.3419116859375 0.28492611874999996 0.349264940625 0.27757388125000004 0.35294090312500004 0.27757388125000004 0.3547795484375 0.275735075 0.3566175296875 0.275735075 0.3566175296875 0.273897015625 0.35845617500000004 0.27205895468749997 0.35845617500000004 0.25919104531250003 0.3566175296875 0.257352984375 0.3566175296875 0.24816194062500002 0.35845617500000004 0.24632388125000002 0.35845617500000004 0.2352940296875 0.36029415625 0.2334559703125 0.36029415625 0.2316179109375 0.3786766265625 0.213235075 0.3786766265625 0.1672791046875 0.37316201875 0.161764925 0.3694853921875 0.161764925 0.36580876562500003 0.15808805937499998 0.36580876562500003 0.15625 0.3639707828125 0.15625 0.3621321375 0.15441194062500002 0.36029415625 0.15441194062500002 0.35845617500000004 0.15257388125 0.3566175296875 0.15257388125 0.35294090312500004 0.148897015625 0.35110292187500003 0.148897015625 0.349264940625 0.14705895468750002 0.3455883140625 0.14705895468750002 0.3419116859375 0.1433820890625 0.3400737046875 0.1433820890625 0.33639707812499997 0.1397059703125 0.3327204515625 0.1397059703125 0.32904382499999996 0.1360291046875 0.32904382499999996 0.13419104531249998 0.29595617500000004 0.13419104531249998 0.29044090312500004 0.1397059703125 0.28860292187500003 0.1397059703125 0.286764940625 0.1415440296875 0.2849262953125 0.1415440296875
34 0.665440903125 0.7058820890625 0.663602921875 0.7077208953125 0.663602921875 0.7095589546875 0.661764940625 0.711397015625 0.661764940625 0.74632388125 0.663602921875 0.748161940625 0.6672795484375 0.748161940625 0.6709561749999999 0.751838059375 0.696691234375 0.751838059375 0.7003678625 0.748161940625 0.7022058437500001 0.748161940625 0.7040438250000001 0.74632388125 0.7040438250000001 0.71507388125 0.6911766265625 0.7022059703125 0.6911766265625 0.6985291046875 0.6727941562499999 0.6985291046875 0.6709561749999999 0.7003679109375 0.6709561749999999 0.7022059703125 0.6672795484375 0.7058820890625 0.665440903125 0.7058820890625
12 0.41544090312500004 0.7003679109375 0.41727954843750004 0.6985291046875 0.41727954843750004 0.6415440296875 0.3639707828125 0.6415440296875 0.3639707828125 0.6985291046875 0.367646746875 0.7022059703125 0.41544090312500004 0.7022059703125 0.41544090312500004 0.7003679109375
25 0.3952204515625 0.538602984375 0.39705909687499996 0.5367649250000001 0.39705909687499996 0.470588059375 0.38419123437499997 0.470588059375 0.38419123437499997 0.5422791046875 0.3933824703125 0.5422791046875 0.3952204515625 0.5404410453125 0.3952204515625 0.538602984375
12 0.6066175296874999 0.27205895468749997 0.6084561749999999 0.273897015625 0.6139707828125001 0.273897015625 0.615808765625 0.27205895468749997 0.625 0.27205895468749997 0.62683798125 0.2702208953125 0.6360292171874999 0.2702208953125 0.6378678625 0.2683820890625 0.6378678625 0.21507388125000002 0.6360292171874999 0.213235075 0.6360292171874999 0.21139701562500002 0.584559096875 0.21139701562500002 0.584559096875 0.2702208953125 0.5900737046875 0.2702208953125 0.5919116859375 0.27205895468749997 0.6066175296874999 0.27205895468749997
16 0.3419116859375 0.498161940625 0.3400737046875 0.49632388125000004 0.2922795484375 0.49632388125000004 0.28860292187500003 0.5 0.28860292187500003 0.5569850749999999 0.3419116859375 0.5569850749999999 0.3419116859375 0.498161940625
35 0.32904382499999996 0.439338059375 0.32720584375 0.439338059375 0.3253678625 0.44117686562499997 0.3161766265625 0.44117686562499997 0.31433798125 0.44301492500000006 0.29779415625 0.44301492500000006 0.29595617500000004 0.44485298437500004 0.2941175296875 0.44301492500000006 0.286764940625 0.44301492500000006 0.2849262953125 0.44117686562499997 0.28125033125 0.44117686562499997 0.2794116859375 0.439338059375 0.2775737046875 0.439338059375 0.275735059375 0.4375 0.2683824703125 0.4375 0.26654382499999996 0.439338059375 0.26654382499999996 0.44117686562499997 0.26470584375 0.44301492500000006 0.26470584375 0.4540440296875 0.2628678625 0.45588208906250005 0.2628678625 0.45955895468749997 0.2610292171875 0.46139701562499996 0.25919123437499997 0.46139701562499996 0.2555146078125 0.46507388125000004 0.2536766265625 0.46507388125000004 0.2536766265625 0.466911940625 0.25183798125 0.46875 0.25183798125 0.538602984375 0.2536766265625 0.5404410453125 0.2555146078125 0.5404410453125 0.257353253125 0.5422791046875 0.2610292171875 0.5422791046875 0.26470584375 0.5459559703125 0.26470584375 0.5477940296875 0.26654382499999996 0.5496320890625 0.2683824703125 0.5496320890625 0.2702204515625 0.5514708953125 0.27205909687499996 0.5514708953125 0.275735059375 0.555147015625 0.2775737046875 0.555147015625 0.2794116859375 0.5569850749999999 0.286764940625 0.5569850749999999 0.28860292187500003 0.55882388125 0.29044090312500004 0.55882388125 0.29595617500000004 0.564338059375 0.29779415625 0.564338059375 0.30330876562500003 0.55882388125 0.3069853921875 0.55882388125 0.3088233734375 0.5569850749999999 0.32720584375 0.5569850749999999 0.33455909687499996 0.564338059375 0.33639707812499997 0.5625 0.3419116859375 0.5625 0.3455883140625 0.55882388125 0.349264940625 0.55882388125 0.35110292187500003 0.5569850749999999 0.3621321375 0.5569850749999999 0.3694853921875 0.5496320890625 0.3713233734375 0.5496320890625 0.37316201875 0.5477940296875 0.375 0.5477940296875 0.3786766265625 0.5441179109375 0.3786766265625 0.47242686562499997 0.36029415625 0.4540440296875 0.36029415625 0.4522059703125 0.35294090312500004 0.44485298437500004 0.35294090312500004 0.44301492500000006 0.35110292187500003 0.44117686562499997 0.35110292187500003 0.439338059375 0.349264940625 0.4375 0.349264940625 0.435661940625 0.3474262953125 0.435661940625 0.3455883140625 0.43382388125000004 0.33455909687499996 0.43382388125000004 0.3327204515625 0.435661940625 0.3308824703125 0.435661940625 0.3308824703125 0.4375 0.32904382499999996 0.439338059375
27 0.49264674687500004 0.275735075 0.4889707828125 0.279411940625 0.4871321375 0.279411940625 0.48529415625 0.28125 0.483456175 0.28125 0.483456175 0.283088059375 0.48161752968749993 0.28492611874999996 0.47977954843750004 0.28492611874999996 0.47794090312500004 0.286764925 0.474264940625 0.286764925 0.47242629531249997 0.288602984375 0.47058831406249996 0.288602984375 0.47058831406249996 0.2922791046875 0.46875033125 0.2941179109375 0.46875033125 0.2959559703125 0.46691168593750004 0.2977940296875 0.46691168593750004 0.305147015625 0.46875033125 0.306985075 0.48161752968749993 0.306985075 0.483456175 0.305147015625 0.483456175 0.30330895468749997 0.4871321375 0.2996320890625 0.49080876562500003 0.2996320890625 0.49264674687500004 0.2977940296875 0.4944853921875 0.2977940296875 0.49816201875 0.2941179109375 0.5 0.2941179109375 0.50183798125 0.2922791046875 0.5036766265625 0.2922791046875 0.5110292171874999 0.28492611874999996 0.5165438250000001 0.28492611874999996 0.5202204515625 0.28125 0.5202204515625 0.279411940625 0.522059096875 0.27757388125000004 0.522059096875 0.2702208953125 0.5036766265625 0.2702208953125 0.50183798125 0.27205895468749997 0.4944853921875 0.27205895468749997 0.49264674687500004 0.273897015625 0.49264674687500004 0.275735075
27 0.540440903125 0.22242611874999998 0.5422795484375 0.22058805937499998 0.5422795484375 0.1709559703125 0.5441175296874999 0.1691179109375 0.5441175296874999 0.16544104531249998 0.5294116859375 0.16544104531249998 0.5294116859375 0.21875 0.53125033125 0.22058805937499998 0.53125033125 0.22242611874999998 0.540440903125 0.22242611874999998
25 0.7628678625 0.68382388125 0.7628678625 0.6709559703125 0.7647058437500001 0.6691179109375 0.7647058437500001 0.663602984375 0.7628678625 0.6617649250000001 0.7628678625 0.6378679109375 0.7647058437500001 0.6360291046875 0.7647058437500001 0.625 0.7665438250000001 0.623161940625 0.7665438250000001 0.6158089546875 0.7647058437500001 0.6139708953125 0.75 0.6139708953125 0.75 0.6875 0.7610292171874999 0.6875 0.7610292171874999 0.685661940625 0.7628678625 0.68382388125
32 0.22242629531250002 0.46139701562499996 0.224264940625 0.46139701562499996 0.227940903125 0.46507388125000004 0.2555146078125 0.46507388125000004 0.25919123437499997 0.46139701562499996 0.2610292171875 0.46139701562499996 0.2628678625 0.45955895468749997 0.2628678625 0.42830895468749997 0.257353253125 0.4227940296875 0.257353253125 0.4209559703125 0.2555146078125 0.4209559703125 0.25183798125 0.4172791046875 0.25 0.4172791046875 0.24816201875 0.41544104531250003 0.24816201875 0.41360298437500004 0.24632337343750002 0.41176492500000006 0.2389707828125 0.41176492500000006 0.2316175296875 0.41911791093749995 0.22977954843749998 0.41911791093749995 0.22242629531250002 0.4264708953125 0.22242629531250002 0.46139701562499996
37 0.47977954843750004 0.40257388125000004 0.48161752968749993 0.404411940625 0.483456175 0.404411940625 0.48529415625 0.40625 0.48529415625 0.408088059375 0.4871321375 0.40992686562499997 0.49080876562500003 0.40992686562499997 0.49264674687500004 0.41176492500000006 0.4944853921875 0.41176492500000006 0.5 0.4172791046875 0.5036766265625 0.4172791046875 0.5055146078125 0.41911791093749995 0.507353253125 0.41911791093749995 0.5110292171874999 0.4227940296875 0.5128678625 0.4227940296875 0.5147058437500001 0.42463208906250005 0.5183824703125001 0.42463208906250005 0.522059096875 0.42830895468749997 0.522059096875 0.43014701562499996 0.523897078125 0.43198507499999994 0.5294116859375 0.43198507499999994 0.53125033125 0.43382388125000004 0.5330883140625 0.43382388125000004 0.5349262953125 0.435661940625 0.5422795484375 0.435661940625 0.5459561749999999 0.43198507499999994 0.555146746875 0.43198507499999994 0.5625 0.42463208906250005 0.5680146078125 0.42463208906250005 0.5753678625 0.4172791046875 0.5808824703125001 0.4172791046875 0.5827204515625 0.41544104531250003 0.584559096875 0.41544104531250003 0.586397078125 0.41360298437500004 0.586397078125 0.3878679109375 0.588235059375 0.3860291046875 0.588235059375 0.38419104531250003 0.5919116859375 0.380514925 0.5919116859375 0.37867611874999996 0.601102921875 0.369485075 0.601102921875 0.367647015625 0.602940903125 0.36580895468749997 0.602940903125 0.3639708953125 0.6047795484375 0.3621320890625 0.6066175296874999 0.3621320890625 0.6066175296874999 0.351102984375 0.6051354578125 0.311304478125 0.556828021875 0.278119403125 0.5250830015625 0.27818880625000003 0.4735982734375 0.31211194062500003 0.47058831406249996 0.40073507499999994 0.474264940625 0.40073507499999994 0.47610292187500003 0.40257388125000004 0.47977954843750004 0.40257388125000004
13 0.56433798125 0.6985291046875 0.56433798125 0.6415440296875 0.5110292171874999 0.6415440296875 0.5110292171874999 0.7022059703125 0.5625 0.7022059703125 0.5625 0.7003679109375 0.56433798125 0.6985291046875
25 0.661764940625 0.5477940296875 0.6580883140625 0.5514708953125 0.6525737046875 0.5514708953125 0.650735059375 0.5533089546875 0.648897078125 0.5533089546875 0.6433824703125001 0.55882388125 0.6415438250000001 0.55882388125 0.6397058437500001 0.560661940625 0.6397058437500001 0.5625 0.6360292171874999 0.5661768656249999 0.634191234375 0.5661768656249999 0.6323525890624999 0.5680149250000001 0.6305146078125 0.5680149250000001 0.6305146078125 0.569852984375 0.62683798125 0.5735291046875 0.62683798125 0.5808820890625 0.6286766265625 0.5808820890625 0.6305146078125 0.5827208953125 0.6360292171874999 0.5827208953125 0.6378678625 0.5808820890625 0.6415438250000001 0.5808820890625 0.6433824703125001 0.5790440296875 0.650735059375 0.5790440296875 0.6525737046875 0.5772059703125 0.6525737046875 0.5753679109375 0.65625033125 0.5716910453125 0.661764940625 0.5716910453125 0.663602921875 0.569852984375 0.665440903125 0.569852984375 0.6709561749999999 0.564338059375 0.6727941562499999 0.564338059375 0.6746321375 0.5625 0.6746321375 0.560661940625 0.678308765625 0.5569850749999999 0.6801474109375001 0.5569850749999999 0.6819853921875 0.555147015625 0.6819853921875 0.5441179109375 0.6746321375 0.5441179109375 0.6727941562499999 0.5422791046875 0.6709561749999999 0.5422791046875 0.6691175296874999 0.5441179109375 0.663602921875 0.5441179109375 0.661764940625 0.5459559703125 0.661764940625 0.5477940296875
28 0.661764940625 0.8345589546875001 0.6580883140625 0.838235075 0.648897078125 0.838235075 0.647059096875 0.84007388125 0.647059096875 0.841911940625 0.6433824703125001 0.845588059375 0.6415438250000001 0.845588059375 0.6397058437500001 0.847426865625 0.6378678625 0.847426865625 0.634191234375 0.851102984375 0.6323525890624999 0.851102984375 0.6305146078125 0.8529410453124999 0.62683798125 0.8529410453124999 0.625 0.8547791046875 0.625 0.8566179109375 0.6213233734375 0.8602940296874999 0.617646746875 0.8602940296874999 0.615808765625 0.8621320890625 0.6121321375 0.8621320890625 0.6121321375 0.880514925 0.62683798125 0.880514925 0.634191234375 0.873161940625 0.6360292171874999 0.873161940625 0.6378678625 0.87132388125 0.6378678625 0.869485075 0.6415438250000001 0.8658089546875001 0.650735059375 0.8658089546875001 0.6525737046875 0.8639708953125 0.6525737046875 0.8621320890625 0.65625033125 0.8584559703125001 0.6599262953125 0.8584559703125001 0.661764940625 0.8566179109375 0.663602921875 0.8566179109375 0.6672795484375 0.8529410453124999 0.6691175296874999 0.8529410453124999 0.6709561749999999 0.851102984375 0.6727941562499999 0.851102984375 0.6819853921875 0.841911940625 0.6819853921875 0.8290440296874999 0.6801474109375001 0.8272059703125001 0.6691175296874999 0.8272059703125001 0.665440903125 0.8308820890625 0.663602921875 0.8308820890625 0.661764940625 0.8327208953125 0.661764940625 0.8345589546875001
26 0.2205883140625 0.5477940296875 0.2169116859375 0.5514708953125 0.20772045156250002 0.5514708953125 0.2058824703125 0.5533089546875 0.2058824703125 0.555147015625 0.20220584375 0.55882388125 0.2003678625 0.55882388125 0.194853253125 0.564338059375 0.1930146078125 0.564338059375 0.1911766265625 0.5661768656249999 0.1911766265625 0.5882350749999999 0.1930146078125 0.586397015625 0.20220584375 0.586397015625 0.20404382499999998 0.5845589546875 0.20404382499999998 0.5827208953125 0.20772045156250002 0.5790440296875 0.209559096875 0.5790440296875 0.211397078125 0.5772059703125 0.211397078125 0.5753679109375 0.21507370468749998 0.5716910453125 0.224264940625 0.5716910453125 0.226102921875 0.569852984375 0.226102921875 0.5680149250000001 0.22977954843749998 0.564338059375 0.2316175296875 0.564338059375 0.23529415625 0.560661940625 0.23529415625 0.55882388125 0.2371321375 0.5569850749999999 0.2389707828125 0.5569850749999999 0.24080876562500003 0.555147015625 0.24080876562500003 0.5422791046875 0.226102921875 0.5422791046875 0.224264940625 0.5441179109375 0.22242629531250002 0.5441179109375 0.2205883140625 0.5459559703125 0.2205883140625 0.5477940296875
27 0.507353253125 0.5514708953125 0.5055146078125 0.5533089546875 0.5036766265625 0.5533089546875 0.5 0.5569850749999999 0.49816201875 0.5569850749999999 0.4963233734375 0.55882388125 0.4944853921875 0.55882388125 0.49264674687500004 0.560661940625 0.49264674687500004 0.5625 0.4889707828125 0.5661768656249999 0.483456175 0.5661768656249999 0.48161752968749993 0.5680149250000001 0.47977954843750004 0.5680149250000001 0.474264940625 0.5735291046875 0.47242629531249997 0.5735291046875 0.46875033125 0.5772059703125 0.46875033125 0.5790440296875 0.46691168593750004 0.5808820890625 0.46691168593750004 0.59375 0.48161752968749993 0.59375 0.483456175 0.591911940625 0.483456175 0.59007388125 0.4871321375 0.586397015625 0.4889707828125 0.586397015625 0.4963233734375 0.5790440296875 0.5036766265625 0.5790440296875 0.5055146078125 0.5772059703125 0.5055146078125 0.5753679109375 0.509191234375 0.5716910453125 0.5110292171874999 0.5716910453125 0.5165438250000001 0.5661768656249999 0.5183824703125001 0.5661768656249999 0.5202204515625 0.564338059375 0.525735059375 0.564338059375 0.5275737046875 0.5625 0.5275737046875 0.560661940625 0.53125033125 0.5569850749999999 0.5349262953125 0.5569850749999999 0.5349262953125 0.5441179109375 0.5165438250000001 0.5441179109375 0.5147058437500001 0.5459559703125 0.5147058437500001 0.5477940296875 0.5110292171874999 0.5514708953125 0.507353253125 0.5514708953125
26 0.28860292187500003 0.6911768656249999 0.286764940625 0.6930149250000001 0.286764940625 0.694852984375 0.2830883140625 0.6985291046875 0.275735059375 0.6985291046875 0.2683824703125 0.7058820890625 0.26470584375 0.7058820890625 0.26470584375 0.7279410453125 0.26654382499999996 0.7279410453125 0.2683824703125 0.726102984375 0.275735059375 0.726102984375 0.2775737046875 0.7242649250000001 0.2775737046875 0.7224268656249999 0.28125033125 0.71875 0.28860292187500003 0.71875 0.29595617500000004 0.711397015625 0.29779415625 0.711397015625 0.305146746875 0.7040440296875 0.3069853921875 0.7040440296875 0.3125 0.6985291046875 0.3125 0.685661940625 0.29779415625 0.685661940625 0.2941175296875 0.689338059375 0.2922795484375 0.689338059375 0.29044090312500004 0.6911768656249999 0.28860292187500003 0.6911768656249999
32 0.2941175296875 0.5992649250000001 0.30330876562500003 0.6084559703125 0.32720584375 0.6084559703125 0.33639707812499997 0.5992649250000001 0.33639707812499997 0.5680149250000001 0.33455909687499996 0.5661768656249999 0.3327204515625 0.5661768656249999 0.32904382499999996 0.5625 0.32904382499999996 0.560661940625 0.3253678625 0.5569850749999999 0.3069853921875 0.5569850749999999 0.29779415625 0.5661768656249999 0.29595617500000004 0.5661768656249999 0.2941175296875 0.5680149250000001 0.2941175296875 0.5992649250000001
33 0.522059096875 0.275735075 0.5496321375 0.275735075 0.5569853921875 0.2683820890625 0.5569853921875 0.2389708953125 0.5496321375 0.2316179109375 0.5496321375 0.2297791046875 0.5477941562499999 0.2279410453125 0.5459561749999999 0.2279410453125 0.5422795484375 0.224264925 0.5275737046875 0.224264925 0.5147058437500001 0.2371320890625 0.5147058437500001 0.2702208953125 0.5165438250000001 0.2702208953125 0.522059096875 0.275735075
26 0.25 0.5625 0.25183798125 0.564338059375 0.2536766265625 0.564338059375 0.2555146078125 0.5661768656249999 0.257353253125 0.5661768656249999 0.2610292171875 0.569852984375 0.2628678625 0.569852984375 0.26470584375 0.5716910453125 0.2683824703125 0.5716910453125 0.27205909687499996 0.5753679109375 0.27205909687499996 0.5772059703125 0.27389707812499997 0.5790440296875 0.28125033125 0.5790440296875 0.28860292187500003 0.586397015625 0.29044090312500004 0.586397015625 0.2922795484375 0.5845589546875 0.2922795484375 0.564338059375 0.29044090312500004 0.5625 0.29044090312500004 0.560661940625 0.28860292187500003 0.560661940625 0.286764940625 0.55882388125 0.28125033125 0.55882388125 0.2775737046875 0.555147015625 0.2775737046875 0.5533089546875 0.275735059375 0.5514708953125 0.2683824703125 0.5514708953125 0.2610292171875 0.5441179109375 0.257353253125 0.5441179109375 0.2555146078125 0.5422791046875 0.2444853921875 0.5422791046875 0.2444853921875 0.5569850749999999 0.24632337343750002 0.5569850749999999 0.25 0.560661940625 0.25 0.5625
27 0.48529415625 0.1433820890625 0.4871321375 0.1452208953125 0.4889707828125 0.1452208953125 0.4944853921875 0.150735075 0.4963233734375 0.150735075 0.49816201875 0.15257388125 0.5036766265625 0.15257388125 0.507353253125 0.15625 0.507353253125 0.15808805937499998 0.509191234375 0.15992611875 0.5165438250000001 0.15992611875 0.523897078125 0.1672791046875 0.5330883140625 0.1672791046875 0.5349262953125 0.16544104531249998 0.5349262953125 0.150735075 0.53125033125 0.14705895468750002 0.525735059375 0.14705895468750002 0.5183824703125001 0.1397059703125 0.5110292171874999 0.1397059703125 0.5036766265625 0.132352984375 0.50183798125 0.132352984375 0.49816201875 0.12867611875 0.49816201875 0.12683805937499998 0.47977954843750004 0.12683805937499998 0.47977954843750004 0.1378679109375 0.48161752968749993 0.1378679109375 0.48529415625 0.1415440296875 0.48529415625 0.1433820890625
32 0.22977954843749998 0.7040440296875 0.226102921875 0.7077208953125 0.224264940625 0.7077208953125 0.22242629531250002 0.7095589546875 0.22242629531250002 0.711397015625 0.2205883140625 0.7132350749999999 0.2205883140625 0.74632388125 0.22242629531250002 0.748161940625 0.224264940625 0.748161940625 0.227940903125 0.751838059375 0.2536766265625 0.751838059375 0.2555146078125 0.75 0.257353253125 0.75 0.25919123437499997 0.748161940625 0.2610292171875 0.748161940625 0.2628678625 0.74632388125 0.2628678625 0.7132350749999999 0.2610292171875 0.711397015625 0.2610292171875 0.7095589546875 0.257353253125 0.7058820890625 0.2555146078125 0.7058820890625 0.24816201875 0.6985291046875 0.23529415625 0.6985291046875 0.23345617500000002 0.7003679109375 0.23345617500000002 0.7022059703125 0.2316175296875 0.7040440296875 0.22977954843749998 0.7040440296875
8 0.711397078125 0.3547791046875 0.65625033125 0.3547791046875 0.65625033125 0.41544104531250003 0.709559096875 0.41544104531250003 0.711397078125 0.41360298437500004 0.711397078125 0.3547791046875
33 0.6709561749999999 0.2279410453125 0.6691175296874999 0.2297791046875 0.6691175296874999 0.2316179109375 0.665440903125 0.2352940296875 0.663602921875 0.2352940296875 0.661764940625 0.2371320890625 0.661764940625 0.2702208953125 0.665440903125 0.2702208953125 0.6691175296874999 0.273897015625 0.6691175296874999 0.275735075 0.696691234375 0.275735075 0.696691234375 0.273897015625 0.7003678625 0.2702208953125 0.7022058437500001 0.2702208953125 0.7040438250000001 0.2683820890625 0.7040438250000001 0.2389708953125 0.68933798125 0.224264925 0.678308765625 0.224264925 0.6764707828125001 0.22610298437499998 0.6746321375 0.22610298437499998 0.6727941562499999 0.2279410453125 0.6709561749999999 0.2279410453125
28 0.3952204515625 0.224264925 0.3952204515625 0.2095589546875 0.39705909687499996 0.2077208953125 0.39705909687499996 0.19669104531249998 0.3952204515625 0.194852984375 0.3952204515625 0.16544104531249998 0.382353253125 0.16544104531249998 0.382353253125 0.21691194062500002 0.39154382499999996 0.22610298437499998 0.3933824703125 0.22610298437499998 0.3952204515625 0.224264925
26 0.6323525890624999 0.42830895468749997 0.6323525890624999 0.43014701562499996 0.634191234375 0.43198507499999994 0.6360292171874999 0.43198507499999994 0.6415438250000001 0.4375 0.6433824703125001 0.4375 0.6452204515625 0.439338059375 0.650735059375 0.439338059375 0.6544116859375 0.44301492500000006 0.6544116859375 0.44485298437500004 0.65625033125 0.44669104531250003 0.663602921875 0.44669104531250003 0.6691175296874999 0.4522059703125 0.6801474109375001 0.4522059703125 0.6801474109375001 0.43382388125000004 0.678308765625 0.43382388125000004 0.6746321375 0.43014701562499996 0.6746321375 0.42830895468749997 0.6727941562499999 0.4264708953125 0.663602921875 0.4264708953125 0.6599262953125 0.4227940296875 0.6599262953125 0.4209559703125 0.6580883140625 0.41911791093749995 0.65625033125 0.41911791093749995 0.650735059375 0.41360298437500004 0.625 0.41360298437500004 0.625 0.4227940296875 0.62683798125 0.42463208906250005 0.6286766265625 0.42463208906250005 0.6323525890624999 0.42830895468749997
28 0.4264707828125 0.12867611875 0.42279415625 0.132352984375 0.41727954843750004 0.132352984375 0.41544090312500004 0.13419104531249998 0.41360292187500003 0.13419104531249998 0.40808831406249996 0.1397059703125 0.40625033125 0.1397059703125 0.39889707812499997 0.14705895468750002 0.3952204515625 0.14705895468750002 0.3933824703125 0.148897015625 0.3933824703125 0.16544104531249998 0.3952204515625 0.16544104531249998 0.39705909687499996 0.1672791046875 0.400735059375 0.1672791046875 0.40808831406249996 0.15992611875 0.41544090312500004 0.15992611875 0.41727954843750004 0.15808805937499998 0.41727954843750004 0.15625 0.420956175 0.15257388125 0.43014674687500004 0.15257388125 0.4319853921875 0.150735075 0.4319853921875 0.148897015625 0.43566201875 0.1452208953125 0.4375 0.1452208953125 0.44485325312499996 0.1378679109375 0.44669123437499997 0.1378679109375 0.4485292171875 0.1360291046875 0.4503678625 0.1360291046875 0.4503678625 0.13419104531249998 0.4485292171875 0.132352984375 0.4485292171875 0.130514925 0.44669123437499997 0.12867611875 0.44669123437499997 0.12683805937499998 0.44485325312499996 0.125 0.4430146078125 0.125 0.4411766265625 0.12316194062500001 0.4338233734375 0.12316194062500001 0.4319853921875 0.125 0.42830876562500003 0.125 0.4264707828125 0.12683805937499998 0.4264707828125 0.12867611875
28 0.3400737046875 0.1452208953125 0.3419116859375 0.1452208953125 0.34375033125 0.14705895468750002 0.3455883140625 0.14705895468750002 0.349264940625 0.150735075 0.35110292187500003 0.150735075 0.35294090312500004 0.15257388125 0.3566175296875 0.15257388125 0.36029415625 0.15625 0.36029415625 0.15808805937499998 0.3621321375 0.15992611875 0.3713233734375 0.15992611875 0.375 0.163602984375 0.375 0.16544104531249998 0.3860292171875 0.16544104531249998 0.3878678625 0.163602984375 0.3878678625 0.148897015625 0.3860292171875 0.14705895468750002 0.38419123437499997 0.14705895468750002 0.382353253125 0.1452208953125 0.3805146078125 0.1452208953125 0.37683798125 0.1415440296875 0.375 0.1415440296875 0.37316201875 0.1397059703125 0.3694853921875 0.1397059703125 0.36580876562500003 0.1360291046875 0.36580876562500003 0.13419104531249998 0.3639707828125 0.132352984375 0.3566175296875 0.132352984375 0.349264940625 0.125 0.3308824703125 0.125 0.3308824703125 0.13419104531249998 0.338235059375 0.1415440296875 0.338235059375 0.1433820890625 0.3400737046875 0.1452208953125
13 0.3235292171875 0.27205895468749997 0.3253678625 0.2702208953125 0.3419116859375 0.2702208953125 0.34375033125 0.2683820890625 0.34375033125 0.213235075 0.3419116859375 0.21139701562500002 0.29044090312500004 0.21139701562500002 0.29044090312500004 0.2702208953125 0.29595617500000004 0.2702208953125 0.29779415625 0.27205895468749997 0.3235292171875 0.27205895468749997
17 0.323789509375 0.40257388125000004 0.3274661359375 0.40257388125000004 0.33298074375 0.408088059375 0.334818725 0.408088059375 0.3366573703125 0.40992686562499997 0.342171978125 0.40992686562499997 0.3495252328125 0.4172791046875 0.36239242968749996 0.4172791046875 0.369745684375 0.40992686562499997 0.38445152656250003 0.40992686562499997 0.3918041171875 0.4172791046875 0.397318725 0.4172791046875 0.3991573703125 0.41911791093749995 0.41937782187500006 0.41911791093749995 0.42121580312500007 0.4172791046875 0.4285690578125 0.4172791046875 0.4304070390625 0.41544104531250003 0.43224568437500005 0.41544104531250003 0.43224568437500005 0.41360298437500004 0.4359223109375 0.40992686562499997 0.44143691875 0.40992686562499997 0.4432749 0.408088059375 0.44511288125000004 0.408088059375 0.4506281546875 0.40257388125000004 0.4524661359375 0.40257388125000004 0.4543041171875 0.40073507499999994 0.4543041171875 0.318014925 0.41560425 0.281641790625 0.368322709375 0.28149328281249997 0.323789509375 0.318014925 0.323789509375 0.319852984375 0.32195152656250003 0.32169104531250003 0.32195152656250003 0.40073507499999994 0.323789509375 0.40257388125000004
33 0.5919116859375 0.09007388125 0.5900737046875 0.091911940625 0.5900737046875 0.12867611875 0.5919116859375 0.130514925 0.59375033125 0.130514925 0.5974262953125 0.13419104531249998 0.6194853921875 0.13419104531249998 0.6213233734375 0.132352984375 0.62316201875 0.132352984375 0.625 0.130514925 0.6286766265625 0.130514925 0.6305146078125 0.12867611875 0.6305146078125 0.091911940625 0.62683798125 0.088235075 0.62316201875 0.088235075 0.6213233734375 0.08639701562499999 0.6194853921875 0.08639701562499999 0.617646746875 0.0845589546875 0.617646746875 0.0827208953125 0.615808765625 0.0808820890625 0.6047795484375 0.0808820890625 0.5974262953125 0.088235075 0.5955883140625 0.088235075 0.59375033125 0.09007388125 0.5919116859375 0.09007388125
14 0.601102921875 0.555147015625 0.602940903125 0.5569850749999999 0.615808765625 0.5569850749999999 0.617646746875 0.55882388125 0.62683798125 0.55882388125 0.6286766265625 0.5569850749999999 0.634191234375 0.5569850749999999 0.6360292171874999 0.555147015625 0.6360292171874999 0.498161940625 0.584559096875 0.498161940625 0.584559096875 0.5569850749999999 0.59375033125 0.5569850749999999 0.5955883140625 0.555147015625 0.601102921875 0.555147015625
34 0.375 0.84375 0.37683798125 0.845588059375 0.40441168593750004 0.845588059375 0.40625033125 0.84375 0.40808831406249996 0.84375 0.40992629531249997 0.841911940625 0.40992629531249997 0.810661940625 0.40808831406249996 0.80882388125 0.40808831406249996 0.806985075 0.40441168593750004 0.8033089546875001 0.40441168593750004 0.8014708953125 0.400735059375 0.7977940296875 0.400735059375 0.7941179109375 0.382353253125 0.7941179109375 0.3694853921875 0.806985075 0.3694853921875 0.841911940625 0.3713233734375 0.84375 0.375 0.84375
6 0.19038711875 0.4087626859375 0.2014169984375 0.416115671875 0.20509296093749999 0.416115671875 0.20693160625 0.41795373125 0.21060823437499998 0.41795373125 0.2271520578125 0.419791790625 0.2436958828125 0.41243880624999996 0.2492111546875 0.4142776125 0.26024037187500004 0.419791790625 0.2639169984375 0.42163059687500004 0.2970053125 0.410600746875 0.30435790156250003 0.40324776093750003 0.309872509375 0.3958947765625 0.309872509375 0.3444246265625 0.308034528125 0.3425865671875 0.308034528125 0.3205276125 0.3061958828125 0.31868880625 0.3061958828125 0.31685074687500003 0.2458824703125 0.2722522390625 0.1914070390625 0.30554179062500003 0.183034528125 0.31685074687500003 0.18119588281250001 0.31868880625 0.1775199203125 0.40140970156250005 0.1793579015625 0.40324776093750003 0.19038711875 0.4087626859375
29 0.400735059375 0.7647059703125 0.39889707812499997 0.7647059703125 0.39705909687499996 0.7665440296875 0.39705909687499996 0.7683820890625 0.3952204515625 0.7702208953125 0.3952204515625 0.7922791046875 0.39889707812499997 0.7922791046875 0.400735059375 0.7941179109375 0.40441168593750004 0.7941179109375 0.40808831406249996 0.7977940296875 0.41360292187500003 0.7977940296875 0.41544090312500004 0.7996320890625 0.42279415625 0.7996320890625 0.4246321375 0.7977940296875 0.4246321375 0.7959559703125 0.42830876562500003 0.7922791046875 0.43014674687500004 0.7922791046875 0.4319853921875 0.7904410453125 0.4319853921875 0.788602984375 0.43566201875 0.7849268656249999 0.4375 0.7849268656249999 0.43933798125 0.783088059375 0.43933798125 0.78125 0.4411766265625 0.779411940625 0.4411766265625 0.7702208953125 0.4319853921875 0.7610291046875 0.4319853921875 0.7536768656249999 0.42830876562500003 0.75 0.4264707828125 0.75 0.4246321375 0.748161940625 0.4246321375 0.74632388125 0.40808831406249996 0.74632388125 0.40808831406249996 0.748161940625 0.40625033125 0.75 0.40625033125 0.7591910453125 0.400735059375 0.7647059703125
32 0.5900737046875 0.375 0.5900737046875 0.41360298437500004 0.5919116859375 0.41544104531250003 0.59375033125 0.41544104531250003 0.5955883140625 0.4172791046875 0.6213233734375 0.4172791046875 0.62316201875 0.41544104531250003 0.62316201875 0.41360298437500004 0.62683798125 0.40992686562499997 0.6286766265625 0.40992686562499997 0.6305146078125 0.408088059375 0.6305146078125 0.37867611874999996 0.6194853921875 0.367647015625 0.617646746875 0.367647015625 0.615808765625 0.36580895468749997 0.602940903125 0.36580895468749997 0.601102921875 0.367647015625 0.599264940625 0.367647015625 0.5919116859375 0.375 0.5900737046875 0.375
7 0.6378678625 0.783088059375 0.5827204515625 0.783088059375 0.5827204515625 0.84375 0.6360292171874999 0.84375 0.6378678625 0.841911940625 0.6378678625 0.783088059375
15 0.46139707812499997 0.27205895468749997 0.463235059375 0.2702208953125 0.4889707828125 0.2702208953125 0.49080876562500003 0.2683820890625 0.49080876562500003 0.21507388125000002 0.4889707828125 0.213235075 0.43566201875 0.213235075 0.43566201875 0.2702208953125 0.44669123437499997 0.2702208953125 0.4485292171875 0.27205895468749997 0.46139707812499997 0.27205895468749997
25 0.5441175296874999 0.5625 0.5459561749999999 0.564338059375 0.5514707828125001 0.564338059375 0.553308765625 0.5661768656249999 0.555146746875 0.5661768656249999 0.56066201875 0.5716910453125 0.5625 0.5716910453125 0.5661766265625 0.5753679109375 0.5661766265625 0.5772059703125 0.5680146078125 0.5790440296875 0.571691234375 0.5790440296875 0.5753678625 0.5827208953125 0.5772058437500001 0.5827208953125 0.5772058437500001 0.5808820890625 0.5790438250000001 0.5790440296875 0.5790438250000001 0.560661940625 0.5772058437500001 0.55882388125 0.5753678625 0.55882388125 0.5680146078125 0.5514708953125 0.56066201875 0.5514708953125 0.5569853921875 0.5477940296875 0.5569853921875 0.5459559703125 0.555146746875 0.5441179109375 0.5477941562499999 0.5441179109375 0.5459561749999999 0.5422791046875 0.536764940625 0.5422791046875 0.536764940625 0.5569850749999999 0.540440903125 0.5569850749999999 0.5441175296874999 0.560661940625 0.5441175296874999 0.5625
27 0.7003678625 0.28492611874999996 0.7040438250000001 0.28492611874999996 0.7058824703125001 0.286764925 0.7077204515625 0.286764925 0.711397078125 0.29044104531250003 0.713235059375 0.29044104531250003 0.7150737046875 0.2922791046875 0.7169116859375 0.2922791046875 0.724264940625 0.2996320890625 0.7316175296874999 0.2996320890625 0.7352941562499999 0.30330895468749997 0.7352941562499999 0.305147015625 0.7371321375 0.306985075 0.7536766265625 0.306985075 0.7555146078125 0.305147015625 0.7555146078125 0.2959559703125 0.7536766265625 0.2941179109375 0.75183798125 0.2941179109375 0.74816201875 0.29044104531250003 0.74816201875 0.288602984375 0.7463233734375 0.286764925 0.7389707828125001 0.286764925 0.7316175296874999 0.279411940625 0.7297795484375 0.279411940625 0.726102921875 0.275735075 0.726102921875 0.273897015625 0.724264940625 0.27205895468749997 0.7169116859375 0.27205895468749997 0.7150737046875 0.2702208953125 0.696691234375 0.2702208953125 0.696691234375 0.279411940625 0.6985292171874999 0.28125 0.6985292171874999 0.283088059375 0.7003678625 0.28492611874999996
33 0.4485292171875 0.658088059375 0.4430146078125 0.663602984375 0.4430146078125 0.7003679109375 0.44485325312499996 0.7022059703125 0.44669123437499997 0.7022059703125 0.4485292171875 0.7040440296875 0.47977954843750004 0.7040440296875 0.483456175 0.7003679109375 0.483456175 0.6654410453125 0.47242629531249997 0.654411940625 0.47058831406249996 0.654411940625 0.46875033125 0.65257388125 0.454043825 0.65257388125 0.45220584375 0.654411940625 0.4503678625 0.654411940625 0.4485292171875 0.65625 0.4485292171875 0.658088059375
27 0.45588247031250007 0.5974268656249999 0.45588247031250007 0.6507350749999999 0.46875033125 0.6507350749999999 0.46875033125 0.5974268656249999 0.45588247031250007 0.5974268656249999
16 0.6746321375 0.6985291046875 0.6764707828125001 0.6985291046875 0.678308765625 0.6966910453125 0.6875 0.6966910453125 0.6911766265625 0.7003679109375 0.7058824703125001 0.7003679109375 0.709559096875 0.6966910453125 0.709559096875 0.6415440296875 0.6580883140625 0.6415440296875 0.6580883140625 0.6985291046875 0.6599262953125 0.7003679109375 0.6727941562499999 0.7003679109375 0.6746321375 0.6985291046875
28 0.411764940625 0.8566179109375 0.41360292187500003 0.8584559703125001 0.41544090312500004 0.8584559703125001 0.42279415625 0.8658089546875001 0.43014674687500004 0.8658089546875001 0.4338233734375 0.869485075 0.4338233734375 0.87132388125 0.43566201875 0.873161940625 0.4375 0.873161940625 0.43933798125 0.875 0.4411766265625 0.875 0.44485325312499996 0.878676865625 0.45955909687499996 0.878676865625 0.45955909687499996 0.8602940296874999 0.4503678625 0.8602940296874999 0.44669123437499997 0.8566179109375 0.44669123437499997 0.8547791046875 0.44485325312499996 0.8529410453124999 0.4430146078125 0.8529410453124999 0.43566201875 0.845588059375 0.42830876562500003 0.845588059375 0.4246321375 0.841911940625 0.4246321375 0.84007388125 0.40625033125 0.84007388125 0.40625033125 0.851102984375 0.40808831406249996 0.851102984375 0.411764940625 0.8547791046875 0.411764940625 0.8566179109375
27 0.6305146078125 0.13419104531249998 0.6305146078125 0.1360291046875 0.6323525890624999 0.1378679109375 0.6323525890624999 0.1415440296875 0.6415438250000001 0.150735075 0.6433824703125001 0.150735075 0.6452204515625 0.15257388125 0.650735059375 0.15257388125 0.6544116859375 0.15625 0.6544116859375 0.15808805937499998 0.65625033125 0.15992611875 0.663602921875 0.15992611875 0.6709561749999999 0.1672791046875 0.6801474109375001 0.1672791046875 0.6819853921875 0.16544104531249998 0.6819853921875 0.150735075 0.678308765625 0.14705895468750002 0.6709561749999999 0.14705895468750002 0.6672795484375 0.1433820890625 0.6672795484375 0.1415440296875 0.665440903125 0.1397059703125 0.661764940625 0.1397059703125 0.6599262953125 0.1378679109375 0.6580883140625 0.1378679109375 0.6544116859375 0.13419104531249998 0.6525737046875 0.13419104531249998 0.650735059375 0.132352984375 0.648897078125 0.132352984375 0.6433824703125001 0.12683805937499998 0.6415438250000001 0.12683805937499998 0.6360292171874999 0.132352984375 0.634191234375 0.132352984375 0.6305146078125 0.12867611875 0.6305146078125 0.12683805937499998 0.625 0.12683805937499998 0.625 0.13419104531249998 0.62683798125 0.132352984375 0.6286766265625 0.132352984375 0.6305146078125 0.13419104531249998
34 0.5165438250000001 0.80882388125 0.5147058437500001 0.810661940625 0.5147058437500001 0.841911940625 0.5165438250000001 0.841911940625 0.5183824703125001 0.84375 0.522059096875 0.84375 0.523897078125 0.845588059375 0.5459561749999999 0.845588059375 0.5477941562499999 0.84375 0.553308765625 0.84375 0.5569853921875 0.84007388125 0.5569853921875 0.810661940625 0.5477941562499999 0.8014708953125 0.5459561749999999 0.8014708953125 0.5422795484375 0.7977940296875 0.5422795484375 0.7959559703125 0.540440903125 0.7941179109375 0.53125033125 0.7941179109375 0.523897078125 0.8014708953125 0.522059096875 0.8014708953125 0.5165438250000001 0.806985075 0.5165438250000001 0.80882388125
27 0.74816201875 0.336397015625 0.75 0.338235075 0.75 0.3566179109375 0.74816201875 0.3584559703125 0.74816201875 0.39705895468749997 0.7573525890624999 0.39705895468749997 0.759191234375 0.3952208953125 0.7610292171874999 0.3952208953125 0.7628678625 0.3933820890625 0.7628678625 0.30882388125000004 0.7610292171874999 0.306985075 0.7536766265625 0.306985075 0.75 0.310661940625 0.75 0.32169104531250003 0.74816201875 0.3235291046875 0.74816201875 0.336397015625
27 0.5422795484375 0.4577208953125 0.540440903125 0.45588208906250005 0.538602921875 0.45588208906250005 0.536764940625 0.4540440296875 0.5294116859375 0.4540440296875 0.5294116859375 0.5422791046875 0.538602921875 0.5422791046875 0.5422795484375 0.538602984375 0.5422795484375 0.4577208953125
15 0.43566201875 0.7922791046875 0.43566201875 0.84375 0.4871321375 0.84375 0.49080876562500003 0.84007388125 0.49080876562500003 0.7867649250000001 0.4889707828125 0.7849268656249999 0.4889707828125 0.783088059375 0.43566201875 0.783088059375 0.43566201875 0.7867649250000001 0.4375 0.7867649250000001 0.43933798125 0.788602984375 0.43566201875 0.7922791046875
34 0.3069853921875 0.0827208953125 0.3069853921875 0.0845589546875 0.305146746875 0.08639701562499999 0.30330876562500003 0.08639701562499999 0.3014707828125 0.088235075 0.2996321375 0.088235075 0.29779415625 0.09007388125 0.29595617500000004 0.09007388125 0.29595617500000004 0.12683805937499998 0.29779415625 0.12867611875 0.2996321375 0.12867611875 0.3014707828125 0.130514925 0.32904382499999996 0.130514925 0.3308824703125 0.12867611875 0.3327204515625 0.12867611875 0.33455909687499996 0.12683805937499998 0.33455909687499996 0.125 0.33639707812499997 0.12316194062500001 0.33639707812499997 0.091911940625 0.32904382499999996 0.0845589546875 0.32904382499999996 0.0827208953125 0.32720584375 0.0808820890625 0.3235292171875 0.0808820890625 0.32169123437499997 0.07904402968749999 0.31433798125 0.07904402968749999 0.3125 0.0808820890625 0.31066201875 0.0808820890625 0.3088233734375 0.0827208953125 0.3069853921875 0.0827208953125
11 0.56433798125 0.41360298437500004 0.56433798125 0.3547791046875 0.5128678625 0.3547791046875 0.509191234375 0.3584559703125 0.509191234375 0.41544104531250003 0.5625 0.41544104531250003 0.56433798125 0.41360298437500004
27 0.4710584328125 0.3973179109375 0.468660690625 0.31617611874999996 0.46714143437500005 0.316602984375 0.46682204531249993 0.310661940625 0.45946945625 0.30882388125000004 0.457630809375 0.310661940625 0.456476759375 0.3981746265625 0.46259760937500005 0.4005223875 0.4710584328125 0.3973179109375
26 0.24816201875 0.47242686562499997 0.25 0.470588059375 0.25 0.46875 0.23529415625 0.46875 0.23529415625 0.5422791046875 0.24632337343750002 0.5422791046875 0.24816201875 0.5404410453125 0.24816201875 0.47242686562499997
25 0.6911766265625 0.5625 0.6930146078125 0.564338059375 0.696691234375 0.564338059375 0.6985292171874999 0.5661768656249999 0.7003678625 0.5661768656249999 0.7040438250000001 0.569852984375 0.7058824703125001 0.569852984375 0.7077204515625 0.5716910453125 0.709559096875 0.5716910453125 0.713235059375 0.5753679109375 0.713235059375 0.5772059703125 0.7150737046875 0.5790440296875 0.7169116859375 0.5790440296875 0.7224262953125 0.5845589546875 0.724264940625 0.5845589546875 0.726102921875 0.5827208953125 0.726102921875 0.5808820890625 0.727940903125 0.5790440296875 0.727940903125 0.564338059375 0.726102921875 0.5625 0.726102921875 0.560661940625 0.724264940625 0.55882388125 0.7224262953125 0.55882388125 0.7150737046875 0.5514708953125 0.7077204515625 0.5514708953125 0.7040438250000001 0.5477940296875 0.7040438250000001 0.5459559703125 0.7022058437500001 0.5441179109375 0.6985292171874999 0.5441179109375 0.696691234375 0.5422791046875 0.68566201875 0.5422791046875 0.68566201875 0.5569850749999999 0.6875 0.5569850749999999 0.6911766265625 0.560661940625 0.6911766265625 0.5625
26 0.170956175 0.68382388125 0.17279415625 0.6819850749999999 0.1746321375 0.6819850749999999 0.1764707828125 0.680147015625 0.1764707828125 0.626838059375 0.1746321375 0.625 0.1746321375 0.6158089546875 0.17279415625 0.6139708953125 0.1746321375 0.6121320890625 0.161764940625 0.6121320890625 0.161764940625 0.685661940625 0.16727954843749998 0.685661940625 0.1691175296875 0.68382388125 0.170956175 0.68382388125
27 0.68933798125 0.21875 0.68933798125 0.1709559703125 0.6875 0.1691179109375 0.6875 0.1672791046875 0.68566201875 0.1672791046875 0.6838233734375 0.16544104531249998 0.6764707828125001 0.16544104531249998 0.6764707828125001 0.21875 0.678308765625 0.22058805937499998 0.6875 0.22058805937499998 0.68933798125 0.21875
28 0.5569853921875 0.8547791046875 0.56066201875 0.8584559703125001 0.5625 0.8584559703125001 0.5661766265625 0.8621320890625 0.5661766265625 0.8639708953125 0.5680146078125 0.8658089546875001 0.5772058437500001 0.8658089546875001 0.5808824703125001 0.869485075 0.5808824703125001 0.87132388125 0.5827204515625 0.873161940625 0.584559096875 0.873161940625 0.5919116859375 0.880514925 0.6066175296874999 0.880514925 0.6066175296874999 0.8621320890625 0.6047795484375 0.8602940296874999 0.5974262953125 0.8602940296874999 0.59375033125 0.8566179109375 0.59375033125 0.8547791046875 0.5919116859375 0.8529410453124999 0.588235059375 0.8529410453124999 0.586397078125 0.851102984375 0.584559096875 0.851102984375 0.5790438250000001 0.845588059375 0.5753678625 0.845588059375 0.571691234375 0.841911940625 0.571691234375 0.84007388125 0.5514707828125001 0.84007388125 0.5514707828125001 0.851102984375 0.555146746875 0.851102984375 0.5569853921875 0.8529410453124999 0.5569853921875 0.8547791046875
2 0.3702317390625 0.4638589546875 0.3702317390625 0.4656977609375 0.372069721875 0.46753582031249996 0.4106726421875 0.46753582031249996 0.416187915625 0.4620208953125 0.41802589687499997 0.4620208953125 0.419863878125 0.46018283593750003 0.419863878125 0.45650597031249995 0.4217025234375 0.4546679109375 0.4217025234375 0.447314925 0.419863878125 0.445476865625 0.419863878125 0.44363880624999996 0.41802589687499997 0.44363880624999996 0.416187915625 0.441800746875 0.4143492703125 0.441800746875 0.4106726421875 0.43812388125 0.4106726421875 0.43628582031249996 0.40253253593749994 0.4367014921875 0.4005896421875 0.42167388125 0.3830869859375 0.406819403125 0.360276228125 0.42227910468749996 0.35720916406250003 0.4471 0.3683937578125 0.46018283593750003 0.3683937578125 0.4620208953125 0.3702317390625 0.4638589546875
14 0.23345617500000002 0.7003679109375 0.2371321375 0.6966910453125 0.2444853921875 0.6966910453125 0.24816201875 0.7003679109375 0.26470584375 0.7003679109375 0.2702204515625 0.694852984375 0.2702204515625 0.6415440296875 0.2205883140625 0.6415440296875 0.2169116859375 0.6452208953125 0.2169116859375 0.6985291046875 0.21875033125 0.7003679109375 0.23345617500000002 0.7003679109375
34 0.451527225 0.13432835781250002 0.473439575 0.13432835781250002 0.4860557765625 0.123134328125 0.48207171249999997 0.09402985 0.463479415625 0.077611940625 0.46281540468750004 0.077611940625 0.445551128125 0.0917910453125 0.44223107500000003 0.09925373125 0.4395750328125 0.123134328125 0.451527225 0.13432835781250002
5 0.3678618859375 0.276865671875 0.3698539171875 0.279104478125 0.41168658750000003 0.279104478125 0.412350596875 0.275373134375 0.420318725 0.2686567171875 0.420318725 0.2514925375 0.4163346609375 0.24776119375 0.4010624171875 0.24776119375 0.398406375 0.24402985 0.39575033125000003 0.23059701562499998 0.3831341296875 0.220895521875 0.37848605625 0.220895521875 0.363877821875 0.23059701562499998 0.3598937578125 0.23805970156249998 0.3592297484375 0.25522388125 0.3678618859375 0.276865671875
25 0.39176626875 0.54477611875 0.395086321875 0.5432835828125 0.398406375 0.5373134328125 0.3977423640625 0.474626865625 0.3944223109375 0.470895521875 0.3851261625 0.470895521875 0.38247011875000003 0.470895521875 0.3804780875 0.473134328125 0.3804780875 0.5343283578125 0.3831341296875 0.5432835828125 0.39176626875 0.54477611875
27 0.49070385156249996 0.43208955156249995 0.501328021875 0.4365671640625 0.5258964140625 0.45373134375 0.5292164671874999 0.4544776125 0.534528553125 0.45074626875 0.5338645421875 0.4388059703125 0.47277556406250004 0.40074626875 0.4694555109375 0.40074626875 0.46414342656249996 0.41119402968749996 0.4687915 0.4179104484375 0.48007968125 0.423134328125 0.49070385156249996 0.43208955156249995
26 0.314077025 0.6880597015625 0.3200531203125 0.6865671640625 0.324037184375 0.679104478125 0.32470119531249997 0.619402984375 0.3233731734375 0.6134328359375 0.32071713125 0.6119402984375 0.3169541828125 0.6119402984375 0.3094289515625 0.6119402984375 0.3061088984375 0.6141791046875 0.30743691875 0.6820895515625 0.314077025 0.6880597015625
2 0.7304116859375 0.59477611875 0.7337317390625 0.6082089546875 0.737715803125 0.6119402984375 0.7632284203124999 0.6131425375 0.7784747671875001 0.6135947765624999 0.7828685265625001 0.6052238812499999 0.7861885796875 0.60223880625 0.7861885796875 0.5843283578125 0.768924303125 0.5813432828125 0.7629482078125001 0.5649253734374999 0.7523240375 0.55597015 0.7463479421875 0.55373134375 0.7443559093750001 0.55373134375 0.73240371875 0.5626865671875 0.7270916328125 0.573134328125 0.7257636125 0.5880597015625 0.7304116859375 0.59477611875
2 0.5836653390625 0.5970149250000001 0.5869853921875 0.6097014921875 0.589641434375 0.6119402984375 0.598273571875 0.6126865671874999 0.6301460828125001 0.6119402984375 0.6401062421875 0.6014925375 0.6401062421875 0.5835820890625001 0.63479415625 0.580597015625 0.6228419656249999 0.5828358203125 0.6195219125 0.5783582093749999 0.616201859375 0.5649253734374999 0.601593625 0.55373134375 0.5976095625 0.55373134375 0.583001328125 0.5649253734374999 0.579681275 0.574626865625 0.578353253125 0.5888059703125 0.5836653390625 0.5970149250000001
9 0.7297476765625001 0.5604477609375 0.73439575 0.5604477609375 0.7436918984374999 0.5529850749999999 0.749003984375 0.5529850749999999 0.764276228125 0.5619402984375 0.7795484734375 0.5611940296875 0.7828685265625001 0.5589552234374999 0.78552456875 0.5485074625 0.784196546875 0.5014925375 0.7795484734375 0.49701492500000005 0.7463479421875 0.49626865625 0.7416998671874999 0.49626865625 0.73439575 0.49701492500000005 0.7290836656249999 0.502985075 0.72775564375 0.523134328125 0.7297476765625001 0.5604477609375
10 0.14475431562500002 0.5582089546875 0.1553784859375 0.5611940296875 0.1679946875 0.55373134375 0.17131474062500002 0.55373134375 0.1786188578125 0.5597014921875 0.1965471453125 0.5574626859375 0.19787516562500002 0.50522388125 0.1965471453125 0.5007462687500001 0.19123505937500002 0.49701492500000005 0.187863878125 0.49701492500000005 0.1474103578125 0.49701492500000005 0.142762284375 0.5007462687500001 0.142762284375 0.55522388125 0.14475431562500002 0.5582089546875
11 0.2994687921875 0.84626865625 0.32204515312500004 0.84626865625 0.324037184375 0.8485074625 0.3300132796875 0.8440298500000001 0.341965471875 0.8440298500000001 0.3446215140625 0.8350746265625 0.3432934921875 0.7865671640625 0.337317396875 0.7828358203125 0.30876494062500004 0.7828358203125 0.3050019921875 0.7828358203125 0.2934926953125 0.7835820890625 0.288844621875 0.7895522390624999 0.2901726421875 0.8425373140625 0.2994687921875 0.84626865625
8 0.45772045156249996 0.55882388125 0.45955909687499996 0.5569850749999999 0.4889707828125 0.5569850749999999 0.4889707828125 0.498161940625 0.43566201875 0.498161940625 0.43566201875 0.5569850749999999 0.44485325312499996 0.5569850749999999 0.44669123437499997 0.55882388125 0.45772045156249996 0.55882388125
7 0.3805146078125 0.40992686562499997 0.382353253125 0.41176492500000006 0.41727954843750004 0.41176492500000006 0.41727954843750004 0.3566179109375 0.3639707828125 0.3566179109375 0.3639707828125 0.41176492500000006 0.3713233734375 0.41176492500000006 0.37316201875 0.40992686562499997 0.3805146078125 0.40992686562499997
20 0.5 0.0046873140625 0.5 0.0843753734375 0.5578127484375 0.0843753734375 0.5578127484375 0.0046873140625 0.5 0.0046873140625
18 0.55625033125 0.8890626859375 0.55625033125 0.8656253734374999 0.503124834375 0.8656253734374999 0.503124834375 0.9406253734375 0.5546872515625 0.9406253734375 0.5546872515625 0.8906253734374999 0.55625033125 0.8890626859375
18 0.925 0.42968731406250005 0.8671872515624999 0.42968731406250005 0.8671872515624999 0.5140626859374999 0.9234375828125 0.5140626859374999 0.925 0.5125 0.925 0.42968731406250005
18 0.7203127484375 0.14687537343749998 0.7203127484375 0.2281253734375 0.778124834375 0.2281253734375 0.778124834375 0.14687537343749998 0.7203127484375 0.14687537343749998
21 0.2625 0.90625 0.2640624171875 0.9046873140624999 0.2640624171875 0.8640626859375 0.2078127484375 0.8640626859375 0.2078127484375 0.9406253734375 0.2609375828125 0.9406253734375 0.2625 0.9390626859375001 0.2625 0.90625
18 0.115624834375 0.3671873140625 0.115624834375 0.2921873140625 0.0609375828125 0.2921873140625 0.0609375828125 0.36875 0.07031274843749999 0.36875 0.071875165625 0.3671873140625 0.115624834375 0.3671873140625
19 0.115624834375 0.6546873140625 0.115624834375 0.5765626859374999 0.0609375828125 0.5765626859374999 0.0609375828125 0.65625 0.109375165625 0.65625 0.11093758281249999 0.6546873140625 0.115624834375 0.6546873140625
23 0.7765624171875001 0.7203126859375 0.7234375828124999 0.7203126859375 0.7234375828124999 0.8 0.775 0.8 0.7765624171875001 0.7984373140625001 0.7765624171875001 0.7203126859375
22 0.2625 0.08125 0.2625 0.0218753734375 0.2640624171875 0.020312685937499998 0.2640624171875 0.01875 0.2625 0.0171873140625 0.2625 0.0109373140625 0.2609375828125 0.009375373437499999 0.2609375828125 0.0078126859375 0.2625 0.00625 0.2078127484375 0.00625 0.2078127484375 0.0843753734375 0.2609375828125 0.0843753734375 0.2609375828125 0.08281268593749999 0.2625 0.08125