0 0.3351990046875 0.3116169546875 0.3495024875 0.30298273125 0.38805970156249997 0.2755102046875 0.39800995 0.26452119375 0.3955223875 0.17346938750000002 0.3345771140625 0.1287284140625 0.32276119375 0.141287284375 0.3171641796875 0.139717425 0.27300995 0.17346938750000002 0.269900496875 0.1821036109375 0.26927860625 0.2001569859375 0.26927860625 0.2582417578125 0.271144278125 0.268445840625 0.330845771875 0.31083202499999996 0.3351990046875 0.3116169546875
0 0.41542288593750004 0.8296703296875 0.41231343281250005 0.840659340625 0.41293532343750006 0.866562009375 0.42475124375 0.8814756671874999 0.47077114375000007 0.9152276296874999 0.48134328281250005 0.9050235484375 0.49067164218750003 0.9018838296875 0.5143034828124999 0.8814756671874999 0.5348258703125001 0.868916796875 0.5354477609375 0.81632653125 0.5317164171875 0.8045525906250001 0.5348258703125001 0.7794348515625 0.5323383078124999 0.7739403453125 0.521144278125 0.76923076875 0.49502487500000003 0.744897959375 0.47077114375000007 0.7417582421875 0.449004975 0.744897959375 0.4234490046875 0.7717111453125 0.41889738750000005 0.780058084375 0.41293532343750006 0.7857142859375 0.41169154218750004 0.8108320250000001 0.41542288593750004 0.8296703296875
0 0.55771890625 0.8428516484375 0.5545597015625 0.8251648359375 0.546021765625 0.8277747249999999 0.5460715171875 0.8675164828125 0.5485590796875 0.8714411296875 0.607016790625 0.9169670328124999 0.6206983828125 0.9106875984375 0.6430864421875 0.89184929375 0.6530366921875 0.8871397171875 0.6598774875 0.89184929375 0.6555242531250001 0.8753657765625 0.656768034375 0.859667190625 0.660499378125 0.8471083203124999 0.6698277359375 0.8353343796875 0.6692058453125 0.8015824171875 0.664230721875 0.7890235484375 0.6673401734375 0.784313971875 0.665474503125 0.7772496078125 0.6244297265625 0.7458524328125 0.604529228125 0.744282575 0.58960385625 0.7458524328125 0.5759222640624999 0.7576263734375 0.564728234375 0.7631208796875 0.5449228859375 0.7783437984375 0.5469067171875001 0.8036146000000001 0.556245646875 0.8004003140625 0.55913495 0.7820839875 0.5736641796875 0.7771106750000001 0.582360696875 0.7919277859375 0.5959477609375 0.81692935625 0.5827400500000001 0.8282197796874999 0.5792139296875 0.8414843015625 0.55771890625 0.8428516484375
29 0.5597014921875 0.8351648359375 0.5640547265625 0.8375196234375 0.575870646875 0.83437990625 0.5814676609375 0.8218210359375 0.5914179109375 0.8178963890625001 0.5876865671875 0.8069073781249999 0.5789801 0.799058084375 0.577114428125 0.7864992156249999 0.5677860703125 0.7794348515625 0.5603233828125 0.783359496875 0.5572139296875 0.796703296875 0.5435323390625 0.8100470953125001 0.5429104484375 0.817111459375 0.5466417906250001 0.82103610625 0.5565920390625 0.82103610625 0.5597014921875 0.8351648359375
35 0.39427860625 0.8697017265625 0.39241293593750004 0.8594976453125 0.39241293593750004 0.7794348515625 0.3613184078125 0.7566719 0.3569651734375 0.7582417578125 0.35199005 0.752747253125 0.355099503125 0.7464678171875 0.3395522390625 0.7433281 0.324626865625 0.7456828890625 0.3215174125 0.7433281 0.3103233828125 0.7441130296875 0.2904228859375 0.7613814750000001 0.27425373125 0.770800628125 0.2686567171875 0.778649921875 0.26927860625 0.866562009375 0.3165422890625 0.9050235484375 0.3345771140625 0.9144427 0.39427860625 0.8697017265625
35 0.345149253125 0.703296703125 0.36194029843750003 0.7095761375 0.3650497515625 0.7276295140625 0.37002487500000003 0.73547880625 0.375621890625 0.7362637359375 0.40547263750000007 0.7613814750000001 0.44527363124999997 0.7339089484375 0.449004975 0.705651490625 0.46268656718749995 0.6821036109375 0.4614427859375 0.6263736265625 0.4570895515625 0.6193092625000001 0.425995025 0.5934065937499999 0.3886815921875 0.5941915234375 0.374378109375 0.5981161703125 0.345149253125 0.6193092625000001 0.3376865671875 0.627943484375 0.33893034843750003 0.6562009421874999 0.3314676609375 0.67896389375 0.3414179109375 0.6915227625 0.345149253125 0.703296703125
35 0.6822139296875 0.46232339062500005 0.7412935328125 0.41601255937500004 0.7406716421875 0.3241758234375 0.679104478125 0.278649921875 0.6747512437500001 0.278649921875 0.6330845765625 0.3116169546875 0.6324626859375 0.3233908953125 0.628109453125 0.3375196234375 0.61878109375 0.3414442703125 0.6138059703125001 0.348508634375 0.6125621890625 0.3610675046875 0.6119402984375 0.4152276296875 0.61878109375 0.4230769234375 0.6747512437500001 0.46389325000000003 0.6822139296875 0.46232339062500005
35 0.746890546875 0.6106750390625 0.7636815921875 0.6028257453125 0.8109452734374999 0.565934065625 0.8103233828124999 0.47645211875 0.779850746875 0.452119309375 0.772388059375 0.44897959218750005 0.7655472640625 0.4411302984375 0.75124378125 0.43171114531250004 0.7431592046875 0.43014128749999997 0.6815920390625 0.47488226093749997 0.6815920390625 0.5266875984375 0.69527363125 0.5455259031249999 0.702114428125 0.5745682890625 0.746890546875 0.6106750390625
37 0.5373134328125 0.428571428125 0.5435323390625 0.428571428125 0.5534825875 0.43956043906250003 0.5609452734375 0.44191522812499995 0.6032338312500001 0.4113029828125 0.603855721875 0.3477237046875 0.5845771140625 0.3281004703125 0.5827114421874999 0.317111459375 0.550373134375 0.2896389328125 0.5379353234375001 0.28492935625000004 0.522388059375 0.2951334375 0.49502487500000003 0.3155416015625 0.49067164218750003 0.3359497640625 0.47636815937500004 0.3437990578125 0.47574626875000003 0.41679748749999995 0.5118159203125 0.4450549453125 0.5186567171875 0.445839875 0.5373134328125 0.428571428125
37 0.5914179109375 0.2919937203125 0.6094527359375 0.278649921875 0.623134328125 0.291208790625 0.6324626859375 0.2951334375 0.6710199 0.268445840625 0.6735074625 0.255102040625 0.6735074625 0.1781789640625 0.66977611875 0.1703296703125 0.6119402984375 0.1287284140625 0.6069651734375 0.127943484375 0.5572139296875 0.1640502359375 0.549129353125 0.17346938750000002 0.5485074625 0.2637362640625 0.5671641796875 0.2794348515625 0.5814676609375 0.2841444265625 0.5914179109375 0.2919937203125
37 0.6511194031249999 0.57770800625 0.6579601984375001 0.54631083125 0.67226368125 0.5290423859375 0.6716417906250001 0.47409733125000003 0.6131840796875 0.43171114531250004 0.5814676609375 0.452119309375 0.5715174125 0.46232339062500005 0.5646766171875 0.46467817968749997 0.5597014921875 0.4827315546875 0.555348259375 0.48822605937499997 0.5391791046875001 0.493720565625 0.545398009375 0.4976452125 0.54477611875 0.5682888546875 0.605099503125 0.61145996875 0.6511194031249999 0.57770800625
37 0.617245025 0.667163265625 0.616391790625 0.6846412875000001 0.62624378125 0.69701726875 0.629353234375 0.7048665625 0.6321523625000001 0.7265156984375001 0.6354303484375 0.7271609109375 0.63787873125 0.7288288859375001 0.6427077109375 0.7343736265625 0.6558743781249999 0.7432496078125 0.679104478125 0.7637362640625 0.700870646875 0.7496075359375001 0.722636815625 0.73312401875 0.7251243781250001 0.7040816328124999 0.730099503125 0.693092621875 0.7377966421875 0.685014128125 0.7375597015625 0.6793657765625001 0.737095771875 0.6747496078124999 0.737615671875 0.658783359375 0.7375565921875 0.6472142859375001 0.7383470156249999 0.635084771875 0.7378165421875 0.63101726875 0.72973631875 0.6241719 0.7178072140625 0.61609340625 0.7056940296875001 0.6056930921875 0.6958619406250001 0.595889325 0.6902985078125 0.589481946875 0.6840796015625 0.5902668765625 0.67723880625 0.589481946875 0.67315111875 0.5905502359375 0.6691990046875 0.59117346875 0.66788868125 0.5933383046875 0.6606915421874999 0.5957025125000001 0.633150496875 0.6189843015625 0.6259197765625 0.6214929359375 0.6174589546875 0.6284670328125 0.616476990625 0.6364262171874999 0.617253109375 0.64254788125 0.6165572140625 0.654160125 0.617245025 0.667163265625
6 0.26679104531250003 0.4631083203125 0.32524875625 0.4175824171875 0.322139303125 0.35243328125 0.324626865625 0.3241758234375 0.27487562187500003 0.286499215625 0.2649253734375 0.2794348515625 0.2618159203125 0.2802197796875 0.20087064687499998 0.3257456828125 0.20024875625 0.4120879125 0.2089552234375 0.42464678125 0.255597015625 0.45839874375 0.26679104531250003 0.4631083203125
17 0.1579601984375 0.5855573 0.19154228906249998 0.6130298265625 0.20398010000000003 0.609890109375 0.24129353281250002 0.58006279375 0.24440298437500002 0.5470957609375 0.25621890625 0.529827315625 0.25497512499999997 0.50784929375 0.251865671875 0.5047095765625 0.255597015625 0.49450549375 0.255597015625 0.475667190625 0.248134328125 0.46624803750000005 0.230099503125 0.45525902656249995 0.22077114375 0.445839875 0.21144278593750002 0.44270015625000003 0.20273631875000003 0.432496075 0.19402985 0.43014128749999997 0.1585820890625 0.45682888593750004 0.1330845765625 0.47174254375 0.13184079531249998 0.47488226093749997 0.13121890625 0.565934065625 0.1330845765625 0.5698587125000001 0.149875621875 0.5832025125 0.1579601984375 0.5855573
17 0.28917910468749997 0.581632653125 0.3333333328125 0.6130298265625 0.35323383124999996 0.5989010984375 0.3631840796875 0.5871271578124999 0.369402984375 0.5871271578124999 0.37624378125 0.581632653125 0.37126865625 0.5651491359375 0.373134328125 0.54631083125 0.378109453125 0.537676609375 0.39179104531250003 0.5259026687499999 0.3930348265625 0.5204081625 0.3936567171875 0.48744112968750003 0.3899253734375 0.47488226093749997 0.33022388125 0.4309262171875 0.27922885625 0.467817896875 0.273631840625 0.4733124015625 0.272388059375 0.48351648281250004 0.27425373125 0.5259026687499999 0.27176616875000004 0.5306122453125 0.2835820890625 0.5455259031249999 0.28917910468749997 0.581632653125
17 0.45024875625 0.2951334375 0.46019900468749997 0.28571428593750003 0.47201492500000003 0.2802197796875 0.48756218906250004 0.2919937203125 0.4912935328125 0.2919937203125 0.529850746875 0.2637362640625 0.5317164171875 0.23076923124999998 0.529850746875 0.175039246875 0.4975124375 0.1467817890625 0.4856965171875 0.139717425 0.47574626875000003 0.13814756718750001 0.47263681562500004 0.1302982734375 0.46952736249999993 0.12951334375 0.40733830781249997 0.1742543171875 0.40733830781249997 0.26216640468749997 0.41169154218750004 0.26923076875 0.4390547265625 0.2904238625 0.45024875625 0.2951334375
2 0.35199005 0.7409733125 0.36256218906250004 0.7284144421875001 0.3606965171875 0.7103610671875 0.3445273625 0.70722135 0.3395522390625 0.6915227625 0.324626865625 0.67896389375 0.3065920390625 0.693092621875 0.304104478125 0.708791209375 0.3034825875 0.716640503125 0.3084577109375 0.7237048671874999 0.3140547265625 0.7409733125 0.35199005 0.7409733125
31 0.2804726375 0.5808477234375 0.2866915421875 0.5769230765625 0.2817164171875 0.54631083125 0.2655472640625 0.529827315625 0.2587064671875 0.532182103125 0.246890546875 0.54631083125 0.24440298437500002 0.558084771875 0.24315920468750002 0.5784929359375 0.2524875625 0.5879120875 0.276119403125 0.5886970171875 0.2804726375 0.5808477234375
25 0.272388059375 0.532182103125 0.272388059375 0.4788069078125 0.269900496875 0.47409733125000003 0.2643034828125 0.47174254375 0.25932835781249997 0.47409733125000003 0.2568407953125 0.4795918375 0.2568407953125 0.529827315625 0.2580845765625 0.532182103125 0.2636815921875 0.5290423859375 0.272388059375 0.532182103125
25 0.40236318437499996 0.770800628125 0.39925373125 0.757456828125 0.36256218906250004 0.7299843015625 0.35323383124999996 0.7417582421875 0.35199005 0.744897959375 0.355099503125 0.7503924640624999 0.3930348265625 0.7770800625 0.40236318437499996 0.770800628125
25 0.40920397968750005 0.866562009375 0.4104477609375 0.8602825749999999 0.40982587031250006 0.778649921875 0.40111940312499994 0.7715855578124999 0.394900496875 0.778649921875 0.3936567171875 0.8602825749999999 0.397388059375 0.8681318687499999 0.40485074687499994 0.8697017265625 0.40920397968750005 0.866562009375
33 0.4850746265625 0.7339089484375 0.4925373140625 0.729199371875 0.4888059703125 0.69937205625 0.47388059687500006 0.6821036109375 0.46579602031249995 0.68367346875 0.45211442812499997 0.700941915625 0.449004975 0.7284144421875001 0.4570895515625 0.7386185249999999 0.48134328281250005 0.7401883828125 0.4850746265625 0.7339089484375
33 0.4863184078125 0.330455259375 0.4919154234375 0.3281004703125 0.4888059703125 0.29748822656249996 0.47388059687500006 0.2817896390625 0.46766169218750003 0.2817896390625 0.45646766093749996 0.29277865 0.450870646875 0.306907378125 0.449004975 0.3281004703125 0.45957711406249996 0.3375196234375 0.4819651734375 0.338304553125 0.4863184078125 0.330455259375
33 0.6044776125 0.338304553125 0.620024875 0.338304553125 0.625 0.330455259375 0.629975125 0.3281004703125 0.625621890625 0.29670329687499997 0.6088308453125 0.2802197796875 0.5907960203125 0.2959183671875 0.5876865671875 0.3116169546875 0.5864427859375 0.3273155421875 0.595149253125 0.33673469375 0.60199005 0.3351648359375 0.6044776125 0.338304553125
27 0.5889303484374999 0.29670329687499997 0.5851990046875 0.2919937203125 0.5497512437500001 0.26687598125 0.5410447765625 0.2700156984375 0.5422885578125001 0.283359496875 0.5845771140625 0.3155416015625 0.5889303484374999 0.3014128734375 0.5889303484374999 0.29670329687499997
27 0.50373134375 0.306907378125 0.5391791046875001 0.28257456875 0.5385572140625 0.2723704859375 0.5360696515625001 0.268445840625 0.5292288562499999 0.26687598125 0.49378109375 0.29277865 0.49067164218750003 0.29670329687499997 0.49067164218750003 0.304552590625 0.494402984375 0.317111459375 0.50373134375 0.306907378125
27 0.547885571875 0.26216640468749997 0.54726368125 0.1805337515625 0.5416666671875 0.1718995296875 0.5360696515625001 0.1726844578125 0.5323383078124999 0.1781789640625 0.5317164171875 0.2582417578125 0.5335820890625 0.265306121875 0.5410447765625 0.26923076875 0.547885571875 0.26216640468749997
27 0.47325870625000005 0.6224489796875 0.468905471875 0.6224489796875 0.4639303484375 0.62715855625 0.4639303484375 0.68131868125 0.47699005000000005 0.682888540625 0.47823383125 0.6287284140625 0.47325870625000005 0.6224489796875
5 0.43097015 0.5784929359375 0.43097015 0.5612244890625 0.425373134375 0.55729984375 0.41293532343750006 0.555729984375 0.40858208906250004 0.540031396875 0.39676616875000004 0.529827315625 0.3893034828125 0.5306122453125 0.37997512499999997 0.5384615390625 0.374378109375 0.5486656203125 0.373134328125 0.5667189953125 0.3837064671875 0.5910518046875 0.4210199 0.5910518046875 0.43097015 0.5784929359375
28 0.40982587031250006 0.4788069078125 0.40422885624999993 0.47174254375 0.4004975125 0.47174254375 0.39427860625 0.47802197812499997 0.39427860625 0.527472528125 0.40796019843750003 0.5384615390625 0.40982587031250006 0.5345368921875 0.40982587031250006 0.4788069078125
28 0.39427860625 0.47488226093749997 0.40174129374999995 0.4709576140625 0.40174129374999995 0.459968603125 0.38432835781249997 0.4450549453125 0.345149253125 0.41679748749999995 0.3407960203125 0.4152276296875 0.3345771140625 0.41993720625000003 0.3339552234375 0.428571428125 0.3383084578125 0.43563579218750004 0.3899253734375 0.4733124015625 0.39427860625 0.47488226093749997
28 0.3414179109375 0.41444270000000005 0.3420398015625 0.40894819531250004 0.3407960203125 0.3288854 0.3351990046875 0.3218210359375 0.3314676609375 0.3218210359375 0.325870646875 0.3288854 0.32524875625 0.4097331234375 0.32835820937500004 0.41679748749999995 0.3351990046875 0.4191522765625 0.3414179109375 0.41444270000000005
28 0.6075870640625001 0.4215070640625 0.602611940625 0.41679748749999995 0.597636815625 0.41679748749999995 0.5603233828125 0.4450549453125 0.5603233828125 0.459968603125 0.5646766171875 0.4654631078125 0.6063432828125 0.43406593437499996 0.6075870640625001 0.4215070640625
36 0.2618159203125 0.7637362640625 0.272388059375 0.7598116171875 0.29975124375 0.7370486656249999 0.3084577109375 0.7339089484375 0.30223880625 0.7158555734375 0.30472636875000003 0.695447409375 0.30907960156250003 0.687598115625 0.320895521875 0.677394034375 0.32835820937500004 0.6781789640625 0.3289801 0.6758241765624999 0.32835820937500004 0.62951334375 0.32524875625 0.6240188390625 0.3115671640625 0.6161695453125 0.2935323390625 0.5989010984375 0.2848258703125 0.5965463109375 0.2804726375 0.5910518046875 0.24751243750000002 0.5902668765625 0.2375621890625 0.6004709578125 0.20273631875000003 0.6248037671875 0.199626865625 0.6405023546875 0.20087064687499998 0.7142857140625 0.20335820937500002 0.718995290625 0.2618159203125 0.7637362640625
36 0.49626865625 0.7323390890625 0.5391791046875001 0.7637362640625 0.5833333328125 0.7339089484375 0.5870646765624999 0.7025117734374999 0.6001243781250001 0.6821036109375 0.597636815625 0.6263736265625 0.595149253125 0.6216640499999999 0.574626865625 0.605180534375 0.5584577109375 0.597331240625 0.5466417906250001 0.5847723703125001 0.5379353234375001 0.5832025125 0.5248756218749999 0.5910518046875 0.5180348265625 0.599686028125 0.5080845765625 0.602040815625 0.50373134375 0.60910518125 0.48694029843750003 0.6185243328125 0.48383084531250004 0.6240188390625 0.47885572187500003 0.6263736265625 0.47885572187500003 0.6821036109375 0.4881840796875 0.6946624796875 0.4925373140625 0.70722135 0.49626865625 0.7323390890625
36 0.4347014921875 0.5847723703125001 0.453358209375 0.602040815625 0.46952736249999993 0.6122448984375 0.47636815937500004 0.61145996875 0.499378109375 0.5910518046875 0.5167910453125 0.581632653125 0.5335820890625 0.567503925 0.5335820890625 0.493720565625 0.519900496875 0.49136577656249997 0.519900496875 0.4843014125 0.5155472640625 0.480376765625 0.5149253734375 0.46624803750000005 0.48383084531250004 0.43956043906250003 0.47325870625000005 0.43171114531250004 0.46766169218750003 0.43171114531250004 0.46330845781249996 0.4372056515625 0.4384328359375 0.45133437968749995 0.4110696515625 0.472527471875 0.41231343281250005 0.54631083125 0.42972636875000003 0.5565149140625001 0.43407960156250003 0.5706436421875 0.4347014921875 0.5847723703125001
36 0.46579602031249995 0.4152276296875 0.46579602031249995 0.348508634375 0.4614427859375 0.34693877500000003 0.447139303125 0.3273155421875 0.447139303125 0.317111459375 0.4421641796875 0.31083202499999996 0.40422885624999993 0.2802197796875 0.39676616875000004 0.28257456875 0.347636815625 0.32025117812500004 0.3420398015625 0.3265306125 0.3401741296875 0.348508634375 0.3420398015625 0.4113029828125 0.403606965625 0.459968603125 0.43407960156250003 0.44191522812499995 0.46579602031249995 0.4152276296875
32 0.699004975 0.8791208796875001 0.695895521875 0.850863421875 0.6927860703125 0.8445839875000001 0.67972636875 0.8320251171875 0.67226368125 0.8328100468749999 0.6616915421875 0.8445839875000001 0.6567164171875 0.8594976453125 0.6554726375000001 0.8775510203125 0.6641791046875001 0.890109890625 0.6884328359375 0.890109890625 0.699004975 0.8791208796875001
32 0.629975125 0.7276295140625 0.62624378125 0.6985871265625 0.6106965171875001 0.68131868125 0.602611940625 0.682888540625 0.5907960203125 0.69701726875 0.5883084578125 0.705651490625 0.5864427859375 0.7260596546875 0.595149253125 0.7386185249999999 0.620024875 0.739403453125 0.629975125 0.7276295140625
32 0.7674129359374999 0.7284144421875001 0.7649253734375 0.7001569859375001 0.75 0.6821036109375 0.7419154234375 0.6821036109375 0.7294776125 0.695447409375 0.72574626875 0.705651490625 0.7245024875 0.726844584375 0.7338308453125 0.739403453125 0.7580845765625 0.739403453125 0.7674129359374999 0.7284144421875001
32 0.699626865625 0.57770800625 0.69402985 0.54631083125 0.679104478125 0.5306122453125 0.67226368125 0.532182103125 0.6573383078124999 0.553375196875 0.6542288562499999 0.5745682890625 0.6648009953125 0.5886970171875 0.6884328359375 0.589481946875 0.699626865625 0.57770800625
26 0.6834577109375 0.778649921875 0.6784825875 0.768445840625 0.669154228125 0.7778649921875 0.66977611875 0.8320251171875 0.6822139296875 0.8328100468749999 0.6853233828125 0.8178963890625001 0.6834577109375 0.778649921875
26 0.676616915625 0.7700156984375 0.67723880625 0.7653061218749999 0.6710199 0.755102040625 0.6361940296874999 0.729199371875 0.629975125 0.729199371875 0.62375621875 0.7370486656249999 0.6225124375 0.7409733125 0.628109453125 0.7480376765625001 0.6679104484375 0.7755102046875 0.676616915625 0.7700156984375
26 0.751865671875 0.685243328125 0.7524875625 0.6287284140625 0.7475124375 0.623233909375 0.7388059703125001 0.6263736265625 0.7381840796875 0.679748821875 0.7388059703125001 0.6821036109375 0.745646765625 0.68131868125 0.751865671875 0.685243328125
26 0.745646765625 0.6185243328125 0.745024875 0.6106750390625 0.7400497515625 0.605180534375 0.705845771875 0.58006279375 0.6965174125 0.5808477234375 0.6915422890625 0.5879120875 0.6927860703125 0.5934065937499999 0.7313432828125 0.623233909375 0.7381840796875 0.6248037671875 0.745646765625 0.6185243328125
26 0.6579601984375001 0.5824175828125 0.65174129375 0.58006279375 0.6225124375 0.5981161703125 0.6100746265625 0.609890109375 0.6106965171875001 0.623233909375 0.61878109375 0.625588696875 0.6635572140625 0.591836734375 0.6579601984375001 0.5824175828125
26 0.6144278609375 0.6287284140625 0.6094527359375 0.6224489796875 0.6001243781250001 0.6287284140625 0.601368159375 0.68131868125 0.6100746265625 0.6805337515625001 0.6162935328125 0.6844583984375 0.6144278609375 0.6287284140625
34 0.5615671640625 0.47723704843750003 0.5578358203125 0.44740973281249996 0.5422885578125001 0.43014128749999997 0.5366915421875 0.4309262171875 0.5261194031249999 0.4411302984375 0.5217661687499999 0.44740973281249996 0.51927860625 0.45839874375 0.5174129359374999 0.47488226093749997 0.52674129375 0.48822605937499997 0.5485074625 0.4890109890625 0.5615671640625 0.47723704843750003
7 0.3084577109375 0.2778649921875 0.3109452734375 0.2841444265625 0.353855721875 0.28492935625000004 0.3588308453125 0.2817896390625 0.3606965171875 0.239403453125 0.3594527359375 0.225274725 0.35572139375 0.21978022031250002 0.3121890546875 0.21978022031250002 0.3078358203125 0.2284144421875 0.3072139296875 0.2339089484375 0.3103233828125 0.24175824218750003 0.3078358203125 0.2582417578125 0.3084577109375 0.2778649921875
7 0.5646766171875 0.7346938781250001 0.5671641796875 0.6985871265625 0.5659203984375 0.675039246875 0.5634328359375 0.6718995296875 0.521144278125 0.6703296703125 0.5155472640625 0.6726844578125 0.5136815921875 0.679748821875 0.5136815921875 0.726844584375 0.5180348265625 0.7362637359375 0.5398009953125 0.7378335953125 0.5646766171875 0.7346938781250001
8 0.700870646875 0.43406593437499996 0.7033582093749999 0.423861853125 0.70273631875 0.3736263734375 0.6965174125 0.3697017265625 0.6573383078124999 0.3697017265625 0.6529850749999999 0.37284144375 0.6511194031249999 0.376766090625 0.652363184375 0.4309262171875 0.6604477609375 0.436420721875 0.700870646875 0.43406593437499996
8 0.45273631875 0.5886970171875 0.4919154234375 0.5863422296875 0.496890546875 0.5824175828125 0.4975124375 0.5290423859375 0.494402984375 0.5211930921875 0.45273631875 0.519623234375 0.44527363124999997 0.5251177390625 0.444651740625 0.5667189953125 0.44527363124999997 0.58006279375 0.44776119375 0.5855573 0.45273631875 0.5886970171875
9 0.60572139375 0.2794348515625 0.6100746265625 0.2794348515625 0.619402984375 0.286499215625 0.62375621875 0.286499215625 0.6330845765625 0.28257456875 0.6355721390625 0.261381475 0.6330845765625 0.2221350078125 0.6274875625 0.21899529062499998 0.5870646765624999 0.21978022031250002 0.5827114421874999 0.225274725 0.5827114421874999 0.2778649921875 0.5845771140625 0.283359496875 0.5988805968750001 0.28492935625000004 0.60572139375 0.2794348515625
16 0.47201492500000003 0.2794348515625 0.48445273593750005 0.286499215625 0.496890546875 0.2817896390625 0.4975124375 0.2284144421875 0.494402984375 0.22056514843750002 0.45895522343749995 0.21899529062499998 0.449004975 0.21978022031250002 0.4465174125 0.2229199375 0.44527363124999997 0.2770800625 0.449004975 0.2841444265625 0.4570895515625 0.28571428593750003 0.47201492500000003 0.2794348515625
16 0.424129353125 0.73547880625 0.42661691562500004 0.73312401875 0.4284825875 0.6821036109375 0.425373134375 0.6718995296875 0.38121890625 0.6711146 0.376865671875 0.6766091046875 0.37624378125 0.726844584375 0.379353234375 0.7346938781250001 0.394900496875 0.7370486656249999 0.424129353125 0.73547880625
15 0.6778606968750001 0.7370486656249999 0.68097015 0.73312401875 0.6853233828125 0.73547880625 0.7014925375 0.7339089484375 0.7033582093749999 0.7284144421875001 0.7033582093749999 0.675039246875 0.700870646875 0.6718995296875 0.6598258703125001 0.6703296703125 0.653606965625 0.6726844578125 0.65174129375 0.679748821875 0.6511194031249999 0.7237048671874999 0.6554726375000001 0.7323390890625 0.6641791046875001 0.7362637359375 0.6778606968750001 0.7370486656249999
15 0.220149253125 0.5847723703125001 0.22325870625 0.5737833593749999 0.22263681562499998 0.52825745625 0.220149253125 0.5211930921875 0.175373134375 0.519623234375 0.1710199 0.5235478812500001 0.170398009375 0.57770800625 0.172885571875 0.583987440625 0.18159203906250002 0.5871271578124999 0.220149253125 0.5847723703125001
14 0.5416666671875 0.42778649843750005 0.5534825875 0.43799058124999996 0.5646766171875 0.43171114531250004 0.5659203984375 0.39089481875 0.5640547265625 0.37205651562500003 0.5590796015625 0.368916796875 0.5186567171875 0.3697017265625 0.5143034828124999 0.376766090625 0.5136815921875 0.41679748749999995 0.5174129359374999 0.43406593437499996 0.5292288562499999 0.43563579218750004 0.5416666671875 0.42778649843750005
14 0.35820895468749997 0.8838304546875 0.3606965171875 0.850863421875 0.3600746265625 0.830455259375 0.3563432828125 0.8218210359375 0.3140547265625 0.8202511781249999 0.3097014921875 0.822605965625 0.3078358203125 0.8320251171875 0.3078358203125 0.8775510203125 0.3109452734375 0.8854003140625 0.3426616921875 0.8869701734375001 0.35820895468749997 0.8838304546875
13 0.42288557187500003 0.43563579218750004 0.427860696875 0.43171114531250004 0.42723880625 0.37205651562500003 0.42226368125 0.3697017265625 0.37997512499999997 0.37048665625 0.376865671875 0.376766090625 0.37624378125 0.41679748749999995 0.37997512499999997 0.43406593437499996 0.3899253734375 0.436420721875 0.42288557187500003 0.43563579218750004
13 0.629975125 0.88618524375 0.6337064671875 0.8838304546875 0.6349502484375 0.8288854000000001 0.6318407953125 0.8218210359375 0.5907960203125 0.8202511781249999 0.5833333328125 0.830455259375 0.5827114421874999 0.8477237046875 0.5820895515625 0.8697017265625 0.5851990046875 0.8838304546875 0.5914179109375 0.88618524375 0.629975125 0.88618524375
12 0.3594527359375 0.581632653125 0.3606965171875 0.5455259031249999 0.3600746265625 0.5290423859375 0.35758706406249996 0.5219780218750001 0.3134328359375 0.5204081625 0.3097014921875 0.5219780218750001 0.3078358203125 0.529827315625 0.3078358203125 0.5745682890625 0.3103233828125 0.5847723703125001 0.353855721875 0.5863422296875 0.3594527359375 0.581632653125
12 0.7686567171875 0.5855573 0.771144278125 0.5832025125 0.772388059375 0.5266875984375 0.769900496875 0.5219780218750001 0.730099503125 0.519623234375 0.722636815625 0.5219780218750001 0.720149253125 0.527472528125 0.7195273624999999 0.567503925 0.72325870625 0.583987440625 0.745024875 0.5871271578124999 0.7686567171875 0.5855573
11 0.2904228859375 0.73076923125 0.2904228859375 0.6742543171875 0.2829601984375 0.6703296703125 0.2406716421875 0.6726844578125 0.2406716421875 0.73312401875 0.25 0.7370486656249999 0.2879353234375 0.7346938781250001 0.2904228859375 0.73076923125
11 0.6100746265625 0.5863422296875 0.629975125 0.5855573 0.6337064671875 0.5824175828125 0.6343283578125 0.5251177390625 0.63121890625 0.5204081625 0.5889303484374999 0.519623234375 0.5839552234375 0.5227629515625 0.5827114421874999 0.52825745625 0.5827114421874999 0.5737833593749999 0.5851990046875 0.5832025125 0.5907960203125 0.5863422296875 0.6100746265625 0.5863422296875
10 0.45211442812499997 0.8869701734375001 0.4931592046875 0.88618524375 0.49626865625 0.8830455265625 0.4975124375 0.840659340625 0.496890546875 0.8273155421875 0.494402984375 0.8218210359375 0.4577114421875 0.8194662484374999 0.44838308437499996 0.82103610625 0.44527363124999997 0.8257456828124999 0.444651740625 0.8697017265625 0.44527363124999997 0.8814756671874999 0.44776119375 0.8846153843750001 0.45211442812499997 0.8869701734375001
20 0.09375 0.6031248031249999 0.09375 0.68906279375 0.14531281093749998 0.68906279375 0.14531281093749998 0.6031248031249999 0.09375 0.6031248031249999
23 0.7671878109375 0.234375196875 0.76875 0.2328124015625 0.76875 0.15 0.7109378109375 0.15 0.7109378109375 0.2375 0.765625 0.2375 0.7671878109375 0.23593720624999998 0.7671878109375 0.234375196875
21 0.509375 0.9062503921875 0.509375 0.98593720625 0.5578128109375 0.98593720625 0.5578128109375 0.9062503921875 0.509375 0.9062503921875
18 0.23125 0.0046875984375 0.23125 0.08593720625 0.28593781093750004 0.08593720625 0.28593781093750004 0.0046875984375 0.23125 0.0046875984375
18 0.8515628109375 0.44843720625000005 0.8515628109375 0.5359372062500001 0.903125 0.5359372062500001 0.903125 0.44843720625000005 0.8515628109375 0.44843720625000005
18 0.2328128109375 0.9078124015625001 0.2328128109375 0.9875 0.284375 0.9875 0.284375 0.9078124015625001 0.2328128109375 0.9078124015625001
18 0.7640628109375001 0.8375 0.765625 0.83593720625 0.765625 0.7546875984375 0.7125 0.7546875984375 0.7125 0.8390627937499999 0.7609378109375 0.8390627937499999 0.7625 0.8375 0.7640628109375001 0.8375
22 0.09375 0.303124803125 0.09375 0.38593720625 0.14531281093749998 0.38593720625 0.14531281093749998 0.303124803125 0.09375 0.303124803125
19 0.5578128109375 0.08593720625 0.5578128109375 0.0031248031249999997 0.50625 0.0031248031249999997 0.50625 0.0875 0.5484378109375 0.0875 0.55 0.08593720625 0.5578128109375 0.08593720625