0 0.5953128203125 0.14531278593750002 0.590625 0.15 0.5875 0.15 0.5859378203125 0.15156240468749999 0.584375 0.15156240468749999 0.58125 0.1546872140625 0.5796878203125 0.1546872140625 0.578125 0.15624961875 0.5734378203125 0.15624961875 0.571875 0.1578127859375 0.5703128203125 0.1578127859375 0.565625 0.1625 0.5625 0.1625 0.5609378203125 0.1640624046875 0.559375 0.1640624046875 0.5578128203125 0.165624809375 0.5578128203125 0.234375190625 0.559375 0.234375190625 0.5609378203125 0.23593759531249997 0.5609378203125 0.2375 0.5625 0.2390624046875 0.5625 0.240624809375 0.5640628203125 0.24218721406250002 0.5640628203125 0.24374961874999998 0.5671878203125 0.24687519062500002 0.5671878203125 0.25 0.56875 0.2515624046875 0.56875 0.265624809375 0.5703128203125 0.2671872140625 0.5703128203125 0.26874961875 0.5734378203125 0.271875190625 0.5734378203125 0.2734375953125 0.575 0.275 0.575 0.27656240468750004 0.578125 0.2796872140625 0.5796878203125 0.2796872140625 0.584375 0.284375190625 0.5859378203125 0.284375190625 0.5875 0.28593759531249996 0.590625 0.28593759531249996 0.59375 0.2890624046875 0.59375 0.290624809375 0.5953128203125 0.29218721406250003 0.5984378203125 0.29218721406250003 0.6 0.29374961875 0.6015628203125 0.29374961875 0.6046878203125 0.296875190625 0.60625 0.296875190625 0.6078128203125 0.29843759531249997 0.6109378203125 0.29843759531249997 0.6125 0.3 0.6234378203125 0.3 0.625 0.29843759531249997 0.628125 0.29843759531249997 0.6296878203125 0.296875190625 0.63125 0.296875190625 0.634375 0.29374961875 0.6359378203125 0.29374961875 0.6375 0.29218721406250003 0.640625 0.29218721406250003 0.646875 0.28593759531249996 0.65 0.28593759531249996 0.6515628203125 0.284375190625 0.653125 0.284375190625 0.6578128203125 0.2796872140625 0.6640628203125 0.2796872140625 0.6703128203125 0.2734375953125 0.6734378203125 0.2734375953125 0.68125 0.265624809375 0.68125 0.26406240468750003 0.684375 0.2609375953125 0.684375 0.2375 0.6828128203125 0.23593759531249997 0.6828128203125 0.23124961875 0.684375 0.2296872140625 0.684375 0.175 0.6828128203125 0.1734375953125 0.6828128203125 0.17031278593750002 0.6796878203125 0.16718721406249998 0.6796878203125 0.165624809375 0.6765628203125 0.1625 0.675 0.1625 0.6734378203125 0.16093759531250001 0.671875 0.16093759531250001 0.6671878203125 0.15624961875 0.6640628203125 0.15624961875 0.6578128203125 0.15 0.6546878203125 0.15 0.653125 0.1484375953125 0.6515628203125 0.1484375953125 0.65 0.146875190625 0.6484378203125 0.146875190625 0.646875 0.14531278593750002 0.6453128203125 0.14531278593750002 0.64375 0.14374961875 0.640625 0.14374961875 0.634375 0.1375 0.60625 0.1375 0.6 0.14374961875 0.5984378203125 0.14374961875 0.596875 0.14531278593750002 0.5953128203125 0.14531278593750002
4 0.5203128203125 0.725 0.51875 0.7265624046875 0.51875 0.765624809375 0.5234378203125 0.7703127859375 0.5234378203125 0.771875190625 0.5265628203125 0.775 0.528125 0.775 0.5296878203125 0.7765624046874999 0.5546878203125 0.7765624046874999 0.55625 0.775 0.5609378203125 0.775 0.5625 0.7734375953125 0.565625 0.7734375953125 0.5734378203125 0.765624809375 0.5734378203125 0.7625 0.575 0.7609375953125 0.575 0.7515624046875 0.5734378203125 0.75 0.5734378203125 0.7453127859374999 0.571875 0.74374961875 0.56875 0.74374961875 0.5671878203125 0.7421872140625 0.565625 0.7421872140625 0.5640628203125 0.7406248093750001 0.5625 0.7406248093750001 0.559375 0.7375 0.5578128203125 0.7375 0.55625 0.7359375953125 0.55625 0.734375190625 0.5546878203125 0.7328127859375 0.5546878203125 0.7265624046875 0.553125 0.725 0.5515628203125 0.725 0.5484378203125 0.7218751906249999 0.5484378203125 0.7203127859375 0.546875 0.71874961875 0.5265628203125 0.71874961875 0.525 0.7203127859375 0.525 0.7218751906249999 0.521875 0.725 0.5203128203125 0.725
0 0.3765628203125 0.29374961875 0.375 0.2953127859375 0.3734378203125 0.2953127859375 0.3703128203125 0.29843759531249997 0.36875 0.29843759531249997 0.36718782031249997 0.3 0.3640628203125 0.3 0.3609378203125 0.30312480937499997 0.359375 0.30312480937499997 0.3578128203125 0.3046872140625 0.35625 0.3046872140625 0.3546878203125 0.30624961875 0.35156282031249997 0.30624961875 0.35 0.3078127859375 0.35 0.309375190625 0.346875 0.3125 0.3453128203125 0.3125 0.34375 0.3140624046875 0.34375 0.315624809375 0.3421878203125 0.3171872140625 0.3421878203125 0.3203127859375 0.340625 0.32187519062500003 0.340625 0.375 0.3421878203125 0.3765624046875 0.3421878203125 0.378124809375 0.34375 0.3796872140625 0.34375 0.3828127859375 0.35 0.38906240468750003 0.35 0.4015624046875 0.35156282031249997 0.40312480937500006 0.35156282031249997 0.4078127859375 0.3546878203125 0.4109375953125 0.3546878203125 0.4125 0.35625 0.4140624046875 0.35625 0.415624809375 0.3578128203125 0.41718721406250003 0.3578128203125 0.41874961875 0.359375 0.41874961875 0.3609378203125 0.4203127859375 0.3609378203125 0.42187519062499995 0.3625 0.42187519062499995 0.3640628203125 0.4234375953125 0.365625 0.4234375953125 0.36718782031249997 0.425 0.36875 0.425 0.371875 0.428124809375 0.3734378203125 0.428124809375 0.375 0.4296872140625 0.378125 0.4296872140625 0.38281282031249997 0.43437519062499996 0.384375 0.43437519062499996 0.3859378203125 0.43593759531250004 0.3890628203125 0.43593759531250004 0.3953128203125 0.4421872140625 0.396875 0.4421872140625 0.4 0.4453127859375 0.4125 0.4453127859375 0.415625 0.4421872140625 0.41875 0.4421872140625 0.4203128203125 0.44062480937500004 0.421875 0.44062480937500004 0.425 0.4375 0.4265628203125 0.4375 0.428125 0.43593759531250004 0.4328128203125 0.43593759531250004 0.4390628203125 0.4296872140625 0.440625 0.4296872140625 0.4484378203125 0.42187519062499995 0.4484378203125 0.41718721406250003 0.45 0.415624809375 0.45 0.4140624046875 0.4515628203125 0.4125 0.4515628203125 0.4109375953125 0.453125 0.40937519062499994 0.453125 0.40625038125 0.4546878203125 0.4046872140625 0.4546878203125 0.390624809375 0.45625 0.38906240468750003 0.45625 0.3875 0.46093782031249997 0.3828127859375 0.46093782031249997 0.378124809375 0.4625 0.3765624046875 0.4625 0.375 0.4640628203125 0.3734375953125 0.4640628203125 0.31874961874999996 0.4625 0.3171872140625 0.4625 0.3140624046875 0.46093782031249997 0.3140624046875 0.459375 0.3125 0.4578128203125 0.3125 0.453125 0.3078127859375 0.4515628203125 0.3078127859375 0.45 0.30624961875 0.446875 0.30624961875 0.4421878203125 0.3015624046875 0.440625 0.3015624046875 0.4390628203125 0.3 0.4359378203125 0.3 0.434375 0.29843759531249997 0.4328128203125 0.29843759531249997 0.43125 0.296875190625 0.42968782031249997 0.296875190625 0.4265628203125 0.29374961875 0.425 0.29374961875 0.4203128203125 0.2890624046875 0.41875 0.2890624046875 0.4171878203125 0.2875 0.3875 0.2875 0.3859378203125 0.2890624046875 0.384375 0.2890624046875 0.3796878203125 0.29374961875 0.3765628203125 0.29374961875
37 0.45625 0.1359375953125 0.4546878203125 0.1375 0.453125 0.1375 0.446875 0.14374961875 0.44375 0.14374961875 0.4421878203125 0.14531278593750002 0.440625 0.14531278593750002 0.4359378203125 0.15 0.434375 0.15 0.4328128203125 0.15156240468749999 0.43125 0.15156240468749999 0.43125 0.153124809375 0.428125 0.15624961875 0.4265628203125 0.15624961875 0.425 0.1578127859375 0.4234378203125 0.1578127859375 0.4234378203125 0.159375190625 0.421875 0.16093759531250001 0.4203128203125 0.16093759531250001 0.41875 0.1625 0.415625 0.1625 0.4125 0.165624809375 0.4125 0.16718721406249998 0.4109378203125 0.16874961875 0.4109378203125 0.23124961875 0.4125 0.2328127859375 0.4125 0.234375190625 0.41406282031249997 0.23593759531249997 0.415625 0.23593759531249997 0.41875 0.2390624046875 0.41875 0.24374961874999998 0.4203128203125 0.2453127859375 0.4203128203125 0.24687519062500002 0.421875 0.24843759531249998 0.421875 0.25 0.4234378203125 0.2515624046875 0.4234378203125 0.2546872140625 0.425 0.25624961874999996 0.425 0.27031278593749997 0.428125 0.2734375953125 0.4328128203125 0.2734375953125 0.434375 0.275 0.4359378203125 0.275 0.4375 0.27656240468750004 0.4375 0.278124809375 0.4390628203125 0.2796872140625 0.44531282031249997 0.2796872140625 0.4515628203125 0.28593759531249996 0.453125 0.28593759531249996 0.4546878203125 0.2875 0.45625 0.2875 0.46093782031249997 0.29218721406250003 0.4625 0.29218721406250003 0.4640628203125 0.29374961875 0.465625 0.29374961875 0.4703128203125 0.29843759531249997 0.471875 0.29843759531249997 0.4734378203125 0.3 0.475 0.3 0.47656282031249997 0.3015624046875 0.478125 0.3015624046875 0.4796878203125 0.3 0.4828128203125 0.3 0.484375 0.29843759531249997 0.4890628203125 0.29843759531249997 0.490625 0.296875190625 0.49218782031249997 0.296875190625 0.49218782031249997 0.2953127859375 0.49375 0.29374961875 0.4953128203125 0.29374961875 0.496875 0.29218721406250003 0.5 0.29218721406250003 0.5015628203125 0.290624809375 0.503125 0.290624809375 0.503125 0.2890624046875 0.5046878203125 0.2875 0.50625 0.2875 0.5078128203125 0.28593759531249996 0.509375 0.28593759531249996 0.5109378203125 0.284375190625 0.5109378203125 0.2828127859375 0.5140628203125 0.2796872140625 0.515625 0.2796872140625 0.51875 0.27656240468750004 0.51875 0.275 0.5203128203125 0.2734375953125 0.521875 0.2734375953125 0.5234378203125 0.271875190625 0.5234378203125 0.25937519062500003 0.525 0.2578127859375 0.525 0.253124809375 0.5265628203125 0.2515624046875 0.5265628203125 0.25 0.528125 0.24843759531249998 0.528125 0.2453127859375 0.5296878203125 0.24374961874999998 0.5296878203125 0.2390624046875 0.5359378203125 0.2328127859375 0.5359378203125 0.2234375953125 0.5375 0.221875190625 0.5375 0.18124961875 0.5359378203125 0.1796872140625 0.5359378203125 0.17031278593750002 0.528125 0.1625 0.5265628203125 0.1625 0.5234378203125 0.159375190625 0.5234378203125 0.1578127859375 0.521875 0.1578127859375 0.5203128203125 0.15624961875 0.51875 0.15624961875 0.5140628203125 0.15156240468749999 0.5125 0.15156240468749999 0.5109378203125 0.15 0.509375 0.15 0.503125 0.14374961875 0.5015628203125 0.14374961875 0.5 0.14218721406249998 0.4984378203125 0.14218721406249998 0.496875 0.140624809375 0.496875 0.1390624046875 0.4953128203125 0.1390624046875 0.49375 0.1375 0.49218782031249997 0.1375 0.4875 0.1328127859375 0.4859378203125 0.1328127859375 0.484375 0.13124961875000002 0.4828128203125 0.13124961875000002 0.48125 0.1296872140625 0.465625 0.1296872140625 0.4640628203125 0.13124961875000002 0.4625 0.13124961875000002 0.4578128203125 0.1359375953125 0.45625 0.1359375953125
6 0.3 0.14374961875 0.2953128203125 0.1484375953125 0.29375 0.1484375953125 0.2921878203125 0.15 0.290625 0.15 0.284375 0.15624961875 0.2828128203125 0.15624961875 0.28125 0.1578127859375 0.28125 0.159375190625 0.278125 0.1625 0.27343782031249997 0.1625 0.271875 0.1640624046875 0.2703128203125 0.1640624046875 0.2671878203125 0.16718721406249998 0.2671878203125 0.2296872140625 0.26875 0.23124961875 0.26875 0.2328127859375 0.275 0.2390624046875 0.275 0.24218721406250002 0.2765628203125 0.24374961874999998 0.2765628203125 0.2453127859375 0.278125 0.24687519062500002 0.278125 0.24843759531249998 0.2796878203125 0.25 0.2796878203125 0.253124809375 0.28125 0.2546872140625 0.28125 0.26406240468750003 0.2828128203125 0.265624809375 0.2828128203125 0.2671872140625 0.28906282031249997 0.2734375953125 0.290625 0.2734375953125 0.296875 0.2796872140625 0.2984378203125 0.2796872140625 0.3 0.28124961875 0.3015628203125 0.28124961875 0.30468782031249997 0.284375190625 0.30625 0.284375190625 0.3078128203125 0.28593759531249996 0.3109378203125 0.28593759531249996 0.3125 0.2875 0.3140628203125 0.2875 0.3171878203125 0.290624809375 0.31875 0.290624809375 0.32031282031249997 0.29218721406250003 0.321875 0.29218721406250003 0.3234378203125 0.29374961875 0.325 0.29374961875 0.3265628203125 0.2953127859375 0.3375 0.2953127859375 0.3390628203125 0.29374961875 0.340625 0.29374961875 0.3421878203125 0.29218721406250003 0.34375 0.29218721406250003 0.3453128203125 0.290624809375 0.346875 0.290624809375 0.35156282031249997 0.28593759531249996 0.35625 0.28593759531249996 0.3578128203125 0.284375190625 0.359375 0.284375190625 0.359375 0.2828127859375 0.3609378203125 0.28124961875 0.3625 0.28124961875 0.3640628203125 0.2796872140625 0.365625 0.2796872140625 0.36718782031249997 0.278124809375 0.36875 0.278124809375 0.371875 0.275 0.3734378203125 0.275 0.375 0.2734375953125 0.3765628203125 0.2734375953125 0.3796878203125 0.27031278593749997 0.3796878203125 0.2625 0.38125 0.2609375953125 0.38125 0.25624961874999996 0.38281282031249997 0.2546872140625 0.38281282031249997 0.253124809375 0.384375 0.2515624046875 0.384375 0.24843759531249998 0.3859378203125 0.24687519062500002 0.3859378203125 0.24374961874999998 0.3875 0.24218721406250002 0.3875 0.2390624046875 0.3921878203125 0.234375190625 0.3921878203125 0.2328127859375 0.396875 0.228124809375 0.396875 0.175 0.39375 0.171875190625 0.39375 0.17031278593750002 0.390625 0.16718721406249998 0.390625 0.165624809375 0.3890628203125 0.1640624046875 0.3875 0.1640624046875 0.3859378203125 0.1625 0.384375 0.1625 0.378125 0.15624961875 0.3765628203125 0.15624961875 0.375 0.1546872140625 0.3734378203125 0.1546872140625 0.371875 0.153124809375 0.371875 0.15156240468749999 0.3703128203125 0.15156240468749999 0.36875 0.15 0.36718782031249997 0.15 0.365625 0.1484375953125 0.3640628203125 0.1484375953125 0.359375 0.14374961875 0.3578128203125 0.14374961875 0.35625 0.14218721406249998 0.3546878203125 0.14218721406249998 0.35156282031249997 0.1390624046875 0.35 0.1390624046875 0.3484378203125 0.1375 0.346875 0.1375 0.340625 0.13124961875000002 0.3171878203125 0.13124961875000002 0.3109378203125 0.1375 0.309375 0.1375 0.303125 0.14374961875 0.3 0.14374961875
0 0.590625 0.44374961874999996 0.5875 0.446875190625 0.5859378203125 0.446875190625 0.5828128203125 0.45 0.5796878203125 0.45 0.578125 0.4515624046875 0.5765628203125 0.4515624046875 0.571875 0.45624961875 0.5703128203125 0.45624961875 0.56875 0.45781278593749997 0.5671878203125 0.45781278593749997 0.5640628203125 0.4609375953125 0.5625 0.4609375953125 0.5609378203125 0.4625 0.559375 0.4625 0.5546878203125 0.4671872140625 0.5546878203125 0.53124961875 0.55625 0.5328127859375 0.55625 0.5390624046875 0.559375 0.5421872140625 0.5609378203125 0.5421872140625 0.565625 0.546875190625 0.5671878203125 0.546875190625 0.56875 0.5484375953125 0.571875 0.5484375953125 0.575 0.5515624046875 0.575 0.5578127859374999 0.5765628203125 0.559375190625 0.5765628203125 0.5640624046875 0.5796878203125 0.5671872140625001 0.5796878203125 0.56874961875 0.58125 0.5703127859375 0.58125 0.5718751906249999 0.5828128203125 0.5734375953125 0.584375 0.5734375953125 0.5890628203125 0.578124809375 0.590625 0.578124809375 0.5921878203125 0.5796872140625 0.596875 0.5796872140625 0.6 0.5828127859375 0.6 0.584375190625 0.6015628203125 0.584375190625 0.603125 0.5859375953125 0.6046878203125 0.5859375953125 0.6078128203125 0.5890624046874999 0.609375 0.5890624046874999 0.6109378203125 0.5906248093750001 0.6125 0.5906248093750001 0.6140628203125 0.5921872140625 0.621875 0.5921872140625 0.6265628203125 0.5875 0.628125 0.5875 0.6296878203125 0.5859375953125 0.63125 0.5859375953125 0.6328128203125 0.584375190625 0.634375 0.584375190625 0.6390628203125 0.5796872140625 0.640625 0.5796872140625 0.6421878203125 0.578124809375 0.64375 0.578124809375 0.646875 0.575 0.6484378203125 0.575 0.65 0.5734375953125 0.653125 0.5734375953125 0.6578128203125 0.56874961875 0.659375 0.56874961875 0.6609378203125 0.5671872140625001 0.665625 0.5671872140625001 0.6703128203125 0.5625 0.671875 0.5625 0.6734378203125 0.5609375953125 0.6765628203125 0.5609375953125 0.6796878203125 0.5578127859374999 0.6796878203125 0.5515624046875 0.68125 0.55 0.68125 0.4953127859375 0.6796878203125 0.49374961875 0.6796878203125 0.48437519062499995 0.6765628203125 0.48124961875 0.675 0.48124961875 0.6671878203125 0.4734375953125 0.6671878203125 0.46562480937500006 0.665625 0.4640624046875 0.665625 0.4625 0.6625 0.459375190625 0.6625 0.45781278593749997 0.6609378203125 0.45624961875 0.6609378203125 0.4546872140625 0.659375 0.45312480937500005 0.659375 0.4515624046875 0.6578128203125 0.4515624046875 0.65625 0.45 0.6546878203125 0.45 0.653125 0.44843759531250005 0.6515628203125 0.44843759531250005 0.6484378203125 0.4453127859375 0.646875 0.4453127859375 0.6453128203125 0.44374961874999996 0.6421878203125 0.44374961874999996 0.6390628203125 0.44062480937500004 0.6375 0.44062480937500004 0.6359378203125 0.43906240468749996 0.634375 0.43906240468749996 0.628125 0.4328127859375 0.6265628203125 0.4328127859375 0.625 0.43124961875 0.6078128203125 0.43124961875 0.6 0.43906240468749996 0.5984378203125 0.43906240468749996 0.59375 0.44374961874999996 0.590625 0.44374961874999996
36 0.23906282031249998 0.29218721406250003 0.2375 0.29374961875 0.234375 0.29374961875 0.22968782031249999 0.29843759531249997 0.228125 0.29843759531249997 0.2265628203125 0.3 0.22343782031249998 0.3 0.221875 0.3015624046875 0.2203128203125 0.3015624046875 0.215625 0.30624961875 0.209375 0.30624961875 0.20781282031249998 0.3078127859375 0.20625 0.3078127859375 0.20625 0.309375190625 0.203125 0.3125 0.2015628203125 0.3125 0.2 0.3140624046875 0.2 0.315624809375 0.19843782031249999 0.3171872140625 0.19843782031249999 0.375 0.2 0.3765624046875 0.2 0.3796872140625 0.2015628203125 0.38124961874999996 0.2015628203125 0.3828127859375 0.20625 0.3875 0.20625 0.390624809375 0.20781282031249998 0.3921872140625 0.20781282031249998 0.39531278593749997 0.209375 0.396875190625 0.209375 0.4 0.2109378203125 0.4015624046875 0.2109378203125 0.40625038125 0.2125 0.4078127859375 0.2125 0.4203127859375 0.21406282031249999 0.42187519062499995 0.21406282031249999 0.4234375953125 0.215625 0.4234375953125 0.21875 0.42656240468749995 0.21875 0.428124809375 0.2203128203125 0.4296872140625 0.22343782031249998 0.4296872140625 0.228125 0.43437519062499996 0.22968782031249999 0.43437519062499996 0.23125 0.43593759531250004 0.234375 0.43593759531250004 0.23906282031249998 0.44062480937500004 0.240625 0.44062480937500004 0.2421878203125 0.4421872140625 0.24531282031249999 0.4421872140625 0.2515628203125 0.44843759531250005 0.2703128203125 0.44843759531250005 0.2765628203125 0.4421872140625 0.278125 0.4421872140625 0.2828128203125 0.4375 0.284375 0.4375 0.2859378203125 0.43593759531250004 0.290625 0.43593759531250004 0.296875 0.4296872140625 0.2984378203125 0.4296872140625 0.30468782031249997 0.4234375953125 0.30468782031249997 0.41718721406250003 0.30625 0.415624809375 0.30625 0.4125 0.3078128203125 0.4109375953125 0.3078128203125 0.40937519062499994 0.309375 0.4078127859375 0.309375 0.40312480937500006 0.3109378203125 0.4015624046875 0.3109378203125 0.38906240468750003 0.315625 0.38437519062500003 0.315625 0.3828127859375 0.3171878203125 0.38124961874999996 0.3171878203125 0.3796872140625 0.321875 0.375 0.321875 0.3734375953125 0.3234378203125 0.371875190625 0.3234378203125 0.328124809375 0.321875 0.32656240468750003 0.321875 0.32187519062500003 0.31875 0.31874961874999996 0.31875 0.3171872140625 0.3171878203125 0.315624809375 0.3171878203125 0.3140624046875 0.315625 0.3140624046875 0.3140628203125 0.3125 0.3125 0.3125 0.3109378203125 0.3109375953125 0.309375 0.3109375953125 0.30625 0.3078127859375 0.30468782031249997 0.3078127859375 0.303125 0.30624961875 0.3 0.30624961875 0.2984378203125 0.3046872140625 0.296875 0.3046872140625 0.2953128203125 0.30312480937499997 0.29375 0.30312480937499997 0.2921878203125 0.3015624046875 0.28906282031249997 0.3015624046875 0.2875 0.3 0.2859378203125 0.3 0.284375 0.29843759531249997 0.2828128203125 0.29843759531249997 0.28125 0.296875190625 0.2796878203125 0.296875190625 0.2703128203125 0.2875 0.246875 0.2875 0.24531282031249999 0.2890624046875 0.24375 0.2890624046875 0.240625 0.29218721406250003 0.23906282031249998 0.29218721406250003
36 0.1578128203125 0.44062480937500004 0.1546878203125 0.44374961874999996 0.15156282031249999 0.44374961874999996 0.146875 0.44843759531250005 0.14531282031249998 0.44843759531250005 0.14375 0.45 0.1421878203125 0.45 0.140625 0.4515624046875 0.1390628203125 0.4515624046875 0.134375 0.45624961875 0.1328128203125 0.45624961875 0.128125 0.4609375953125 0.1265628203125 0.4609375953125 0.12343782031249999 0.4640624046875 0.12343782031249999 0.559375190625 0.125 0.559375190625 0.1265628203125 0.5609375953125 0.128125 0.5609375953125 0.134375 0.5671872140625001 0.1390628203125 0.5671872140625001 0.14531282031249998 0.5734375953125 0.146875 0.5734375953125 0.1484378203125 0.575 0.15 0.575 0.153125 0.578124809375 0.16875 0.578124809375 0.171875 0.575 0.1734378203125 0.575 0.175 0.5734375953125 0.18281282031249999 0.5734375953125 0.184375 0.5718751906249999 0.19218782031249998 0.5718751906249999 0.19375 0.5734375953125 0.2 0.5734375953125 0.2015628203125 0.575 0.203125 0.575 0.20625 0.578124809375 0.2125 0.578124809375 0.215625 0.575 0.2171878203125 0.575 0.21875 0.5734375953125 0.221875 0.5734375953125 0.2265628203125 0.56874961875 0.228125 0.56874961875 0.22968782031249999 0.5671872140625001 0.234375 0.5671872140625001 0.2359378203125 0.565624809375 0.2359378203125 0.5640624046875 0.23906282031249998 0.5609375953125 0.2421878203125 0.5609375953125 0.24375 0.559375190625 0.24531282031249999 0.559375190625 0.2484378203125 0.55624961875 0.2484378203125 0.5546872140625 0.25 0.5531248093750001 0.25 0.5515624046875 0.253125 0.5484375953125 0.253125 0.546875190625 0.2546878203125 0.5453127859375 0.2546878203125 0.47187519062499994 0.253125 0.4703127859375 0.253125 0.46875038125 0.2515628203125 0.46875038125 0.2484378203125 0.46562480937500006 0.2484378203125 0.4640624046875 0.246875 0.4640624046875 0.24531282031249999 0.4625 0.24375 0.4625 0.2421878203125 0.4609375953125 0.240625 0.4609375953125 0.2375 0.45781278593749997 0.2359378203125 0.45781278593749997 0.234375 0.45624961875 0.23125 0.45624961875 0.22968782031249999 0.4546872140625 0.2265628203125 0.4546872140625 0.225 0.45312480937500005 0.22343782031249998 0.45312480937500005 0.221875 0.4515624046875 0.21875 0.4515624046875 0.2171878203125 0.45 0.215625 0.45 0.2109378203125 0.4453127859375 0.209375 0.4453127859375 0.20625 0.4421872140625 0.2046878203125 0.4421872140625 0.203125 0.44062480937500004 0.2015628203125 0.44062480937500004 0.2 0.43906240468749996 0.19843782031249999 0.43906240468749996 0.196875 0.4375 0.1953128203125 0.4375 0.19375 0.43593759531250004 0.16718782031249999 0.43593759531250004 0.165625 0.4375 0.1625 0.4375 0.159375 0.44062480937500004 0.1578128203125 0.44062480937500004
37 0.3734378203125 0.5875 0.371875 0.5890624046874999 0.3703128203125 0.5890624046874999 0.36875 0.5906248093750001 0.36875 0.5921872140625 0.36718782031249997 0.59374961875 0.365625 0.59374961875 0.3625 0.5968751906249999 0.3625 0.609375190625 0.3609378203125 0.6109375953125 0.3609378203125 0.6156248093750001 0.35625 0.6203127859374999 0.35625 0.621875190625 0.346875 0.63124961875 0.34375 0.63124961875 0.3390628203125 0.6359375953125 0.3390628203125 0.709375190625 0.340625 0.7109375953125 0.3453128203125 0.7109375953125 0.35156282031249997 0.7171872140625 0.3546878203125 0.7171872140625 0.35625 0.71874961875 0.3578128203125 0.71874961875 0.3609378203125 0.7218751906249999 0.3625 0.7218751906249999 0.3640628203125 0.7234375953125001 0.3765628203125 0.7234375953125001 0.38281282031249997 0.7171872140625 0.39843782031249997 0.7171872140625 0.4015628203125 0.7203127859375 0.403125 0.7203127859375 0.40625 0.7234375953125001 0.409375 0.7234375953125001 0.41406282031249997 0.728124809375 0.421875 0.728124809375 0.4265628203125 0.7234375953125001 0.43125 0.7234375953125001 0.4328128203125 0.7218751906249999 0.434375 0.7218751906249999 0.4390628203125 0.7171872140625 0.44531282031249997 0.7171872140625 0.4515628203125 0.7109375953125 0.45625 0.7109375953125 0.4578128203125 0.709375190625 0.459375 0.709375190625 0.4640628203125 0.7046872140625 0.465625 0.7046872140625 0.4671878203125 0.703124809375 0.4671878203125 0.6156248093750001 0.46093782031249997 0.609375190625 0.46093782031249997 0.6078127859375 0.459375 0.6062496187499999 0.4578128203125 0.6062496187499999 0.45625 0.6046872140625 0.4546878203125 0.6046872140625 0.4515628203125 0.6015624046875 0.45 0.6015624046875 0.4484378203125 0.6 0.44531282031249997 0.6 0.4390628203125 0.59374961875 0.434375 0.59374961875 0.42968782031249997 0.5890624046874999 0.428125 0.5890624046874999 0.4265628203125 0.5875 0.425 0.5875 0.4234378203125 0.5859375953125 0.421875 0.5859375953125 0.41875 0.5828127859375 0.4171878203125 0.5828127859375 0.415625 0.58124961875 0.41406282031249997 0.58124961875 0.4109378203125 0.578124809375 0.4109378203125 0.5765624046875 0.3953128203125 0.5765624046875 0.390625 0.58124961875 0.384375 0.58124961875 0.378125 0.5875 0.3734378203125 0.5875
17 0.5234378203125 0.5890624046874999 0.5203128203125 0.5921872140625 0.51875 0.5921872140625 0.5171878203125 0.59374961875 0.515625 0.59374961875 0.5140628203125 0.5953127859375 0.5125 0.5953127859375 0.509375 0.5984375953125001 0.5078128203125 0.5984375953125001 0.50625 0.6 0.503125 0.6 0.496875 0.6062496187499999 0.49218782031249997 0.6062496187499999 0.490625 0.6078127859375 0.4890628203125 0.6078127859375 0.4828128203125 0.6140624046875 0.4828128203125 0.7109375953125 0.4890628203125 0.7109375953125 0.4953128203125 0.7171872140625 0.4984378203125 0.7171872140625 0.5 0.71874961875 0.5015628203125 0.71874961875 0.5046878203125 0.7218751906249999 0.50625 0.7218751906249999 0.5078128203125 0.7234375953125001 0.5203128203125 0.7234375953125001 0.5265628203125 0.7171872140625 0.54375 0.7171872140625 0.5453128203125 0.71874961875 0.546875 0.71874961875 0.5515628203125 0.7234375953125001 0.553125 0.7234375953125001 0.559375 0.7296872140625 0.5625 0.7296872140625 0.5640628203125 0.7312496187499999 0.565625 0.7312496187499999 0.5671878203125 0.7296872140625 0.571875 0.7296872140625 0.5765628203125 0.725 0.578125 0.725 0.5796878203125 0.7234375953125001 0.584375 0.7234375953125001 0.5859378203125 0.7218751906249999 0.5875 0.7218751906249999 0.590625 0.71874961875 0.5921878203125 0.71874961875 0.59375 0.7171872140625 0.596875 0.7171872140625 0.5984378203125 0.7156248093750001 0.6 0.7156248093750001 0.6 0.7140624046874999 0.6015628203125 0.7125 0.603125 0.7125 0.6046878203125 0.7109375953125 0.6078128203125 0.7109375953125 0.6109378203125 0.7078127859375 0.6109378203125 0.6171872140625 0.609375 0.6156248093750001 0.609375 0.6140624046875 0.6078128203125 0.6125 0.60625 0.6125 0.6015628203125 0.6078127859375 0.6 0.6078127859375 0.5984378203125 0.6062496187499999 0.5953128203125 0.6062496187499999 0.5890628203125 0.6 0.5828128203125 0.6 0.578125 0.5953127859375 0.5765628203125 0.5953127859375 0.575 0.59374961875 0.5734378203125 0.59374961875 0.56875 0.5890624046874999 0.5671878203125 0.5890624046874999 0.565625 0.5875 0.5640628203125 0.5875 0.5625 0.5859375953125 0.5609378203125 0.5859375953125 0.559375 0.584375190625 0.5328128203125 0.584375190625 0.5296878203125 0.5875 0.5265628203125 0.5875 0.525 0.5890624046874999 0.5234378203125 0.5890624046874999
35 0.671875 0.2890624046875 0.6671878203125 0.29374961875 0.665625 0.29374961875 0.6640628203125 0.2953127859375 0.6625 0.2953127859375 0.659375 0.29843759531249997 0.6578128203125 0.29843759531249997 0.65625 0.3 0.6546878203125 0.3 0.65 0.3046872140625 0.6484378203125 0.3046872140625 0.646875 0.30624961875 0.6453128203125 0.30624961875 0.64375 0.3078127859375 0.6421878203125 0.3078127859375 0.6390628203125 0.3109375953125 0.6375 0.3109375953125 0.6359378203125 0.3125 0.634375 0.3125 0.6328128203125 0.3140624046875 0.63125 0.3140624046875 0.63125 0.315624809375 0.628125 0.31874961874999996 0.6265628203125 0.31874961874999996 0.6265628203125 0.415624809375 0.628125 0.41718721406250003 0.6296878203125 0.41718721406250003 0.63125 0.41874961875 0.6328128203125 0.41874961875 0.6359378203125 0.42187519062499995 0.6375 0.42187519062499995 0.6390628203125 0.4234375953125 0.640625 0.4234375953125 0.6421878203125 0.425 0.64375 0.425 0.6453128203125 0.42656240468749995 0.6453128203125 0.428124809375 0.6484378203125 0.428124809375 0.65 0.4296872140625 0.65625 0.4296872140625 0.6578128203125 0.43124961875 0.6640628203125 0.43124961875 0.665625 0.4328127859375 0.6703128203125 0.4328127859375 0.671875 0.43124961875 0.6734378203125 0.43124961875 0.675 0.4296872140625 0.6765628203125 0.4296872140625 0.6828128203125 0.4234375953125 0.6921878203125 0.4234375953125 0.69375 0.425 0.696875 0.425 0.7 0.428124809375 0.7015628203125 0.428124809375 0.703125 0.4296872140625 0.715625 0.4296872140625 0.71875 0.42656240468749995 0.7203128203125 0.42656240468749995 0.721875 0.425 0.7234378203125 0.425 0.725 0.4234375953125 0.7296878203125 0.4234375953125 0.73125 0.42187519062499995 0.7328128203125 0.42187519062499995 0.7359378203125 0.41874961875 0.7375 0.41874961875 0.7390628203125 0.41718721406250003 0.7421878203125 0.41718721406250003 0.74375 0.415624809375 0.7453128203125 0.415624809375 0.75 0.4109375953125 0.7515628203125 0.4109375953125 0.7546878203125 0.4078127859375 0.7546878203125 0.32187519062500003 0.74375 0.3109375953125 0.7421878203125 0.3109375953125 0.7375 0.30624961875 0.7359378203125 0.30624961875 0.734375 0.3046872140625 0.7328128203125 0.3046872140625 0.728125 0.3 0.7265628203125 0.3 0.725 0.29843759531249997 0.7234378203125 0.29843759531249997 0.7203128203125 0.2953127859375 0.71875 0.2953127859375 0.7171878203125 0.29374961875 0.715625 0.29374961875 0.7140628203125 0.29218721406250003 0.7125 0.29218721406250003 0.7078128203125 0.2875 0.70625 0.2875 0.703125 0.284375190625 0.7015628203125 0.284375190625 0.6984378203125 0.28124961875 0.6828128203125 0.28124961875 0.6796878203125 0.284375190625 0.678125 0.284375190625 0.6734378203125 0.2890624046875 0.671875 0.2890624046875
17 0.6671878203125 0.5875 0.665625 0.5890624046874999 0.6640628203125 0.5890624046874999 0.659375 0.59374961875 0.6578128203125 0.59374961875 0.65625 0.5953127859375 0.6546878203125 0.5953127859375 0.6515628203125 0.5984375953125001 0.65 0.5984375953125001 0.6484378203125 0.6 0.646875 0.6 0.640625 0.6062496187499999 0.6375 0.6062496187499999 0.6359378203125 0.6078127859375 0.634375 0.6078127859375 0.6265628203125 0.6156248093750001 0.6265628203125 0.6171872140625 0.625 0.61874961875 0.625 0.709375190625 0.6265628203125 0.7109375953125 0.628125 0.7109375953125 0.6296878203125 0.7125 0.63125 0.7125 0.634375 0.7156248093750001 0.6359378203125 0.7156248093750001 0.6375 0.7171872140625 0.640625 0.7171872140625 0.6453128203125 0.7218751906249999 0.646875 0.7218751906249999 0.6484378203125 0.7234375953125001 0.6515628203125 0.7234375953125001 0.653125 0.725 0.6546878203125 0.725 0.65625 0.7265624046875 0.65625 0.728124809375 0.6578128203125 0.728124809375 0.659375 0.7296872140625 0.6609378203125 0.7296872140625 0.665625 0.734375190625 0.6671878203125 0.734375190625 0.66875 0.7359375953125 0.671875 0.7359375953125 0.675 0.7390624046875 0.675 0.7406248093750001 0.6765628203125 0.7421872140625 0.6796878203125 0.7421872140625 0.68125 0.74374961875 0.6828128203125 0.74374961875 0.684375 0.7453127859374999 0.6859378203125 0.7453127859374999 0.6875 0.746875190625 0.696875 0.746875190625 0.7015628203125 0.7421872140625 0.703125 0.7421872140625 0.709375 0.7359375953125 0.7140628203125 0.7359375953125 0.7203128203125 0.7296872140625 0.721875 0.7296872140625 0.7265628203125 0.725 0.728125 0.725 0.7296878203125 0.7234375953125001 0.7328128203125 0.7234375953125001 0.7390628203125 0.7171872140625 0.740625 0.7171872140625 0.7453128203125 0.7125 0.746875 0.7125 0.7484378203125 0.7109375953125 0.753125 0.7109375953125 0.7546878203125 0.709375190625 0.7546878203125 0.70624961875 0.75625 0.7046872140625 0.75625 0.7015624046875 0.7578128203125 0.7 0.7578128203125 0.6484375953125 0.75625 0.646875190625 0.75625 0.640624809375 0.7546878203125 0.6390624046875 0.7546878203125 0.6328127859375 0.753125 0.63124961875 0.7515628203125 0.63124961875 0.7453128203125 0.625 0.74375 0.625 0.7390628203125 0.6203127859374999 0.7390628203125 0.61874961875 0.7359378203125 0.6156248093750001 0.7359378203125 0.603124809375 0.7265628203125 0.59374961875 0.725 0.59374961875 0.7234378203125 0.5921872140625 0.721875 0.5921872140625 0.71875 0.5890624046874999 0.7171878203125 0.5890624046874999 0.715625 0.5875 0.7140628203125 0.5875 0.7078128203125 0.58124961875 0.70625 0.58124961875 0.7015628203125 0.5765624046875 0.6828128203125 0.5765624046875 0.678125 0.58124961875 0.6765628203125 0.58124961875 0.6703128203125 0.5875 0.6671878203125 0.5875
37 0.525 0.29218721406250003 0.5234378203125 0.29374961875 0.5234378203125 0.2953127859375 0.5203128203125 0.29843759531249997 0.515625 0.29843759531249997 0.5140628203125 0.3 0.5125 0.3 0.5109378203125 0.3015624046875 0.509375 0.3015624046875 0.50625 0.3046872140625 0.5046878203125 0.3046872140625 0.503125 0.30624961875 0.5015628203125 0.30624961875 0.5 0.3078127859375 0.4984378203125 0.3078127859375 0.4953128203125 0.3109375953125 0.49375 0.3109375953125 0.49218782031249997 0.3125 0.4890628203125 0.3125 0.4875 0.3140624046875 0.4875 0.3171872140625 0.4859378203125 0.31874961874999996 0.4859378203125 0.3765624046875 0.4875 0.378124809375 0.4875 0.3828127859375 0.4890628203125 0.38437519062500003 0.4890628203125 0.3859375953125 0.490625 0.3859375953125 0.49375 0.38906240468750003 0.49375 0.4078127859375 0.4953128203125 0.40937519062499994 0.4953128203125 0.4109375953125 0.496875 0.4125 0.496875 0.4140624046875 0.4984378203125 0.415624809375 0.4984378203125 0.41874961875 0.5 0.4203127859375 0.5 0.4234375953125 0.50625 0.4296872140625 0.5078128203125 0.4296872140625 0.5140628203125 0.43593759531250004 0.5171878203125 0.43593759531250004 0.51875 0.4375 0.5203128203125 0.4375 0.5234378203125 0.44062480937500004 0.5265628203125 0.44062480937500004 0.528125 0.4421872140625 0.5296878203125 0.4421872140625 0.5328128203125 0.4453127859375 0.5328128203125 0.446875190625 0.5359378203125 0.446875190625 0.5375 0.44843759531250005 0.540625 0.44843759531250005 0.5421878203125 0.45 0.54375 0.45 0.5453128203125 0.4515624046875 0.5484378203125 0.4515624046875 0.55 0.45 0.553125 0.45 0.5609378203125 0.4421872140625 0.5625 0.4421872140625 0.5640628203125 0.44062480937500004 0.565625 0.44062480937500004 0.5671878203125 0.43906240468749996 0.56875 0.43906240468749996 0.5703128203125 0.4375 0.571875 0.4375 0.5734378203125 0.43593759531250004 0.578125 0.43593759531250004 0.5796878203125 0.43437519062499996 0.58125 0.43437519062499996 0.584375 0.43124961875 0.5859378203125 0.43124961875 0.5875 0.4296872140625 0.590625 0.4296872140625 0.5921878203125 0.428124809375 0.59375 0.428124809375 0.59375 0.42656240468749995 0.5953128203125 0.425 0.596875 0.425 0.5984378203125 0.4234375953125 0.603125 0.4234375953125 0.6046878203125 0.42187519062499995 0.6046878203125 0.4203127859375 0.6078128203125 0.41718721406250003 0.609375 0.41718721406250003 0.6109378203125 0.415624809375 0.6109378203125 0.4125 0.6125 0.4109375953125 0.6125 0.33281278593749997 0.6109378203125 0.33124961875 0.6109378203125 0.3203127859375 0.609375 0.31874961874999996 0.609375 0.3171872140625 0.60625 0.3140624046875 0.6046878203125 0.3140624046875 0.603125 0.3125 0.6015628203125 0.3125 0.6 0.3109375953125 0.5984378203125 0.3109375953125 0.5953128203125 0.3078127859375 0.5921878203125 0.3078127859375 0.590625 0.30624961875 0.5828128203125 0.30624961875 0.578125 0.3109375953125 0.575 0.3109375953125 0.5734378203125 0.309375190625 0.5703128203125 0.309375190625 0.5625 0.3015624046875 0.5625 0.3 0.559375 0.296875190625 0.559375 0.2953127859375 0.5640628203125 0.290624809375 0.5640628203125 0.2890624046875 0.5609378203125 0.2890624046875 0.559375 0.2875 0.53125 0.2875 0.5296878203125 0.2890624046875 0.5265628203125 0.2890624046875 0.525 0.290624809375 0.525 0.29218721406250003
35 0.4578128203125 0.4375 0.45625 0.43906240468749996 0.453125 0.43906240468749996 0.446875 0.4453127859375 0.44531282031249997 0.4453127859375 0.4421878203125 0.44843759531250005 0.440625 0.44843759531250005 0.4390628203125 0.45 0.4375 0.45 0.4359378203125 0.4515624046875 0.434375 0.4515624046875 0.43125 0.4546872140625 0.42968782031249997 0.4546872140625 0.428125 0.45624961875 0.425 0.45624961875 0.421875 0.459375190625 0.4203128203125 0.459375190625 0.4171878203125 0.4625 0.415625 0.4625 0.4125 0.46562480937500006 0.4125 0.4671872140625 0.4109378203125 0.46875038125 0.4109378203125 0.5515624046875 0.4125 0.5531248093750001 0.4125 0.5546872140625 0.4171878203125 0.559375190625 0.41875 0.559375190625 0.4203128203125 0.5609375953125 0.421875 0.5609375953125 0.428125 0.5671872140625001 0.4328128203125 0.5671872140625001 0.4390628203125 0.5734375953125 0.44375 0.5734375953125 0.44531282031249997 0.575 0.446875 0.575 0.4484378203125 0.5765624046875 0.4484378203125 0.578124809375 0.45 0.578124809375 0.4515628203125 0.5796872140625 0.453125 0.5796872140625 0.459375 0.5859375953125 0.46093782031249997 0.5859375953125 0.4625 0.5875 0.4640628203125 0.5875 0.4671878203125 0.5906248093750001 0.46875 0.5906248093750001 0.4703128203125 0.5921872140625 0.4796878203125 0.5921872140625 0.48125 0.5906248093750001 0.4828128203125 0.5906248093750001 0.4859378203125 0.5875 0.4875 0.5875 0.4890628203125 0.5859375953125 0.490625 0.5859375953125 0.49218782031249997 0.584375190625 0.49375 0.584375190625 0.49375 0.5828127859375 0.4953128203125 0.58124961875 0.496875 0.58124961875 0.4984378203125 0.5796872140625 0.5 0.5796872140625 0.5015628203125 0.578124809375 0.503125 0.578124809375 0.5078128203125 0.5734375953125 0.509375 0.5734375953125 0.5109378203125 0.5718751906249999 0.5109378203125 0.5703127859375 0.5171878203125 0.5640624046875 0.5171878203125 0.5343751906249999 0.5234378203125 0.5281248093750001 0.5234378203125 0.5265624046874999 0.5265628203125 0.5234375953125 0.528125 0.5234375953125 0.5375 0.5140624046875 0.5375 0.5125 0.5390628203125 0.5109375953125 0.5390628203125 0.4703127859375 0.5375 0.46875038125 0.5375 0.4671872140625 0.5359378203125 0.46562480937500006 0.5359378203125 0.4640624046875 0.534375 0.4625 0.53125 0.4625 0.5265628203125 0.45781278593749997 0.525 0.45781278593749997 0.5234378203125 0.45624961875 0.5203128203125 0.45624961875 0.515625 0.4515624046875 0.5140628203125 0.4515624046875 0.5125 0.45 0.509375 0.45 0.5078128203125 0.44843759531250005 0.50625 0.44843759531250005 0.5046878203125 0.446875190625 0.503125 0.446875190625 0.5 0.44374961874999996 0.4984378203125 0.44374961874999996 0.49375 0.43906240468749996 0.490625 0.43906240468749996 0.4890628203125 0.4375 0.4875 0.4375 0.484375 0.43437519062499996 0.4671878203125 0.43437519062499996 0.465625 0.43593759531250004 0.4625 0.43593759531250004 0.46093782031249997 0.4375 0.4578128203125 0.4375
37 0.2421878203125 0.58124961875 0.240625 0.5828127859375 0.23906282031249998 0.5828127859375 0.234375 0.5875 0.2328128203125 0.5875 0.23125 0.5890624046874999 0.22968782031249999 0.5890624046874999 0.2265628203125 0.5921872140625 0.225 0.5921872140625 0.22343782031249998 0.59374961875 0.2203128203125 0.59374961875 0.2171878203125 0.5968751906249999 0.2171878203125 0.5984375953125001 0.215625 0.6 0.21406282031249999 0.6 0.21406282031249999 0.6015624046875 0.2125 0.603124809375 0.2125 0.609375190625 0.2109378203125 0.6109375953125 0.2109378203125 0.6125 0.20781282031249998 0.6156248093750001 0.20781282031249998 0.6171872140625 0.20625 0.61874961875 0.20625 0.621875190625 0.203125 0.625 0.2015628203125 0.625 0.19843782031249999 0.628124809375 0.19843782031249999 0.6296872140625001 0.196875 0.63124961875 0.196875 0.709375190625 0.19843782031249999 0.709375190625 0.2 0.7109375953125 0.203125 0.7109375953125 0.20625 0.7140624046874999 0.20625 0.7156248093750001 0.20781282031249998 0.7171872140625 0.209375 0.7171872140625 0.2109378203125 0.71874961875 0.2125 0.71874961875 0.21406282031249999 0.7203127859375 0.21406282031249999 0.7218751906249999 0.215625 0.7218751906249999 0.2171878203125 0.7234375953125001 0.2203128203125 0.7234375953125001 0.221875 0.725 0.22343782031249998 0.725 0.225 0.7265624046875 0.225 0.728124809375 0.2265628203125 0.7296872140625 0.228125 0.7296872140625 0.2328128203125 0.734375190625 0.234375 0.734375190625 0.2359378203125 0.7359375953125 0.23906282031249998 0.7359375953125 0.240625 0.7375 0.2421878203125 0.7375 0.24375 0.7390624046875 0.24375 0.7406248093750001 0.24531282031249999 0.7421872140625 0.2484378203125 0.7421872140625 0.253125 0.746875190625 0.2640628203125 0.746875190625 0.265625 0.7453127859374999 0.265625 0.74374961875 0.26875 0.7406248093750001 0.26875 0.7390624046875 0.271875 0.7359375953125 0.271875 0.734375190625 0.2765628203125 0.7296872140625 0.28125 0.7296872140625 0.2828128203125 0.7312496187499999 0.284375 0.7296872140625 0.2859378203125 0.7296872140625 0.2875 0.728124809375 0.290625 0.728124809375 0.29375 0.725 0.296875 0.725 0.2984378203125 0.7234375953125001 0.303125 0.7234375953125001 0.309375 0.7171872140625 0.3140628203125 0.7171872140625 0.32031282031249997 0.7109375953125 0.321875 0.7109375953125 0.3234378203125 0.709375190625 0.3234378203125 0.7078127859375 0.325 0.70624961875 0.325 0.6359375953125 0.32031282031249997 0.63124961875 0.3140628203125 0.63124961875 0.3109378203125 0.628124809375 0.3109378203125 0.6265624046875 0.309375 0.625 0.3078128203125 0.625 0.30468782031249997 0.621875190625 0.30468782031249997 0.6140624046875 0.3 0.609375190625 0.3 0.6062496187499999 0.2984378203125 0.6046872140625 0.2984378203125 0.6 0.296875 0.5984375953125001 0.296875 0.5968751906249999 0.290625 0.5906248093750001 0.28906282031249997 0.5906248093750001 0.2875 0.5890624046874999 0.2859378203125 0.5890624046874999 0.284375 0.5875 0.2828128203125 0.5875 0.278125 0.5828127859375 0.2765628203125 0.5828127859375 0.275 0.58124961875 0.27343782031249997 0.58124961875 0.271875 0.5796872140625 0.2703128203125 0.5796872140625 0.2671878203125 0.5765624046875 0.2515628203125 0.5765624046875 0.2484378203125 0.5796872140625 0.246875 0.5796872140625 0.24531282031249999 0.58124961875 0.2421878203125 0.58124961875
36 0.459375 0.7265624046875 0.45625 0.7296872140625 0.4546878203125 0.7296872140625 0.453125 0.7312496187499999 0.4515628203125 0.7312496187499999 0.45 0.7328127859375 0.4484378203125 0.7328127859375 0.44531282031249997 0.7359375953125 0.44375 0.7359375953125 0.4421878203125 0.7375 0.440625 0.7375 0.4390628203125 0.7390624046875 0.4375 0.7390624046875 0.4375 0.7406248093750001 0.4359378203125 0.7421872140625 0.4359378203125 0.74374961875 0.4328128203125 0.746875190625 0.4328128203125 0.7609375953125 0.43125 0.7625 0.43125 0.765624809375 0.42968782031249997 0.7671872140625 0.42968782031249997 0.76874961875 0.4234378203125 0.775 0.4203128203125 0.775 0.415625 0.7796872140625 0.41406282031249997 0.7796872140625 0.4125 0.78125038125 0.4125 0.8531248093749999 0.4203128203125 0.8609375953124999 0.421875 0.8609375953124999 0.4234378203125 0.8625 0.425 0.8625 0.428125 0.865624809375 0.42968782031249997 0.865624809375 0.43125 0.8671872140625 0.434375 0.8671872140625 0.4375 0.8703127859374999 0.4375 0.8718751906250001 0.4390628203125 0.8734375953125 0.440625 0.8734375953125 0.446875 0.8796872140625001 0.45 0.8796872140625001 0.4515628203125 0.8812496187500001 0.453125 0.8812496187500001 0.4578128203125 0.8859375953124999 0.459375 0.8859375953124999 0.465625 0.8921872140625 0.4734378203125 0.8921872140625 0.47656282031249997 0.8890624046875001 0.478125 0.8890624046875001 0.4828128203125 0.884375190625 0.484375 0.884375190625 0.4875 0.8812496187500001 0.4890628203125 0.8812496187500001 0.49218782031249997 0.8781248093749999 0.49375 0.8781248093749999 0.496875 0.875 0.4984378203125 0.875 0.5 0.8734375953125 0.503125 0.8734375953125 0.5078128203125 0.8687496187500001 0.509375 0.8687496187500001 0.5109378203125 0.8671872140625 0.515625 0.8671872140625 0.5171878203125 0.865624809375 0.51875 0.865624809375 0.521875 0.8625 0.5234378203125 0.8625 0.525 0.8609375953124999 0.528125 0.8609375953124999 0.5296878203125 0.859375190625 0.5296878203125 0.8578127859375 0.53125 0.85624961875 0.5328128203125 0.85624961875 0.5359378203125 0.8531248093749999 0.5359378203125 0.8484375953125 0.5375 0.846875190625 0.5375 0.8421872140625 0.5390628203125 0.840624809375 0.5390628203125 0.8375 0.5375 0.8359375953124999 0.5375 0.796875190625 0.5359378203125 0.7953127859375 0.5359378203125 0.7828127859375 0.534375 0.78125038125 0.5328128203125 0.78125038125 0.521875 0.7703127859375 0.521875 0.76874961875 0.5171878203125 0.7640624046875 0.5171878203125 0.753124809375 0.515625 0.7515624046875 0.515625 0.75 0.5109378203125 0.7453127859374999 0.5109378203125 0.74374961875 0.509375 0.7421872140625 0.5078128203125 0.7421872140625 0.50625 0.7406248093750001 0.50625 0.7390624046875 0.5046878203125 0.7375 0.503125 0.7375 0.5015628203125 0.7359375953125 0.5 0.7359375953125 0.4984378203125 0.734375190625 0.4984378203125 0.7328127859375 0.496875 0.7328127859375 0.4953128203125 0.7312496187499999 0.49375 0.7312496187499999 0.4875 0.725 0.4859378203125 0.725 0.484375 0.7234375953125001 0.4671878203125 0.7234375953125001 0.465625 0.725 0.4625 0.725 0.46093782031249997 0.7265624046875 0.459375 0.7265624046875
36 0.309375 0.43906240468749996 0.30625 0.4421872140625 0.30468782031249997 0.4421872140625 0.3015628203125 0.4453127859375 0.3 0.4453127859375 0.2953128203125 0.45 0.29375 0.45 0.2921878203125 0.4515624046875 0.290625 0.4515624046875 0.284375 0.45781278593749997 0.284375 0.459375190625 0.2796878203125 0.4640624046875 0.278125 0.4640624046875 0.278125 0.46562480937500006 0.284375 0.46562480937500006 0.2859378203125 0.4671872140625 0.28906282031249997 0.4671872140625 0.2984378203125 0.4765624046875 0.2984378203125 0.478124809375 0.3 0.47968721406250003 0.3 0.48437519062499995 0.3015628203125 0.4859375953125 0.3015628203125 0.4875 0.303125 0.48906240468749995 0.303125 0.490624809375 0.3078128203125 0.4953127859375 0.3078128203125 0.49687519062499996 0.309375 0.49687519062499996 0.3109378203125 0.49843759531250004 0.3109378203125 0.5 0.3125 0.5015624046875 0.3125 0.5078127859375 0.3078128203125 0.5125 0.30468782031249997 0.5125 0.303125 0.5140624046875 0.3015628203125 0.5140624046875 0.3015628203125 0.515624809375 0.3 0.5171872140625 0.3 0.51874961875 0.2984378203125 0.5203127859375 0.2984378203125 0.521875190625 0.296875 0.5234375953125 0.2953128203125 0.5234375953125 0.29375 0.525 0.2828128203125 0.525 0.28125 0.5234375953125 0.2796878203125 0.5234375953125 0.2765628203125 0.5203127859375 0.275 0.5203127859375 0.27343782031249997 0.51874961875 0.2703128203125 0.51874961875 0.2671878203125 0.521875190625 0.2671878203125 0.540624809375 0.26875 0.5421872140625 0.26875 0.5531248093750001 0.2703128203125 0.5546872140625 0.271875 0.5546872140625 0.275 0.5578127859374999 0.275 0.559375190625 0.2765628203125 0.5609375953125 0.2796878203125 0.5609375953125 0.28125 0.5625 0.2828128203125 0.5625 0.2859378203125 0.565624809375 0.2875 0.565624809375 0.28906282031249997 0.5671872140625001 0.2921878203125 0.5671872140625001 0.2953128203125 0.5703127859375 0.296875 0.5703127859375 0.2984378203125 0.5718751906249999 0.30468782031249997 0.5718751906249999 0.30625 0.5703127859375 0.3078128203125 0.5703127859375 0.309375 0.56874961875 0.3125 0.56874961875 0.3140628203125 0.5671872140625001 0.321875 0.5671872140625001 0.3234378203125 0.56874961875 0.3265628203125 0.56874961875 0.3296878203125 0.5718751906249999 0.33125 0.5718751906249999 0.3328128203125 0.5734375953125 0.3375 0.5734375953125 0.3390628203125 0.575 0.34375 0.575 0.3453128203125 0.5765624046875 0.346875 0.5765624046875 0.3484378203125 0.575 0.353125 0.575 0.3546878203125 0.5734375953125 0.359375 0.5734375953125 0.3609378203125 0.5718751906249999 0.3625 0.5718751906249999 0.365625 0.56874961875 0.36718782031249997 0.56874961875 0.36875 0.5671872140625001 0.3765628203125 0.5671872140625001 0.38281282031249997 0.5609375953125 0.3859378203125 0.5609375953125 0.3890628203125 0.5578127859374999 0.390625 0.5578127859374999 0.390625 0.55624961875 0.39375 0.5531248093750001 0.39375 0.5515624046875 0.3953128203125 0.55 0.3953128203125 0.49374961875 0.39375 0.4921872140625 0.39375 0.4859375953125 0.3921878203125 0.48437519062499995 0.3921878203125 0.46875038125 0.390625 0.4671872140625 0.390625 0.46562480937500006 0.3890628203125 0.4640624046875 0.3875 0.4640624046875 0.3859378203125 0.4625 0.384375 0.4625 0.378125 0.45624961875 0.3765628203125 0.45624961875 0.375 0.4546872140625 0.3734378203125 0.4546872140625 0.3703128203125 0.4515624046875 0.36718782031249997 0.4515624046875 0.365625 0.45 0.3625 0.45 0.3609378203125 0.44843759531250005 0.359375 0.44843759531250005 0.35625 0.4453127859375 0.3546878203125 0.4453127859375 0.353125 0.44374961874999996 0.35156282031249997 0.44374961874999996 0.35 0.4421872140625 0.3484378203125 0.4421872140625 0.3453128203125 0.43906240468749996 0.340625 0.43906240468749996 0.3375 0.43593759531250004 0.31875 0.43593759531250004 0.3171878203125 0.4375 0.3125 0.4375 0.3109378203125 0.43906240468749996 0.309375 0.43906240468749996
4 0.3765628203125 0.725 0.3765628203125 0.7671872140625 0.38281282031249997 0.7734375953125 0.3859378203125 0.7734375953125 0.3875 0.775 0.403125 0.775 0.4046878203125 0.7734375953125 0.4234378203125 0.7734375953125 0.42968782031249997 0.7671872140625 0.42968782031249997 0.7625 0.43125 0.7609375953125 0.43125 0.7484375953125 0.42968782031249997 0.746875190625 0.42968782031249997 0.7453127859374999 0.428125 0.74374961875 0.4234378203125 0.74374961875 0.421875 0.7421872140625 0.4203128203125 0.7421872140625 0.41875 0.7406248093750001 0.4171878203125 0.7406248093750001 0.4109378203125 0.734375190625 0.4109378203125 0.7265624046875 0.409375 0.725 0.4078128203125 0.725 0.4046878203125 0.7218751906249999 0.4046878203125 0.7203127859375 0.403125 0.71874961875 0.38281282031249997 0.71874961875 0.38125 0.7203127859375 0.38125 0.7218751906249999 0.378125 0.725 0.3765628203125 0.725
32 0.675 0.43124961875 0.6703128203125 0.43593759531250004 0.6703128203125 0.4734375953125 0.671875 0.4734375953125 0.675 0.4765624046875 0.675 0.478124809375 0.703125 0.478124809375 0.70625 0.475 0.70625 0.4734375953125 0.7078128203125 0.47187519062499994 0.7078128203125 0.4375 0.7046878203125 0.43437519062499996 0.7046878203125 0.4328127859375 0.6984378203125 0.42656240468749995 0.6984378203125 0.425 0.678125 0.425 0.6765628203125 0.42656240468749995 0.6765628203125 0.428124809375 0.675 0.4296872140625 0.675 0.43124961875
35 0.6 0.7265624046875 0.6 0.728124809375 0.596875 0.7312496187499999 0.5953128203125 0.7312496187499999 0.59375 0.7328127859375 0.5921878203125 0.7328127859375 0.5890628203125 0.7359375953125 0.5875 0.7359375953125 0.584375 0.7390624046875 0.5828128203125 0.7390624046875 0.5828128203125 0.7406248093750001 0.58125 0.7421872140625 0.58125 0.74374961875 0.578125 0.746875190625 0.578125 0.7515624046875 0.5765628203125 0.753124809375 0.5765628203125 0.7593751906249999 0.575 0.7609375953125 0.575 0.765624809375 0.571875 0.76874961875 0.5703128203125 0.76874961875 0.56875 0.7703127859375 0.56875 0.771875190625 0.565625 0.775 0.5640628203125 0.775 0.5625 0.7765624046874999 0.5609378203125 0.7765624046874999 0.5609378203125 0.7781248093750001 0.559375 0.7796872140625 0.5578128203125 0.7796872140625 0.5578128203125 0.8546872140625 0.559375 0.8546872140625 0.565625 0.8609375953124999 0.5703128203125 0.8609375953124999 0.571875 0.8625 0.5734378203125 0.8625 0.575 0.8640624046875001 0.575 0.865624809375 0.5765628203125 0.8671872140625 0.578125 0.8671872140625 0.584375 0.8734375953125 0.590625 0.8734375953125 0.596875 0.8796872140625001 0.5984378203125 0.8796872140625001 0.6046878203125 0.8859375953124999 0.6078128203125 0.8859375953124999 0.6125 0.890624809375 0.6125 0.8921872140625 0.6140628203125 0.89374961875 0.6234378203125 0.89374961875 0.625 0.8921872140625 0.625 0.890624809375 0.628125 0.8875 0.6296878203125 0.8875 0.63125 0.8859375953124999 0.6328128203125 0.8859375953124999 0.640625 0.8781248093749999 0.6421878203125 0.8781248093749999 0.646875 0.8734375953125 0.65 0.8734375953125 0.6515628203125 0.8718751906250001 0.653125 0.8718751906250001 0.653125 0.8703127859374999 0.6546878203125 0.8687496187500001 0.65625 0.8687496187500001 0.6578128203125 0.8671872140625 0.659375 0.8671872140625 0.6609378203125 0.865624809375 0.6625 0.865624809375 0.665625 0.8625 0.6671878203125 0.8625 0.66875 0.8609375953124999 0.671875 0.8609375953124999 0.6734378203125 0.859375190625 0.6734378203125 0.8578127859375 0.6765628203125 0.8546872140625 0.68125 0.8546872140625 0.6828128203125 0.8531248093749999 0.684375 0.8531248093749999 0.684375 0.85 0.6859378203125 0.8484375953125 0.6859378203125 0.765624809375 0.684375 0.7640624046875 0.684375 0.7625 0.6828128203125 0.7625 0.6796878203125 0.7593751906249999 0.6796878203125 0.7578127859375 0.678125 0.75624961875 0.6765628203125 0.75624961875 0.6703128203125 0.75 0.665625 0.75 0.6609378203125 0.7453127859374999 0.659375 0.7453127859374999 0.6578128203125 0.74374961875 0.65625 0.74374961875 0.6546878203125 0.7421872140625 0.653125 0.7421872140625 0.65 0.7390624046875 0.6484378203125 0.7390624046875 0.646875 0.7375 0.6453128203125 0.7375 0.6390628203125 0.7312496187499999 0.6375 0.7312496187499999 0.634375 0.728124809375 0.634375 0.7265624046875 0.6328128203125 0.7265624046875 0.63125 0.725 0.6296878203125 0.725 0.6265628203125 0.7218751906249999 0.6078128203125 0.7218751906249999 0.60625 0.7234375953125001 0.6046878203125 0.7234375953125001 0.6015628203125 0.7265624046875 0.6 0.7265624046875
35 0.7390628203125 0.43906240468749996 0.734375 0.44374961874999996 0.7296878203125 0.44374961874999996 0.728125 0.4453127859375 0.7265628203125 0.4453127859375 0.721875 0.45 0.7203128203125 0.45 0.7125 0.45781278593749997 0.7125 0.46562480937500006 0.7109378203125 0.4671872140625 0.7109378203125 0.46875038125 0.7078128203125 0.47187519062499994 0.7078128203125 0.4734375953125 0.70625 0.475 0.70625 0.4765624046875 0.7015628203125 0.48124961875 0.7 0.48124961875 0.6953128203125 0.4859375953125 0.6953128203125 0.5609375953125 0.696875 0.5609375953125 0.703125 0.5671872140625001 0.7078128203125 0.5671872140625001 0.7140628203125 0.5734375953125 0.7171878203125 0.5734375953125 0.71875 0.575 0.721875 0.575 0.7234378203125 0.5765624046875 0.7234378203125 0.578124809375 0.725 0.578124809375 0.7265628203125 0.5796872140625 0.74375 0.5796872140625 0.7453128203125 0.578124809375 0.746875 0.578124809375 0.7515628203125 0.5734375953125 0.7703128203125 0.5734375953125 0.771875 0.575 0.7734378203125 0.575 0.7765628203125 0.578124809375 0.7796878203125 0.578124809375 0.78125 0.5796872140625 0.7859378203125 0.5796872140625 0.7875 0.578124809375 0.7890628203125 0.578124809375 0.790625 0.5765624046875 0.7921878203125 0.5765624046875 0.7953128203125 0.5734375953125 0.8 0.5734375953125 0.8015628203125 0.5718751906249999 0.803125 0.5718751906249999 0.8078128203125001 0.5671872140625001 0.8109378203125001 0.5671872140625001 0.815625 0.5625 0.8171878203125 0.5625 0.81875 0.5609375953125 0.821875 0.5609375953125 0.8234378203125001 0.559375190625 0.8234378203125001 0.55624961875 0.825 0.5546872140625 0.825 0.5484375953125 0.8234378203125001 0.546875190625 0.8234378203125001 0.5328127859375 0.825 0.53124961875 0.825 0.48906240468749995 0.8234378203125001 0.4875 0.8234378203125001 0.4828127859375 0.8171878203125 0.4765624046875 0.8171878203125 0.475 0.815625 0.475 0.8109378203125001 0.4703127859375 0.8109378203125001 0.45781278593749997 0.803125 0.45 0.8015628203125 0.45 0.8 0.44843759531250005 0.7984378203125 0.44843759531250005 0.7953128203125 0.4453127859375 0.79375 0.4453127859375 0.7921878203125 0.44374961874999996 0.7875 0.44374961874999996 0.7859378203125 0.4421872140625 0.784375 0.4421872140625 0.78125 0.43906240468749996 0.7796878203125 0.43906240468749996 0.778125 0.4375 0.7765628203125 0.4375 0.7734378203125 0.43437519062499996 0.746875 0.43437519062499996 0.74375 0.4375 0.7421878203125 0.4375 0.740625 0.43906240468749996 0.7390628203125 0.43906240468749996
17 0.309375 0.7265624046875 0.30468782031249997 0.7312496187499999 0.3015628203125 0.7312496187499999 0.3 0.7328127859375 0.3 0.734375190625 0.296875 0.7375 0.29375 0.7375 0.28906282031249997 0.7421872140625 0.2875 0.7421872140625 0.2859378203125 0.74374961875 0.284375 0.74374961875 0.278125 0.75 0.2765628203125 0.75 0.26875 0.7578127859375 0.2671878203125 0.7578127859375 0.2671878203125 0.7593751906249999 0.265625 0.7609375953125 0.265625 0.8546872140625 0.2703128203125 0.859375190625 0.271875 0.859375190625 0.27343782031249997 0.8609375953124999 0.278125 0.8609375953124999 0.28125 0.8640624046875001 0.28125 0.865624809375 0.2828128203125 0.8671872140625 0.284375 0.8671872140625 0.2859378203125 0.8687496187500001 0.2875 0.8687496187500001 0.290625 0.8718751906250001 0.2921878203125 0.8718751906250001 0.29375 0.8734375953125 0.296875 0.8734375953125 0.3 0.8765624046875 0.3 0.8781248093749999 0.3015628203125 0.8796872140625001 0.303125 0.8796872140625001 0.309375 0.8859375953124999 0.3140628203125 0.8859375953124999 0.32031282031249997 0.8921872140625 0.321875 0.8921872140625 0.325 0.8953127859375 0.33593782031249997 0.8953127859375 0.3390628203125 0.8921872140625 0.3421878203125 0.8921872140625 0.3453128203125 0.8890624046875001 0.346875 0.8890624046875001 0.35 0.8859375953124999 0.353125 0.8859375953124999 0.3546878203125 0.884375190625 0.3546878203125 0.8828127859375 0.3578128203125 0.8796872140625001 0.3625 0.8796872140625001 0.3640628203125 0.8781248093749999 0.365625 0.8781248093749999 0.3703128203125 0.8734375953125 0.371875 0.8734375953125 0.3734378203125 0.8718751906250001 0.3734378203125 0.8703127859374999 0.3765628203125 0.8671872140625 0.38125 0.8671872140625 0.38281282031249997 0.865624809375 0.384375 0.865624809375 0.3890628203125 0.8609375953124999 0.390625 0.8609375953124999 0.39843782031249997 0.8531248093749999 0.39843782031249997 0.7828127859375 0.396875 0.78125038125 0.3953128203125 0.78125038125 0.39375 0.7796872140625 0.3921878203125 0.7796872140625 0.390625 0.7781248093750001 0.3890628203125 0.7781248093750001 0.3875 0.7765624046874999 0.3859378203125 0.7765624046874999 0.384375 0.775 0.38281282031249997 0.775 0.3796878203125 0.771875190625 0.3796878203125 0.76874961875 0.378125 0.7671872140625 0.378125 0.765624809375 0.375 0.7625 0.375 0.7609375953125 0.3734378203125 0.7593751906249999 0.3734378203125 0.7515624046875 0.371875 0.75 0.371875 0.7484375953125 0.36875 0.7453127859374999 0.36875 0.74374961875 0.36718782031249997 0.7421872140625 0.36718782031249997 0.7390624046875 0.365625 0.7375 0.3640628203125 0.7375 0.3578128203125 0.7312496187499999 0.35625 0.7312496187499999 0.35 0.725 0.3484378203125 0.725 0.346875 0.7234375953125001 0.3453128203125 0.7234375953125001 0.3421878203125 0.7203127859375 0.31875 0.7203127859375 0.3140628203125 0.725 0.3125 0.725 0.3109378203125 0.7265624046875 0.309375 0.7265624046875
32 0.5984378203125 0.1296872140625 0.6015628203125 0.1296872140625 0.60625 0.134375190625 0.6296878203125 0.134375190625 0.634375 0.1296872140625 0.6359378203125 0.1296872140625 0.6359378203125 0.12812480937499998 0.6390628203125 0.125 0.6390628203125 0.1 0.6375 0.0984375953125 0.6375 0.0953127859375 0.6359378203125 0.09374961875 0.6359378203125 0.0890624046875 0.634375 0.0875 0.6328128203125 0.0875 0.6265628203125 0.08124961875 0.609375 0.08124961875 0.6 0.090624809375 0.6 0.0921872140625 0.5984378203125 0.09374961875 0.5984378203125 0.1296872140625
32 0.5265628203125 0.2390624046875 0.5265628203125 0.278124809375 0.528125 0.278124809375 0.5296878203125 0.2796872140625 0.53125 0.2796872140625 0.5328128203125 0.28124961875 0.5375 0.28124961875 0.5390628203125 0.2828127859375 0.55625 0.2828127859375 0.5578128203125 0.28124961875 0.559375 0.28124961875 0.5609378203125 0.2796872140625 0.5640628203125 0.2796872140625 0.5671878203125 0.27656240468750004 0.5671878203125 0.24374961874999998 0.565625 0.24218721406250002 0.565625 0.240624809375 0.5609378203125 0.23593759531249997 0.5609378203125 0.234375190625 0.55625 0.2296872140625 0.5359378203125 0.2296872140625 0.534375 0.23124961875 0.5328128203125 0.23124961875 0.5328128203125 0.2328127859375 0.5265628203125 0.2390624046875
27 0.6578128203125 0.8640624046875001 0.653125 0.8687496187500001 0.6515628203125 0.8687496187500001 0.646875 0.8734375953125 0.6453128203125 0.8734375953125 0.64375 0.875 0.6421878203125 0.875 0.640625 0.8765624046875 0.6390628203125 0.8765624046875 0.634375 0.8812496187500001 0.6328128203125 0.8812496187500001 0.6265628203125 0.8875 0.625 0.8875 0.6234378203125 0.8890624046875001 0.621875 0.8890624046875001 0.6203128203125 0.890624809375 0.6203128203125 0.9046872140625 0.621875 0.9046872140625 0.625 0.9078127859375 0.6296878203125 0.9078127859375 0.6328128203125 0.9046872140625 0.6359378203125 0.9046872140625 0.640625 0.9 0.6421878203125 0.9 0.64375 0.8984375953124999 0.646875 0.8984375953124999 0.6484378203125 0.8968751906250001 0.6484378203125 0.8953127859375 0.6515628203125 0.8921872140625 0.6546878203125 0.8921872140625 0.659375 0.8875 0.6609378203125 0.8875 0.6625 0.8859375953124999 0.665625 0.8859375953124999 0.6671878203125 0.884375190625 0.6671878203125 0.8828127859375 0.6703128203125 0.8796872140625001 0.6734378203125 0.8796872140625001 0.675 0.8781248093749999 0.6765628203125 0.8781248093749999 0.68125 0.8734375953125 0.684375 0.8734375953125 0.6859378203125 0.8718751906250001 0.6859378203125 0.8546872140625 0.671875 0.8546872140625 0.6640628203125 0.8625 0.6609378203125 0.8625 0.659375 0.8640624046875001 0.6578128203125 0.8640624046875001
8 0.284375 0.7171872140625 0.2859378203125 0.7156248093750001 0.2859378203125 0.6609375953125001 0.234375 0.6609375953125001 0.234375 0.7203127859375 0.2828128203125 0.7203127859375 0.284375 0.71874961875 0.284375 0.7171872140625
25 0.346875 0.2875 0.340625 0.29374961875 0.3390628203125 0.29374961875 0.3375 0.2953127859375 0.3375 0.315624809375 0.346875 0.315624809375 0.35156282031249997 0.3109375953125 0.3546878203125 0.3109375953125 0.359375 0.30624961875 0.3609378203125 0.30624961875 0.3625 0.3046872140625 0.365625 0.3046872140625 0.36718782031249997 0.30312480937499997 0.36718782031249997 0.3015624046875 0.3703128203125 0.29843759531249997 0.371875 0.29843759531249997 0.3734378203125 0.296875190625 0.375 0.296875190625 0.375 0.2953127859375 0.3765628203125 0.29374961875 0.378125 0.29374961875 0.3796878203125 0.29218721406250003 0.38125 0.29218721406250003 0.38281282031249997 0.290624809375 0.384375 0.290624809375 0.384375 0.2890624046875 0.3859378203125 0.2875 0.3859378203125 0.284375190625 0.3875 0.2828127859375 0.3875 0.27656240468750004 0.3640628203125 0.27656240468750004 0.359375 0.28124961875 0.3578128203125 0.28124961875 0.35156282031249997 0.2875 0.346875 0.2875
32 0.74375 0.584375190625 0.7421878203125 0.5859375953125 0.7421878203125 0.5875 0.740625 0.5890624046874999 0.740625 0.6234375953125 0.74375 0.6234375953125 0.7453128203125 0.625 0.746875 0.625 0.7484378203125 0.6265624046875 0.7734378203125 0.6265624046875 0.7765628203125 0.6234375953125 0.778125 0.6234375953125 0.7796878203125 0.621875190625 0.7796878203125 0.6203127859374999 0.7828128203125 0.6171872140625 0.7828128203125 0.609375190625 0.78125 0.6078127859375 0.78125 0.5984375953125001 0.7796878203125 0.5968751906249999 0.7796878203125 0.5828127859375 0.778125 0.58124961875 0.7765628203125 0.58124961875 0.7734378203125 0.578124809375 0.7734378203125 0.5765624046875 0.771875 0.575 0.771875 0.5734375953125 0.7515628203125 0.5734375953125 0.75 0.575 0.75 0.5765624046875 0.74375 0.5828127859375 0.74375 0.584375190625
11 0.6828128203125 0.4234375953125 0.690625 0.4234375953125 0.6921878203125 0.425 0.69375 0.425 0.696875 0.428124809375 0.7125 0.428124809375 0.715625 0.425 0.715625 0.4234375953125 0.7171878203125 0.42187519062499995 0.7171878203125 0.3640624046875 0.665625 0.3640624046875 0.665625 0.428124809375 0.6796878203125 0.428124809375 0.6796878203125 0.42656240468749995 0.6828128203125 0.4234375953125
13 0.428125 0.425 0.428125 0.4234375953125 0.42968782031249997 0.42187519062499995 0.42968782031249997 0.3640624046875 0.378125 0.3640624046875 0.378125 0.42656240468749995 0.425 0.42656240468749995 0.4265628203125 0.425 0.428125 0.425
26 0.5515628203125 0.22656240468750002 0.553125 0.225 0.553125 0.17031278593750002 0.540625 0.17031278593750002 0.540625 0.228124809375 0.5484378203125 0.228124809375 0.55 0.22656240468750002 0.5515628203125 0.22656240468750002
25 0.209375 0.2828127859375 0.2046878203125 0.2875 0.203125 0.2875 0.2015628203125 0.2890624046875 0.2 0.2890624046875 0.2 0.290624809375 0.196875 0.29374961875 0.19375 0.29374961875 0.19218782031249998 0.2953127859375 0.190625 0.2953127859375 0.190625 0.315624809375 0.203125 0.315624809375 0.20781282031249998 0.3109375953125 0.2109378203125 0.3109375953125 0.2125 0.309375190625 0.21406282031249999 0.309375190625 0.21875 0.3046872140625 0.2203128203125 0.3046872140625 0.221875 0.30312480937499997 0.22343782031249998 0.30312480937499997 0.22343782031249998 0.3015624046875 0.2265628203125 0.29843759531249997 0.228125 0.29843759531249997 0.22968782031249999 0.296875190625 0.23125 0.296875190625 0.23125 0.2953127859375 0.2328128203125 0.29374961875 0.234375 0.29374961875 0.2359378203125 0.29218721406250003 0.23906282031249998 0.29218721406250003 0.240625 0.290624809375 0.240625 0.2890624046875 0.2421878203125 0.2875 0.2421878203125 0.284375190625 0.24375 0.2828127859375 0.24375 0.275 0.2203128203125 0.275 0.21406282031249999 0.28124961875 0.2125 0.28124961875 0.2109378203125 0.2828127859375 0.209375 0.2828127859375
27 0.553125 0.8734375953125 0.5546878203125 0.8734375953125 0.55625 0.875 0.5578128203125 0.875 0.5609378203125 0.8781248093749999 0.5625 0.8781248093749999 0.5640628203125 0.8796872140625001 0.565625 0.8796872140625001 0.56875 0.8828127859375 0.56875 0.884375190625 0.5703128203125 0.8859375953124999 0.571875 0.8859375953124999 0.5734378203125 0.8875 0.575 0.8875 0.578125 0.890624809375 0.5796878203125 0.890624809375 0.58125 0.8921872140625 0.584375 0.8921872140625 0.5875 0.8953127859375 0.5875 0.8968751906250001 0.5890628203125 0.8984375953124999 0.590625 0.8984375953124999 0.5953128203125 0.903124809375 0.596875 0.903124809375 0.5984378203125 0.9046872140625 0.6015628203125 0.9046872140625 0.603125 0.9062503812499999 0.6046878203125 0.9062503812499999 0.60625 0.9078127859375 0.60625 0.909375190625 0.6109378203125 0.909375190625 0.6140628203125 0.9062503812499999 0.615625 0.9062503812499999 0.615625 0.890624809375 0.6140628203125 0.8890624046875001 0.6125 0.8890624046875001 0.6109378203125 0.8875 0.609375 0.8875 0.603125 0.8812496187500001 0.6 0.8812496187500001 0.5984378203125 0.8796872140625001 0.596875 0.8796872140625001 0.5921878203125 0.875 0.5890628203125 0.875 0.5859378203125 0.8718751906250001 0.5859378203125 0.8703127859374999 0.584375 0.8687496187500001 0.5828128203125 0.8687496187500001 0.5765628203125 0.8625 0.571875 0.8625 0.565625 0.85624961875 0.559375 0.85624961875 0.5578128203125 0.8546872140625 0.5484378203125 0.8546872140625 0.5484378203125 0.8671872140625 0.55 0.8687496187500001 0.55 0.8703127859374999 0.553125 0.8734375953125
12 0.3109378203125 0.8703127859374999 0.3453128203125 0.8703127859374999 0.346875 0.8687496187500001 0.353125 0.8687496187500001 0.3546878203125 0.8671872140625 0.3578128203125 0.8671872140625 0.3578128203125 0.8078127859374999 0.30625 0.8078127859374999 0.30625 0.8671872140625 0.3078128203125 0.8687496187500001 0.309375 0.8687496187500001 0.3109378203125 0.8703127859374999
25 0.28906282031249997 0.29843759531249997 0.290625 0.29843759531249997 0.296875 0.3046872140625 0.3015628203125 0.3046872140625 0.3078128203125 0.3109375953125 0.309375 0.3109375953125 0.3109378203125 0.3125 0.3125 0.3125 0.3140628203125 0.3140624046875 0.328125 0.3140624046875 0.328125 0.29843759531249997 0.3234378203125 0.29374961875 0.32031282031249997 0.29374961875 0.3171878203125 0.290624809375 0.3171878203125 0.2890624046875 0.315625 0.2875 0.3125 0.2875 0.3109378203125 0.28593759531249996 0.309375 0.28593759531249996 0.30625 0.2828127859375 0.30468782031249997 0.2828127859375 0.303125 0.28124961875 0.3015628203125 0.28124961875 0.2953128203125 0.275 0.2765628203125 0.275 0.2765628203125 0.2875 0.28125 0.29218721406250003 0.2828128203125 0.29218721406250003 0.28906282031249997 0.29843759531249997
14 0.7859378203125 0.56874961875 0.7875 0.5671872140625001 0.7875 0.5546872140625 0.7859378203125 0.5531248093750001 0.7859378203125 0.5140624046875 0.784375 0.5125 0.7359378203125 0.5125 0.7359378203125 0.5734375953125 0.784375 0.5734375953125 0.7859378203125 0.5718751906249999 0.7859378203125 0.56874961875
13 0.640625 0.8687496187500001 0.6421878203125 0.8687496187500001 0.6453128203125 0.865624809375 0.6453128203125 0.8078127859374999 0.59375 0.8078127859374999 0.59375 0.8671872140625 0.596875 0.8703127859374999 0.6390628203125 0.8703127859374999 0.640625 0.8687496187500001
25 0.4265628203125 0.29218721406250003 0.428125 0.29218721406250003 0.43125 0.2953127859375 0.43125 0.296875190625 0.4328128203125 0.29843759531249997 0.434375 0.29843759531249997 0.440625 0.3046872140625 0.44531282031249997 0.3046872140625 0.4515628203125 0.3109375953125 0.453125 0.3109375953125 0.45625 0.3140624046875 0.45625 0.315624809375 0.471875 0.315624809375 0.471875 0.3 0.465625 0.29374961875 0.4640628203125 0.29374961875 0.4578128203125 0.2875 0.4546878203125 0.2875 0.453125 0.28593759531249996 0.4515628203125 0.28593759531249996 0.446875 0.28124961875 0.44531282031249997 0.28124961875 0.4421878203125 0.278124809375 0.4421878203125 0.27656240468750004 0.440625 0.275 0.41875 0.275 0.41875 0.28593759531249996 0.4234378203125 0.290624809375 0.425 0.290624809375 0.4265628203125 0.29218721406250003
28 0.578125 0.5921872140625 0.58125 0.5953127859375 0.58125 0.5968751906249999 0.5828128203125 0.5984375953125001 0.584375 0.5984375953125001 0.5859378203125 0.6 0.5875 0.6 0.590625 0.603124809375 0.5921878203125 0.603124809375 0.59375 0.6046872140625 0.596875 0.6046872140625 0.6 0.6078127859375 0.6 0.609375190625 0.6015628203125 0.6109375953125 0.615625 0.6109375953125 0.615625 0.5953127859375 0.6078128203125 0.5875 0.6046878203125 0.5875 0.603125 0.5859375953125 0.6015628203125 0.5859375953125 0.6 0.584375190625 0.6 0.5828127859375 0.5984378203125 0.5828127859375 0.596875 0.58124961875 0.5953128203125 0.58124961875 0.5921878203125 0.578124809375 0.5921878203125 0.5765624046875 0.590625 0.575 0.5890628203125 0.575 0.5875 0.5734375953125 0.56875 0.5734375953125 0.56875 0.5859375953125 0.5703128203125 0.5859375953125 0.5765628203125 0.5921872140625 0.578125 0.5921872140625
28 0.3703128203125 0.5671872140625001 0.36875 0.56874961875 0.365625 0.56874961875 0.359375 0.575 0.3578128203125 0.575 0.35156282031249997 0.58124961875 0.35 0.58124961875 0.3484378203125 0.5828127859375 0.3484378203125 0.5953127859375 0.36718782031249997 0.5953127859375 0.3703128203125 0.5921872140625 0.3734378203125 0.5921872140625 0.378125 0.5875 0.3796878203125 0.5875 0.38125 0.5859375953125 0.384375 0.5859375953125 0.3859378203125 0.584375190625 0.3859378203125 0.5828127859375 0.3890628203125 0.5796872140625 0.390625 0.5796872140625 0.39843782031249997 0.5718751906249999 0.39843782031249997 0.5703127859375 0.4 0.56874961875 0.4 0.5609375953125 0.3796878203125 0.5609375953125 0.378125 0.5625 0.3765628203125 0.5625 0.371875 0.5671872140625001 0.3703128203125 0.5671872140625001
25 0.353125 0.4375 0.3546878203125 0.43906240468749996 0.3546878203125 0.44062480937500004 0.35625 0.44062480937500004 0.3578128203125 0.4421872140625 0.359375 0.4421872140625 0.3625 0.4453127859375 0.3625 0.446875190625 0.3640628203125 0.44843759531250005 0.365625 0.44843759531250005 0.371875 0.4546872140625 0.3765628203125 0.4546872140625 0.38281282031249997 0.4609375953125 0.3859378203125 0.4609375953125 0.3875 0.4625 0.3953128203125 0.4625 0.4 0.45781278593749997 0.39843782031249997 0.45624961875 0.39843782031249997 0.4453127859375 0.396875 0.44374961874999996 0.3953128203125 0.44374961874999996 0.3921878203125 0.44062480937500004 0.3921878203125 0.43906240468749996 0.390625 0.4375 0.3875 0.4375 0.3859378203125 0.43593759531250004 0.384375 0.43593759531250004 0.3796878203125 0.43124961875 0.3765628203125 0.43124961875 0.3734378203125 0.428124809375 0.3734378203125 0.42656240468749995 0.371875 0.425 0.3703128203125 0.425 0.36875 0.4234375953125 0.346875 0.4234375953125 0.346875 0.43593759531250004 0.35 0.43593759531250004 0.35156282031249997 0.4375 0.353125 0.4375
32 0.81875 0.4296872140625 0.81875 0.43124961875 0.8140628203125001 0.43593759531250004 0.8140628203125001 0.4734375953125 0.8203128203125001 0.47968721406250003 0.846875 0.47968721406250003 0.8546878203125001 0.47187519062499994 0.8546878203125001 0.43906240468749996 0.853125 0.4375 0.8515628203125001 0.4375 0.8484378203125 0.43437519062499996 0.8484378203125 0.4328127859375 0.846875 0.43124961875 0.8453128203125001 0.43124961875 0.8421878203125001 0.428124809375 0.8421878203125001 0.42656240468749995 0.840625 0.425 0.8234378203125001 0.425 0.821875 0.42656240468749995 0.8203128203125001 0.42656240468749995 0.8203128203125001 0.428124809375 0.81875 0.4296872140625
28 0.5 0.578124809375 0.496875 0.58124961875 0.4953128203125 0.58124961875 0.4890628203125 0.5875 0.484375 0.5875 0.478125 0.59374961875 0.478125 0.609375190625 0.49218782031249997 0.609375190625 0.496875 0.6046872140625 0.5015628203125 0.6046872140625 0.5078128203125 0.5984375953125001 0.509375 0.5984375953125001 0.5109378203125 0.5968751906249999 0.5109378203125 0.5953127859375 0.5140628203125 0.5921872140625 0.5171878203125 0.5921872140625 0.51875 0.5906248093750001 0.5203128203125 0.5906248093750001 0.5234378203125 0.5875 0.5234378203125 0.5859375953125 0.525 0.584375190625 0.525 0.578124809375 0.5234378203125 0.5765624046875 0.5234378203125 0.5718751906249999 0.50625 0.5718751906249999 0.503125 0.575 0.5015628203125 0.575 0.5 0.5765624046875 0.5 0.578124809375
26 0.5671878203125 0.1375 0.565625 0.1390624046875 0.5640628203125 0.1390624046875 0.559375 0.14374961875 0.5578128203125 0.14374961875 0.55625 0.14531278593750002 0.55625 0.146875190625 0.553125 0.15 0.5515628203125 0.15 0.55 0.15156240468749999 0.55 0.159375190625 0.5484378203125 0.16093759531250001 0.5484378203125 0.165624809375 0.5515628203125 0.16874961875 0.55625 0.16874961875 0.5578128203125 0.16718721406249998 0.565625 0.16718721406249998 0.571875 0.16093759531250001 0.575 0.16093759531250001 0.5765628203125 0.159375190625 0.578125 0.159375190625 0.578125 0.1578127859375 0.5796878203125 0.15624961875 0.58125 0.15624961875 0.5828128203125 0.1546872140625 0.584375 0.1546872140625 0.5859378203125 0.153124809375 0.5859378203125 0.15156240468749999 0.5875 0.15 0.5890628203125 0.15 0.590625 0.1484375953125 0.5921878203125 0.1484375953125 0.59375 0.146875190625 0.5953128203125 0.146875190625 0.5984378203125 0.14374961875 0.5984378203125 0.14218721406249998 0.603125 0.1375 0.603125 0.1265624046875 0.5828128203125 0.1265624046875 0.578125 0.13124961875000002 0.5765628203125 0.13124961875000002 0.5703128203125 0.1375 0.5671878203125 0.1375
31 0.3125 0.42656240468749995 0.315625 0.4296872140625 0.346875 0.4296872140625 0.3484378203125 0.428124809375 0.3484378203125 0.42656240468749995 0.35156282031249997 0.4234375953125 0.35156282031249997 0.4109375953125 0.35 0.40937519062499994 0.35 0.396875190625 0.3484378203125 0.39531278593749997 0.3484378203125 0.38437519062500003 0.3421878203125 0.378124809375 0.3421878203125 0.3765624046875 0.32031282031249997 0.3765624046875 0.31875 0.378124809375 0.31875 0.3796872140625 0.3125 0.3859375953125 0.3125 0.42656240468749995
26 0.7328128203125 0.41874961875 0.7296878203125 0.41874961875 0.728125 0.4203127859375 0.7265628203125 0.4203127859375 0.7265628203125 0.42187519062499995 0.725 0.4234375953125 0.7234378203125 0.4234375953125 0.721875 0.425 0.7203128203125 0.425 0.71875 0.42656240468749995 0.71875 0.428124809375 0.715625 0.43124961875 0.7125 0.43124961875 0.7125 0.4546872140625 0.7203128203125 0.4546872140625 0.7265628203125 0.44843759531250005 0.7296878203125 0.44843759531250005 0.734375 0.44374961874999996 0.7359378203125 0.44374961874999996 0.7375 0.4421872140625 0.740625 0.4421872140625 0.7421878203125 0.44062480937500004 0.7421878203125 0.43906240468749996 0.7453128203125 0.43593759531250004 0.746875 0.43593759531250004 0.7484378203125 0.43437519062499996 0.7484378203125 0.4328127859375 0.7515628203125 0.4296872140625 0.753125 0.4296872140625 0.7546878203125 0.428124809375 0.7546878203125 0.42656240468749995 0.7578128203125 0.4234375953125 0.7578128203125 0.4140624046875 0.7375 0.4140624046875 0.7375 0.415624809375 0.7359378203125 0.41718721406250003 0.734375 0.41718721406250003 0.7328128203125 0.41874961875
9 0.18281282031249999 0.5718751906249999 0.1875 0.5718751906249999 0.1890628203125 0.5703127859375 0.190625 0.5703127859375 0.19375 0.5734375953125 0.2109378203125 0.5734375953125 0.2125 0.5718751906249999 0.21406282031249999 0.5718751906249999 0.21406282031249999 0.5140624046875 0.1625 0.5140624046875 0.1625 0.5718751906249999 0.1640628203125 0.5734375953125 0.18125 0.5734375953125 0.18281282031249999 0.5718751906249999
11 0.396875 0.7171872140625 0.39843782031249997 0.71874961875 0.4 0.71874961875 0.403125 0.7218751906249999 0.4265628203125 0.7218751906249999 0.428125 0.7203127859375 0.428125 0.71874961875 0.42968782031249997 0.7171872140625 0.42968782031249997 0.6593751906249999 0.378125 0.6593751906249999 0.378125 0.71874961875 0.3796878203125 0.71874961875 0.38125 0.7171872140625 0.396875 0.7171872140625
31 0.38281282031249997 0.2734375953125 0.3890628203125 0.2796872140625 0.4171878203125 0.2796872140625 0.41875 0.278124809375 0.4203128203125 0.278124809375 0.421875 0.27656240468750004 0.421875 0.275 0.4234378203125 0.2734375953125 0.4234378203125 0.2453127859375 0.421875 0.24374961874999998 0.421875 0.24218721406250002 0.41875 0.2390624046875 0.41875 0.2375 0.4171878203125 0.23593759531249997 0.4171878203125 0.234375190625 0.4109378203125 0.228124809375 0.39375 0.228124809375 0.3875 0.234375190625 0.3875 0.23593759531249997 0.38281282031249997 0.240624809375 0.38281282031249997 0.2734375953125
28 0.6640628203125 0.5625 0.6625 0.5640624046875 0.6625 0.565624809375 0.6609378203125 0.5671872140625001 0.659375 0.5671872140625001 0.6578128203125 0.56874961875 0.65625 0.56874961875 0.6546878203125 0.5703127859375 0.653125 0.5703127859375 0.6484378203125 0.575 0.6453128203125 0.575 0.64375 0.5765624046875 0.64375 0.578124809375 0.640625 0.58124961875 0.6375 0.58124961875 0.634375 0.584375190625 0.6328128203125 0.584375190625 0.6296878203125 0.5875 0.6265628203125 0.5875 0.625 0.5890624046874999 0.625 0.5921872140625 0.6234378203125 0.59374961875 0.6234378203125 0.5953127859375 0.621875 0.5968751906249999 0.6234378203125 0.5984375953125001 0.6234378203125 0.6078127859375 0.6265628203125 0.6109375953125 0.634375 0.6109375953125 0.640625 0.6046872140625 0.64375 0.6046872140625 0.6484378203125 0.6 0.65 0.6 0.6515628203125 0.5984375953125001 0.653125 0.5984375953125001 0.6546878203125 0.5968751906249999 0.6546878203125 0.5953127859375 0.6578128203125 0.5921872140625 0.6609378203125 0.5921872140625 0.6625 0.5906248093750001 0.665625 0.5906248093750001 0.665625 0.5890624046874999 0.6671878203125 0.5875 0.66875 0.5875 0.6703128203125 0.5859375953125 0.671875 0.5859375953125 0.6734378203125 0.584375190625 0.6734378203125 0.5828127859375 0.6765628203125 0.5796872140625 0.6796878203125 0.5796872140625 0.6859378203125 0.5734375953125 0.6859378203125 0.559375190625 0.6703128203125 0.559375190625 0.66875 0.5609375953125 0.6671878203125 0.5609375953125 0.665625 0.5625 0.6640628203125 0.5625
28 0.26875 0.5765624046875 0.26875 0.578124809375 0.2703128203125 0.5796872140625 0.271875 0.5796872140625 0.27343782031249997 0.58124961875 0.275 0.58124961875 0.2765628203125 0.5828127859375 0.2765628203125 0.584375190625 0.278125 0.584375190625 0.2796878203125 0.5859375953125 0.28125 0.5859375953125 0.2828128203125 0.5875 0.284375 0.5875 0.2859378203125 0.5890624046874999 0.2859378203125 0.5906248093750001 0.2875 0.5906248093750001 0.28906282031249997 0.5921872140625 0.290625 0.5921872140625 0.2921878203125 0.59374961875 0.29375 0.59374961875 0.2953128203125 0.5953127859375 0.296875 0.5953127859375 0.2984378203125 0.59374961875 0.2984378203125 0.5921872140625 0.3 0.5906248093750001 0.3 0.5859375953125 0.3015628203125 0.584375190625 0.3015628203125 0.58124961875 0.3 0.5796872140625 0.3 0.5765624046875 0.2984378203125 0.575 0.2984378203125 0.5734375953125 0.2953128203125 0.5703127859375 0.29375 0.5703127859375 0.2921878203125 0.56874961875 0.290625 0.56874961875 0.284375 0.5625 0.2828128203125 0.5625 0.2796878203125 0.559375190625 0.2625 0.559375190625 0.2625 0.5718751906249999 0.2640628203125 0.5734375953125 0.265625 0.5734375953125 0.26875 0.5765624046875
28 0.23125 0.565624809375 0.22968782031249999 0.5671872140625001 0.228125 0.5671872140625001 0.2265628203125 0.56874961875 0.225 0.56874961875 0.2203128203125 0.5734375953125 0.21875 0.5734375953125 0.2171878203125 0.575 0.21406282031249999 0.575 0.2125 0.5765624046875 0.2125 0.578124809375 0.2109378203125 0.5796872140625 0.2109378203125 0.6 0.2171878203125 0.6 0.21875 0.5984375953125001 0.221875 0.5984375953125001 0.228125 0.5921872140625 0.22968782031249999 0.5921872140625 0.23125 0.5906248093750001 0.2328128203125 0.5906248093750001 0.2359378203125 0.5875 0.2375 0.5875 0.23906282031249998 0.5859375953125 0.240625 0.5859375953125 0.2421878203125 0.584375190625 0.2421878203125 0.5828127859375 0.24531282031249999 0.5796872140625 0.246875 0.5796872140625 0.2484378203125 0.578124809375 0.25 0.578124809375 0.25625 0.5718751906249999 0.25625 0.5609375953125 0.2359378203125 0.5609375953125 0.234375 0.5625 0.2328128203125 0.5625 0.23125 0.5640624046875 0.23125 0.565624809375
14 0.3109378203125 0.5718751906249999 0.3140628203125 0.5718751906249999 0.315625 0.5703127859375 0.31875 0.5703127859375 0.32031282031249997 0.56874961875 0.3234378203125 0.5718751906249999 0.325 0.5718751906249999 0.3265628203125 0.5734375953125 0.353125 0.5734375953125 0.3546878203125 0.5718751906249999 0.35625 0.5718751906249999 0.35625 0.5703127859375 0.3578128203125 0.56874961875 0.3578128203125 0.5140624046875 0.35625 0.5140624046875 0.3546878203125 0.5125 0.30625 0.5125 0.30625 0.5718751906249999 0.3078128203125 0.5718751906249999 0.309375 0.5734375953125 0.3109378203125 0.5718751906249999
27 0.515625 0.8625 0.509375 0.8687496187500001 0.5078128203125 0.8687496187500001 0.5015628203125 0.875 0.5 0.875 0.4984378203125 0.8765624046875 0.496875 0.8765624046875 0.49218782031249997 0.8812496187500001 0.4890628203125 0.8812496187500001 0.4875 0.8828127859375 0.4875 0.884375190625 0.484375 0.8875 0.48125 0.8875 0.478125 0.890624809375 0.478125 0.9062503812499999 0.48125 0.9062503812499999 0.4828128203125 0.9078127859375 0.484375 0.9062503812499999 0.4875 0.9062503812499999 0.4890628203125 0.9046872140625 0.49375 0.9046872140625 0.4984378203125 0.9 0.5 0.9 0.5015628203125 0.8984375953124999 0.503125 0.8984375953124999 0.5046878203125 0.8968751906250001 0.5046878203125 0.8953127859375 0.5078128203125 0.8921872140625 0.5125 0.8921872140625 0.5140628203125 0.890624809375 0.515625 0.890624809375 0.5203128203125 0.8859375953124999 0.521875 0.8859375953124999 0.5234378203125 0.884375190625 0.525 0.884375190625 0.528125 0.8812496187500001 0.5296878203125 0.8812496187500001 0.53125 0.8796872140625001 0.5328128203125 0.8796872140625001 0.5421878203125 0.8703127859374999 0.5421878203125 0.8687496187500001 0.5453128203125 0.865624809375 0.5453128203125 0.8546872140625 0.53125 0.8546872140625 0.5296878203125 0.85624961875 0.5265628203125 0.85624961875 0.5203128203125 0.8625 0.515625 0.8625
16 0.6375 0.575 0.6390628203125 0.5734375953125 0.6421878203125 0.5734375953125 0.64375 0.5718751906249999 0.64375 0.5140624046875 0.6421878203125 0.5125 0.59375 0.5125 0.59375 0.5734375953125 0.5953128203125 0.5734375953125 0.596875 0.575 0.6375 0.575
26 0.8015628203125 0.56874961875 0.8 0.5703127859375 0.7984378203125 0.5703127859375 0.7984378203125 0.5718751906249999 0.796875 0.5734375953125 0.7953128203125 0.5734375953125 0.79375 0.575 0.790625 0.575 0.784375 0.58124961875 0.784375 0.603124809375 0.790625 0.603124809375 0.7953128203125 0.5984375953125001 0.7984378203125 0.5984375953125001 0.803125 0.59374961875 0.8046878203125001 0.59374961875 0.80625 0.5921872140625 0.809375 0.5921872140625 0.8109378203125001 0.5906248093750001 0.8109378203125001 0.5890624046874999 0.8140628203125001 0.5859375953125 0.815625 0.5859375953125 0.8203128203125001 0.58124961875 0.821875 0.58124961875 0.8234378203125001 0.5796872140625 0.8265628203125001 0.5796872140625 0.8296878203125001 0.5765624046875 0.8296878203125001 0.5734375953125 0.83125 0.5718751906249999 0.83125 0.559375190625 0.815625 0.559375190625 0.8125 0.5625 0.809375 0.5625 0.803125 0.56874961875 0.8015628203125 0.56874961875
12 0.5734378203125 0.425 0.5734378203125 0.36562480937499997 0.5203128203125 0.36562480937499997 0.5203128203125 0.425 0.521875 0.42656240468749995 0.571875 0.42656240468749995 0.5734378203125 0.425
29 0.271875 0.48906240468749995 0.2703128203125 0.48906240468749995 0.2703128203125 0.490624809375 0.265625 0.4953127859375 0.265625 0.5078127859375 0.2671878203125 0.5078127859375 0.26875 0.5093751906249999 0.2703128203125 0.5093751906249999 0.275 0.5140624046875 0.275 0.515624809375 0.2765628203125 0.5171872140625 0.2765628203125 0.5203127859375 0.28125 0.525 0.29375 0.525 0.2953128203125 0.5234375953125 0.296875 0.5234375953125 0.2984378203125 0.521875190625 0.2984378203125 0.51874961875 0.3 0.5171872140625 0.3 0.515624809375 0.303125 0.5125 0.30468782031249997 0.5125 0.30625 0.5109375953125 0.309375 0.5109375953125 0.309375 0.4953127859375 0.303125 0.48906240468749995 0.303125 0.4875 0.3015628203125 0.4875 0.3 0.4859375953125 0.3 0.48437519062499995 0.2984378203125 0.4828127859375 0.2984378203125 0.4765624046875 0.2921878203125 0.4703127859375 0.2921878203125 0.4671872140625 0.275 0.4671872140625 0.275 0.48437519062499995 0.27343782031249997 0.4859375953125 0.27343782031249997 0.4875 0.271875 0.48906240468749995
7 0.5453128203125 0.7203127859375 0.571875 0.7203127859375 0.571875 0.71874961875 0.5734378203125 0.7171872140625 0.5734378203125 0.6609375953125001 0.521875 0.6609375953125001 0.521875 0.71874961875 0.5234378203125 0.7171872140625 0.5421878203125 0.7171872140625 0.5453128203125 0.7203127859375
7 0.496875 0.2796872140625 0.4984378203125 0.278124809375 0.5 0.278124809375 0.5 0.27656240468750004 0.5015628203125 0.275 0.5015628203125 0.21875038125000001 0.4484378203125 0.21875038125000001 0.4484378203125 0.278124809375 0.45 0.278124809375 0.4515628203125 0.2796872140625 0.496875 0.2796872140625
31 0.24375 0.234375190625 0.240625 0.2375 0.240625 0.275 0.24531282031249999 0.2796872140625 0.2484378203125 0.2796872140625 0.25 0.28124961875 0.271875 0.28124961875 0.27343782031249997 0.2796872140625 0.2765628203125 0.2796872140625 0.2796878203125 0.27656240468750004 0.2796878203125 0.24374961874999998 0.278125 0.24218721406250002 0.278125 0.240624809375 0.27343782031249997 0.23593759531249997 0.27343782031249997 0.234375190625 0.26875 0.2296872140625 0.2484378203125 0.2296872140625 0.246875 0.23124961875 0.24531282031249999 0.23124961875 0.24375 0.2328127859375 0.24375 0.234375190625
28 0.4171878203125 0.58124961875 0.41875 0.58124961875 0.4203128203125 0.5828127859375 0.4203128203125 0.584375190625 0.421875 0.584375190625 0.4234378203125 0.5859375953125 0.4265628203125 0.5859375953125 0.4328128203125 0.5921872140625 0.434375 0.5921872140625 0.440625 0.5984375953125001 0.44375 0.5984375953125001 0.44531282031249997 0.6 0.446875 0.6 0.4515628203125 0.6046872140625 0.453125 0.6046872140625 0.45625 0.6078127859375 0.45625 0.609375190625 0.4703128203125 0.609375190625 0.4703128203125 0.5953127859375 0.4671878203125 0.5921872140625 0.4671878203125 0.5906248093750001 0.4640628203125 0.5875 0.46093782031249997 0.5875 0.459375 0.5859375953125 0.4578128203125 0.5859375953125 0.45625 0.584375190625 0.45625 0.5828127859375 0.4546878203125 0.5828127859375 0.453125 0.58124961875 0.4515628203125 0.58124961875 0.4484378203125 0.578124809375 0.4484378203125 0.5765624046875 0.446875 0.575 0.44531282031249997 0.575 0.44375 0.5734375953125 0.4421878203125 0.5734375953125 0.4390628203125 0.5703127859375 0.4375 0.5703127859375 0.4359378203125 0.56874961875 0.4328128203125 0.56874961875 0.42968782031249997 0.565624809375 0.42968782031249997 0.5640624046875 0.428125 0.5625 0.4265628203125 0.5625 0.425 0.5609375953125 0.4234378203125 0.5609375953125 0.421875 0.559375190625 0.4078128203125 0.559375190625 0.4078128203125 0.5734375953125 0.41406282031249997 0.5796872140625 0.415625 0.5796872140625 0.4171878203125 0.58124961875
16 0.234375 0.3640624046875 0.234375 0.42656240468749995 0.2859378203125 0.42656240468749995 0.2859378203125 0.3640624046875 0.234375 0.3640624046875
8 0.4984378203125 0.5718751906249999 0.4984378203125 0.5703127859375 0.5 0.56874961875 0.5 0.515624809375 0.4984378203125 0.5140624046875 0.45 0.5140624046875 0.45 0.5718751906249999 0.4515628203125 0.5734375953125 0.496875 0.5734375953125 0.4984378203125 0.5718751906249999
26 0.775 0.4328127859375 0.775 0.43437519062499996 0.7765628203125 0.43593759531250004 0.778125 0.43593759531250004 0.78125 0.43906240468749996 0.78125 0.44062480937500004 0.7828128203125 0.4421872140625 0.784375 0.4421872140625 0.7890628203125 0.446875190625 0.790625 0.446875190625 0.7921878203125 0.44843759531250005 0.7953128203125 0.44843759531250005 0.8015628203125 0.4546872140625 0.809375 0.4546872140625 0.8109378203125001 0.45312480937500005 0.8109378203125001 0.4328127859375 0.809375 0.43124961875 0.8078128203125001 0.43124961875 0.80625 0.4296872140625 0.8046878203125001 0.4296872140625 0.803125 0.428124809375 0.803125 0.42656240468749995 0.8015628203125 0.42656240468749995 0.8 0.425 0.7984378203125 0.425 0.796875 0.4234375953125 0.7953128203125 0.4234375953125 0.79375 0.42187519062499995 0.79375 0.4203127859375 0.7921878203125 0.4203127859375 0.790625 0.41874961875 0.7890628203125 0.41874961875 0.7859378203125 0.415624809375 0.7859378203125 0.4140624046875 0.784375 0.4140624046875 0.7828128203125 0.4125 0.765625 0.4125 0.765625 0.425 0.7703128203125 0.4296872140625 0.771875 0.4296872140625 0.775 0.4328127859375
27 0.446875 0.7125 0.440625 0.71874961875 0.4390628203125 0.71874961875 0.4375 0.7203127859375 0.4359378203125 0.7203127859375 0.43125 0.725 0.428125 0.725 0.421875 0.7312496187499999 0.421875 0.7421872140625 0.440625 0.7421872140625 0.4421878203125 0.7406248093750001 0.44375 0.7406248093750001 0.446875 0.7375 0.4484378203125 0.7375 0.45 0.7359375953125 0.453125 0.7359375953125 0.4546878203125 0.734375190625 0.4546878203125 0.7328127859375 0.4578128203125 0.7296872140625 0.46093782031249997 0.7296872140625 0.4625 0.728124809375 0.4640628203125 0.728124809375 0.46875 0.7234375953125001 0.4703128203125 0.7234375953125001 0.471875 0.7218751906249999 0.471875 0.70624961875 0.4578128203125 0.70624961875 0.453125 0.7109375953125 0.4515628203125 0.7109375953125 0.45 0.7125 0.446875 0.7125
31 0.16875 0.3828127859375 0.16875 0.38437519062500003 0.16718782031249999 0.3859375953125 0.16718782031249999 0.42187519062499995 0.1703128203125 0.425 0.171875 0.425 0.175 0.428124809375 0.203125 0.428124809375 0.20781282031249998 0.4234375953125 0.20781282031249998 0.39531278593749997 0.20625 0.39374961875 0.20625 0.390624809375 0.2046878203125 0.38906240468750003 0.2046878203125 0.38437519062500003 0.19843782031249999 0.378124809375 0.19843782031249999 0.3765624046875 0.175 0.3765624046875 0.175 0.378124809375 0.171875 0.38124961874999996 0.1703128203125 0.38124961874999996 0.16875 0.3828127859375
34 0.16875 0.621875190625 0.1703128203125 0.6234375953125 0.17656282031249998 0.6234375953125 0.178125 0.625 0.1953128203125 0.625 0.196875 0.6234375953125 0.203125 0.6234375953125 0.2046878203125 0.621875190625 0.2046878203125 0.61874961875 0.20625 0.6171872140625 0.20625 0.6140624046875 0.20781282031249998 0.6125 0.20781282031249998 0.5984375953125001 0.20625 0.5968751906249999 0.20625 0.5875 0.2046878203125 0.5859375953125 0.2046878203125 0.5828127859375 0.2 0.578124809375 0.2 0.5734375953125 0.17656282031249998 0.5734375953125 0.175 0.575 0.175 0.5765624046875 0.16875 0.5828127859375 0.16875 0.621875190625
31 0.4578128203125 0.428124809375 0.490625 0.428124809375 0.490625 0.42656240468749995 0.49218782031249997 0.425 0.49218782031249997 0.42187519062499995 0.49375 0.4203127859375 0.49375 0.4125 0.49218782031249997 0.4109375953125 0.49218782031249997 0.38437519062500003 0.484375 0.3765624046875 0.4625 0.3765624046875 0.4625 0.378124809375 0.45625 0.38437519062500003 0.45625 0.42656240468749995 0.4578128203125 0.428124809375
15 0.64375 0.21875038125000001 0.59375 0.21875038125000001 0.59375 0.27656240468750004 0.6421878203125 0.27656240468750004 0.64375 0.275 0.64375 0.21875038125000001
25 0.1953128203125 0.32187519062500003 0.19375 0.3203127859375 0.1953128203125 0.31874961874999996 0.1953128203125 0.3171872140625 0.18281282031249999 0.3171872140625 0.18281282031249999 0.3734375953125 0.19218782031249998 0.3734375953125 0.1953128203125 0.3703127859375 0.1953128203125 0.32187519062500003
27 0.5515628203125 0.8546872140625 0.5546878203125 0.8515624046875001 0.5546878203125 0.7796872140625 0.5390628203125 0.7796872140625 0.5390628203125 0.8531248093749999 0.540625 0.8531248093749999 0.5421878203125 0.8546872140625 0.5515628203125 0.8546872140625
5 0.303125 0.6125 0.30625 0.6156248093750001 0.30625 0.621875190625 0.3125 0.628124809375 0.35156282031249997 0.628124809375 0.353125 0.6265624046875 0.353125 0.625 0.35625 0.621875190625 0.35625 0.6203127859374999 0.359375 0.6171872140625 0.359375 0.6 0.3578128203125 0.6 0.3546878203125 0.5968751906249999 0.3546878203125 0.5953127859375 0.353125 0.5953127859375 0.35156282031249997 0.59374961875 0.346875 0.59374961875 0.3421878203125 0.5890624046874999 0.3421878203125 0.584375190625 0.33593782031249997 0.578124809375 0.33593782031249997 0.5765624046875 0.3296878203125 0.5703127859375 0.3109378203125 0.5703127859375 0.30468782031249997 0.5765624046875 0.30468782031249997 0.578124809375 0.303125 0.5796872140625 0.303125 0.6125
15 0.478125 0.8687496187500001 0.4796878203125 0.8671872140625 0.5 0.8671872140625 0.5015628203125 0.865624809375 0.5015628203125 0.8078127859374999 0.45 0.8078127859374999 0.45 0.8671872140625 0.4515628203125 0.8671872140625 0.453125 0.8687496187500001 0.478125 0.8687496187500001
26 0.8328128203125 0.559375190625 0.834375 0.559375190625 0.8375 0.55624961875 0.8390628203125001 0.55624961875 0.840625 0.5546872140625 0.840625 0.4828127859375 0.8265628203125001 0.4828127859375 0.8265628203125001 0.5546872140625 0.828125 0.55624961875 0.8296878203125001 0.55624961875 0.8328128203125 0.559375190625
5 0.51875 0.56874961875 0.5234378203125 0.5734375953125 0.5234378203125 0.575 0.525 0.5765624046875 0.525 0.578124809375 0.5265628203125 0.5796872140625 0.5625 0.5796872140625 0.5640628203125 0.58124961875 0.565625 0.5796872140625 0.5671878203125 0.5796872140625 0.5671878203125 0.578124809375 0.5734378203125 0.5718751906249999 0.5734378203125 0.5703127859375 0.5765628203125 0.5671872140625001 0.5765628203125 0.5515624046875 0.575 0.5515624046875 0.5734378203125 0.55 0.5703128203125 0.55 0.565625 0.5453127859375 0.5640628203125 0.5453127859375 0.5625 0.5437496187499999 0.559375 0.5437496187499999 0.5546878203125 0.5390624046875 0.5546878203125 0.5328127859375 0.553125 0.53124961875 0.5515628203125 0.53124961875 0.5484378203125 0.5281248093750001 0.5484378203125 0.5265624046874999 0.54375 0.521875190625 0.528125 0.521875190625 0.525 0.525 0.5234378203125 0.525 0.51875 0.5296872140625 0.51875 0.56874961875
28 0.19375 0.703124809375 0.1953128203125 0.7015624046875 0.1953128203125 0.63124961875 0.19375 0.6296872140625001 0.18125 0.6296872140625001 0.18125 0.7046872140625 0.190625 0.7046872140625 0.19218782031249998 0.703124809375 0.19375 0.703124809375
10 0.7109378203125 0.7218751906249999 0.7125 0.7218751906249999 0.7171878203125 0.7171872140625 0.7171878203125 0.6625 0.715625 0.6609375953125001 0.715625 0.6593751906249999 0.6640628203125 0.6593751906249999 0.6640628203125 0.7218751906249999 0.665625 0.7234375953125001 0.709375 0.7234375953125001 0.7109378203125 0.7218751906249999
25 0.48333333281249996 0.32343987812499997 0.47756410312500003 0.3173515984375 0.46794871718750003 0.32343987812499997 0.4673076921875 0.3736681890625 0.48076923125000004 0.37595129374999997 0.48333333281249996 0.371385084375 0.48333333281249996 0.32343987812499997
18 0.56875 0.9671872140625 0.56875 0.89374961875 0.5140628203125 0.89374961875 0.5140628203125 0.9703127859375 0.5671878203125 0.9703127859375 0.5671878203125 0.9687503812499999 0.56875 0.9671872140625
22 0.565625 0.0859375953125 0.5671878203125 0.084375190625 0.5671878203125 0.0046872140625 0.5140628203125 0.0046872140625 0.5140628203125 0.0875 0.5453128203125 0.0875 0.546875 0.0859375953125 0.565625 0.0859375953125
18 0.08125 0.29843759531249997 0.08125 0.38437519062500003 0.1375 0.38437519062500003 0.1375 0.29843759531249997 0.08125 0.29843759531249997
18 0.78125 0.23593759531249997 0.7828128203125 0.2375 0.784375 0.23593759531249997 0.7859378203125 0.23593759531249997 0.7859378203125 0.15 0.728125 0.15 0.728125 0.2375 0.753125 0.2375 0.7546878203125 0.23593759531249997 0.78125 0.23593759531249997
20 0.7796878203125 0.825 0.78125 0.8234375953124999 0.7828128203125 0.8234375953124999 0.7828128203125 0.7406248093750001 0.73125 0.7406248093750001 0.73125 0.8265624046875001 0.7765628203125 0.8265624046875001 0.778125 0.825 0.7796878203125 0.825
19 0.2796878203125 0.0046872140625 0.2265628203125 0.0046872140625 0.2265628203125 0.0859375953125 0.278125 0.0859375953125 0.2796878203125 0.084375190625 0.2796878203125 0.0046872140625
21 0.28125 0.884375190625 0.2265628203125 0.884375190625 0.2265628203125 0.975 0.2796878203125 0.975 0.28125 0.9734375953125 0.28125 0.884375190625
23 0.134375 0.5953127859375 0.084375 0.5953127859375 0.084375 0.675 0.1328128203125 0.675 0.134375 0.6734375953125 0.134375 0.5953127859375
18 0.9265628203125 0.44062480937500004 0.8734378203125001 0.44062480937500004 0.871875 0.4421872140625 0.871875 0.5296872140625 0.9265628203125 0.5296872140625 0.9265628203125 0.44062480937500004