5 0.3984378140625 0.5218751875 0.3953121859375 0.525 0.3953121859375 0.55468759375 0.396875 0.55468759375 0.3984378140625 0.5562503734375001 0.3984378140625 0.55781240625 0.4 0.5593751874999999 0.4 0.5656248125000001 0.4015621859375 0.56718759375 0.403125 0.56718759375 0.40625 0.57031240625 0.40625 0.5718751875 0.4078121859375 0.5734372203125 0.440625 0.5734372203125 0.4484371859375 0.5656248125000001 0.4484371859375 0.5640627796875 0.453125 0.5593751874999999 0.453125 0.54531240625 0.4515628140625 0.5437503734375 0.4484371859375 0.5437503734375 0.446875 0.54218759375 0.4453128140625 0.54218759375 0.440625 0.5375 0.4390621859375 0.5375 0.4359378140625 0.5343751875 0.4359378140625 0.5328124062499999 0.4296878140625 0.5265627796875 0.4296878140625 0.5218751875 0.4234371859375 0.5156248125 0.4234371859375 0.5140627796875 0.403125 0.5140627796875 0.4015621859375 0.5156248125 0.4015621859375 0.51718759375 0.3984378140625 0.52031240625 0.3984378140625 0.5218751875
2 0.68125 0.5281248125 0.678125 0.5312503734375 0.678125 0.55468759375 0.6796878140625 0.5562503734375001 0.6796878140625 0.55781240625 0.68125 0.5593751874999999 0.68125 0.5656248125000001 0.6828121859375 0.56718759375 0.684375 0.56718759375 0.6875 0.57031240625 0.7265628140625 0.57031240625 0.728125 0.5687496265624999 0.728125 0.56718759375 0.7296871859375 0.5656248125000001 0.7296871859375 0.5640627796875 0.7328121859375 0.5609372203125 0.734375 0.5609372203125 0.734375 0.5437503734375 0.728125 0.5375 0.7203121859375 0.5375 0.7171871859375 0.5343751875 0.7171871859375 0.5328124062499999 0.715625 0.5312503734375 0.7140621859375 0.5312503734375 0.7109378140625 0.5281248125 0.7109378140625 0.52031240625 0.7046871859375 0.5140627796875 0.684375 0.5140627796875 0.6828121859375 0.5156248125 0.6828121859375 0.51718759375 0.68125 0.5187503734375001 0.68125 0.5281248125
35 0.6265621859375 0.425 0.6203121859375 0.43125037343750006 0.6171878140625 0.43125037343750006 0.615625 0.43281240624999995 0.6140621859375 0.43281240624999995 0.609375 0.4375 0.60625 0.4375 0.6046871859375 0.4390627796875 0.6015628140625 0.4390627796875 0.6 0.4406248125 0.6 0.44218759375000005 0.5984371859375 0.44374962656249994 0.596875 0.44374962656249994 0.59375 0.4468751875 0.59375 0.45 0.5921878140625 0.4515627796875 0.5921878140625 0.45312481250000003 0.590625 0.45468759375 0.590625 0.4562503734375 0.5890621859375 0.45781240624999997 0.5890621859375 0.4609372203125 0.5875 0.4625 0.5875 0.46562481250000004 0.5859378140625 0.46718759375 0.5859378140625 0.46875037343750003 0.58125 0.4734372203125 0.5796871859375 0.4734372203125 0.578125 0.475 0.5765628140625 0.475 0.5703128140625 0.48125037343750005 0.5703128140625 0.5484372203125 0.5765628140625 0.55468759375 0.578125 0.55468759375 0.5828121859375 0.5593751874999999 0.584375 0.5593751874999999 0.5859378140625 0.5609372203125 0.5875 0.5609372203125 0.5890621859375 0.5625 0.590625 0.5625 0.5953121859375 0.56718759375 0.596875 0.56718759375 0.6015628140625 0.5718751875 0.603125 0.5718751875 0.6046871859375 0.5734372203125 0.6078121859375 0.5734372203125 0.609375 0.575 0.6109371859375 0.575 0.615625 0.57968759375 0.6171878140625 0.57968759375 0.621875 0.5843751875 0.6234371859375 0.5843751875 0.625 0.5859372203125 0.6296871859375 0.5859372203125 0.63125 0.5875 0.6375 0.5875 0.6390621859375 0.5859372203125 0.6421871859375 0.5859372203125 0.64375 0.5843751875 0.6453128140625 0.5843751875 0.646875 0.58281240625 0.6484378140625 0.58281240625 0.6515621859375 0.57968759375 0.653125 0.57968759375 0.6546871859375 0.5781248125 0.65625 0.5781248125 0.65625 0.5765627796875 0.6578121859375 0.575 0.659375 0.575 0.6609378140625 0.5734372203125 0.6625 0.5734372203125 0.6640628140625 0.5718751875 0.665625 0.5718751875 0.6703121859375 0.56718759375 0.671875 0.56718759375 0.671875 0.5656248125000001 0.6734371859375 0.5640627796875 0.6734371859375 0.5375 0.675 0.5359372203125 0.675 0.5343751875 0.678125 0.5312503734375 0.678125 0.5296875937500001 0.6796878140625 0.5281248125 0.6796878140625 0.5218751875 0.6859371859375 0.5156248125 0.6859371859375 0.5140627796875 0.6921878140625 0.50781240625 0.6921878140625 0.49531240624999995 0.69375 0.49375037343750006 0.69375 0.47812481250000005 0.6921878140625 0.4765627796875 0.6921878140625 0.4625 0.690625 0.4609372203125 0.690625 0.45937518749999995 0.6875 0.4562503734375 0.6859371859375 0.4562503734375 0.684375 0.45468759375 0.6828121859375 0.45468759375 0.678125 0.45 0.6765628140625 0.45 0.671875 0.44531240624999996 0.6703121859375 0.44531240624999996 0.66875 0.44374962656249994 0.665625 0.44374962656249994 0.6640628140625 0.44218759375000005 0.6625 0.44218759375000005 0.6609378140625 0.4406248125 0.6609378140625 0.4390627796875 0.659375 0.4375 0.6578121859375 0.4375 0.6546871859375 0.4343751875 0.6546871859375 0.43281240624999995 0.640625 0.41875037343750005 0.6375 0.41875037343750005 0.6359371859375 0.42031240625 0.6328128140625 0.42031240625 0.628125 0.425 0.6265621859375 0.425
5 0.6078121859375 0.6984372203125 0.6125 0.7031248125 0.6125 0.7093751875 0.6140621859375 0.7109372203125 0.615625 0.7109372203125 0.621875 0.7171875937500001 0.653125 0.7171875937500001 0.6546871859375 0.7156248125 0.6546871859375 0.7140627796875 0.665625 0.7031248125 0.665625 0.69531240625 0.6609378140625 0.6906248125000001 0.6609378140625 0.6890627796875 0.653125 0.6812503734375001 0.6515621859375 0.6812503734375001 0.6421871859375 0.6718751875 0.6421871859375 0.67031240625 0.640625 0.6687503734375 0.640625 0.66718759375 0.634375 0.6609372203125 0.6140621859375 0.6609372203125 0.6125 0.6625 0.609375 0.6625 0.6078121859375 0.6640627796875 0.6078121859375 0.6984372203125
33 0.3359378140625 0.8656248124999999 0.334375 0.86718759375 0.334375 0.8984372203125 0.3359378140625 0.9 0.3359378140625 0.9015627796875 0.3390621859375 0.90468759375 0.340625 0.90468759375 0.3453121859375 0.9093751875 0.365625 0.9093751875 0.3671878140625 0.90781240625 0.3671878140625 0.9062503734374999 0.371875 0.9015627796875 0.371875 0.9 0.3734378140625 0.8984372203125 0.3734378140625 0.8640627796875 0.3671878140625 0.8578124062500001 0.3671878140625 0.8562496265625 0.365625 0.8546875937499999 0.3421878140625 0.8546875937499999 0.3375 0.8593751875000001 0.3375 0.8625 0.3359378140625 0.8640627796875 0.3359378140625 0.8656248124999999
17 0.6125 0.7218751875 0.6109371859375 0.7234372203125 0.609375 0.7234372203125 0.6078121859375 0.725 0.6046871859375 0.725 0.603125 0.7265627796875 0.6015628140625 0.7265627796875 0.5984371859375 0.72968759375 0.596875 0.72968759375 0.5953121859375 0.7312503734375 0.59375 0.7312503734375 0.5875 0.7375 0.584375 0.7375 0.58125 0.7406248125 0.58125 0.74218759375 0.5796871859375 0.7437503734375001 0.5796871859375 0.74531240625 0.575 0.75 0.575 0.75468759375 0.5734371859375 0.7562503734375 0.5734371859375 0.8390627796875 0.5765628140625 0.84218759375 0.578125 0.84218759375 0.58125 0.84531240625 0.58125 0.8468751875 0.5828121859375 0.8484372203125 0.584375 0.8484372203125 0.5859378140625 0.85 0.5875 0.85 0.590625 0.8531248124999999 0.5921878140625 0.8531248124999999 0.59375 0.8546875937499999 0.5953121859375 0.8546875937499999 0.6015628140625 0.8609372203125 0.603125 0.8609372203125 0.6046871859375 0.8625 0.60625 0.8625 0.6109371859375 0.86718759375 0.6125 0.86718759375 0.6171878140625 0.8718751875 0.61875 0.8718751875 0.6203121859375 0.8734372203125 0.621875 0.8734372203125 0.6265621859375 0.8781248125 0.6296871859375 0.8781248125 0.63125 0.8796875937499999 0.6375 0.8796875937499999 0.6390621859375 0.8781248125 0.6421871859375 0.8781248125 0.6453128140625 0.875 0.646875 0.875 0.6484378140625 0.8734372203125 0.65 0.8734372203125 0.6546871859375 0.8687503734375 0.65625 0.8687503734375 0.659375 0.8656248124999999 0.6609378140625 0.8656248124999999 0.6609378140625 0.8640627796875 0.6640628140625 0.8609372203125 0.665625 0.8609372203125 0.6671871859375 0.8593751875000001 0.66875 0.8593751875000001 0.671875 0.8562496265625 0.6734371859375 0.8562496265625 0.675 0.8546875937499999 0.678125 0.8546875937499999 0.684375 0.8484372203125 0.6859371859375 0.8484372203125 0.690625 0.8437503734374999 0.6921878140625 0.8437503734374999 0.696875 0.8390627796875 0.696875 0.8375 0.6984371859375 0.8359372203125 0.6984371859375 0.7625 0.696875 0.7609372203125 0.696875 0.75781240625 0.6953128140625 0.7562503734375 0.6953128140625 0.75468759375 0.684375 0.7437503734375001 0.6828121859375 0.7437503734375001 0.68125 0.74218759375 0.68125 0.7406248125 0.6796878140625 0.7390627796875 0.678125 0.7390627796875 0.6765628140625 0.7375 0.6734371859375 0.7375 0.671875 0.7359372203125 0.6703121859375 0.7359372203125 0.6671871859375 0.73281240625 0.665625 0.73281240625 0.6640628140625 0.7312503734375 0.659375 0.7312503734375 0.6578121859375 0.72968759375 0.65625 0.72968759375 0.6484378140625 0.7218751875 0.6484378140625 0.7203124062499999 0.646875 0.7203124062499999 0.6453128140625 0.7187503734375 0.6203121859375 0.7187503734375 0.61875 0.7203124062499999 0.615625 0.7203124062499999 0.6140621859375 0.7218751875 0.6125 0.7218751875
0 0.403125 0.29218759375 0.4015621859375 0.2937503734375 0.3953121859375 0.2937503734375 0.390625 0.2984372203125 0.3890628140625 0.2984372203125 0.3890628140625 0.3 0.3859371859375 0.3031248125 0.3859371859375 0.30468759375 0.384375 0.3062503734375 0.3828128140625 0.3062503734375 0.38125 0.30781240625 0.38125 0.3109372203125 0.3796871859375 0.3125 0.3796871859375 0.31562481249999996 0.378125 0.31718759375 0.378125 0.3187503734375 0.3765621859375 0.32031240625 0.3765621859375 0.3218751875 0.371875 0.3265627796875 0.3703121859375 0.3265627796875 0.3703121859375 0.3281248125 0.3671878140625 0.33125037343749997 0.3671878140625 0.40937518749999996 0.36875 0.4109372203125 0.36875 0.4125 0.3703121859375 0.4140627796875 0.3703121859375 0.41562481250000005 0.371875 0.41562481250000005 0.3734378140625 0.41718759375000003 0.3765621859375 0.41718759375000003 0.384375 0.425 0.3859371859375 0.425 0.3890628140625 0.4281248125 0.390625 0.4281248125 0.3921871859375 0.42968759375000004 0.3953121859375 0.42968759375000004 0.396875 0.43125037343750006 0.3984378140625 0.43125037343750006 0.4015621859375 0.4343751875 0.4046878140625 0.4343751875 0.40625 0.4359372203125 0.4125 0.4359372203125 0.4140628140625 0.4375 0.415625 0.4375 0.4171871859375 0.4359372203125 0.41875 0.4359372203125 0.4203128140625 0.4343751875 0.428125 0.4343751875 0.4296878140625 0.43281240624999995 0.43125 0.43281240624999995 0.4328121859375 0.43125037343750006 0.434375 0.43125037343750006 0.4359378140625 0.42968759375000004 0.440625 0.42968759375000004 0.4421871859375 0.4281248125 0.44375 0.4281248125 0.446875 0.425 0.4484371859375 0.425 0.45 0.4234372203125 0.453125 0.4234372203125 0.4546871859375 0.42187518749999997 0.45625 0.42187518749999997 0.459375 0.41875037343750005 0.4609378140625 0.41875037343750005 0.4625 0.41718759375000003 0.465625 0.41718759375000003 0.4703121859375 0.4125 0.471875 0.4125 0.4734371859375 0.4109372203125 0.475 0.4109372203125 0.478125 0.40781240625 0.478125 0.40625037343750003 0.4796871859375 0.40468759375 0.4796871859375 0.4015627796875 0.4828128140625 0.3984372203125 0.4828128140625 0.3593751875 0.48125 0.35781240625 0.48125 0.32968759375 0.4796871859375 0.3281248125 0.4796871859375 0.31562481249999996 0.4734371859375 0.30937518750000004 0.4734371859375 0.30781240625 0.471875 0.3062503734375 0.46875 0.3062503734375 0.4640621859375 0.3015627796875 0.4625 0.3015627796875 0.4609378140625 0.3 0.45625 0.3 0.4546871859375 0.2984372203125 0.453125 0.2984372203125 0.45 0.29531240625 0.4484371859375 0.29531240625 0.446875 0.2937503734375 0.4453128140625 0.2937503734375 0.44375 0.29218759375 0.4421871859375 0.29218759375 0.440625 0.2906248125 0.4375 0.2906248125 0.4359378140625 0.2890627796875 0.4125 0.2890627796875 0.4109371859375 0.2906248125 0.4078121859375 0.2906248125 0.40625 0.29218759375 0.403125 0.29218759375
37 0.203125 0.4234372203125 0.2015621859375 0.425 0.1984378140625 0.425 0.19375 0.42968759375000004 0.1921871859375 0.42968759375000004 0.190625 0.43125037343750006 0.1890621859375 0.43125037343750006 0.1875 0.43281240624999995 0.1875 0.4343751875 0.1859371859375 0.4359372203125 0.184375 0.4359372203125 0.1828128140625 0.4375 0.1765621859375 0.4375 0.175 0.4390627796875 0.1734371859375 0.4390627796875 0.171875 0.4406248125 0.1703121859375 0.4406248125 0.16875 0.44218759375000005 0.1578121859375 0.44218759375000005 0.153125 0.4468751875 0.15156218593749998 0.4468751875 0.15 0.4484372203125 0.1484378140625 0.4484372203125 0.1484378140625 0.5468751875 0.15 0.5484372203125 0.15 0.5515627796875 0.153125 0.55468759375 0.15625 0.55468759375 0.1609371859375 0.5593751874999999 0.1625 0.5593751874999999 0.1640628140625 0.5609372203125 0.165625 0.5609372203125 0.16875 0.5640627796875 0.16875 0.5656248125000001 0.1703121859375 0.5656248125000001 0.171875 0.56718759375 0.1734371859375 0.56718759375 0.178125 0.5718751875 0.1796878140625 0.5718751875 0.18125 0.5734372203125 0.184375 0.5734372203125 0.1875 0.5765627796875 0.1875 0.5781248125 0.1890621859375 0.57968759375 0.1921871859375 0.57968759375 0.196875 0.5843751875 0.1984378140625 0.5843751875 0.2 0.5859372203125 0.203125 0.5859372203125 0.2046871859375 0.5875 0.209375 0.5875 0.2109378140625 0.5890627796875 0.21875 0.5890627796875 0.2203121859375 0.5875 0.225 0.5875 0.2265628140625 0.5859372203125 0.2296878140625 0.5859372203125 0.234375 0.5812503734375001 0.2359371859375 0.5812503734375001 0.2375 0.57968759375 0.2390621859375 0.57968759375 0.240625 0.5781248125 0.2421878140625 0.5781248125 0.2453128140625 0.575 0.246875 0.575 0.2484371859375 0.5734372203125 0.2515621859375 0.5734372203125 0.2578128140625 0.56718759375 0.259375 0.56718759375 0.26406218593749997 0.5625 0.265625 0.5625 0.26875 0.5593751874999999 0.26875 0.55781240625 0.2703121859375 0.5562503734375001 0.271875 0.5562503734375001 0.2734378140625 0.55468759375 0.2734378140625 0.5531248125 0.278125 0.5484372203125 0.278125 0.4765627796875 0.2765628140625 0.475 0.2703121859375 0.475 0.2671871859375 0.47187518749999996 0.2671871859375 0.47031240625 0.265625 0.46875037343750003 0.26406218593749997 0.46875037343750003 0.2609378140625 0.46562481250000004 0.2609378140625 0.4562503734375 0.259375 0.45468759375 0.259375 0.4515627796875 0.25625 0.4484372203125 0.25625 0.4468751875 0.2515621859375 0.44218759375000005 0.25 0.44218759375000005 0.2453128140625 0.4375 0.240625 0.4375 0.2359371859375 0.43281240624999995 0.234375 0.43281240624999995 0.2328121859375 0.43125037343750006 0.23125 0.43125037343750006 0.2296878140625 0.42968759375000004 0.228125 0.42968759375000004 0.225 0.4265627796875 0.2234371859375 0.4265627796875 0.221875 0.425 0.21875 0.425 0.2171871859375 0.4234372203125 0.215625 0.4234372203125 0.2125 0.42031240625 0.2109378140625 0.42031240625 0.209375 0.41875037343750005 0.2078121859375 0.41875037343750005 0.20625 0.42031240625 0.20625 0.42187518749999997 0.2046871859375 0.4234372203125 0.203125 0.4234372203125
17 0.478125 0.1359372203125 0.4765628140625 0.1375 0.475 0.1375 0.4734371859375 0.1390627796875 0.471875 0.1390627796875 0.465625 0.14531240625 0.4640621859375 0.14531240625 0.4625 0.1468751875 0.4625 0.1484372203125 0.459375 0.1515627796875 0.4578121859375 0.1515627796875 0.4578121859375 0.15468759375000002 0.45625 0.15625037343749998 0.45625 0.1656248125 0.4546871859375 0.16718759375 0.4546871859375 0.17031240625 0.4515628140625 0.1734372203125 0.4515628140625 0.175 0.45 0.1765627796875 0.45 0.1781248125 0.440625 0.1875 0.4390621859375 0.1875 0.434375 0.19218759375 0.434375 0.19375037343749998 0.4328121859375 0.19531240625 0.4328121859375 0.2593751875 0.434375 0.2609372203125 0.4390621859375 0.2609372203125 0.446875 0.2687496265625 0.4484371859375 0.2687496265625 0.4515628140625 0.2718751875 0.453125 0.2718751875 0.4546871859375 0.2734372203125 0.459375 0.2734372203125 0.4609378140625 0.275 0.4625 0.275 0.465625 0.2781248125 0.4671878140625 0.2781248125 0.46875 0.27968759374999996 0.4765628140625 0.27968759374999996 0.478125 0.2812503734375 0.4796871859375 0.2812503734375 0.4828128140625 0.2843751875 0.4859371859375 0.2843751875 0.4875 0.2859372203125 0.4890621859375 0.2859372203125 0.490625 0.2875 0.4921878140625 0.2875 0.4953121859375 0.2906248125 0.4984378140625 0.2906248125 0.5 0.29218759375 0.5078128140625 0.29218759375 0.509375 0.2906248125 0.5109371859375 0.2906248125 0.5140628140625 0.2875 0.5171871859375 0.2875 0.51875 0.2859372203125 0.521875 0.2859372203125 0.5234378140625 0.2843751875 0.525 0.2843751875 0.528125 0.2812503734375 0.5296878140625 0.2812503734375 0.53125 0.27968759374999996 0.5328121859375 0.27968759374999996 0.534375 0.2781248125 0.5359371859375 0.2781248125 0.5359371859375 0.2765627796875 0.540625 0.2718751875 0.540625 0.27031240625 0.5421871859375 0.2687496265625 0.5421871859375 0.25 0.54375 0.24843722031249998 0.54375 0.2468751875 0.5453128140625 0.24531240625 0.5453128140625 0.2437503734375 0.546875 0.24218759374999999 0.546875 0.24062481249999998 0.5484371859375 0.2390627796875 0.5484371859375 0.2359372203125 0.55 0.23437518750000003 0.55 0.23281240625000002 0.5546878140625 0.2281248125 0.5546878140625 0.2265627796875 0.55625 0.225 0.55625 0.2234372203125 0.5578121859375 0.22187518750000002 0.559375 0.22187518750000002 0.559375 0.18437518749999998 0.5578121859375 0.18281240625 0.5578121859375 0.1812503734375 0.55625 0.17968759375 0.55625 0.1765627796875 0.5546878140625 0.175 0.5546878140625 0.17031240625 0.546875 0.1625 0.5453128140625 0.1625 0.540625 0.15781240624999998 0.5390628140625 0.15781240624999998 0.5359371859375 0.15468759375000002 0.534375 0.15468759375000002 0.5296878140625 0.15 0.5265621859375 0.15 0.5234378140625 0.1468751875 0.5234378140625 0.14531240625 0.521875 0.14531240625 0.51875 0.14218759375 0.5171871859375 0.14218759375 0.5125 0.1375 0.509375 0.1375 0.503125 0.13125037343749998 0.4984378140625 0.13125037343749998 0.496875 0.12968759375 0.4953121859375 0.12968759375 0.49375 0.13125037343749998 0.484375 0.13125037343749998 0.4796871859375 0.1359372203125 0.478125 0.1359372203125
36 0.6109371859375 0.14218759375 0.609375 0.14218759375 0.6078121859375 0.1437503734375 0.60625 0.1437503734375 0.6046871859375 0.14531240625 0.603125 0.14531240625 0.6 0.1484372203125 0.5984371859375 0.1484372203125 0.596875 0.15 0.5953121859375 0.15 0.5890621859375 0.15625037343749998 0.5875 0.15625037343749998 0.5796871859375 0.1640627796875 0.5796871859375 0.1656248125 0.578125 0.16718759375 0.5765628140625 0.16718759375 0.5765628140625 0.1687503734375 0.575 0.17031240625 0.575 0.1718751875 0.5734371859375 0.1734372203125 0.5734371859375 0.1765627796875 0.571875 0.1781248125 0.571875 0.2234372203125 0.575 0.2265627796875 0.575 0.2281248125 0.5796871859375 0.23281240625000002 0.5796871859375 0.23437518750000003 0.58125 0.2359372203125 0.58125 0.2390627796875 0.5875 0.24531240625 0.5875 0.2640627796875 0.5890621859375 0.2656248125 0.5890621859375 0.26718759375 0.5921878140625 0.27031240625 0.5921878140625 0.2718751875 0.59375 0.2718751875 0.5953121859375 0.2734372203125 0.596875 0.2734372203125 0.5984371859375 0.275 0.6 0.275 0.603125 0.2781248125 0.60625 0.2781248125 0.6078121859375 0.27968759374999996 0.6140621859375 0.27968759374999996 0.615625 0.2812503734375 0.6171878140625 0.2812503734375 0.61875 0.28281240625000004 0.61875 0.2843751875 0.6203121859375 0.2843751875 0.628125 0.29218759375 0.63125 0.29218759375 0.6328128140625 0.2937503734375 0.634375 0.2937503734375 0.6375 0.2968751875 0.6421871859375 0.2968751875 0.6453128140625 0.2937503734375 0.6484378140625 0.2937503734375 0.65 0.29218759375 0.653125 0.29218759375 0.6578121859375 0.2875 0.659375 0.2875 0.6609378140625 0.2859372203125 0.6640628140625 0.2859372203125 0.665625 0.2843751875 0.6671871859375 0.2843751875 0.671875 0.27968759374999996 0.6765628140625 0.27968759374999996 0.6828121859375 0.2734372203125 0.684375 0.2734372203125 0.6890621859375 0.2687496265625 0.690625 0.2687496265625 0.69375 0.2656248125 0.69375 0.2640627796875 0.6984371859375 0.2593751875 0.6984371859375 0.1765627796875 0.69375 0.1718751875 0.69375 0.17031240625 0.6859371859375 0.1625 0.6828121859375 0.1625 0.6765628140625 0.15625037343749998 0.675 0.15625037343749998 0.6703121859375 0.1515627796875 0.66875 0.1515627796875 0.6671871859375 0.15 0.665625 0.15 0.6640628140625 0.1484372203125 0.6625 0.1484372203125 0.6609378140625 0.1468751875 0.6609378140625 0.14531240625 0.659375 0.1437503734375 0.6578121859375 0.1437503734375 0.65625 0.14218759375 0.6546871859375 0.14218759375 0.653125 0.1406248125 0.653125 0.1390627796875 0.6515621859375 0.1390627796875 0.65 0.1375 0.646875 0.1375 0.6421871859375 0.13281240625 0.6203121859375 0.13281240625 0.6203121859375 0.1343751875 0.6171878140625 0.1375 0.615625 0.1375 0.6109371859375 0.14218759375
36 0.55 0.56718759375 0.5484371859375 0.5687496265624999 0.546875 0.5687496265624999 0.5453128140625 0.57031240625 0.54375 0.57031240625 0.54375 0.5718751875 0.540625 0.575 0.5390628140625 0.575 0.5328121859375 0.5812503734375001 0.53125 0.5812503734375001 0.5265621859375 0.5859372203125 0.525 0.5859372203125 0.521875 0.5890627796875 0.5203121859375 0.5890627796875 0.51875 0.5906248125 0.51875 0.5921875937500001 0.5171871859375 0.5937503734375 0.515625 0.5937503734375 0.509375 0.6 0.5078128140625 0.6 0.50625 0.6015627796875 0.50625 0.60468759375 0.5046871859375 0.6062503734375 0.5046871859375 0.60781240625 0.503125 0.6093751875 0.503125 0.6109372203125 0.5015621859375 0.6125 0.5015621859375 0.68281240625 0.503125 0.6843751874999999 0.503125 0.6875 0.5046871859375 0.6890627796875 0.5046871859375 0.6906248125000001 0.50625 0.69218759375 0.50625 0.69531240625 0.5140628140625 0.7031248125 0.515625 0.7031248125 0.5171871859375 0.70468759375 0.51875 0.70468759375 0.5203121859375 0.7062503734375001 0.521875 0.7062503734375001 0.5265621859375 0.7109372203125 0.5296878140625 0.7109372203125 0.53125 0.7125 0.5328121859375 0.7125 0.5359371859375 0.7156248125 0.5375 0.7156248125 0.5390628140625 0.7171875937500001 0.5421871859375 0.7171875937500001 0.54375 0.7187503734375 0.5453128140625 0.7187503734375 0.5484371859375 0.7218751875 0.55 0.7218751875 0.5515621859375 0.7234372203125 0.5546878140625 0.7234372203125 0.55625 0.725 0.571875 0.725 0.5734371859375 0.7234372203125 0.5765628140625 0.7234372203125 0.578125 0.7218751875 0.5796871859375 0.7218751875 0.5828121859375 0.7187503734375 0.584375 0.7187503734375 0.5859378140625 0.7171875937500001 0.5890621859375 0.7171875937500001 0.5953121859375 0.7109372203125 0.596875 0.7109372203125 0.596875 0.7093751875 0.5984371859375 0.70781240625 0.5984371859375 0.7062503734375001 0.6 0.70468759375 0.6 0.7031248125 0.6015628140625 0.7015627796875 0.6015628140625 0.7 0.603125 0.6984372203125 0.603125 0.6937503734375 0.6046871859375 0.69218759375 0.6046871859375 0.67031240625 0.6078121859375 0.66718759375 0.609375 0.66718759375 0.609375 0.6656248125 0.621875 0.6531248125 0.6234371859375 0.6531248125 0.6234371859375 0.6515627796875 0.625 0.65 0.625 0.6484372203125 0.628125 0.64531240625 0.628125 0.6125 0.6265621859375 0.6109372203125 0.6265621859375 0.6093751875 0.6234371859375 0.6062503734375 0.6234371859375 0.60468759375 0.6203121859375 0.6015627796875 0.61875 0.6015627796875 0.6171878140625 0.6 0.615625 0.6 0.6109371859375 0.5953124062499999 0.609375 0.5953124062499999 0.6078121859375 0.5937503734375 0.60625 0.5937503734375 0.6046871859375 0.5921875937500001 0.603125 0.5921875937500001 0.5984371859375 0.5875 0.596875 0.5875 0.5953121859375 0.5859372203125 0.59375 0.5859372203125 0.5890621859375 0.5812503734375001 0.5875 0.5812503734375001 0.5859378140625 0.57968759375 0.584375 0.57968759375 0.5734371859375 0.5687496265624999 0.571875 0.5687496265624999 0.5703128140625 0.56718759375 0.56875 0.56718759375 0.565625 0.5640627796875 0.55625 0.5640627796875 0.5546878140625 0.5656248125000001 0.553125 0.5656248125000001 0.5515621859375 0.56718759375 0.55 0.56718759375
35 0.5546878140625 0.29218759375 0.553125 0.2937503734375 0.553125 0.29531240625 0.5515621859375 0.2968751875 0.5453128140625 0.2968751875 0.5359371859375 0.3062503734375 0.521875 0.3062503734375 0.5203121859375 0.30781240625 0.51875 0.30781240625 0.5140628140625 0.3125 0.5125 0.3125 0.5109371859375 0.3140627796875 0.5109371859375 0.31562481249999996 0.5078128140625 0.3187503734375 0.5078128140625 0.32031240625 0.5046871859375 0.3234372203125 0.5046871859375 0.40468759375 0.50625 0.40625037343750003 0.50625 0.40781240625 0.509375 0.4109372203125 0.5125 0.4109372203125 0.5140628140625 0.4125 0.515625 0.4125 0.5203121859375 0.41718759375000003 0.5234378140625 0.41718759375000003 0.528125 0.42187518749999997 0.53125 0.42187518749999997 0.5328121859375 0.4234372203125 0.546875 0.4234372203125 0.553125 0.41718759375000003 0.5609378140625 0.41718759375000003 0.5625 0.41562481250000005 0.565625 0.41562481250000005 0.5671871859375 0.41718759375000003 0.5734371859375 0.41718759375000003 0.575 0.41875037343750005 0.5765628140625 0.41875037343750005 0.5796871859375 0.42187518749999997 0.58125 0.42187518749999997 0.5828121859375 0.4234372203125 0.5921878140625 0.4234372203125 0.59375 0.42187518749999997 0.5953121859375 0.42187518749999997 0.5984371859375 0.41875037343750005 0.6 0.41875037343750005 0.6015628140625 0.41718759375000003 0.60625 0.41718759375000003 0.6078121859375 0.41562481250000005 0.609375 0.41562481250000005 0.6125 0.4125 0.6140621859375 0.4125 0.615625 0.4109372203125 0.6171878140625 0.4109372203125 0.625 0.40312481250000004 0.625 0.4015627796875 0.6265621859375 0.4 0.6265621859375 0.34218759374999996 0.625 0.3406248125 0.625 0.325 0.6234371859375 0.3234372203125 0.6234371859375 0.31562481249999996 0.6140621859375 0.3062503734375 0.609375 0.3062503734375 0.6046871859375 0.3015627796875 0.603125 0.3015627796875 0.6015628140625 0.3 0.5984371859375 0.3 0.596875 0.2984372203125 0.5953121859375 0.2984372203125 0.590625 0.2937503734375 0.584375 0.2937503734375 0.5828121859375 0.29218759375 0.58125 0.29218759375 0.578125 0.2890627796875 0.5765628140625 0.2890627796875 0.571875 0.2843751875 0.5578121859375 0.2843751875 0.55625 0.2859372203125 0.55625 0.2890627796875 0.5546878140625 0.2906248125 0.5546878140625 0.29218759375
35 0.6953128140625 0.28281240625000004 0.69375 0.2843751875 0.6921878140625 0.2843751875 0.6890621859375 0.2875 0.6875 0.2875 0.6859371859375 0.2890627796875 0.6828121859375 0.2890627796875 0.6796878140625 0.29218759375 0.678125 0.29218759375 0.675 0.29531240625 0.6734371859375 0.29531240625 0.6703121859375 0.2984372203125 0.66875 0.2984372203125 0.6671871859375 0.3 0.665625 0.3 0.6640628140625 0.3015627796875 0.6625 0.3015627796875 0.6609378140625 0.3031248125 0.659375 0.3031248125 0.653125 0.30937518750000004 0.6515621859375 0.30937518750000004 0.646875 0.3140627796875 0.6453128140625 0.3140627796875 0.6453128140625 0.31562481249999996 0.64375 0.31718759375 0.64375 0.3187503734375 0.6421871859375 0.32031240625 0.6421871859375 0.3218751875 0.640625 0.3234372203125 0.640625 0.40625037343750003 0.6421871859375 0.40781240625 0.6421871859375 0.40937518749999996 0.6453128140625 0.4125 0.6453128140625 0.4140627796875 0.646875 0.4140627796875 0.65 0.41718759375000003 0.653125 0.41718759375000003 0.6546871859375 0.41875037343750005 0.65625 0.41875037343750005 0.659375 0.42187518749999997 0.6609378140625 0.42187518749999997 0.6625 0.4234372203125 0.665625 0.4234372203125 0.6703121859375 0.4281248125 0.671875 0.4281248125 0.6734371859375 0.42968759375000004 0.675 0.42968759375000004 0.6765628140625 0.43125037343750006 0.678125 0.43125037343750006 0.68125 0.4343751875 0.684375 0.4343751875 0.6859371859375 0.4359372203125 0.7 0.4359372203125 0.70625 0.42968759375000004 0.7078128140625 0.42968759375000004 0.709375 0.4281248125 0.7109378140625 0.4281248125 0.7125 0.4265627796875 0.7140621859375 0.4265627796875 0.715625 0.425 0.7171871859375 0.4265627796875 0.721875 0.4265627796875 0.7234378140625 0.425 0.7265628140625 0.425 0.728125 0.4234372203125 0.7296871859375 0.4234372203125 0.73125 0.42187518749999997 0.7328121859375 0.42187518749999997 0.7359371859375 0.41875037343750005 0.7375 0.41875037343750005 0.7390628140625 0.41718759375000003 0.7453121859375 0.41718759375000003 0.7484371859375 0.4140627796875 0.7484371859375 0.4109372203125 0.75 0.40937518749999996 0.75 0.40781240625 0.7546878140625 0.40312481250000004 0.7546878140625 0.3890627796875 0.7609371859375 0.38281240625 0.7609371859375 0.3812503734375 0.7625 0.37968759375 0.7625 0.37812481249999996 0.7671871859375 0.3734372203125 0.7671871859375 0.32031240625 0.765625 0.3187503734375 0.765625 0.31562481249999996 0.7625 0.3125 0.7625 0.3109372203125 0.7609371859375 0.30937518750000004 0.7609371859375 0.30781240625 0.759375 0.3062503734375 0.7578128140625 0.3062503734375 0.7515621859375 0.3 0.75 0.3 0.7484371859375 0.2984372203125 0.746875 0.2984372203125 0.74375 0.29531240625 0.7421878140625 0.29531240625 0.740625 0.2937503734375 0.7375 0.2937503734375 0.734375 0.2906248125 0.7328121859375 0.2906248125 0.73125 0.2890627796875 0.7296871859375 0.2890627796875 0.728125 0.2875 0.7265628140625 0.2875 0.721875 0.28281240625000004 0.7203121859375 0.28281240625000004 0.71875 0.2812503734375 0.7171871859375 0.2812503734375 0.715625 0.27968759374999996 0.703125 0.27968759374999996 0.7015621859375 0.2812503734375 0.6984371859375 0.2812503734375 0.696875 0.28281240625000004 0.6953128140625 0.28281240625000004
37 0.271875 0.56718759375 0.2703121859375 0.5687496265624999 0.2671871859375 0.5687496265624999 0.2625 0.5734372203125 0.2609378140625 0.5734372203125 0.259375 0.575 0.2578128140625 0.575 0.25625 0.5765627796875 0.25625 0.5781248125 0.2546871859375 0.57968759375 0.253125 0.57968759375 0.2515621859375 0.5812503734375001 0.2484371859375 0.5812503734375001 0.246875 0.58281240625 0.2453128140625 0.58281240625 0.2421878140625 0.5859372203125 0.240625 0.5859372203125 0.2390621859375 0.5875 0.2359371859375 0.5875 0.234375 0.5890627796875 0.2328121859375 0.5890627796875 0.2328121859375 0.5906248125 0.23125 0.5921875937500001 0.2296878140625 0.5921875937500001 0.228125 0.5937503734375 0.2265628140625 0.5937503734375 0.2265628140625 0.5953124062499999 0.2234371859375 0.5984372203125 0.2234371859375 0.6 0.2203121859375 0.6031248125 0.2203121859375 0.60468759375 0.21875 0.6062503734375 0.21875 0.69218759375 0.2203121859375 0.6937503734375 0.2203121859375 0.6968751875 0.221875 0.6968751875 0.2234371859375 0.6984372203125 0.225 0.6984372203125 0.2265628140625 0.7 0.228125 0.7 0.2328121859375 0.70468759375 0.234375 0.70468759375 0.2390621859375 0.7093751875 0.240625 0.7093751875 0.2421878140625 0.7109372203125 0.2453128140625 0.7109372203125 0.2515621859375 0.7171875937500001 0.2546871859375 0.7171875937500001 0.2578128140625 0.7203124062499999 0.259375 0.7203124062499999 0.2625 0.7171875937500001 0.26406218593749997 0.7171875937500001 0.2703121859375 0.7109372203125 0.275 0.7109372203125 0.2765628140625 0.7093751875 0.2921878140625 0.7093751875 0.29375 0.7109372203125 0.3 0.7109372203125 0.3015621859375 0.7125 0.3140621859375 0.7125 0.315625 0.7109372203125 0.321875 0.7109372203125 0.3265628140625 0.7062503734375001 0.328125 0.7062503734375001 0.3296871859375 0.70468759375 0.33125 0.70468759375 0.3328121859375 0.7031248125 0.334375 0.7031248125 0.3390621859375 0.6984372203125 0.340625 0.6984372203125 0.3421878140625 0.6968751875 0.3421878140625 0.69531240625 0.346875 0.6906248125000001 0.346875 0.6062503734375 0.34375 0.6031248125 0.34375 0.6015627796875 0.3421878140625 0.6 0.3421878140625 0.5984372203125 0.340625 0.5968751875 0.340625 0.5953124062499999 0.3375 0.5921875937500001 0.3359378140625 0.5921875937500001 0.334375 0.5906248125 0.2921878140625 0.56718759375 0.290625 0.5656248125000001 0.2859371859375 0.5656248125000001 0.284375 0.5640627796875 0.2828121859375 0.5656248125000001 0.27968718593749997 0.5656248125000001 0.278125 0.56718759375 0.271875 0.56718759375
32 0.3375 0.2812503734375 0.3359378140625 0.28281240625000004 0.3359378140625 0.2859372203125 0.3375 0.2875 0.3375 0.2968751875 0.3359378140625 0.2984372203125 0.3359378140625 0.32031240625 0.3390621859375 0.3234372203125 0.34375 0.3234372203125 0.3453121859375 0.325 0.3484371859375 0.325 0.35 0.3265627796875 0.3609371859375 0.3265627796875 0.3625 0.325 0.365625 0.325 0.3671878140625 0.3234372203125 0.371875 0.3234372203125 0.3734378140625 0.3218751875 0.3734378140625 0.28281240625000004 0.365625 0.275 0.3640621859375 0.275 0.3625 0.2734372203125 0.34375 0.2734372203125 0.3421878140625 0.275 0.340625 0.275 0.3375 0.2781248125 0.3375 0.2812503734375
0 0.33910364375 0.432761584375 0.3344164578125 0.43744917812499995 0.32972864375 0.43744917812499995 0.3281664578125 0.43901195781249996 0.326604271875 0.43901195781249996 0.3219164578125 0.4436988046875 0.320354271875 0.4436988046875 0.3187914578125 0.445261584375 0.31722864375 0.445261584375 0.31722864375 0.44682436406250003 0.3125414578125 0.4515119578125 0.3125414578125 0.454636771875 0.3094164578125 0.45776158437500003 0.3094164578125 0.45932436406250005 0.30785364375 0.460886396875 0.30785364375 0.46244917812499997 0.3062914578125 0.4640119578125 0.3062914578125 0.465573990625 0.2969164578125 0.474949178125 0.29535364375 0.474949178125 0.2937914578125 0.4765119578125 0.2937914578125 0.478073990625 0.29222927187500003 0.479636771875 0.29222927187500003 0.549949178125 0.2937914578125 0.5515119578125 0.2937914578125 0.554636771875 0.304729271875 0.565573990625 0.304729271875 0.567136771875 0.3062914578125 0.5686988046875 0.3094164578125 0.5686988046875 0.31410364375 0.5733863968749999 0.3156664578125 0.5733863968749999 0.31722864375 0.574949178125 0.3187914578125 0.574949178125 0.3219164578125 0.578073990625 0.3625414578125 0.585886396875 0.36410364375 0.5843243640625 0.3656664578125 0.5843243640625 0.3687914578125 0.5811995515625 0.37035364375 0.5811995515625 0.3719164578125 0.579636771875 0.373479271875 0.579636771875 0.3750414578125 0.578073990625 0.37660364375 0.578073990625 0.37972864375 0.574949178125 0.3812914578125 0.574949178125 0.382854271875 0.5733863968749999 0.3844164578125 0.5733863968749999 0.389104271875 0.5686988046875 0.3906664578125 0.5686988046875 0.39222864375 0.567136771875 0.39222864375 0.562449178125 0.3937914578125 0.560886396875 0.3937914578125 0.557761584375 0.39222864375 0.5561995515625 0.39222864375 0.5265119578124999 0.39535364375 0.523386396875 0.3969164578125 0.523386396875 0.398479271875 0.5218243640625 0.398479271875 0.5186995515625 0.40472927187499996 0.512449178125 0.40472927187499996 0.5108863968749999 0.4062914578125 0.5093243640625 0.4062914578125 0.5077615843750001 0.41097864375000004 0.503073990625 0.41097864375000004 0.46244917812499997 0.40941645781249997 0.460886396875 0.40941645781249997 0.45932436406250005 0.40785364375000005 0.45776158437500003 0.40785364375000005 0.4561995515625 0.40472927187499996 0.453073990625 0.40472927187499996 0.4515119578125 0.40316645781249993 0.4515119578125 0.40160364375 0.44994917812499996 0.40004145781249995 0.44994917812499996 0.398479271875 0.448386396875 0.3969164578125 0.448386396875 0.3937914578125 0.445261584375 0.39222864375 0.445261584375 0.3906664578125 0.4436988046875 0.389104271875 0.4436988046875 0.3875414578125 0.442136771875 0.38597864375 0.442136771875 0.3844164578125 0.440573990625 0.382854271875 0.440573990625 0.3812914578125 0.43901195781249996 0.3781664578125 0.43901195781249996 0.37660364375 0.43744917812499995 0.3750414578125 0.43744917812499995 0.37035364375 0.432761584375 0.3687914578125 0.432761584375 0.367229271875 0.4311995515625 0.3656664578125 0.4311995515625 0.36410364375 0.429636771875 0.3562914578125 0.429636771875 0.35472864375 0.4311995515625 0.3437914578125 0.4311995515625 0.342229271875 0.432761584375 0.33910364375 0.432761584375
32 0.1984378140625 0.27968759374999996 0.196875 0.2812503734375 0.1953128140625 0.2812503734375 0.19375 0.28281240625000004 0.19375 0.2968751875 0.1921871859375 0.2984372203125 0.1921871859375 0.3234372203125 0.1953128140625 0.3265627796875 0.196875 0.3265627796875 0.1984378140625 0.3281248125 0.2203121859375 0.3281248125 0.2234371859375 0.325 0.225 0.325 0.2265628140625 0.3234372203125 0.228125 0.3234372203125 0.2296878140625 0.3218751875 0.2296878140625 0.32031240625 0.2328121859375 0.31718759375 0.2328121859375 0.29218759375 0.23125 0.2906248125 0.23125 0.2859372203125 0.2296878140625 0.2843751875 0.2296878140625 0.2812503734375 0.2234371859375 0.275 0.221875 0.275 0.2203121859375 0.2734372203125 0.2046871859375 0.2734372203125 0.203125 0.275 0.2015621859375 0.275 0.1984378140625 0.2781248125 0.1984378140625 0.27968759374999996
17 0.4125 0.5765627796875 0.4109371859375 0.5781248125 0.4109371859375 0.57968759375 0.40625 0.5843751875 0.40625 0.5859372203125 0.4046878140625 0.5875 0.4046878140625 0.5890627796875 0.403125 0.5906248125 0.4015621859375 0.5906248125 0.3984378140625 0.5875 0.39375 0.5875 0.3921871859375 0.5890627796875 0.3890628140625 0.5890627796875 0.3828128140625 0.5953124062499999 0.3828128140625 0.5984372203125 0.390625 0.6062503734375 0.390625 0.60781240625 0.3921871859375 0.6093751875 0.3921871859375 0.6109372203125 0.39375 0.6125 0.39375 0.62031240625 0.3953121859375 0.6218751874999999 0.3953121859375 0.6234372203125 0.396875 0.6234372203125 0.3984378140625 0.625 0.3984378140625 0.6265627796875 0.4 0.6281248125000001 0.4 0.63281240625 0.40625 0.6390627796875 0.40625 0.6468751875 0.403125 0.65 0.4015621859375 0.65 0.3890628140625 0.6625 0.365625 0.6625 0.3640621859375 0.6640627796875 0.3640621859375 0.6937503734375 0.36875 0.6984372203125 0.3703121859375 0.6984372203125 0.371875 0.7 0.3734378140625 0.7 0.378125 0.70468759375 0.3828128140625 0.70468759375 0.3875 0.7093751875 0.3890628140625 0.7093751875 0.390625 0.7109372203125 0.396875 0.7109372203125 0.403125 0.70468759375 0.4125 0.70468759375 0.4140628140625 0.7031248125 0.415625 0.7031248125 0.4171871859375 0.70468759375 0.421875 0.70468759375 0.4234371859375 0.7062503734375001 0.425 0.7062503734375001 0.428125 0.7093751875 0.4296878140625 0.7093751875 0.43125 0.7109372203125 0.4328121859375 0.7109372203125 0.4390621859375 0.7171875937500001 0.4484371859375 0.7171875937500001 0.45 0.7156248125 0.453125 0.7156248125 0.45625 0.7125 0.4578121859375 0.7125 0.459375 0.7109372203125 0.4640621859375 0.7109372203125 0.465625 0.7093751875 0.4671878140625 0.7093751875 0.471875 0.70468759375 0.4734371859375 0.70468759375 0.4859371859375 0.69218759375 0.4859371859375 0.6890627796875 0.4875 0.6875 0.4875 0.6437503734375001 0.4859371859375 0.64218759375 0.4859371859375 0.6093751875 0.484375 0.60781240625 0.484375 0.6062503734375 0.4828128140625 0.60468759375 0.4828128140625 0.6031248125 0.4734371859375 0.5937503734375 0.471875 0.5937503734375 0.4640621859375 0.5859372203125 0.4625 0.5859372203125 0.4609378140625 0.5843751875 0.4609378140625 0.58281240625 0.459375 0.5812503734375001 0.4578121859375 0.5812503734375001 0.453125 0.5765627796875 0.45625 0.5734372203125 0.45 0.5734372203125 0.4484371859375 0.575 0.4171871859375 0.575 0.415625 0.5765627796875 0.4125 0.5765627796875
36 0.26875 0.2843751875 0.265625 0.2875 0.26406218593749997 0.2875 0.2625 0.2890627796875 0.2609378140625 0.2890627796875 0.2578128140625 0.29218759375 0.25625 0.29218759375 0.2546871859375 0.2937503734375 0.253125 0.2937503734375 0.2515621859375 0.29531240625 0.25 0.29531240625 0.2390621859375 0.3062503734375 0.2390621859375 0.30781240625 0.2375 0.30937518750000004 0.2375 0.3140627796875 0.23125 0.32031240625 0.23125 0.3218751875 0.2265628140625 0.3265627796875 0.225 0.3265627796875 0.225 0.3281248125 0.221875 0.33125037343749997 0.221875 0.39531240625 0.2234371859375 0.3968751875 0.2234371859375 0.4 0.225 0.4015627796875 0.225 0.40312481250000004 0.2265628140625 0.40468759375 0.228125 0.40468759375 0.23125 0.40781240625 0.23125 0.40937518749999996 0.2328121859375 0.4109372203125 0.2359371859375 0.4109372203125 0.2375 0.4125 0.2390621859375 0.4125 0.2421878140625 0.41562481250000005 0.24375 0.41562481250000005 0.2453128140625 0.41718759375000003 0.2484371859375 0.41718759375000003 0.25 0.41875037343750005 0.253125 0.41875037343750005 0.25625 0.42187518749999997 0.2578128140625 0.42187518749999997 0.259375 0.4234372203125 0.2609378140625 0.42187518749999997 0.26875 0.42187518749999997 0.2703121859375 0.42031240625 0.271875 0.42031240625 0.2734378140625 0.41875037343750005 0.275 0.41875037343750005 0.2765628140625 0.41718759375000003 0.290625 0.41718759375000003 0.2921878140625 0.41875037343750005 0.29375 0.41875037343750005 0.29531218593749997 0.42031240625 0.296875 0.42031240625 0.2984371859375 0.42187518749999997 0.3046878140625 0.42187518749999997 0.30625 0.4234372203125 0.3078121859375 0.4234372203125 0.309375 0.42187518749999997 0.31093718593749997 0.42187518749999997 0.3140621859375 0.41875037343750005 0.315625 0.41875037343750005 0.3171871859375 0.41718759375000003 0.321875 0.41718759375000003 0.3234371859375 0.41562481250000005 0.325 0.41562481250000005 0.325 0.4140627796875 0.3265628140625 0.4125 0.328125 0.4125 0.3296871859375 0.4109372203125 0.3328121859375 0.4109372203125 0.3359378140625 0.40781240625 0.3359378140625 0.40625037343750003 0.3390621859375 0.40312481250000004 0.340625 0.40312481250000004 0.340625 0.4 0.3421878140625 0.3984372203125 0.3421878140625 0.33281240625 0.340625 0.33125037343749997 0.340625 0.32968759375 0.33125 0.32031240625 0.33125 0.3187503734375 0.3296871859375 0.31718759375 0.3296871859375 0.3109372203125 0.328125 0.30937518750000004 0.328125 0.30781240625 0.325 0.30468759375 0.325 0.3031248125 0.321875 0.3 0.3203128140625 0.3 0.315625 0.29531240625 0.3140621859375 0.29531240625 0.3125 0.2937503734375 0.309375 0.2937503734375 0.303125 0.2875 0.3015621859375 0.2875 0.3 0.2859372203125 0.2984371859375 0.2859372203125 0.29531218593749997 0.28281240625000004 0.29375 0.28281240625000004 0.2921878140625 0.2812503734375 0.275 0.2812503734375 0.2734378140625 0.28281240625000004 0.271875 0.28281240625000004 0.2703121859375 0.2843751875 0.26875 0.2843751875
37 0.48125 0.7125 0.4796871859375 0.7140627796875 0.478125 0.7140627796875 0.4734371859375 0.7187503734375 0.471875 0.7187503734375 0.4703121859375 0.7203124062499999 0.46875 0.7203124062499999 0.46875 0.7218751875 0.4640621859375 0.7265627796875 0.4640621859375 0.7281248125 0.4625 0.72968759375 0.4625 0.73281240625 0.4609378140625 0.7343751875 0.4609378140625 0.7375 0.4578121859375 0.7406248125 0.4578121859375 0.7437503734375001 0.45625 0.74531240625 0.45625 0.75 0.4546871859375 0.7515627796875 0.4546871859375 0.7531248125000001 0.45 0.75781240625 0.45 0.7593751875 0.446875 0.7625 0.44375 0.7625 0.4421871859375 0.7640627796875 0.440625 0.7640627796875 0.4375 0.76718759375 0.4375 0.7687503734375001 0.4359378140625 0.77031240625 0.4359378140625 0.84218759375 0.440625 0.8468751875 0.4421871859375 0.8468751875 0.4484371859375 0.8531248124999999 0.45 0.8531248124999999 0.4515628140625 0.8546875937499999 0.453125 0.8546875937499999 0.459375 0.8609372203125 0.4609378140625 0.8609372203125 0.4625 0.8625 0.4640621859375 0.8625 0.46875 0.86718759375 0.4703121859375 0.86718759375 0.4765628140625 0.8734372203125 0.4796871859375 0.8734372203125 0.48125 0.875 0.4828128140625 0.875 0.4859371859375 0.8781248125 0.4875 0.8781248125 0.4890621859375 0.8796875937499999 0.4984378140625 0.8796875937499999 0.5 0.8781248125 0.5015621859375 0.8781248125 0.5046871859375 0.875 0.50625 0.875 0.5078128140625 0.8734372203125 0.509375 0.8734372203125 0.5140628140625 0.8687503734375 0.515625 0.8687503734375 0.51875 0.8656248124999999 0.51875 0.8640627796875 0.5203121859375 0.8625 0.521875 0.8625 0.5234378140625 0.8609372203125 0.5265621859375 0.8609372203125 0.53125 0.8562496265625 0.5328121859375 0.8562496265625 0.534375 0.8546875937499999 0.5375 0.8546875937499999 0.5390628140625 0.8531248124999999 0.540625 0.8531248124999999 0.546875 0.8468751875 0.5484371859375 0.8468751875 0.5484371859375 0.84531240625 0.5546878140625 0.8390627796875 0.5546878140625 0.8281248124999999 0.55625 0.8265627796875 0.55625 0.8187503734374999 0.5546878140625 0.8171875937499999 0.5546878140625 0.8140627796875 0.55625 0.8125 0.55625 0.77031240625 0.5546878140625 0.7687503734375001 0.5546878140625 0.7531248125000001 0.553125 0.7515627796875 0.553125 0.75 0.5421871859375 0.7390627796875 0.540625 0.7390627796875 0.5390628140625 0.7375 0.5375 0.7375 0.5359371859375 0.7359372203125 0.534375 0.7359372203125 0.53125 0.73281240625 0.5296878140625 0.73281240625 0.528125 0.7312503734375 0.5265621859375 0.7312503734375 0.5203121859375 0.725 0.51875 0.725 0.515625 0.7218751875 0.515625 0.7203124062499999 0.5140628140625 0.7203124062499999 0.5125 0.7187503734375 0.5109371859375 0.7187503734375 0.509375 0.7171875937500001 0.5078128140625 0.7171875937500001 0.503125 0.7125 0.5015621859375 0.7125 0.5 0.7109372203125 0.4984378140625 0.7109372203125 0.496875 0.7093751875 0.4890621859375 0.7093751875 0.4875 0.7109372203125 0.4859371859375 0.7109372203125 0.484375 0.7125 0.48125 0.7125
37 0.4765628140625 0.4343751875 0.475 0.4359372203125 0.4734371859375 0.4359372203125 0.471875 0.4375 0.465625 0.4375 0.4640621859375 0.4390627796875 0.4625 0.4390627796875 0.459375 0.44218759375000005 0.4578121859375 0.44218759375000005 0.45625 0.44374962656249994 0.453125 0.44374962656249994 0.4515628140625 0.44531240624999996 0.45 0.44531240624999996 0.4453128140625 0.45 0.440625 0.45 0.4375 0.45312481250000003 0.4375 0.4562503734375 0.4359378140625 0.45781240624999997 0.4359378140625 0.45937518749999995 0.434375 0.4609372203125 0.434375 0.5281248125 0.4359378140625 0.5296875937500001 0.4359378140625 0.5312503734375 0.4375 0.5328124062499999 0.4375 0.5343751875 0.4390621859375 0.5359372203125 0.440625 0.5359372203125 0.44375 0.5390627796875 0.44375 0.5406248125 0.4453128140625 0.54218759375 0.446875 0.54218759375 0.4515628140625 0.5468751875 0.4515628140625 0.5484372203125 0.453125 0.55 0.453125 0.5515627796875 0.4546871859375 0.5531248125 0.4546871859375 0.5656248125000001 0.453125 0.56718759375 0.453125 0.5718751875 0.4546871859375 0.5734372203125 0.4703121859375 0.5734372203125 0.471875 0.575 0.4734371859375 0.575 0.4796871859375 0.5812503734375001 0.4796871859375 0.58281240625 0.48125 0.5843751875 0.4828128140625 0.5843751875 0.484375 0.5859372203125 0.496875 0.5859372203125 0.4984378140625 0.5843751875 0.5015621859375 0.5843751875 0.5015621859375 0.58281240625 0.5 0.58281240625 0.4984378140625 0.5812503734375001 0.496875 0.5812503734375001 0.4953121859375 0.57968759375 0.49375 0.57968759375 0.4921878140625 0.5781248125 0.4921878140625 0.5765627796875 0.5 0.5687496265624999 0.5078128140625 0.5687496265624999 0.5109371859375 0.5718751875 0.5140628140625 0.5718751875 0.515625 0.5734372203125 0.5171871859375 0.5718751875 0.5234378140625 0.5718751875 0.525 0.57031240625 0.5265621859375 0.57031240625 0.528125 0.5687496265624999 0.5328121859375 0.5687496265624999 0.534375 0.56718759375 0.5375 0.56718759375 0.54375 0.5609372203125 0.5453128140625 0.5609372203125 0.546875 0.5593751874999999 0.546875 0.55781240625 0.55 0.55468759375 0.5515621859375 0.55468759375 0.5546878140625 0.5515627796875 0.5546878140625 0.5468751875 0.55625 0.54531240625 0.55625 0.52031240625 0.5578121859375 0.5187503734375001 0.5578121859375 0.5156248125 0.559375 0.5140627796875 0.559375 0.48125037343750005 0.55625 0.47812481250000005 0.55625 0.4765627796875 0.5546878140625 0.4765627796875 0.553125 0.475 0.5515621859375 0.475 0.55 0.4734372203125 0.5484371859375 0.4734372203125 0.5421871859375 0.46718759375 0.5421871859375 0.46562481250000004 0.5359371859375 0.45937518749999995 0.5359371859375 0.4562503734375 0.5328121859375 0.45312481250000003 0.5328121859375 0.4515627796875 0.5265621859375 0.44531240624999996 0.525 0.44531240624999996 0.5234378140625 0.44374962656249994 0.5203121859375 0.44374962656249994 0.51875 0.44218759375000005 0.5171871859375 0.44218759375000005 0.5140628140625 0.4390627796875 0.5125 0.4390627796875 0.5109371859375 0.4375 0.509375 0.4375 0.50625 0.4343751875 0.5046871859375 0.4343751875 0.503125 0.43281240624999995 0.5 0.43281240624999995 0.4984378140625 0.43125037343750006 0.4875 0.43125037343750006 0.4859371859375 0.43281240624999995 0.4796871859375 0.43281240624999995 0.478125 0.4343751875 0.4765628140625 0.4343751875
36 0.759375 0.43125037343750006 0.753125 0.4375 0.75 0.4375 0.7484371859375 0.4390627796875 0.746875 0.4390627796875 0.74375 0.44218759375000005 0.7421878140625 0.44218759375000005 0.740625 0.44374962656249994 0.7390628140625 0.44374962656249994 0.7375 0.44531240624999996 0.7359371859375 0.44531240624999996 0.7328121859375 0.4484372203125 0.73125 0.4484372203125 0.7296871859375 0.45 0.7265628140625 0.45 0.725 0.4515627796875 0.725 0.45312481250000003 0.721875 0.4562503734375 0.7203121859375 0.4562503734375 0.71875 0.45781240624999997 0.71875 0.5312503734375 0.7203121859375 0.5328124062499999 0.7203121859375 0.5343751875 0.721875 0.5343751875 0.7234378140625 0.5359372203125 0.725 0.5359372203125 0.73125 0.54218759375 0.7328121859375 0.54218759375 0.7359371859375 0.54531240625 0.7359371859375 0.5468751875 0.7375 0.5484372203125 0.7375 0.55781240625 0.74375 0.5640627796875 0.74375 0.5656248125000001 0.7453121859375 0.5656248125000001 0.746875 0.56718759375 0.7484371859375 0.56718759375 0.753125 0.5718751875 0.7546878140625 0.5718751875 0.7578128140625 0.575 0.759375 0.575 0.7640621859375 0.57968759375 0.765625 0.57968759375 0.7703128140625 0.5843751875 0.7796871859375 0.5843751875 0.7828121859375 0.5812503734375001 0.7859378140625 0.5812503734375001 0.7875 0.57968759375 0.790625 0.57968759375 0.796875 0.5734372203125 0.7984371859375 0.5734372203125 0.8015628140625 0.57031240625 0.803125 0.57031240625 0.80625 0.56718759375 0.8109371859375001 0.56718759375 0.8125 0.5656248125000001 0.8140621859375001 0.5656248125000001 0.815625 0.5640627796875 0.815625 0.5625 0.8171878140625 0.5609372203125 0.8171878140625 0.55781240625 0.821875 0.5531248125 0.821875 0.5515627796875 0.8234371859375 0.55 0.8234371859375 0.5343751875 0.825 0.5328124062499999 0.825 0.5312503734375 0.8265621859375001 0.5296875937500001 0.828125 0.5296875937500001 0.828125 0.5281248125 0.8296871859375001 0.5265627796875 0.8296871859375001 0.5218751875 0.8359378140624999 0.5156248125 0.8359378140624999 0.5125 0.8375 0.5109372203125 0.8375 0.5093751875 0.840625 0.5062496265624999 0.840625 0.47968759375000003 0.8390621859375 0.47812481250000005 0.8390621859375 0.475 0.8375 0.4734372203125 0.8375 0.47031240625 0.8359378140624999 0.46875037343750003 0.8359378140624999 0.4640627796875 0.821875 0.45 0.8203128140624999 0.45 0.81875 0.4484372203125 0.8171878140625 0.4484372203125 0.815625 0.4468751875 0.815625 0.44531240624999996 0.8140621859375001 0.44531240624999996 0.8125 0.44374962656249994 0.8109371859375001 0.44374962656249994 0.809375 0.44218759375000005 0.8078121859375 0.44218759375000005 0.803125 0.4375 0.8 0.4375 0.7984371859375 0.4359372203125 0.796875 0.4359372203125 0.79375 0.43281240624999995 0.7921871859375 0.43281240624999995 0.7890628140625 0.42968759375000004 0.7875 0.42968759375000004 0.7859378140625 0.4281248125 0.76875 0.4281248125 0.7671871859375 0.42968759375000004 0.765625 0.42968759375000004 0.7640621859375 0.43125037343750006 0.759375 0.43125037343750006
35 0.334375 0.7187503734375 0.33125 0.7218751875 0.33125 0.7234372203125 0.328125 0.7265627796875 0.3265628140625 0.7265627796875 0.321875 0.7312503734375 0.3203128140625 0.7312503734375 0.31875 0.73281240625 0.31875 0.7343751875 0.3125 0.7406248125 0.3125 0.74218759375 0.31093718593749997 0.7437503734375001 0.31093718593749997 0.74531240625 0.30625 0.75 0.30625 0.7531248125000001 0.296875 0.7625 0.29531218593749997 0.7625 0.2921878140625 0.7656248125 0.2921878140625 0.8375 0.296875 0.84218759375 0.3015621859375 0.84218759375 0.3078121859375 0.8484372203125 0.31093718593749997 0.8484372203125 0.3125 0.85 0.315625 0.85 0.31875 0.8531248124999999 0.3203128140625 0.8531248124999999 0.321875 0.8546875937499999 0.3359378140625 0.8546875937499999 0.3375 0.8531248124999999 0.3453121859375 0.8531248124999999 0.346875 0.8546875937499999 0.3796871859375 0.8546875937499999 0.384375 0.85 0.3859371859375 0.8515627796875 0.3921871859375 0.8515627796875 0.39375 0.85 0.3984378140625 0.85 0.4 0.8484372203125 0.403125 0.8484372203125 0.4125 0.8390627796875 0.4125 0.8375 0.4140628140625 0.8359372203125 0.4140628140625 0.775 0.4109371859375 0.7718751875 0.4109371859375 0.77031240625 0.403125 0.7625 0.4015621859375 0.7625 0.3984378140625 0.7593751875 0.3984378140625 0.7562503734375 0.396875 0.75468759375 0.396875 0.7531248125000001 0.3921871859375 0.7484372203125 0.3921871859375 0.7468751874999999 0.390625 0.74531240625 0.390625 0.7437503734375001 0.3890628140625 0.7437503734375001 0.3828128140625 0.7375 0.38125 0.7375 0.36875 0.725 0.36875 0.7234372203125 0.3578128140625 0.7125 0.34375 0.7125 0.3421878140625 0.7140627796875 0.340625 0.7140627796875 0.3359378140625 0.7187503734375 0.334375 0.7187503734375
32 0.265625 0.46718759375 0.271875 0.4734372203125 0.296875 0.4734372203125 0.2984371859375 0.47187518749999996 0.2984371859375 0.47031240625 0.303125 0.46562481250000004 0.303125 0.43125037343750006 0.3015621859375 0.42968759375000004 0.3015621859375 0.4265627796875 0.2984371859375 0.4234372203125 0.2984371859375 0.42187518749999997 0.296875 0.42031240625 0.2703121859375 0.42031240625 0.2625 0.4281248125 0.2625 0.46562481250000004 0.26406218593749997 0.46718759375 0.265625 0.46718759375
25 0.7328121859375 0.42031240625 0.728125 0.425 0.7265628140625 0.425 0.725 0.4265627796875 0.725 0.4281248125 0.721875 0.43125037343750006 0.7203121859375 0.43125037343750006 0.7140621859375 0.4375 0.7109378140625 0.4375 0.709375 0.4390627796875 0.7078128140625 0.4390627796875 0.7078128140625 0.4406248125 0.70625 0.44218759375000005 0.70625 0.4562503734375 0.71875 0.4562503734375 0.7203121859375 0.45468759375 0.7265628140625 0.45468759375 0.7328121859375 0.4484372203125 0.734375 0.4484372203125 0.7359371859375 0.4468751875 0.7359371859375 0.44531240624999996 0.7390628140625 0.44218759375000005 0.7421878140625 0.44218759375000005 0.7453121859375 0.4390627796875 0.746875 0.4390627796875 0.75 0.4359372203125 0.753125 0.4359372203125 0.7546878140625 0.4343751875 0.7546878140625 0.43281240624999995 0.7578128140625 0.42968759375000004 0.759375 0.42968759375000004 0.7609371859375 0.4281248125 0.7609371859375 0.41562481250000005 0.7421878140625 0.41562481250000005 0.7390628140625 0.41875037343750005 0.7359371859375 0.41875037343750005 0.734375 0.42031240625 0.7328121859375 0.42031240625
6 0.325 0.1437503734375 0.321875 0.1468751875 0.3203128140625 0.1468751875 0.3171871859375 0.15 0.315625 0.15 0.3140621859375 0.1515627796875 0.3125 0.1515627796875 0.3125 0.1531248125 0.31093718593749997 0.15468759375000002 0.309375 0.15468759375000002 0.303125 0.1609372203125 0.3015621859375 0.1609372203125 0.3 0.1625 0.2984371859375 0.1625 0.29531218593749997 0.1656248125 0.29531218593749997 0.25781240625 0.3 0.2625 0.3015621859375 0.2625 0.30625 0.26718759375 0.309375 0.26718759375 0.315625 0.2734372203125 0.31875 0.2734372203125 0.3203128140625 0.275 0.321875 0.275 0.3265628140625 0.27968759374999996 0.3296871859375 0.27968759374999996 0.33125 0.2812503734375 0.334375 0.2812503734375 0.3359378140625 0.27968759374999996 0.3375 0.27968759374999996 0.3390621859375 0.2781248125 0.340625 0.2781248125 0.3453121859375 0.2734372203125 0.3578128140625 0.2734372203125 0.359375 0.275 0.3609371859375 0.275 0.3640621859375 0.2781248125 0.3671878140625 0.2781248125 0.36875 0.27968759374999996 0.3890628140625 0.27968759374999996 0.390625 0.2781248125 0.3921871859375 0.2781248125 0.3953121859375 0.275 0.396875 0.275 0.3984378140625 0.2734372203125 0.4 0.2734372203125 0.4046878140625 0.2687496265625 0.4046878140625 0.26718759375 0.409375 0.2625 0.409375 0.2609372203125 0.4109371859375 0.2593751875 0.4109371859375 0.2015627796875 0.409375 0.2 0.409375 0.1984372203125 0.403125 0.19218759375 0.403125 0.19062481250000002 0.4 0.1875 0.4 0.18593722031249998 0.3984378140625 0.18437518749999998 0.3984378140625 0.1812503734375 0.396875 0.17968759375 0.396875 0.1765627796875 0.39375 0.1734372203125 0.39375 0.1718751875 0.3921871859375 0.17031240625 0.3921871859375 0.1625 0.390625 0.1609372203125 0.390625 0.1593751875 0.3859371859375 0.15468759375000002 0.3859371859375 0.1531248125 0.3796871859375 0.1468751875 0.3796871859375 0.14531240625 0.378125 0.1437503734375 0.3765621859375 0.1437503734375 0.371875 0.1390627796875 0.3703121859375 0.1390627796875 0.36875 0.1375 0.365625 0.1375 0.359375 0.13125037343749998 0.340625 0.13125037343749998 0.334375 0.1375 0.3328121859375 0.1375 0.3265628140625 0.1437503734375 0.325 0.1437503734375
14 0.3359378140625 0.8578124062500001 0.3375 0.8593751875000001 0.365625 0.8593751875000001 0.3671878140625 0.8578124062500001 0.3703121859375 0.8578124062500001 0.371875 0.8562496265625 0.3734378140625 0.8562496265625 0.375 0.8546875937499999 0.3765621859375 0.8546875937499999 0.3796871859375 0.8515627796875 0.3796871859375 0.79531240625 0.378125 0.7937496265624999 0.328125 0.7937496265624999 0.328125 0.8531248124999999 0.3296871859375 0.8531248124999999 0.334375 0.8578124062500001 0.3359378140625 0.8578124062500001
14 0.5453128140625 0.4234372203125 0.553125 0.4234372203125 0.5546878140625 0.42187518749999997 0.55625 0.42187518749999997 0.559375 0.41875037343750005 0.565625 0.41875037343750005 0.56875 0.42187518749999997 0.5703128140625 0.42187518749999997 0.571875 0.4234372203125 0.584375 0.4234372203125 0.5859378140625 0.42187518749999997 0.5859378140625 0.42031240625 0.5875 0.41875037343750005 0.5875 0.41718759375000003 0.590625 0.4140627796875 0.5890621859375 0.4125 0.5890621859375 0.4109372203125 0.5875 0.40937518749999996 0.5890621859375 0.40781240625 0.5890621859375 0.40625037343750003 0.590625 0.40468759375 0.590625 0.35781240625 0.5390628140625 0.35781240625 0.5390628140625 0.41875037343750005 0.5421871859375 0.42187518749999997 0.54375 0.42187518749999997 0.5453128140625 0.4234372203125
25 0.60625 0.4109372203125 0.6046871859375 0.4125 0.6015628140625 0.4125 0.6 0.4140627796875 0.6 0.41562481250000005 0.596875 0.41875037343750005 0.5953121859375 0.41875037343750005 0.59375 0.42031240625 0.59375 0.42187518749999997 0.590625 0.425 0.5875 0.425 0.5859378140625 0.4265627796875 0.5859378140625 0.4484372203125 0.59375 0.4484372203125 0.5984371859375 0.44374962656249994 0.6 0.44374962656249994 0.6015628140625 0.44218759375000005 0.603125 0.44218759375000005 0.6140621859375 0.43125037343750006 0.615625 0.43125037343750006 0.6171878140625 0.42968759375000004 0.6203121859375 0.42968759375000004 0.6265621859375 0.4234372203125 0.628125 0.4234372203125 0.6296871859375 0.42187518749999997 0.6296871859375 0.41875037343750005 0.63125 0.41718759375000003 0.63125 0.41562481250000005 0.6328128140625 0.4140627796875 0.6328128140625 0.40625037343750003 0.6140621859375 0.40625037343750003 0.6125 0.40781240625 0.6109371859375 0.40781240625 0.6078121859375 0.4109372203125 0.60625 0.4109372203125
0 0.690625 0.5843751875 0.6890621859375 0.5859372203125 0.6875 0.5859372203125 0.6859371859375 0.5875 0.684375 0.5875 0.6828121859375 0.5890627796875 0.678125 0.5890627796875 0.6734371859375 0.5937503734375 0.671875 0.5937503734375 0.66875 0.5968751875 0.6671871859375 0.5968751875 0.665625 0.5984372203125 0.6625 0.5984372203125 0.6609378140625 0.6 0.6578121859375 0.6 0.65625 0.6015627796875 0.6546871859375 0.6015627796875 0.646875 0.6093751875 0.646875 0.6109372203125 0.6453128140625 0.6125 0.6453128140625 0.675 0.6515621859375 0.6812503734375001 0.653125 0.6812503734375001 0.6578121859375 0.6859372203125 0.659375 0.6859372203125 0.6625 0.6890627796875 0.6625 0.6984372203125 0.6640628140625 0.7 0.6640628140625 0.7031248125 0.665625 0.70468759375 0.665625 0.7062503734375001 0.66875 0.7093751875 0.671875 0.7093751875 0.6734371859375 0.7109372203125 0.68125 0.7109372203125 0.6828121859375 0.7125 0.6859371859375 0.7125 0.6875 0.7140627796875 0.6890621859375 0.7140627796875 0.690625 0.7156248125 0.6921878140625 0.7156248125 0.69375 0.7171875937500001 0.6953128140625 0.7171875937500001 0.7015621859375 0.7234372203125 0.7046871859375 0.7234372203125 0.7078128140625 0.7203124062499999 0.7109378140625 0.7203124062499999 0.7125 0.7218751875 0.715625 0.7218751875 0.71875 0.7187503734375 0.7203121859375 0.7187503734375 0.725 0.7140627796875 0.7265628140625 0.7140627796875 0.728125 0.7125 0.7296871859375 0.7125 0.73125 0.7109372203125 0.740625 0.7109372203125 0.7421878140625 0.7093751875 0.74375 0.7093751875 0.7484371859375 0.70468759375 0.75 0.70468759375 0.7578128140625 0.6968751875 0.759375 0.6968751875 0.765625 0.6906248125000001 0.765625 0.63281240625 0.7640621859375 0.6312503734375 0.7640621859375 0.6281248125000001 0.7625 0.6265627796875 0.7625 0.6234372203125 0.7609371859375 0.6218751874999999 0.7609371859375 0.6093751875 0.759375 0.60781240625 0.759375 0.6015627796875 0.75625 0.6015627796875 0.7546878140625 0.6 0.75 0.6 0.746875 0.5968751875 0.734375 0.5968751875 0.7328121859375 0.5984372203125 0.73125 0.5984372203125 0.7296871859375 0.6 0.728125 0.6 0.7265628140625 0.5984372203125 0.7234378140625 0.5984372203125 0.721875 0.5968751875 0.7171871859375 0.5968751875 0.715625 0.5953124062499999 0.715625 0.5906248125 0.7140621859375 0.5890627796875 0.7140621859375 0.5875 0.7125 0.5859372203125 0.7125 0.58281240625 0.7140621859375 0.5812503734375001 0.7140621859375 0.57968759375 0.715625 0.5781248125 0.715625 0.5765627796875 0.6953128140625 0.5765627796875 0.6921878140625 0.57968759375 0.6921878140625 0.5812503734375001 0.690625 0.58281240625 0.690625 0.5843751875
28 0.4578121859375 0.4140627796875 0.453125 0.41875037343750005 0.4515628140625 0.41875037343750005 0.45 0.42031240625 0.45 0.42187518749999997 0.446875 0.425 0.4453128140625 0.425 0.44375 0.4265627796875 0.44375 0.4281248125 0.440625 0.43125037343750006 0.4390621859375 0.43125037343750006 0.4375 0.43281240624999995 0.4359378140625 0.43281240624999995 0.4359378140625 0.4343751875 0.434375 0.4359372203125 0.4328121859375 0.4359372203125 0.4296878140625 0.4390627796875 0.4296878140625 0.45468759375 0.4421871859375 0.45468759375 0.44375 0.45312481250000003 0.446875 0.45312481250000003 0.4515628140625 0.4484372203125 0.453125 0.4484372203125 0.4546871859375 0.4468751875 0.4546871859375 0.44531240624999996 0.45625 0.44374962656249994 0.4578121859375 0.44374962656249994 0.459375 0.44218759375000005 0.4609378140625 0.44218759375000005 0.4625 0.4406248125 0.4640621859375 0.4406248125 0.46875 0.4359372203125 0.471875 0.4359372203125 0.4734371859375 0.4343751875 0.4734371859375 0.43281240624999995 0.4765628140625 0.42968759375000004 0.478125 0.42968759375000004 0.4796871859375 0.4281248125 0.48125 0.4281248125 0.4859371859375 0.4234372203125 0.4875 0.4234372203125 0.490625 0.42031240625 0.490625 0.41875037343750005 0.4921878140625 0.41718759375000003 0.4921878140625 0.40937518749999996 0.46875 0.40937518749999996 0.465625 0.4125 0.4609378140625 0.4125 0.459375 0.4140627796875 0.4578121859375 0.4140627796875
16 0.8 0.5625 0.8015628140625 0.5609372203125 0.8015628140625 0.5062496265624999 0.8 0.5062496265624999 0.7984371859375 0.50468759375 0.7515621859375 0.50468759375 0.7515621859375 0.56718759375 0.796875 0.56718759375 0.8 0.5640627796875 0.8 0.5625
33 0.2671871859375 0.7218751875 0.26406218593749997 0.725 0.26406218593749997 0.75468759375 0.265625 0.75468759375 0.26875 0.75781240625 0.26875 0.7593751875 0.2703121859375 0.7609372203125 0.296875 0.7609372203125 0.2984371859375 0.7593751875 0.2984371859375 0.75781240625 0.303125 0.7531248125000001 0.303125 0.7265627796875 0.3 0.7234372203125 0.3 0.7218751875 0.2984371859375 0.7203124062499999 0.2984371859375 0.7187503734375 0.296875 0.7171875937500001 0.296875 0.7156248125 0.290625 0.7093751875 0.275 0.7093751875 0.26875 0.7156248125 0.26875 0.7187503734375 0.2671871859375 0.7203124062499999 0.2671871859375 0.7218751875
27 0.590625 0.29218759375 0.59375 0.29218759375 0.5984371859375 0.2968751875 0.6 0.2968751875 0.6015628140625 0.2984372203125 0.603125 0.2984372203125 0.60625 0.3015627796875 0.60625 0.3031248125 0.6078121859375 0.30468759375 0.609375 0.30468759375 0.615625 0.3109372203125 0.628125 0.3109372203125 0.6296871859375 0.30937518750000004 0.6296871859375 0.29531240625 0.628125 0.2937503734375 0.6265621859375 0.2937503734375 0.6203121859375 0.2875 0.61875 0.2875 0.6171878140625 0.2859372203125 0.615625 0.2859372203125 0.6109371859375 0.2812503734375 0.609375 0.2812503734375 0.603125 0.275 0.58125 0.275 0.58125 0.2812503734375 0.5875 0.2875 0.5875 0.2890627796875 0.590625 0.29218759375
28 0.4375 0.28281240625000004 0.4375 0.2843751875 0.4390621859375 0.2859372203125 0.4421871859375 0.2859372203125 0.4453128140625 0.2890627796875 0.446875 0.2890627796875 0.45 0.29218759375 0.4515628140625 0.29218759375 0.4578121859375 0.2984372203125 0.459375 0.2984372203125 0.4609378140625 0.3 0.4625 0.3 0.465625 0.3031248125 0.4671878140625 0.3031248125 0.46875 0.30468759375 0.4703121859375 0.30468759375 0.4765628140625 0.3109372203125 0.490625 0.3109372203125 0.490625 0.2937503734375 0.4890621859375 0.2937503734375 0.4828128140625 0.2875 0.4796871859375 0.2875 0.478125 0.2859372203125 0.4765628140625 0.2859372203125 0.471875 0.2812503734375 0.4703121859375 0.2812503734375 0.4640621859375 0.275 0.459375 0.275 0.453125 0.2687496265625 0.4515628140625 0.2687496265625 0.446875 0.2640627796875 0.428125 0.2640627796875 0.428125 0.275 0.4328121859375 0.27968759374999996 0.434375 0.27968759374999996 0.4375 0.28281240625000004
26 0.3203128140625 0.4125 0.31875 0.4140627796875 0.31875 0.41562481250000005 0.315625 0.41875037343750005 0.3140621859375 0.41875037343750005 0.3078121859375 0.425 0.3078121859375 0.4484372203125 0.3125 0.4484372203125 0.3140621859375 0.4468751875 0.315625 0.4468751875 0.3203128140625 0.44218759375000005 0.325 0.44218759375000005 0.3265628140625 0.4406248125 0.328125 0.4406248125 0.3328121859375 0.4359372203125 0.334375 0.4359372203125 0.3359378140625 0.4343751875 0.3359378140625 0.43281240624999995 0.3390621859375 0.42968759375000004 0.340625 0.42968759375000004 0.3421878140625 0.4281248125 0.3421878140625 0.4265627796875 0.3453121859375 0.4234372203125 0.346875 0.4234372203125 0.3484371859375 0.42187518749999997 0.3484371859375 0.41875037343750005 0.35 0.41718759375000003 0.35 0.4140627796875 0.3515628140625 0.4125 0.3515628140625 0.40781240625 0.328125 0.40781240625 0.325 0.4109372203125 0.3234371859375 0.4109372203125 0.321875 0.4125 0.3203128140625 0.4125
28 0.6609378140625 0.725 0.6625 0.725 0.6640628140625 0.7265627796875 0.6640628140625 0.7281248125 0.665625 0.7281248125 0.6671871859375 0.72968759375 0.66875 0.72968759375 0.6703121859375 0.7312503734375 0.671875 0.7312503734375 0.6765628140625 0.7359372203125 0.678125 0.7359372203125 0.68125 0.7390627796875 0.68125 0.7406248125 0.6828121859375 0.74218759375 0.684375 0.74218759375 0.6890621859375 0.7468751874999999 0.690625 0.7468751874999999 0.6921878140625 0.7484372203125 0.696875 0.7484372203125 0.7 0.74531240625 0.7 0.7437503734375001 0.7015621859375 0.74218759375 0.7015621859375 0.7343751875 0.7 0.73281240625 0.7 0.7312503734375 0.6984371859375 0.72968759375 0.6984371859375 0.7265627796875 0.696875 0.725 0.6953128140625 0.725 0.6890621859375 0.7187503734375 0.6875 0.7187503734375 0.6828121859375 0.7140627796875 0.68125 0.7140627796875 0.6796878140625 0.7125 0.678125 0.7125 0.675 0.7093751875 0.65625 0.7093751875 0.65625 0.7218751875 0.6578121859375 0.7234372203125 0.659375 0.7234372203125 0.6609378140625 0.725
28 0.7453121859375 0.7 0.74375 0.7015627796875 0.74375 0.7031248125 0.740625 0.7062503734375001 0.7390628140625 0.7062503734375001 0.7375 0.70781240625 0.7359371859375 0.70781240625 0.7359371859375 0.7093751875 0.734375 0.7109372203125 0.7328121859375 0.7109372203125 0.73125 0.7125 0.73125 0.7140627796875 0.728125 0.7171875937500001 0.7265628140625 0.7171875937500001 0.725 0.7187503734375 0.721875 0.7187503734375 0.7125 0.7281248125 0.7125 0.72968759375 0.7109378140625 0.7312503734375 0.7109378140625 0.74218759375 0.7140621859375 0.74531240625 0.7140621859375 0.7468751874999999 0.7234378140625 0.7468751874999999 0.7265628140625 0.7437503734375001 0.728125 0.7437503734375001 0.7296871859375 0.74218759375 0.7328121859375 0.74218759375 0.7359371859375 0.7390627796875 0.7359371859375 0.7375 0.7421878140625 0.7312503734375 0.74375 0.7312503734375 0.7453121859375 0.72968759375 0.746875 0.72968759375 0.7515621859375 0.725 0.753125 0.725 0.7546878140625 0.7234372203125 0.7578128140625 0.7234372203125 0.7640621859375 0.7171875937500001 0.765625 0.7171875937500001 0.7671871859375 0.7156248125 0.7671871859375 0.7140627796875 0.7734378140625 0.70781240625 0.7734378140625 0.6968751875 0.7515621859375 0.6968751875 0.75 0.6984372203125 0.7484371859375 0.6984372203125 0.746875 0.7 0.7453121859375 0.7
25 0.7390628140625 0.5859372203125 0.740625 0.5859372203125 0.74375 0.5890627796875 0.74375 0.5906248125 0.7453121859375 0.5921875937500001 0.746875 0.5921875937500001 0.75 0.5953124062499999 0.75 0.5968751875 0.7515621859375 0.5984372203125 0.753125 0.5984372203125 0.7578128140625 0.6031248125 0.76875 0.6031248125 0.771875 0.6 0.771875 0.5875 0.765625 0.5812503734375001 0.7640621859375 0.5812503734375001 0.75625 0.5734372203125 0.7546878140625 0.5734372203125 0.753125 0.5718751875 0.753125 0.57031240625 0.7515621859375 0.57031240625 0.7484371859375 0.56718759375 0.746875 0.56718759375 0.74375 0.5640627796875 0.728125 0.5640627796875 0.728125 0.5734372203125 0.73125 0.5765627796875 0.73125 0.5781248125 0.7390628140625 0.5859372203125
15 0.2625 0.42187518749999997 0.3046878140625 0.42187518749999997 0.3046878140625 0.42031240625 0.3078121859375 0.41718759375000003 0.3078121859375 0.3593751875 0.259375 0.3593751875 0.259375 0.41875037343750005 0.2609378140625 0.41875037343750005 0.2625 0.42031240625 0.2625 0.42187518749999997
25 0.703125 0.51718759375 0.7046871859375 0.5187503734375001 0.709375 0.5187503734375001 0.709375 0.45781240624999997 0.7 0.45781240624999997 0.6984371859375 0.45937518749999995 0.6984371859375 0.5156248125 0.7 0.51718759375 0.703125 0.51718759375
27 0.29531218593749997 0.8609372203125 0.296875 0.8609372203125 0.3 0.8640627796875 0.3 0.8656248124999999 0.3015621859375 0.86718759375 0.303125 0.86718759375 0.30625 0.8703124062500001 0.30625 0.8718751875 0.3078121859375 0.8734372203125 0.315625 0.8734372203125 0.31875 0.8765627796875 0.31875 0.8781248125 0.3203128140625 0.8796875937499999 0.321875 0.8796875937499999 0.3234371859375 0.8812503734374999 0.325 0.8812503734374999 0.3265628140625 0.88281240625 0.328125 0.88281240625 0.3296871859375 0.8812503734374999 0.3296871859375 0.8765627796875 0.33125 0.875 0.33125 0.86718759375 0.3296871859375 0.8656248124999999 0.3296871859375 0.8640627796875 0.328125 0.8625 0.3265628140625 0.8625 0.3234371859375 0.8593751875000001 0.3234371859375 0.8578124062500001 0.321875 0.8562496265625 0.3203128140625 0.8562496265625 0.315625 0.8515627796875 0.3140621859375 0.8515627796875 0.3125 0.85 0.309375 0.85 0.303125 0.8437503734374999 0.3 0.8437503734374999 0.2984371859375 0.84218759375 0.2890628140625 0.84218759375 0.2859371859375 0.84531240625 0.2859371859375 0.8546875937499999 0.2890628140625 0.8546875937499999 0.29531218593749997 0.8609372203125
27 0.4 0.8468751875 0.396875 0.85 0.39375 0.85 0.3921871859375 0.8515627796875 0.390625 0.8515627796875 0.3859371859375 0.8562496265625 0.384375 0.8562496265625 0.3828128140625 0.8578124062500001 0.3828128140625 0.8593751875000001 0.38125 0.8609372203125 0.38125 0.8625 0.3796871859375 0.8640627796875 0.3796871859375 0.8656248124999999 0.378125 0.86718759375 0.378125 0.8812503734374999 0.3796871859375 0.88281240625 0.3859371859375 0.88281240625 0.3953121859375 0.8734372203125 0.396875 0.8734372203125 0.3984378140625 0.8718751875 0.3984378140625 0.8703124062500001 0.4015621859375 0.86718759375 0.40625 0.86718759375 0.4078121859375 0.8656248124999999 0.409375 0.8656248124999999 0.4140628140625 0.8609372203125 0.415625 0.8609372203125 0.4171871859375 0.8593751875000001 0.4171871859375 0.8546875937499999 0.41875 0.8531248124999999 0.41875 0.8515627796875 0.4203128140625 0.85 0.4203128140625 0.8406248125 0.4078121859375 0.8406248125 0.4046878140625 0.8437503734374999 0.4015621859375 0.8437503734374999 0.4 0.84531240625 0.4 0.8468751875
12 0.5203121859375 0.2734372203125 0.5203121859375 0.2140627796875 0.4703121859375 0.2140627796875 0.4703121859375 0.2781248125 0.5171871859375 0.2781248125 0.5171871859375 0.2765627796875 0.5203121859375 0.2734372203125
31 0.54375 0.4281248125 0.54375 0.46562481250000004 0.5453128140625 0.46718759375 0.546875 0.46718759375 0.55 0.47031240625 0.55 0.47187518749999996 0.5515621859375 0.4734372203125 0.578125 0.4734372203125 0.5796871859375 0.47187518749999996 0.5796871859375 0.47031240625 0.58125 0.46875037343750003 0.58125 0.46718759375 0.584375 0.4640627796875 0.584375 0.4281248125 0.58125 0.425 0.578125 0.425 0.5734371859375 0.42031240625 0.5734371859375 0.41718759375000003 0.5515621859375 0.41718759375000003 0.5515621859375 0.41875037343750005 0.55 0.42031240625 0.55 0.42187518749999997 0.54375 0.4281248125
11 0.515625 0.8546875937499999 0.51875 0.8515627796875 0.51875 0.85 0.5203121859375 0.8484372203125 0.5203121859375 0.8 0.51875 0.7984372203125 0.51875 0.7968751875 0.515625 0.7937496265624999 0.4703121859375 0.7937496265624999 0.46875 0.79531240625 0.46875 0.8531248124999999 0.4703121859375 0.8546875937499999 0.515625 0.8546875937499999
26 0.2921878140625 0.2765627796875 0.2921878140625 0.2781248125 0.3 0.2859372203125 0.3015621859375 0.2859372203125 0.3078121859375 0.29218759375 0.309375 0.29218759375 0.3125 0.29531240625 0.3125 0.2968751875 0.3140621859375 0.2984372203125 0.3171871859375 0.2984372203125 0.3203128140625 0.3015627796875 0.328125 0.3015627796875 0.328125 0.3 0.3296871859375 0.2984372203125 0.3296871859375 0.2812503734375 0.325 0.2765627796875 0.325 0.275 0.31875 0.2687496265625 0.3171871859375 0.2687496265625 0.315625 0.26718759375 0.3140621859375 0.26718759375 0.309375 0.2625 0.2859371859375 0.2625 0.2859371859375 0.2687496265625 0.2875 0.27031240625 0.2875 0.2718751875 0.2921878140625 0.2765627796875
25 0.8015628140625 0.56718759375 0.7984371859375 0.57031240625 0.7984371859375 0.5718751875 0.7953121859375 0.575 0.79375 0.575 0.79375 0.5765627796875 0.7890628140625 0.5812503734375001 0.784375 0.5812503734375001 0.78125 0.5843751875 0.78125 0.5921875937500001 0.7796871859375 0.5937503734375 0.7796871859375 0.5968751875 0.78125 0.5984372203125 0.78125 0.6 0.7828121859375 0.6015627796875 0.7859378140625 0.6015627796875 0.7875 0.6 0.7890628140625 0.6 0.790625 0.5984372203125 0.796875 0.5984372203125 0.803125 0.5921875937500001 0.8078121859375 0.5921875937500001 0.8140621859375001 0.5859372203125 0.815625 0.5859372203125 0.8171878140625 0.5843751875 0.81875 0.5843751875 0.8234371859375 0.57968759375 0.8234371859375 0.5781248125 0.828125 0.5734372203125 0.8296871859375001 0.5734372203125 0.8296871859375001 0.5609372203125 0.8109371859375001 0.5609372203125 0.809375 0.5625 0.8078121859375 0.5625 0.803125 0.56718759375 0.8015628140625 0.56718759375
33 0.55 0.23437518750000003 0.546875 0.2375 0.5453128140625 0.2375 0.5453128140625 0.2718751875 0.546875 0.2734372203125 0.5515621859375 0.2734372203125 0.553125 0.275 0.5546878140625 0.275 0.5578121859375 0.2781248125 0.5796871859375 0.2781248125 0.5796871859375 0.2765627796875 0.5828121859375 0.2734372203125 0.584375 0.2734372203125 0.584375 0.24218759374999999 0.5828121859375 0.24062481249999998 0.5828121859375 0.2390627796875 0.5796871859375 0.2359372203125 0.5796871859375 0.23281240625000002 0.578125 0.2312503734375 0.5765628140625 0.2312503734375 0.5734371859375 0.2281248125 0.55625 0.2281248125 0.5546878140625 0.22968759374999997 0.553125 0.22968759374999997 0.55 0.23281240625000002 0.55 0.23437518750000003
4 0.403125 0.7109372203125 0.4015621859375 0.7109372203125 0.4 0.7125 0.4 0.7140627796875 0.3984378140625 0.7156248125 0.3984378140625 0.7171875937500001 0.396875 0.7187503734375 0.396875 0.74218759375 0.3984378140625 0.7437503734375001 0.3984378140625 0.74531240625 0.4 0.7468751874999999 0.4 0.7562503734375 0.4015621859375 0.75781240625 0.4015621859375 0.7593751875 0.403125 0.7609372203125 0.409375 0.7609372203125 0.4109371859375 0.7625 0.4296878140625 0.7625 0.43125 0.7609372203125 0.44375 0.7609372203125 0.4453128140625 0.7593751875 0.446875 0.7593751875 0.446875 0.75781240625 0.45 0.75468759375 0.4515628140625 0.75468759375 0.453125 0.7531248125000001 0.453125 0.7437503734375001 0.45 0.7406248125 0.45 0.7390627796875 0.4484371859375 0.7375 0.4484371859375 0.7343751875 0.446875 0.73281240625 0.446875 0.7312503734375 0.44375 0.7312503734375 0.4421871859375 0.72968759375 0.440625 0.72968759375 0.4375 0.7265627796875 0.4375 0.725 0.4359378140625 0.7234372203125 0.4359378140625 0.7218751875 0.4296878140625 0.7156248125 0.4296878140625 0.7140627796875 0.428125 0.7125 0.4265621859375 0.7125 0.4234371859375 0.7093751875 0.4234371859375 0.70781240625 0.421875 0.7062503734375001 0.4078121859375 0.7062503734375001 0.40625 0.70781240625 0.4046878140625 0.70781240625 0.4046878140625 0.7093751875 0.403125 0.7109372203125
29 0.3671878140625 0.6187503734375001 0.365625 0.62031240625 0.365625 0.6218751874999999 0.3640621859375 0.6234372203125 0.3640621859375 0.625 0.3625 0.6265627796875 0.3625 0.6515627796875 0.3640621859375 0.6531248125 0.365625 0.6531248125 0.36875 0.6562503734375 0.36875 0.6578124062499999 0.3703121859375 0.6593751875 0.371875 0.6593751875 0.3734378140625 0.6609372203125 0.3890628140625 0.6609372203125 0.3921871859375 0.6578124062499999 0.3921871859375 0.6562503734375 0.3953121859375 0.6531248125 0.396875 0.6531248125 0.396875 0.6515627796875 0.3984378140625 0.65 0.4 0.65 0.4015621859375 0.6484372203125 0.403125 0.6484372203125 0.4046878140625 0.6468751875 0.4046878140625 0.6390627796875 0.403125 0.6375 0.4015621859375 0.6375 0.3984378140625 0.6343751875 0.3984378140625 0.63281240625 0.396875 0.6312503734375 0.3953121859375 0.6312503734375 0.3921871859375 0.6281248125000001 0.3921871859375 0.6156248125 0.3828128140625 0.6062503734375 0.3703121859375 0.6062503734375 0.36875 0.60781240625 0.36875 0.6125 0.3671878140625 0.6140627796875 0.3671878140625 0.6187503734375001
26 0.253125 0.26718759375 0.2515621859375 0.26718759375 0.25 0.2687496265625 0.25 0.27031240625 0.24375 0.2765627796875 0.24375 0.2781248125 0.240625 0.2812503734375 0.2375 0.2812503734375 0.2375 0.30468759375 0.240625 0.30468759375 0.246875 0.2984372203125 0.253125 0.2984372203125 0.2546871859375 0.2968751875 0.2546871859375 0.29531240625 0.2578128140625 0.29218759375 0.259375 0.29218759375 0.265625 0.2859372203125 0.2671871859375 0.2859372203125 0.2734378140625 0.27968759374999996 0.2734378140625 0.2781248125 0.27968718593749997 0.2718751875 0.27968718593749997 0.2625 0.2578128140625 0.2625 0.25625 0.2640627796875 0.2546871859375 0.2640627796875 0.2546871859375 0.2656248125 0.253125 0.26718759375
15 0.6609378140625 0.79531240625 0.659375 0.7937496265624999 0.6109371859375 0.7937496265624999 0.6109371859375 0.8546875937499999 0.659375 0.8546875937499999 0.6609378140625 0.8531248124999999 0.6609378140625 0.79531240625
10 0.26406218593749997 0.7109372203125 0.2734378140625 0.7109372203125 0.275 0.7093751875 0.278125 0.7093751875 0.27968718593749997 0.70781240625 0.28125 0.70781240625 0.2828121859375 0.7062503734375001 0.284375 0.7062503734375001 0.2875 0.7093751875 0.290625 0.7093751875 0.2921878140625 0.7109372203125 0.3 0.7109372203125 0.3015621859375 0.7125 0.303125 0.7109372203125 0.3078121859375 0.7109372203125 0.309375 0.7093751875 0.309375 0.65 0.3078121859375 0.65 0.3046878140625 0.6468751875 0.2625 0.6468751875 0.259375 0.65 0.2578128140625 0.65 0.2578128140625 0.70468759375 0.26406218593749997 0.7109372203125
25 0.78125 0.6890627796875 0.78125 0.6812503734375001 0.7796871859375 0.67968759375 0.7796871859375 0.60468759375 0.76875 0.60468759375 0.76875 0.6906248125000001 0.7703128140625 0.69218759375 0.778125 0.69218759375 0.78125 0.6890627796875
26 0.171875 0.4234372203125 0.1703121859375 0.4234372203125 0.16875 0.425 0.1640628140625 0.425 0.1625 0.4265627796875 0.1625 0.4281248125 0.159375 0.43125037343750006 0.15625 0.43125037343750006 0.1546871859375 0.43281240624999995 0.153125 0.43281240624999995 0.15 0.4359372203125 0.1484378140625 0.4359372203125 0.146875 0.4375 0.1453121859375 0.4375 0.1453121859375 0.45468759375 0.146875 0.4562503734375 0.1546871859375 0.4562503734375 0.15625 0.45468759375 0.165625 0.45468759375 0.1671878140625 0.45312481250000003 0.1671878140625 0.4515627796875 0.1703121859375 0.4484372203125 0.171875 0.4484372203125 0.178125 0.44218759375000005 0.18125 0.44218759375000005 0.1828128140625 0.4406248125 0.184375 0.4406248125 0.1890621859375 0.4359372203125 0.190625 0.4359372203125 0.1921871859375 0.4343751875 0.1921871859375 0.43281240624999995 0.1953128140625 0.42968759375000004 0.196875 0.42968759375000004 0.203125 0.4234372203125 0.2046871859375 0.4234372203125 0.209375 0.41875037343750005 0.209375 0.40781240625 0.1875 0.40781240625 0.1875 0.40937518749999996 0.184375 0.4125 0.1828128140625 0.4125 0.171875 0.4234372203125
13 0.6109371859375 0.5625 0.6109371859375 0.5640627796875 0.6140621859375 0.56718759375 0.653125 0.56718759375 0.6546871859375 0.5656248125000001 0.65625 0.5656248125000001 0.659375 0.5625 0.659375 0.5609372203125 0.6609378140625 0.5593751874999999 0.6609378140625 0.50781240625 0.65625 0.5031248125000001 0.6125 0.5031248125000001 0.6109371859375 0.50468759375 0.609375 0.50468759375 0.609375 0.5609372203125 0.6109371859375 0.5625
28 0.428125 0.5140627796875 0.428125 0.4609372203125 0.41875 0.4609372203125 0.41875 0.5109372203125 0.4203128140625 0.5109372203125 0.4234371859375 0.5140627796875 0.428125 0.5140627796875
28 0.4984378140625 0.3968751875 0.4984378140625 0.3125 0.4875 0.3125 0.4875 0.3968751875 0.4890621859375 0.3984372203125 0.496875 0.3984372203125 0.4984378140625 0.3968751875
26 0.3578128140625 0.40468759375 0.3609371859375 0.4015627796875 0.3609371859375 0.33281240625 0.359375 0.33125037343749997 0.3484371859375 0.33125037343749997 0.3484371859375 0.40312481250000004 0.35 0.40312481250000004 0.3515628140625 0.40468759375 0.3578128140625 0.40468759375
12 0.5875 0.7093751875 0.5875 0.70781240625 0.5890621859375 0.7062503734375001 0.590625 0.7062503734375001 0.590625 0.65 0.540625 0.65 0.540625 0.7109372203125 0.584375 0.7109372203125 0.5859378140625 0.7093751875 0.5875 0.7093751875
5 0.3953121859375 0.1343751875 0.3953121859375 0.1640627796875 0.3984378140625 0.16718759375 0.3984378140625 0.1687503734375 0.4 0.17031240625 0.4 0.175 0.4015621859375 0.1765627796875 0.4015621859375 0.1781248125 0.403125 0.1781248125 0.409375 0.18437518749999998 0.4125 0.18437518749999998 0.4140628140625 0.18593722031249998 0.4359378140625 0.18593722031249998 0.4375 0.18437518749999998 0.4390621859375 0.18437518749999998 0.4421871859375 0.1812503734375 0.44375 0.1812503734375 0.4453128140625 0.17968759375 0.446875 0.17968759375 0.4484371859375 0.1781248125 0.4484371859375 0.1765627796875 0.453125 0.1718751875 0.453125 0.1593751875 0.45 0.15625037343749998 0.45 0.15468759375000002 0.4484371859375 0.1531248125 0.4484371859375 0.1515627796875 0.446875 0.15 0.4453128140625 0.15 0.44375 0.1484372203125 0.4421871859375 0.1484372203125 0.4375 0.1437503734375 0.4375 0.14218759375 0.4359378140625 0.1406248125 0.4359378140625 0.1390627796875 0.434375 0.1375 0.434375 0.1359372203125 0.4296878140625 0.13125037343749998 0.428125 0.13125037343749998 0.4234371859375 0.12656277968750002 0.4 0.12656277968750002 0.4 0.12812481250000002 0.3984378140625 0.12968759375 0.3984378140625 0.13125037343749998 0.3953121859375 0.1343751875
28 0.4296878140625 0.2593751875 0.4296878140625 0.18906277968750002 0.41875 0.18906277968750002 0.41875 0.25781240625 0.421875 0.2609372203125 0.428125 0.2609372203125 0.4296878140625 0.2593751875
7 0.33125 0.5656248125000001 0.3328121859375 0.56718759375 0.375 0.56718759375 0.3765621859375 0.5656248125000001 0.378125 0.5656248125000001 0.378125 0.5640627796875 0.3796871859375 0.5625 0.3796871859375 0.50781240625 0.378125 0.5062496265624999 0.371875 0.5062496265624999 0.36875 0.5031248125000001 0.3296871859375 0.5031248125000001 0.328125 0.50468759375 0.328125 0.5609372203125 0.33125 0.5640627796875 0.33125 0.5656248125000001
9 0.7296871859375 0.42187518749999997 0.7296871859375 0.35781240625 0.6796878140625 0.35781240625 0.6796878140625 0.42031240625 0.6828121859375 0.4234372203125 0.728125 0.4234372203125 0.7296871859375 0.42187518749999997
13 0.19375 0.56718759375 0.234375 0.56718759375 0.2359371859375 0.5656248125000001 0.2359371859375 0.5625 0.2390621859375 0.5593751874999999 0.2390621859375 0.50781240625 0.2375 0.5062496265624999 0.2359371859375 0.5062496265624999 0.2328121859375 0.5031248125000001 0.1890621859375 0.5031248125000001 0.1890621859375 0.5640627796875 0.190625 0.5656248125000001 0.1921871859375 0.5656248125000001 0.19375 0.56718759375
26 0.228125 0.42968759375000004 0.2296878140625 0.42968759375000004 0.234375 0.4343751875 0.2359371859375 0.4343751875 0.2375 0.4359372203125 0.240625 0.4359372203125 0.24375 0.4390627796875 0.24375 0.4406248125 0.2453128140625 0.44218759375000005 0.2484371859375 0.44218759375000005 0.25 0.44374962656249994 0.253125 0.44374962656249994 0.25625 0.4468751875 0.259375 0.4468751875 0.259375 0.425 0.2578128140625 0.425 0.2546871859375 0.42187518749999997 0.2546871859375 0.42031240625 0.253125 0.41875037343750005 0.25 0.41875037343750005 0.2484371859375 0.41718759375000003 0.246875 0.41718759375000003 0.2421878140625 0.4125 0.240625 0.4125 0.2375 0.40937518749999996 0.21875 0.40937518749999996 0.21875 0.42187518749999997 0.2203121859375 0.4234372203125 0.221875 0.4234372203125 0.228125 0.42968759375000004
31 0.828125 0.5281248125 0.8265621859375001 0.5296875937500001 0.8265621859375001 0.5687496265624999 0.834375 0.5687496265624999 0.8359378140624999 0.56718759375 0.859375 0.56718759375 0.8609371859375001 0.5656248125000001 0.8609371859375001 0.5640627796875 0.8640628140625 0.5609372203125 0.865625 0.5609372203125 0.865625 0.5328124062499999 0.8625 0.5296875937500001 0.8625 0.5281248125 0.8609371859375001 0.5265627796875 0.8609371859375001 0.52031240625 0.859375 0.5187503734375001 0.8578121859375001 0.5187503734375001 0.8546871859375 0.5156248125 0.8359378140624999 0.5156248125 0.83125 0.52031240625 0.83125 0.5234372203125 0.828125 0.5265627796875 0.828125 0.5281248125
8 0.47146356718750004 0.564210015625 0.47146356718750004 0.5657727953125 0.47302575312500006 0.5657727953125 0.47458856718750003 0.567334828125 0.516775753125 0.567334828125 0.5199007531250001 0.564210015625 0.5199007531250001 0.5626479828125001 0.5214635671875001 0.5610852015625001 0.5214635671875001 0.5095224218750001 0.5183385671875 0.5063976078125 0.5183385671875 0.504834828125 0.516775753125 0.5032727953125 0.47146356718750004 0.5032727953125 0.47146356718750004 0.504834828125 0.469900753125 0.5063976078125 0.469900753125 0.5626479828125001 0.47146356718750004 0.564210015625
8 0.6609378140625 0.2718751875 0.6609378140625 0.21718759375 0.659375 0.21562481249999998 0.659375 0.2140627796875 0.6125 0.2140627796875 0.609375 0.21718759375 0.609375 0.2765627796875 0.65625 0.2765627796875 0.6609378140625 0.2718751875
27 0.43278894531249995 0.83109118125 0.4334170859375 0.7690582953125 0.42650753750000003 0.7668161437500001 0.4152010046875 0.7690582953125 0.4170854265625 0.8363228703125 0.42525125625 0.841554559375 0.43090452187499995 0.8378176375 0.43278894531249995 0.83109118125
27 0.29145728593750003 0.8378176375 0.29145728593750003 0.7735426015625 0.29396985 0.7683109124999999 0.29145728593750003 0.765321375 0.276381909375 0.766068759375 0.27575376875 0.8325859484375 0.27701005 0.8378176375 0.2832914578125 0.8423019437500001 0.29145728593750003 0.8378176375
11 0.451005025 0.41778774218750003 0.451633165625 0.3662182359375 0.449120603125 0.360986546875 0.445351759375 0.3587443953125 0.40577889375 0.3587443953125 0.39886934687500003 0.362481315625 0.39824120625 0.3692077734375 0.39824120625 0.416292975 0.40326633125000005 0.42301943125 0.44472361875 0.42301943125 0.451005025 0.41778774218750003
16 0.403894471875 0.7122571 0.4139447234375 0.704035875 0.428391959375 0.7130044843750001 0.45037688437499995 0.7100149484375 0.451633165625 0.6554559046875 0.447864321875 0.64947683125 0.4076633171875 0.6479820625 0.40075376875 0.6524663671875001 0.397613065625 0.65769805625 0.397613065625 0.700298953125 0.40012562812499997 0.711509715625 0.403894471875 0.7122571
7 0.72424623125 0.7122571 0.731155778125 0.7092675640625 0.7342964828125 0.6726457406249999 0.7324120609375 0.6547085203125 0.7292713562500001 0.650224215625 0.6853015078125 0.648729446875 0.6815326640625 0.6509716 0.6790201 0.661434978125 0.6783919593750001 0.6958146484375 0.6815326640625 0.7092675640625 0.695351759375 0.7130044843750001 0.72424623125 0.7122571
22 0.584375 0.875 0.534375 0.875 0.534375 0.9562503734375 0.5828121859375 0.9562503734375 0.584375 0.9546875937499999 0.584375 0.875
18 0.74375 0.1515627796875 0.74375 0.2359372203125 0.796875 0.2359372203125 0.796875 0.1515627796875 0.74375 0.1515627796875
18 0.25 0.007812406249999999 0.25 0.0906248125 0.3046878140625 0.0906248125 0.3046878140625 0.007812406249999999 0.25 0.007812406249999999
18 0.884375 0.4406248125 0.884375 0.5218751875 0.9375 0.5218751875 0.9375 0.4406248125 0.884375 0.4406248125
19 0.109375 0.29218759375 0.109375 0.3765627796875 0.1609371859375 0.3765627796875 0.1609371859375 0.29218759375 0.109375 0.29218759375
18 0.796875 0.7312503734375 0.74375 0.7312503734375 0.74375 0.8125 0.7953121859375 0.8125 0.796875 0.8109372203125 0.796875 0.7312503734375
21 0.5296878140625 0.007812406249999999 0.5296878140625 0.0843751875 0.5859378140625 0.0843751875 0.5859378140625 0.007812406249999999 0.5296878140625 0.007812406249999999
23 0.11875 0.6640627796875 0.1203121859375 0.6656248125 0.1609371859375 0.6656248125 0.1609371859375 0.6640627796875 0.1640628140625 0.6609372203125 0.1640628140625 0.65 0.1625 0.6484372203125 0.1625 0.64218759375 0.1640628140625 0.6406248125 0.1640628140625 0.5875 0.1625 0.5859372203125 0.1109378140625 0.5859372203125 0.1109378140625 0.6625 0.11406218593749999 0.6625 0.115625 0.6640627796875 0.11875 0.6640627796875
20 0.30476130625 0.8682810171875 0.2499371859375 0.8682810171875 0.2499371859375 0.9605381171875 0.30476130625 0.9605381171875 0.30476130625 0.8682810171875