37 0.6709560375 0.27205904375 0.6691174546875 0.2738968609375 0.667279528125 0.2738968609375 0.66360301875 0.27757324375 0.6617644359375 0.27757324375 0.659926509375 0.279411809375 0.65625 0.279411809375 0.6507355640625 0.28492675625 0.64889698125 0.28492675625 0.6470590546875 0.2867645734375 0.6433825453125 0.2867645734375 0.6415439625 0.2886031390625 0.6397060375 0.2886031390625 0.6397060375 0.29044095625 0.636029528125 0.2941173390625 0.6341909453125 0.2941173390625 0.63235301875 0.2959559046875 0.63235301875 0.3069850515625 0.6305144359375 0.3088236171875 0.6305144359375 0.310661434375 0.621323490625 0.319852765625 0.6194855640625 0.319852765625 0.6158090546875 0.32352914843749997 0.613970471875 0.32352914843749997 0.613970471875 0.40073542656249994 0.6158090546875 0.40257324375000003 0.621323490625 0.40257324375000003 0.625 0.40625037343750003 0.625 0.408088190625 0.6268379265624999 0.408088190625 0.628676509375 0.40992675624999997 0.6341909453125 0.40992675624999997 0.6415439625 0.417279521875 0.645220471875 0.417279521875 0.6470590546875 0.4191173390625 0.6507355640625 0.4191173390625 0.652573490625 0.42095590468750005 0.652573490625 0.42279372187500003 0.6544114171875 0.42279372187500003 0.65625 0.4246322875 0.6580879265624999 0.4246322875 0.6654409453125 0.4319850515625 0.6727939625 0.4319850515625 0.6746325453125 0.43382361718749995 0.676470471875 0.43382361718749995 0.6783090546875 0.43566143437499993 0.68014698125 0.43566143437499993 0.6819855640625 0.43382361718749995 0.6856614171875 0.43382361718749995 0.6875 0.4319850515625 0.69485301875 0.4319850515625 0.6966909453125 0.430147234375 0.6966909453125 0.4283086703125 0.698529528125 0.42647085156250003 0.7003674546875 0.42647085156250003 0.7022060375 0.4246322875 0.7040439625 0.4246322875 0.7058825453125 0.42279372187500003 0.7095590546875 0.42279372187500003 0.715073490625 0.417279521875 0.7242644359375 0.417279521875 0.72610301875 0.41544095625 0.72610301875 0.4136031390625 0.7279409453125 0.41176457343750006 0.729779528125 0.41176457343750006 0.7316174546875 0.40992675624999997 0.7352939625 0.40992675624999997 0.7408090546875 0.404411809375 0.74264698125 0.404411809375 0.7444855640625 0.40257324375000003 0.746323490625 0.40257324375000003 0.7481614171875 0.40073542656249994 0.7481614171875 0.305147234375 0.7444855640625 0.30147085156250003 0.7408090546875 0.30147085156250003 0.738970471875 0.29963228750000004 0.7371325453125 0.29963228750000004 0.7352939625 0.29779446875 0.7352939625 0.2959559046875 0.7334560375 0.2959559046875 0.7316174546875 0.2941173390625 0.729779528125 0.2941173390625 0.7279409453125 0.292279521875 0.72610301875 0.292279521875 0.722426509375 0.2886031390625 0.7205879265624999 0.2886031390625 0.71875 0.2867645734375 0.7169114171875 0.2867645734375 0.715073490625 0.28492675625 0.7132355640625 0.28492675625 0.71139698125 0.283088190625 0.71139698125 0.2812503734375 0.7095590546875 0.279411809375 0.7040439625 0.279411809375 0.7022060375 0.27757324375 0.7003674546875 0.27757324375 0.69485301875 0.27205904375 0.6930144359375 0.27205904375 0.6875 0.2665440953125 0.6819855640625 0.2665440953125 0.68014698125 0.2683826609375 0.6783090546875 0.2683826609375 0.6746325453125 0.27205904375 0.6709560375 0.27205904375
37 0.5753674546875 0.7132354265624999 0.573529528125 0.71507324375 0.573529528125 0.716911809375 0.56985301875 0.720588190625 0.566176509375 0.720588190625 0.5643379265624999 0.72242675625 0.5625 0.72242675625 0.558823490625 0.7261031390625 0.5569855640625 0.7261031390625 0.55514698125 0.72794095625 0.5533090546875 0.72794095625 0.5404409453125 0.7408086703125 0.5404409453125 0.8290440953125 0.5441174546875 0.8327204781249999 0.5441174546875 0.83455904375 0.5459560375 0.8363968609375 0.5477939625 0.8363968609375 0.55514698125 0.8437503734374999 0.5625 0.8437503734374999 0.566176509375 0.84742675625 0.566176509375 0.8492645734375 0.5680144359375 0.8511031390625 0.56985301875 0.8511031390625 0.5772060375 0.8584559046875 0.5845590546875 0.8584559046875 0.5882355640625 0.8621322875 0.5882355640625 0.8639708515625 0.590073490625 0.8658086703125001 0.5919114171875 0.8658086703125001 0.5955879265624999 0.8694850515624999 0.5955879265624999 0.8713236171875 0.597426509375 0.8731614343749999 0.613970471875 0.8731614343749999 0.6158090546875 0.8713236171875 0.61764698125 0.8713236171875 0.61764698125 0.8694850515624999 0.6194855640625 0.8676472343749999 0.621323490625 0.8676472343749999 0.6231614171875 0.8658086703125001 0.6268379265624999 0.8658086703125001 0.6341909453125 0.8584559046875 0.6378674546875 0.8584559046875 0.6397060375 0.8566173390625 0.6415439625 0.8566173390625 0.6470590546875 0.8511031390625 0.6507355640625 0.8511031390625 0.652573490625 0.8492645734375 0.652573490625 0.84742675625 0.65625 0.8437503734374999 0.659926509375 0.8437503734374999 0.6617644359375 0.8419118093750001 0.66360301875 0.8419118093750001 0.667279528125 0.8382354265625 0.6691174546875 0.8382354265625 0.6709560375 0.8363968609375 0.6727939625 0.8363968609375 0.6746325453125 0.83455904375 0.6746325453125 0.7628677125000001 0.676470471875 0.7610291484375 0.676470471875 0.7481614343749999 0.6746325453125 0.7463236171875 0.6746325453125 0.742647234375 0.6727939625 0.7408086703125 0.6727939625 0.7389708515625 0.66360301875 0.7297795218750001 0.6617644359375 0.7297795218750001 0.659926509375 0.72794095625 0.65625 0.72794095625 0.652573490625 0.7242645734375001 0.652573490625 0.72242675625 0.6507355640625 0.72242675625 0.64889698125 0.720588190625 0.6470590546875 0.720588190625 0.645220471875 0.7187496265625 0.6415439625 0.7187496265625 0.6397060375 0.716911809375 0.6397060375 0.71507324375 0.6378674546875 0.7132354265624999 0.6341909453125 0.7132354265624999 0.63235301875 0.7113968609375 0.6305144359375 0.7113968609375 0.6268379265624999 0.7077204781249999 0.58639698125 0.7077204781249999 0.582720471875 0.7113968609375 0.5808825453125 0.7113968609375 0.5790439625 0.7132354265624999 0.5753674546875 0.7132354265624999
17 0.301470471875 0.1305149484375 0.2996325453125 0.132352765625 0.2977939625 0.132352765625 0.292279528125 0.13786771250000002 0.2904409453125 0.13786771250000002 0.28860301875 0.13970553125000001 0.284926509375 0.13970553125000001 0.28308792656250004 0.1415440953125 0.28125 0.1415440953125 0.2757355640625 0.14705904375 0.27389698125 0.14705904375 0.2720590546875 0.14889686093750001 0.270220471875 0.14889686093750001 0.2665439625 0.15257324375 0.2647060375 0.15257324375 0.2628674546875 0.15441180937500001 0.2591909453125 0.15441180937500001 0.25 0.16360313906249999 0.25 0.185661434375 0.2481620734375 0.1875 0.2481620734375 0.248161434375 0.25 0.25 0.25 0.2536763828125 0.25183792656250004 0.2555149484375 0.253676509375 0.2555149484375 0.261029528125 0.26286771249999996 0.2665439625 0.26286771249999996 0.27389698125 0.270220478125 0.28308792656250004 0.270220478125 0.28860301875 0.2757354265625 0.2941174546875 0.2757354265625 0.2977939625 0.27205904375 0.2996325453125 0.27205904375 0.301470471875 0.270220478125 0.308823490625 0.270220478125 0.31066207343749996 0.2683826609375 0.31433792656250004 0.2683826609375 0.316176509375 0.270220478125 0.3272060375 0.270220478125 0.3345590546875 0.27757324375 0.33639698125 0.27757324375 0.3382355640625 0.2757354265625 0.3419114171875 0.2757354265625 0.347426509375 0.270220478125 0.3566174546875 0.270220478125 0.363970471875 0.26286771249999996 0.371323490625 0.26286771249999996 0.3731614171875 0.26102914843749997 0.3731614171875 0.2591913296875 0.37683792656250004 0.2555149484375 0.378676509375 0.2555149484375 0.3805144359375 0.2536763828125 0.3805144359375 0.248161434375 0.38235301875 0.2463236171875 0.38235301875 0.22242675625000002 0.3841909453125 0.220588190625 0.3841909453125 0.17463228749999998 0.38235301875 0.17279446874999999 0.38235301875 0.167279521875 0.3805144359375 0.16544095625 0.3805144359375 0.16360313906249999 0.371323490625 0.15441180937500001 0.3694855640625 0.15441180937500001 0.3621325453125 0.14705904375 0.354779528125 0.14705904375 0.35110301875 0.14338266093750002 0.35110301875 0.1415440953125 0.3492644359375 0.13970553125000001 0.34558792656250004 0.13970553125000001 0.34375 0.13786771250000002 0.3419114171875 0.13786771250000002 0.3382355640625 0.1341913296875 0.33639698125 0.1341913296875 0.3345590546875 0.132352765625 0.332720471875 0.132352765625 0.3308825453125 0.1305149484375 0.3290439625 0.1305149484375 0.3253674546875 0.126838565625 0.323529528125 0.126838565625 0.3216909453125 0.125 0.31066207343749996 0.125 0.308823490625 0.126838565625 0.3069855640625 0.126838565625 0.3033090546875 0.1305149484375 0.301470471875 0.1305149484375
17 0.30514698125 0.7058826609375 0.2977939625 0.7132354265624999 0.2904409453125 0.7132354265624999 0.28308792656250004 0.720588190625 0.27941207343749996 0.720588190625 0.277573490625 0.72242675625 0.2757355640625 0.72242675625 0.270220471875 0.72794095625 0.2665439625 0.72794095625 0.2647060375 0.7297795218750001 0.2647060375 0.7316173390625 0.2628674546875 0.7334559046875 0.261029528125 0.7334559046875 0.2591909453125 0.735293721875 0.25735301875 0.735293721875 0.2555144359375 0.7371322874999999 0.253676509375 0.7371322874999999 0.25183792656250004 0.7389708515625 0.25183792656250004 0.7408086703125 0.25 0.742647234375 0.25 0.7463236171875 0.2481620734375 0.7481614343749999 0.2481620734375 0.8308826609375 0.25 0.8327204781249999 0.25 0.83455904375 0.25183792656250004 0.8363968609375 0.253676509375 0.8363968609375 0.2591909453125 0.8419118093750001 0.261029528125 0.8419118093750001 0.2628674546875 0.8437503734374999 0.2683825453125 0.8437503734374999 0.2720590546875 0.84742675625 0.2720590546875 0.8492645734375 0.27389698125 0.8511031390625 0.27941207343749996 0.8511031390625 0.28125 0.85294095625 0.28308792656250004 0.85294095625 0.284926509375 0.8547795218750001 0.284926509375 0.8566173390625 0.2867644359375 0.8566173390625 0.28860301875 0.8584559046875 0.2904409453125 0.8584559046875 0.2977939625 0.8658086703125001 0.301470471875 0.8658086703125001 0.3033090546875 0.8676472343749999 0.30514698125 0.8676472343749999 0.31066207343749996 0.8731614343749999 0.31985301875 0.8731614343749999 0.3272060375 0.8658086703125001 0.3308825453125 0.8658086703125001 0.332720471875 0.8639708515625 0.3345590546875 0.8639708515625 0.340073490625 0.8584559046875 0.3419114171875 0.8584559046875 0.34375 0.8566173390625 0.34558792656250004 0.8566173390625 0.3492644359375 0.85294095625 0.35110301875 0.85294095625 0.3529409453125 0.8511031390625 0.3566174546875 0.8511031390625 0.3584560375 0.8492645734375 0.3584560375 0.84742675625 0.3621325453125 0.8437503734374999 0.3658090546875 0.8437503734374999 0.36764698125 0.8419118093750001 0.3694855640625 0.8419118093750001 0.375 0.8363968609375 0.378676509375 0.8363968609375 0.3805144359375 0.83455904375 0.3805144359375 0.8308826609375 0.38235301875 0.8290440953125 0.38235301875 0.8253677125 0.386029528125 0.8216913296874999 0.386029528125 0.77757324375 0.3841909453125 0.7757354265624999 0.3841909453125 0.7628677125000001 0.38235301875 0.7610291484375 0.38235301875 0.7444850515625 0.3805144359375 0.742647234375 0.3805144359375 0.7408086703125 0.378676509375 0.7389708515625 0.378676509375 0.7371322874999999 0.37683792656250004 0.7371322874999999 0.375 0.735293721875 0.371323490625 0.735293721875 0.363970471875 0.72794095625 0.3584560375 0.72794095625 0.3566174546875 0.7261031390625 0.354779528125 0.7261031390625 0.3492644359375 0.720588190625 0.347426509375 0.720588190625 0.340073490625 0.7132354265624999 0.3345590546875 0.7132354265624999 0.332720471875 0.7113968609375 0.3308825453125 0.7113968609375 0.3290439625 0.70955904375 0.3290439625 0.7077204781249999 0.3272060375 0.7077204781249999 0.323529528125 0.7040440953125 0.3216909453125 0.7040440953125 0.31985301875 0.70220553125 0.31985301875 0.7003677125000001 0.31433792656250004 0.7003677125000001 0.3125 0.70220553125 0.31066207343749996 0.70220553125 0.3069855640625 0.7058826609375 0.30514698125 0.7058826609375
36 0.4356614171875 0.7132354265624999 0.43382349062500003 0.71507324375 0.43382349062500003 0.716911809375 0.43014698124999995 0.720588190625 0.426470471875 0.720588190625 0.42463254531250005 0.72242675625 0.4227939625 0.72242675625 0.417279528125 0.72794095625 0.41360301875000005 0.72794095625 0.4080879265625 0.7334559046875 0.40625 0.7334559046875 0.4044114171875 0.735293721875 0.4007355640625 0.735293721875 0.3915439625 0.7444850515625 0.3915439625 0.76470553125 0.3933825453125 0.7665440953125 0.3933825453125 0.7702204781249999 0.395220471875 0.77205904375 0.395220471875 0.7757354265624999 0.3933825453125 0.77757324375 0.3933825453125 0.779411809375 0.3915439625 0.7812503734375 0.3915439625 0.8290440953125 0.3970590546875 0.83455904375 0.39889698125 0.83455904375 0.4007355640625 0.8363968609375 0.4044114171875 0.8363968609375 0.40625 0.8382354265625 0.4080879265625 0.8382354265625 0.41360301875000005 0.8437503734374999 0.417279528125 0.8437503734374999 0.41911745468749995 0.8455881906249999 0.4209560375 0.8455881906249999 0.426470471875 0.8511031390625 0.43014698124999995 0.8511031390625 0.43382349062500003 0.8547795218750001 0.43382349062500003 0.8566173390625 0.4356614171875 0.8584559046875 0.4375 0.8584559046875 0.4393379265625 0.860293721875 0.44117650937499997 0.860293721875 0.44485301875000005 0.8639708515625 0.4466909453125 0.8639708515625 0.448529528125 0.8658086703125001 0.45036745468749995 0.8658086703125001 0.45588254531250005 0.8713236171875 0.46875 0.8713236171875 0.46875 0.8694850515624999 0.47242650937499997 0.8658086703125001 0.4742644359375 0.8658086703125001 0.48161745468749995 0.8584559046875 0.4852939625 0.8584559046875 0.48713254531250005 0.8566173390625 0.488970471875 0.8566173390625 0.4944855640625 0.8511031390625 0.49632349062500003 0.8511031390625 0.503676509375 0.8437503734374999 0.511029528125 0.8437503734374999 0.5128674546875 0.8419118093750001 0.5128674546875 0.84007324375 0.5165439625 0.8363968609375 0.5183825453125 0.8363968609375 0.520220471875 0.83455904375 0.5220590546875 0.83455904375 0.527573490625 0.8290440953125 0.527573490625 0.8235291484375 0.5294114171875 0.8216913296874999 0.5294114171875 0.8088236171875 0.527573490625 0.8069850515624999 0.527573490625 0.8033086703125001 0.5294114171875 0.8014708515625 0.5294114171875 0.7444850515625 0.527573490625 0.742647234375 0.527573490625 0.7408086703125 0.52389698125 0.7371322874999999 0.5220590546875 0.7371322874999999 0.520220471875 0.735293721875 0.5183825453125 0.735293721875 0.511029528125 0.72794095625 0.5091909453125 0.72794095625 0.5018379265624999 0.720588190625 0.4981614171875 0.720588190625 0.4908090546875 0.7132354265624999 0.488970471875 0.7132354265624999 0.48713254531250005 0.7113968609375 0.4852939625 0.7113968609375 0.48161745468749995 0.7077204781249999 0.44485301875000005 0.7077204781249999 0.44117650937499997 0.7113968609375 0.4393379265625 0.7113968609375 0.4375 0.7132354265624999 0.4356614171875 0.7132354265624999
36 0.544329396875 0.459742153125 0.5424914703125 0.4615807171875 0.5424914703125 0.500183109375 0.544329396875 0.5020216734375 0.544329396875 0.5259185343749999 0.5424914703125 0.5277571 0.5424914703125 0.5332713 0.544329396875 0.535109865625 0.544329396875 0.5387862484375 0.54800590625 0.54246263125 0.5498444874999999 0.54246263125 0.5553589234375 0.547977578125 0.55719750625 0.547977578125 0.5590354328125 0.5498153968749999 0.56454986875 0.5498153968749999 0.568226378125 0.553491778125 0.5700649609374999 0.557168909375 0.5774179796875 0.557168909375 0.584770996875 0.5645216734375 0.5866089234375 0.5645216734375 0.5939619421875 0.570036621875 0.59579986875 0.570036621875 0.606829396875 0.5792272046875 0.616020996875 0.5792272046875 0.623373359375 0.5718744390625 0.62704986875 0.5718744390625 0.6288884515625 0.570036621875 0.630726378125 0.570036621875 0.6362414703125 0.5645216734375 0.6399179796875 0.5645216734375 0.64175590625 0.562683109375 0.6454324140625001 0.562683109375 0.6454324140625001 0.5608452921875 0.6491089234375 0.557168909375 0.65094750625 0.557168909375 0.6601384515625 0.547977578125 0.6601384515625 0.5461390140625 0.661976378125 0.5443011953125 0.661976378125 0.5240807171874999 0.6766824140625001 0.5093744390625 0.6766824140625001 0.50569805625 0.678520996875 0.5038594921875 0.678520996875 0.48363901406250004 0.6766824140625001 0.4818011953125 0.6766824140625001 0.459742153125 0.6748444874999999 0.4579035875 0.6748444874999999 0.4560657703125 0.6074566921875 0.41208146562500003 0.5553589234375 0.44871300468750003 0.553520996875 0.450550821875 0.5516824140625001 0.450550821875 0.544329396875 0.4579035875 0.544329396875 0.459742153125
6 0.44312598437500006 0.132352765625 0.4412874015625 0.1341913296875 0.439449475 0.1341913296875 0.435772965625 0.13786771250000002 0.4339343828125 0.13786771250000002 0.43209645625000004 0.13970553125000001 0.43025787343750005 0.13970553125000001 0.42290485625 0.14705904375 0.419229003125 0.14705904375 0.41555249375000003 0.1507354265625 0.4137139109375 0.1507354265625 0.4100374015625 0.15441180937500001 0.408199475 0.15441180937500001 0.3990078734375 0.16360313906249999 0.39716994687499996 0.16360313906249999 0.39716994687499996 0.16544095625 0.3934934390625 0.16911733906249998 0.3934934390625 0.180147234375 0.41930577500000005 0.1584932734375 0.43495275624999996 0.1871173390625 0.4446850390625 0.194178625 0.4479481625 0.20686173437500002 0.43557414687499996 0.21238789218749998 0.43029002656250004 0.2279289984375 0.4073950125 0.2269970109375 0.4063608921875 0.21507324374999998 0.404522965625 0.21507324374999998 0.39716994687499996 0.22242675625000002 0.39716994687499996 0.2242645734375 0.3934934390625 0.22794095625000002 0.3934934390625 0.251838565625 0.39716994687499996 0.2555149484375 0.40084645625000004 0.2555149484375 0.404522965625 0.2591913296875 0.404522965625 0.26102914843749997 0.4063608921875 0.26102914843749997 0.408199475 0.26286771249999996 0.41187598437500006 0.26286771249999996 0.4137139109375 0.26470553125 0.41555249375000003 0.26470553125 0.41739042031249995 0.2665440953125 0.41739042031249995 0.2683826609375 0.419229003125 0.2683826609375 0.42106692968750004 0.270220478125 0.42290485625 0.270220478125 0.43025787343750005 0.27757324375 0.4339343828125 0.27757324375 0.435772965625 0.279411809375 0.4376108921875 0.279411809375 0.44312598437500006 0.28492675625 0.4449639109375 0.28492675625 0.450479003125 0.29044095625 0.45231692968750004 0.29044095625 0.45415485625 0.292279521875 0.470699475 0.292279521875 0.4725374015625 0.29044095625 0.47437598437500006 0.29044095625 0.47989042031249995 0.28492675625 0.481729003125 0.28492675625 0.48908136406249997 0.27757324375 0.49275787343750005 0.27757324375 0.49459645625000004 0.2757354265625 0.4964343828125 0.2757354265625 0.4964343828125 0.2738968609375 0.498272965625 0.27205904375 0.5001108921874999 0.27205904375 0.501949475 0.270220478125 0.5037874015625 0.270220478125 0.5111404203125 0.26286771249999996 0.51665485625 0.26286771249999996 0.5240078734375 0.2555149484375 0.52584645625 0.2555149484375 0.5276843828125 0.2536763828125 0.5276843828125 0.21139686093750001 0.529522965625 0.20955904374999998 0.529522965625 0.16911733906249998 0.5276843828125 0.167279521875 0.5276843828125 0.16360313906249999 0.5184934390625 0.15441180937500001 0.5148169296875 0.15441180937500001 0.512979003125 0.15257324375 0.5111404203125 0.15257324375 0.5074639109375 0.14889686093750001 0.5056259843750001 0.14889686093750001 0.5037874015625 0.14705904375 0.501949475 0.14705904375 0.5001108921874999 0.145220478125 0.498272965625 0.145220478125 0.49275787343750005 0.13970553125000001 0.48908136406249997 0.13970553125000001 0.48356692968750004 0.1341913296875 0.481729003125 0.1341913296875 0.47989042031249995 0.132352765625 0.47805249375000003 0.132352765625 0.4725374015625 0.126838565625 0.470699475 0.126838565625 0.4688608921875 0.125 0.45415485625 0.125 0.45231692968750004 0.126838565625 0.450479003125 0.126838565625 0.4449639109375 0.132352765625 0.44312598437500006 0.132352765625
35 0.37683792656250004 0.5606614343749999 0.371323490625 0.5661763828125 0.3694855640625 0.5661763828125 0.36764698125 0.5680149484375 0.3658090546875 0.5680149484375 0.3602939625 0.5735291484375 0.3566174546875 0.5735291484375 0.3492644359375 0.5808826609375 0.347426509375 0.5808826609375 0.34558792656250004 0.5827204781249999 0.34375 0.5827204781249999 0.340073490625 0.5863968609375 0.340073490625 0.5882354265624999 0.3382355640625 0.59007324375 0.3382355640625 0.5992645734375001 0.332720471875 0.6047795218750001 0.3308825453125 0.6047795218750001 0.3308825453125 0.6066173390625 0.3272060375 0.610293721875 0.3253674546875 0.610293721875 0.323529528125 0.6121322874999999 0.323529528125 0.6139708515625 0.3216909453125 0.6158086703125 0.3216909453125 0.6893385656250001 0.323529528125 0.6893385656250001 0.3253674546875 0.6911763828125 0.3272060375 0.6911763828125 0.332720471875 0.6966913296875 0.33639698125 0.6966913296875 0.3382355640625 0.6985291484375 0.340073490625 0.6985291484375 0.34375 0.70220553125 0.34558792656250004 0.70220553125 0.347426509375 0.7040440953125 0.3492644359375 0.7040440953125 0.354779528125 0.70955904375 0.3566174546875 0.70955904375 0.3584560375 0.7113968609375 0.363970471875 0.7113968609375 0.378676509375 0.7261031390625 0.3933825453125 0.7261031390625 0.40625 0.7132354265624999 0.4080879265625 0.7132354265624999 0.40992650937499997 0.7113968609375 0.4154409453125 0.7113968609375 0.417279528125 0.70955904375 0.41911745468749995 0.70955904375 0.4209560375 0.7077204781249999 0.4227939625 0.7077204781249999 0.426470471875 0.7040440953125 0.43014698124999995 0.7040440953125 0.43382349062500003 0.7003677125000001 0.43382349062500003 0.6985291484375 0.4375 0.694852765625 0.4375 0.6911763828125 0.4393379265625 0.6893385656250001 0.4393379265625 0.66544095625 0.4466909453125 0.658088190625 0.4466909453125 0.6562496265625 0.45036745468749995 0.65257324375 0.4522060375 0.65257324375 0.4540439625 0.6507354265624999 0.4540439625 0.59742675625 0.4522060375 0.595588190625 0.45036745468749995 0.595588190625 0.4466909453125 0.591911809375 0.4466909453125 0.59007324375 0.44485301875000005 0.5882354265624999 0.4430144359375 0.5882354265624999 0.44117650937499997 0.5863968609375 0.4393379265625 0.5863968609375 0.4375 0.58455904375 0.4375 0.5827204781249999 0.4356614171875 0.5827204781249999 0.43382349062500003 0.5808826609375 0.43014698124999995 0.5808826609375 0.4283090546875 0.5790440953125 0.426470471875 0.5790440953125 0.4227939625 0.5753677125000001 0.4209560375 0.5753677125000001 0.41911745468749995 0.5735291484375 0.4154409453125 0.5735291484375 0.41360301875000005 0.5716913296875 0.4117644359375 0.5716913296875 0.40992650937499997 0.569852765625 0.40992650937499997 0.5680149484375 0.4080879265625 0.5680149484375 0.40257349062500003 0.5625 0.40257349062500003 0.5606614343749999 0.39889698125 0.5569850515625 0.3897060375 0.5569850515625 0.3878674546875 0.5588236171875 0.38235301875 0.5588236171875 0.3805144359375 0.5606614343749999 0.37683792656250004 0.5606614343749999
34 0.2279409453125 0.4191173390625 0.22426443593749998 0.4191173390625 0.22242650937500003 0.42095590468750005 0.22242650937500003 0.4613968609375 0.22426443593749998 0.4613968609375 0.22610301875 0.46323542656249994 0.2279409453125 0.46323542656249994 0.229779528125 0.46507324375000003 0.253676509375 0.46507324375000003 0.25735301875 0.4613968609375 0.261029528125 0.4613968609375 0.2628674546875 0.45955904375 0.2628674546875 0.42279372187500003 0.2591909453125 0.4191173390625 0.253676509375 0.4191173390625 0.2481620734375 0.4136031390625 0.2481620734375 0.41176457343750006 0.23529396249999998 0.41176457343750006 0.23529396249999998 0.4136031390625 0.2316174546875 0.417279521875 0.229779528125 0.417279521875 0.2279409453125 0.4191173390625
25 0.354779528125 0.5514708515625 0.3529409453125 0.5533086703125 0.3529409453125 0.555147234375 0.3492644359375 0.5588236171875 0.347426509375 0.5588236171875 0.3419114171875 0.5643385656250001 0.340073490625 0.5643385656250001 0.3382355640625 0.5661763828125 0.33639698125 0.5661763828125 0.33639698125 0.5863968609375 0.34558792656250004 0.5863968609375 0.347426509375 0.58455904375 0.3492644359375 0.58455904375 0.354779528125 0.5790440953125 0.3566174546875 0.5790440953125 0.3584560375 0.57720553125 0.3584560375 0.5753677125000001 0.3621325453125 0.5716913296875 0.363970471875 0.5716913296875 0.371323490625 0.5643385656250001 0.378676509375 0.5643385656250001 0.3805144359375 0.5625 0.3805144359375 0.5606614343749999 0.3841909453125 0.5569850515625 0.386029528125 0.5569850515625 0.3878674546875 0.555147234375 0.3878674546875 0.5459559046875 0.386029528125 0.5441173390625 0.3694855640625 0.5441173390625 0.36764698125 0.5459559046875 0.36764698125 0.547793721875 0.363970471875 0.5514708515625 0.354779528125 0.5514708515625
0 0.597426509375 0.125 0.590073490625 0.132352765625 0.58639698125 0.132352765625 0.5808825453125 0.13786771250000002 0.5790439625 0.13786771250000002 0.5772060375 0.13970553125000001 0.5753674546875 0.13970553125000001 0.5680144359375 0.14705904375 0.5625 0.14705904375 0.55514698125 0.15441180937500001 0.5533090546875 0.15441180937500001 0.5441174546875 0.16360313906249999 0.5441174546875 0.16911733906249998 0.542279528125 0.1709559046875 0.542279528125 0.21139686093750001 0.5404409453125 0.2132354265625 0.5404409453125 0.25 0.5477939625 0.257352765625 0.5496325453125 0.257352765625 0.551470471875 0.2591913296875 0.551470471875 0.26102914843749997 0.5533090546875 0.26286771249999996 0.558823490625 0.26286771249999996 0.5606614171875 0.26470553125 0.5625 0.26470553125 0.5680144359375 0.270220478125 0.6029409453125 0.270220478125 0.604779528125 0.2683826609375 0.6084560375 0.2683826609375 0.6102939625 0.270220478125 0.628676509375 0.270220478125 0.6305144359375 0.2683826609375 0.6378674546875 0.2683826609375 0.6397060375 0.2665440953125 0.6415439625 0.2665440953125 0.6433825453125 0.26470553125 0.6470590546875 0.26470553125 0.64889698125 0.26286771249999996 0.65625 0.26286771249999996 0.66360301875 0.2555149484375 0.667279528125 0.2555149484375 0.6691174546875 0.2536763828125 0.6709560375 0.2536763828125 0.6727939625 0.251838565625 0.6727939625 0.25 0.6746325453125 0.248161434375 0.6746325453125 0.16360313906249999 0.6654409453125 0.15441180937500001 0.66360301875 0.15441180937500001 0.65625 0.14705904375 0.64889698125 0.14705904375 0.6415439625 0.13970553125000001 0.6397060375 0.13970553125000001 0.6378674546875 0.13786771250000002 0.636029528125 0.13786771250000002 0.6305144359375 0.132352765625 0.6268379265624999 0.132352765625 0.6231614171875 0.1286763828125 0.6231614171875 0.126838565625 0.621323490625 0.126838565625 0.6194855640625 0.125 0.6158090546875 0.125 0.613970471875 0.123161434375 0.6102939625 0.123161434375 0.6084560375 0.1213236171875 0.604779528125 0.1213236171875 0.6029409453125 0.123161434375 0.60110301875 0.123161434375 0.5992644359375 0.125 0.597426509375 0.125
35 0.659926509375 0.5808826609375 0.6580879265624999 0.5790440953125 0.64889698125 0.5790440953125 0.6470590546875 0.5808826609375 0.6415439625 0.5808826609375 0.6397060375 0.5827204781249999 0.6378674546875 0.5827204781249999 0.6341909453125 0.5863968609375 0.63235301875 0.5863968609375 0.6305144359375 0.5882354265624999 0.628676509375 0.5882354265624999 0.6268379265624999 0.59007324375 0.625 0.59007324375 0.6194855640625 0.595588190625 0.6194855640625 0.65992675625 0.621323490625 0.65992675625 0.63235301875 0.6709559046875 0.63235301875 0.6966913296875 0.645220471875 0.70955904375 0.6470590546875 0.70955904375 0.64889698125 0.7113968609375 0.6507355640625 0.7113968609375 0.65625 0.716911809375 0.6580879265624999 0.716911809375 0.659926509375 0.7187496265625 0.6654409453125 0.7187496265625 0.6691174546875 0.72242675625 0.6691174546875 0.7242645734375001 0.6709560375 0.7261031390625 0.691176509375 0.7261031390625 0.6930144359375 0.7242645734375001 0.69485301875 0.7242645734375001 0.7003674546875 0.7187496265625 0.7022060375 0.7187496265625 0.7095590546875 0.7113968609375 0.715073490625 0.7113968609375 0.722426509375 0.7040440953125 0.7242644359375 0.7040440953125 0.72610301875 0.70220553125 0.7279409453125 0.70220553125 0.7316174546875 0.6985291484375 0.7334560375 0.6985291484375 0.7352939625 0.6966913296875 0.738970471875 0.6966913296875 0.7408090546875 0.694852765625 0.7408090546875 0.6930149484375 0.7444855640625 0.6893385656250001 0.746323490625 0.6893385656250001 0.7481614171875 0.6875 0.7481614171875 0.6121322874999999 0.74264698125 0.6066173390625 0.74264698125 0.5992645734375001 0.738970471875 0.595588190625 0.7371325453125 0.595588190625 0.7352939625 0.5937496265625 0.7334560375 0.5937496265625 0.7279409453125 0.5882354265624999 0.72610301875 0.5882354265624999 0.7242644359375 0.5863968609375 0.722426509375 0.5863968609375 0.71875 0.5827204781249999 0.7169114171875 0.5827204781249999 0.715073490625 0.5808826609375 0.71139698125 0.5808826609375 0.7095590546875 0.5790440953125 0.7058825453125 0.5790440953125 0.7022060375 0.5753677125000001 0.6856614171875 0.5753677125000001 0.683823490625 0.5735291484375 0.676470471875 0.5735291484375 0.6746325453125 0.5753677125000001 0.6709560375 0.5753677125000001 0.6654409453125 0.5808826609375 0.659926509375 0.5808826609375
0 0.5220590546875 0.5643385656250001 0.520220471875 0.5661763828125 0.5165439625 0.5661763828125 0.5147060375 0.5680149484375 0.5128674546875 0.5680149484375 0.511029528125 0.569852765625 0.5091909453125 0.569852765625 0.5055144359375 0.5735291484375 0.5018379265624999 0.5735291484375 0.4944855640625 0.5808826609375 0.49264698124999995 0.5808826609375 0.4908090546875 0.5827204781249999 0.488970471875 0.5827204781249999 0.4834560375 0.5882354265624999 0.479779528125 0.5882354265624999 0.4742644359375 0.5937496265625 0.47242650937499997 0.5937496265625 0.4705879265625 0.595588190625 0.4705879265625 0.65257324375 0.47242650937499997 0.65257324375 0.47610301875000005 0.6562496265625 0.47610301875000005 0.658088190625 0.479779528125 0.6617645734375001 0.479779528125 0.6636031390625 0.4834560375 0.6672795218750001 0.4834560375 0.6691173390625 0.4852939625 0.6709559046875 0.4852939625 0.6930149484375 0.48713254531250005 0.694852765625 0.48713254531250005 0.6966913296875 0.488970471875 0.6966913296875 0.49264698124999995 0.7003677125000001 0.49264698124999995 0.70220553125 0.4944855640625 0.7040440953125 0.4981614171875 0.7040440953125 0.5 0.7058826609375 0.5018379265624999 0.7058826609375 0.5055144359375 0.70955904375 0.50735301875 0.70955904375 0.5091909453125 0.7113968609375 0.511029528125 0.7113968609375 0.5183825453125 0.7187496265625 0.5220590546875 0.7187496265625 0.52389698125 0.720588190625 0.5257355640625 0.720588190625 0.527573490625 0.72242675625 0.527573490625 0.7242645734375001 0.5294114171875 0.7242645734375001 0.53125 0.7261031390625 0.5404409453125 0.7261031390625 0.5477939625 0.7187496265625 0.5496325453125 0.7187496265625 0.55514698125 0.7132354265624999 0.5569855640625 0.7132354265624999 0.558823490625 0.7113968609375 0.5625 0.7113968609375 0.5680144359375 0.7058826609375 0.56985301875 0.7058826609375 0.5716909453125 0.7040440953125 0.5753674546875 0.7040440953125 0.5845590546875 0.694852765625 0.5845590546875 0.6911763828125 0.58639698125 0.6893385656250001 0.58639698125 0.6709559046875 0.5882355640625 0.6691173390625 0.5882355640625 0.6672795218750001 0.5919114171875 0.6636031390625 0.5919114171875 0.6617645734375001 0.59375 0.65992675625 0.59375 0.658088190625 0.60110301875 0.6507354265624999 0.60110301875 0.610293721875 0.5992644359375 0.6084559046875 0.5992644359375 0.59742675625 0.5919114171875 0.59007324375 0.590073490625 0.59007324375 0.5882355640625 0.5882354265624999 0.5845590546875 0.5882354265624999 0.5790439625 0.5827204781249999 0.5772060375 0.5827204781249999 0.5753674546875 0.5808826609375 0.5716909453125 0.5808826609375 0.56985301875 0.5790440953125 0.5680144359375 0.5790440953125 0.566176509375 0.57720553125 0.5625 0.57720553125 0.5606614171875 0.5753677125000001 0.5569855640625 0.5753677125000001 0.5496325453125 0.5680149484375 0.5477939625 0.5680149484375 0.5459560375 0.5661763828125 0.5441174546875 0.5661763828125 0.542279528125 0.5643385656250001 0.5404409453125 0.5643385656250001 0.534926509375 0.5588236171875 0.53125 0.5588236171875 0.5294114171875 0.5606614343749999 0.527573490625 0.5606614343749999 0.52389698125 0.5643385656250001 0.5220590546875 0.5643385656250001
37 0.7076581359375 0.4392571 0.705819553125 0.4410949171875 0.7039816265625001 0.4410949171875 0.70030511875 0.44477130000000004 0.6984665359375 0.44477130000000004 0.696628609375 0.446609865625 0.6947900265625 0.446609865625 0.6911141734374999 0.4502862484375 0.6911141734374999 0.45396263125 0.689275590625 0.45580119531249996 0.689275590625 0.48521300468749995 0.6874376640625 0.48705082187500004 0.6874376640625 0.5091098656249999 0.689275590625 0.51094843125 0.6929521000000001 0.51094843125 0.6984665359375 0.51646263125 0.6984665359375 0.5183011953125 0.7039816265625001 0.523815396875 0.7039816265625001 0.5256539609375 0.705819553125 0.5274925265625 0.705819553125 0.5458744390625 0.7076581359375 0.5477130046875 0.7094960625 0.5477130046875 0.713172571875 0.5513893875 0.713172571875 0.5532272046875 0.7150111546875 0.5550657703125 0.7242021000000001 0.5550657703125 0.727878609375 0.5587421531250001 0.727878609375 0.5605807171875 0.7297165359375 0.5605807171875 0.73155511875 0.562418534375 0.7333930453125 0.562418534375 0.7389081359375 0.5679334828125 0.7407460625 0.5679334828125 0.744422571875 0.5716098656249999 0.7462611546875 0.5716098656249999 0.751775590625 0.5771248124999999 0.7554521000000001 0.5771248124999999 0.7572900265625 0.57896263125 0.7609665359375 0.57896263125 0.76280511875 0.5771248124999999 0.768319553125 0.5771248124999999 0.7738346453125 0.5716098656249999 0.775672571875 0.5716098656249999 0.7775111546875 0.5697713 0.783025590625 0.5697713 0.7848641734374999 0.5679334828125 0.7848641734374999 0.5660949171875 0.7885400265625 0.562418534375 0.7958930453125 0.562418534375 0.8032460625000001 0.5550657703125 0.8050846453125 0.5550657703125 0.8069225718749999 0.5532272046875 0.8069225718749999 0.5513893875 0.81059908125 0.5477130046875 0.8161141734375 0.5477130046875 0.8179521 0.5458744390625 0.8197900265625 0.5458744390625 0.8197900265625 0.544036621875 0.821628609375 0.54219805625 0.821628609375 0.45396263125 0.8124376640625 0.44477130000000004 0.81059908125 0.44477130000000004 0.8069225718749999 0.4410949171875 0.8032460625000001 0.4410949171875 0.8014081359375 0.4392571 0.7922165359375 0.4355807171875 0.783025590625 0.43006577031250004 0.7811876640625 0.43006577031250004 0.7563123359375 0.41091180937500005 0.7260400265625 0.43006577031250004 0.7242021000000001 0.431904334375 0.71684908125 0.431904334375 0.7094960625 0.4392571 0.7076581359375 0.4392571
17 0.22426443593749998 0.283088190625 0.22242650937500003 0.28492675625 0.2205879265625 0.28492675625 0.21875 0.2867645734375 0.21507349062499997 0.2867645734375 0.21139698125 0.29044095625 0.2095590546875 0.29044095625 0.207720471875 0.292279521875 0.2058825453125 0.292279521875 0.20404396249999998 0.2941173390625 0.2003674546875 0.2941173390625 0.1966909453125 0.29779446875 0.19485301875 0.29779446875 0.191176509375 0.30147085156250003 0.1875 0.30147085156250003 0.18566207343750002 0.3033086703125 0.183823490625 0.3033086703125 0.176470471875 0.310661434375 0.176470471875 0.32536771249999996 0.1746325453125 0.32720553125 0.1746325453125 0.3915440953125 0.1783090546875 0.395220478125 0.18014698125 0.395220478125 0.18566207343750002 0.40073542656249994 0.1875 0.40073542656249994 0.18933792656249998 0.40257324375000003 0.19485301875 0.40257324375000003 0.198529528125 0.40625037343750003 0.198529528125 0.408088190625 0.2003674546875 0.40992675624999997 0.207720471875 0.40992675624999997 0.21507349062499997 0.417279521875 0.22610301875 0.417279521875 0.2279409453125 0.41544095625 0.2316174546875 0.41544095625 0.2316174546875 0.4136031390625 0.23345603750000002 0.41176457343750006 0.23529396249999998 0.41176457343750006 0.2371325453125 0.40992675624999997 0.24632349062499997 0.40992675624999997 0.2481620734375 0.41176457343750006 0.25 0.41176457343750006 0.253676509375 0.41544095625 0.2555144359375 0.41544095625 0.25735301875 0.417279521875 0.2683825453125 0.417279521875 0.270220471875 0.41544095625 0.27389698125 0.41544095625 0.277573490625 0.41176457343750006 0.27941207343749996 0.41176457343750006 0.28125 0.40992675624999997 0.2904409453125 0.40992675624999997 0.2977939625 0.40257324375000003 0.3033090546875 0.40257324375000003 0.30514698125 0.40073542656249994 0.30514698125 0.32720553125 0.3033090546875 0.32536771249999996 0.301470471875 0.32536771249999996 0.2996325453125 0.32352914843749997 0.2977939625 0.32352914843749997 0.2941174546875 0.319852765625 0.2941174546875 0.3180149484375 0.292279528125 0.3161763828125 0.292279528125 0.3088236171875 0.2904409453125 0.3069850515625 0.2904409453125 0.29963228750000004 0.284926509375 0.2941173390625 0.28308792656250004 0.2941173390625 0.28125 0.292279521875 0.277573490625 0.292279521875 0.2757355640625 0.29044095625 0.27389698125 0.29044095625 0.2720590546875 0.2886031390625 0.2665439625 0.2886031390625 0.2647060375 0.2867645734375 0.261029528125 0.2867645734375 0.2591909453125 0.28492675625 0.25735301875 0.28492675625 0.25 0.27757324375 0.24632349062499997 0.27757324375 0.24448556406250002 0.2757354265625 0.23529396249999998 0.2757354265625 0.23345603750000002 0.27757324375 0.2316174546875 0.27757324375 0.22610301875 0.283088190625 0.22426443593749998 0.283088190625
37 0.39880249375 0.549527653125 0.402479003125 0.549527653125 0.4043169296875 0.5513662187499999 0.40615485625 0.5513662187499999 0.40983136406250004 0.5550426015625 0.411669946875 0.5550426015625 0.4135078734375 0.5568804187499999 0.41902296562499997 0.5605568015625 0.41902296562499997 0.562395365625 0.4208608921875 0.56423393125 0.426375984375 0.56423393125 0.42821391093749994 0.5660717484375 0.43740485625 0.5715866968750001 0.43924343906249996 0.5734245140625001 0.4447578734375 0.577100896875 0.44659645625 0.577100896875 0.4521108921875 0.5789394625 0.45394947500000005 0.5807780265625 0.4631404203125 0.5826158453125 0.4668169296875 0.5826158453125 0.47049343906249996 0.5789394625 0.474169946875 0.5789394625 0.48152296562499997 0.5715866968750001 0.488875984375 0.5715866968750001 0.49071391093749994 0.56974813125 0.49071391093749994 0.5679103140625 0.50909645625 0.5568804187499999 0.5219639109374999 0.549527653125 0.5256404203125 0.549527653125 0.5311548562499999 0.54401270625 0.5311548562499999 0.5237922265625 0.5293169296875 0.5219544093749999 0.5294704718750001 0.4584289984375 0.4714343828125 0.42098579999999997 0.44920144375 0.41902466406250005 0.3947066921875 0.45705530625 0.39328740156249997 0.5458512703125 0.395125984375 0.5476890875 0.3969639109375 0.5476890875 0.39880249375 0.549527653125
36 0.15808792656249998 0.42647085156250003 0.15625 0.4283086703125 0.15441207343750002 0.4283086703125 0.14889698125 0.43382361718749995 0.1470590546875 0.43382361718749995 0.145220471875 0.43566143437499993 0.1415439625 0.43566143437499993 0.136029528125 0.44117638281250005 0.12683792656249998 0.44117638281250005 0.1231620734375 0.444852765625 0.121323490625 0.444852765625 0.1194855640625 0.4466913296875 0.1158090546875 0.4466913296875 0.113970471875 0.44852914843749997 0.11029396250000001 0.44852914843749997 0.10110301875000001 0.457720478125 0.10110301875000001 0.54044095625 0.1029409453125 0.5422795218750001 0.1029409453125 0.5441173390625 0.10661745468749999 0.547793721875 0.10845603749999999 0.547793721875 0.11029396250000001 0.5496322874999999 0.113970471875 0.5496322874999999 0.121323490625 0.5569850515625 0.12683792656249998 0.5569850515625 0.1341909453125 0.5643385656250001 0.1397060375 0.5643385656250001 0.1415439625 0.5661763828125 0.1433825453125 0.5661763828125 0.14889698125 0.5716913296875 0.1507355640625 0.5716913296875 0.15625 0.57720553125 0.15808792656249998 0.57720553125 0.159926509375 0.5790440953125 0.1727939625 0.5790440953125 0.176470471875 0.5753677125000001 0.176470471875 0.5735291484375 0.1783090546875 0.5716913296875 0.18014698125 0.5716913296875 0.1875 0.5643385656250001 0.19485301875 0.5643385656250001 0.1966909453125 0.5625 0.2003674546875 0.5625 0.20404396249999998 0.5588236171875 0.2058825453125 0.5588236171875 0.207720471875 0.5569850515625 0.21323556406250002 0.5569850515625 0.21507349062499997 0.555147234375 0.2169120734375 0.555147234375 0.22242650937500003 0.5496322874999999 0.229779528125 0.5496322874999999 0.23345603750000002 0.5459559046875 0.23345603750000002 0.5386031390625 0.23529396249999998 0.5367645734375001 0.23529396249999998 0.48529372187500003 0.23345603750000002 0.48345590468750005 0.23345603750000002 0.47794095625 0.23529396249999998 0.4761031390625 0.23529396249999998 0.47426457343750006 0.23345603750000002 0.47242675624999997 0.23345603750000002 0.470588190625 0.2316174546875 0.46875037343750003 0.2316174546875 0.466911809375 0.229779528125 0.46507324375000003 0.2279409453125 0.46507324375000003 0.22610301875 0.46323542656249994 0.22426443593749998 0.46323542656249994 0.21875 0.457720478125 0.21875 0.45404409531249995 0.2169120734375 0.45220553125 0.2169120734375 0.4503677125 0.21323556406250002 0.4466913296875 0.21323556406250002 0.444852765625 0.21139698125 0.4430149484375 0.21139698125 0.4375 0.2095590546875 0.43566143437499993 0.207720471875 0.43566143437499993 0.2058825453125 0.43382361718749995 0.198529528125 0.43382361718749995 0.1966909453125 0.4319850515625 0.19485301875 0.4319850515625 0.191176509375 0.4283086703125 0.1875 0.4283086703125 0.18014698125 0.42095590468750005 0.1783090546875 0.42095590468750005 0.176470471875 0.4191173390625 0.1691174546875 0.4191173390625 0.167279528125 0.42095590468750005 0.1654409453125 0.42095590468750005 0.159926509375 0.42647085156250003 0.15808792656249998 0.42647085156250003
35 0.2279409453125 0.5625 0.22610301875 0.5643385656250001 0.22426443593749998 0.5643385656250001 0.22242650937500003 0.5661763828125 0.2169120734375 0.5661763828125 0.2095590546875 0.5735291484375 0.207720471875 0.5735291484375 0.2058825453125 0.5753677125000001 0.20404396249999998 0.5753677125000001 0.2003674546875 0.5790440953125 0.198529528125 0.5790440953125 0.1966909453125 0.5808826609375 0.1930144359375 0.5808826609375 0.191176509375 0.5827204781249999 0.191176509375 0.58455904375 0.18933792656249998 0.5863968609375 0.1875 0.5863968609375 0.18566207343750002 0.5882354265624999 0.183823490625 0.5882354265624999 0.176470471875 0.595588190625 0.176470471875 0.5992645734375001 0.1746325453125 0.6011031390625 0.1746325453125 0.6856614343749999 0.18566207343750002 0.6966913296875 0.191176509375 0.6966913296875 0.1930144359375 0.6985291484375 0.19485301875 0.6985291484375 0.2003674546875 0.7040440953125 0.20220603750000002 0.7040440953125 0.2095590546875 0.7113968609375 0.2169120734375 0.7113968609375 0.22426443593749998 0.7187496265625 0.22610301875 0.7187496265625 0.2279409453125 0.720588190625 0.2279409453125 0.72242675625 0.229779528125 0.7242645734375001 0.2316174546875 0.7242645734375001 0.23345603750000002 0.7261031390625 0.24632349062499997 0.7261031390625 0.2481620734375 0.7242645734375001 0.2481620734375 0.7187496265625 0.24632349062499997 0.716911809375 0.2481620734375 0.71507324375 0.2481620734375 0.7132354265624999 0.25 0.7113968609375 0.25183792656250004 0.7113968609375 0.2555144359375 0.7077204781249999 0.253676509375 0.7058826609375 0.25183792656250004 0.7058826609375 0.2481620734375 0.70220553125 0.25183792656250004 0.6985291484375 0.253676509375 0.6985291484375 0.2555144359375 0.6966913296875 0.261029528125 0.6966913296875 0.2665439625 0.70220553125 0.2665439625 0.7077204781249999 0.2683825453125 0.7077204781249999 0.270220471875 0.7058826609375 0.27389698125 0.7058826609375 0.2757355640625 0.7040440953125 0.27941207343749996 0.7040440953125 0.28125 0.70220553125 0.28308792656250004 0.70220553125 0.2867644359375 0.6985291484375 0.28860301875 0.6985291484375 0.2904409453125 0.6966913296875 0.2977939625 0.6966913296875 0.3069855640625 0.6875 0.3069855640625 0.6819850515625 0.308823490625 0.680147234375 0.308823490625 0.65257324375 0.3069855640625 0.6507354265624999 0.3069855640625 0.6268385656250001 0.308823490625 0.625 0.308823490625 0.6158086703125 0.3069855640625 0.6139708515625 0.3069855640625 0.6121322874999999 0.30514698125 0.610293721875 0.3033090546875 0.610293721875 0.292279528125 0.5992645734375001 0.292279528125 0.59007324375 0.2904409453125 0.5882354265624999 0.2904409453125 0.5863968609375 0.27941207343749996 0.5753677125000001 0.277573490625 0.5753677125000001 0.2757355640625 0.5735291484375 0.27389698125 0.5735291484375 0.2665439625 0.5661763828125 0.261029528125 0.5661763828125 0.253676509375 0.5588236171875 0.25183792656250004 0.5588236171875 0.25 0.5569850515625 0.23345603750000002 0.5569850515625 0.2316174546875 0.5588236171875 0.229779528125 0.5588236171875 0.2279409453125 0.5606614343749999 0.2279409453125 0.5625
31 0.448529528125 0.658088190625 0.44485301875000005 0.6617645734375001 0.4430144359375 0.6617645734375001 0.44117650937499997 0.6636031390625 0.44117650937499997 0.70220553125 0.4430144359375 0.7040440953125 0.47610301875000005 0.7040440953125 0.4779409453125 0.70220553125 0.479779528125 0.70220553125 0.48161745468749995 0.7003677125000001 0.48161745468749995 0.6985291484375 0.4834560375 0.6966913296875 0.4834560375 0.6709559046875 0.48161745468749995 0.6691173390625 0.48161745468749995 0.6672795218750001 0.47610301875000005 0.6617645734375001 0.47610301875000005 0.65992675625 0.4742644359375 0.658088190625 0.4742644359375 0.6562496265625 0.47242650937499997 0.6562496265625 0.46875 0.65257324375 0.46875 0.6507354265624999 0.45588254531250005 0.6507354265624999 0.4540439625 0.65257324375 0.4522060375 0.65257324375 0.448529528125 0.6562496265625 0.448529528125 0.658088190625
15 0.7095590546875 0.6417997015625 0.6544114171875 0.6417997015625 0.6544114171875 0.7024611359375 0.7058825453125 0.7024611359375 0.7095590546875 0.698784753125 0.7095590546875 0.6417997015625
7 0.5919114171875 0.5588236171875 0.59375 0.5569850515625 0.636029528125 0.5569850515625 0.636029528125 0.49816143437499993 0.6341909453125 0.49632361718749995 0.5808825453125 0.49632361718749995 0.5808825453125 0.5569850515625 0.5882355640625 0.5569850515625 0.590073490625 0.5588236171875 0.5919114171875 0.5588236171875
33 0.590073490625 0.6617645734375001 0.5882355640625 0.6636031390625 0.5882355640625 0.6691173390625 0.58639698125 0.6709559046875 0.58639698125 0.6985291484375 0.5882355640625 0.7003677125000001 0.5882355640625 0.70220553125 0.590073490625 0.7040440953125 0.5955879265624999 0.7040440953125 0.597426509375 0.7058826609375 0.60110301875 0.7058826609375 0.6029409453125 0.7077204781249999 0.613970471875 0.7077204781249999 0.6158090546875 0.7058826609375 0.6194855640625 0.7058826609375 0.621323490625 0.7040440953125 0.625 0.7040440953125 0.6268379265624999 0.70220553125 0.628676509375 0.70220553125 0.628676509375 0.7003677125000001 0.6305144359375 0.6985291484375 0.6305144359375 0.6709559046875 0.625 0.66544095625 0.625 0.6636031390625 0.6231614171875 0.6636031390625 0.6158090546875 0.6562496265625 0.6158090546875 0.654411809375 0.597426509375 0.654411809375 0.5955879265624999 0.6562496265625 0.5955879265624999 0.658088190625 0.5919114171875 0.6617645734375001 0.590073490625 0.6617645734375001
26 0.6544114171875 0.26102914843749997 0.6507355640625 0.26470553125 0.64889698125 0.26470553125 0.6470590546875 0.2665440953125 0.645220471875 0.2665440953125 0.6415439625 0.270220478125 0.6397060375 0.270220478125 0.6378674546875 0.27205904375 0.63235301875 0.27205904375 0.6305144359375 0.2738968609375 0.6305144359375 0.29779446875 0.636029528125 0.29779446875 0.636029528125 0.2959559046875 0.6378674546875 0.2941173390625 0.6397060375 0.2941173390625 0.6415439625 0.292279521875 0.6470590546875 0.292279521875 0.64889698125 0.29044095625 0.6507355640625 0.29044095625 0.65625 0.28492675625 0.6580879265624999 0.28492675625 0.659926509375 0.283088190625 0.659926509375 0.2812503734375 0.66360301875 0.27757324375 0.6709560375 0.27757324375 0.6746325453125 0.2738968609375 0.6746325453125 0.27205904375 0.6783090546875 0.2683826609375 0.6783090546875 0.257352765625 0.6746325453125 0.2536763828125 0.6617644359375 0.2536763828125 0.6580879265624999 0.257352765625 0.65625 0.257352765625 0.6544114171875 0.2591913296875 0.6544114171875 0.26102914843749997
14 0.417279528125 0.6985291484375 0.417279528125 0.6433826609375 0.4154409453125 0.6415440953125 0.3621325453125 0.6415440953125 0.3621325453125 0.70220553125 0.4154409453125 0.70220553125 0.4154409453125 0.7003677125000001 0.417279528125 0.6985291484375
35 0.2504383203125 0.5070201796875 0.24948818906249998 0.54016965625 0.2559534125 0.5492997015625 0.2780118109375 0.558490284375 0.2890413390625 0.5658437968750001 0.29639435625 0.5658437968750001 0.315376640625 0.55465171875 0.331320865625 0.5621666671875001 0.331320865625 0.56400523125 0.3331594484375 0.56400523125 0.34349409375 0.564395365625 0.35521784843750004 0.552976084375 0.3570564296875 0.552976084375 0.35880511875 0.5519820625 0.3717618109375 0.543784753125 0.377276903125 0.543784753125 0.3809534125 0.5401083703125 0.3809534125 0.45922570937499996 0.36624737500000004 0.4500343796875 0.31820669218750003 0.41023916250000003 0.269068896875 0.44523916249999995 0.26514435625 0.45922570937499996 0.259629921875 0.46474065781249996 0.2577913390625 0.46474065781249996 0.2504383203125 0.4720934234375 0.2504383203125 0.5070201796875
33 0.301470471875 0.2757354265625 0.2977939625 0.279411809375 0.2959560375 0.279411809375 0.2941174546875 0.2812503734375 0.2941174546875 0.3161763828125 0.2977939625 0.319852765625 0.2996325453125 0.319852765625 0.301470471875 0.3216913296875 0.3290439625 0.3216913296875 0.3308825453125 0.319852765625 0.332720471875 0.319852765625 0.3345590546875 0.3180149484375 0.3345590546875 0.3161763828125 0.33639698125 0.314338565625 0.33639698125 0.2812503734375 0.3345590546875 0.279411809375 0.332720471875 0.279411809375 0.3290439625 0.2757354265625 0.3290439625 0.2738968609375 0.3272060375 0.27205904375 0.3253674546875 0.27205904375 0.3216909453125 0.2683826609375 0.308823490625 0.2683826609375 0.30514698125 0.27205904375 0.3033090546875 0.27205904375 0.301470471875 0.2738968609375 0.301470471875 0.2757354265625
31 0.301470471875 0.5625 0.2977939625 0.5661763828125 0.2959560375 0.5661763828125 0.2941174546875 0.5680149484375 0.2941174546875 0.5992645734375001 0.2959560375 0.6011031390625 0.2959560375 0.60294095625 0.2977939625 0.60294095625 0.2996325453125 0.6047795218750001 0.2996325453125 0.6066173390625 0.301470471875 0.6066173390625 0.3033090546875 0.6084559046875 0.3272060375 0.6084559046875 0.3290439625 0.6066173390625 0.3290439625 0.6047795218750001 0.332720471875 0.6011031390625 0.3345590546875 0.6011031390625 0.33639698125 0.5992645734375001 0.33639698125 0.5680149484375 0.3345590546875 0.5661763828125 0.332720471875 0.5661763828125 0.3290439625 0.5625 0.3290439625 0.5606614343749999 0.3272060375 0.5588236171875 0.3253674546875 0.5588236171875 0.3216909453125 0.555147234375 0.308823490625 0.555147234375 0.3069855640625 0.5569850515625 0.30514698125 0.5569850515625 0.301470471875 0.5606614343749999 0.301470471875 0.5625
7 0.1966909453125 0.555147234375 0.1966909453125 0.5018385656250001 0.19485301875 0.5 0.19485301875 0.49816143437499993 0.145220471875 0.49816143437499993 0.1433825453125 0.5 0.1433825453125 0.5569850515625 0.19485301875 0.5569850515625 0.1966909453125 0.555147234375
32 0.6654409453125 0.51470553125 0.6617644359375 0.5183826609375 0.6617644359375 0.555147234375 0.66360301875 0.5569850515625 0.6654409453125 0.5569850515625 0.6691174546875 0.5606614343749999 0.6930144359375 0.5606614343749999 0.698529528125 0.555147234375 0.698529528125 0.5533086703125 0.7040439625 0.547793721875 0.7040439625 0.52757324375 0.7022060375 0.5257354265624999 0.7022060375 0.5238968609375 0.6966909453125 0.5183826609375 0.6966909453125 0.5165440953125 0.69485301875 0.51470553125 0.6930144359375 0.51470553125 0.6893379265624999 0.5110291484375 0.6893379265624999 0.5091913296875 0.6875 0.507352765625 0.676470471875 0.507352765625 0.6746325453125 0.5091913296875 0.6727939625 0.5091913296875 0.667279528125 0.51470553125 0.6654409453125 0.51470553125
0 0.3419114171875 0.40992675624999997 0.347426509375 0.41544095625 0.3492644359375 0.41544095625 0.35110301875 0.417279521875 0.3566174546875 0.417279521875 0.363970471875 0.4246322875 0.36764698125 0.4246322875 0.3694855640625 0.42647085156250003 0.371323490625 0.42647085156250003 0.37683792656250004 0.4319850515625 0.3805144359375 0.4319850515625 0.38235301875 0.43382361718749995 0.3897060375 0.43382361718749995 0.3915439625 0.4319850515625 0.4007355640625 0.4319850515625 0.4080879265625 0.4246322875 0.4117644359375 0.4246322875 0.41360301875000005 0.42279372187500003 0.4154409453125 0.42279372187500003 0.4209560375 0.417279521875 0.42463254531250005 0.417279521875 0.4375 0.404411809375 0.4375 0.40257324375000003 0.4393379265625 0.40073542656249994 0.4393379265625 0.376838565625 0.4466909453125 0.3694850515625 0.4466909453125 0.367647234375 0.448529528125 0.3658086703125 0.4540439625 0.36213228750000004 0.454875984375 0.3127780265625 0.3900866140625 0.26521599375 0.340427165625 0.2985986546875 0.3425872703125 0.3155889390625 0.327019028125 0.326399103125 0.3272060375 0.40257324375000003 0.332720471875 0.40257324375000003 0.340073490625 0.40992675624999997 0.3419114171875 0.40992675624999997
12 0.417279528125 0.408088190625 0.417279528125 0.354779521875 0.4154409453125 0.35294095625 0.363970471875 0.35294095625 0.363970471875 0.41176457343750006 0.3658090546875 0.4136031390625 0.4117644359375 0.4136031390625 0.417279528125 0.408088190625
34 0.448529528125 0.3713236171875 0.44485301875000005 0.375 0.4430144359375 0.375 0.44117650937499997 0.376838565625 0.44117650937499997 0.40992675624999997 0.4430144359375 0.40992675624999997 0.448529528125 0.41544095625 0.47610301875000005 0.41544095625 0.47610301875000005 0.4136031390625 0.479779528125 0.40992675624999997 0.48161745468749995 0.40992675624999997 0.4834560375 0.408088190625 0.4834560375 0.3786763828125 0.47610301875000005 0.3713236171875 0.47610301875000005 0.3694850515625 0.4742644359375 0.367647234375 0.47242650937499997 0.367647234375 0.46875 0.36397085156250003 0.45588254531250005 0.36397085156250003 0.4522060375 0.367647234375 0.45036745468749995 0.367647234375 0.448529528125 0.3694850515625 0.448529528125 0.3713236171875
26 0.7169114171875 0.5790440953125 0.7242644359375 0.5863968609375 0.7316174546875 0.5863968609375 0.7352939625 0.59007324375 0.7352939625 0.591911809375 0.7371325453125 0.5937496265625 0.74264698125 0.5937496265625 0.7444855640625 0.595588190625 0.746323490625 0.595588190625 0.7481614171875 0.5937496265625 0.75 0.5937496265625 0.75 0.57720553125 0.746323490625 0.5735291484375 0.7444855640625 0.5735291484375 0.7408090546875 0.569852765625 0.7408090546875 0.5680149484375 0.738970471875 0.5661763828125 0.7352939625 0.5661763828125 0.7334560375 0.5643385656250001 0.7316174546875 0.5643385656250001 0.72610301875 0.5588236171875 0.722426509375 0.5588236171875 0.71875 0.555147234375 0.7003674546875 0.555147234375 0.7003674546875 0.5716913296875 0.707720471875 0.5716913296875 0.715073490625 0.5790440953125 0.7169114171875 0.5790440953125
32 0.5919114171875 0.27205904375 0.5882355640625 0.2757354265625 0.5882355640625 0.314338565625 0.59375 0.319852765625 0.621323490625 0.319852765625 0.6305144359375 0.310661434375 0.6305144359375 0.2812503734375 0.628676509375 0.279411809375 0.6268379265624999 0.279411809375 0.6231614171875 0.2757354265625 0.6231614171875 0.2738968609375 0.621323490625 0.27205904375 0.6194855640625 0.27205904375 0.6158090546875 0.2683826609375 0.6158090546875 0.2665440953125 0.6029409453125 0.2665440953125 0.5992644359375 0.270220478125 0.597426509375 0.270220478125 0.5955879265624999 0.27205904375 0.5919114171875 0.27205904375
9 0.340073490625 0.8437503734374999 0.3419114171875 0.8437503734374999 0.34375 0.8419118093750001 0.34375 0.7867645734375001 0.2904409453125 0.7867645734375001 0.2904409453125 0.8455881906249999 0.292279528125 0.84742675625 0.33639698125 0.84742675625 0.340073490625 0.8437503734374999
25 0.46875 0.59742675625 0.4669114171875 0.595588190625 0.457720471875 0.595588190625 0.45588254531250005 0.59742675625 0.45588254531250005 0.6507354265624999 0.46875 0.6507354265624999 0.46875 0.59742675625
28 0.183823490625 0.42095590468750005 0.183823490625 0.42279372187500003 0.18566207343750002 0.4246322875 0.18933792656249998 0.4246322875 0.191176509375 0.42647085156250003 0.19485301875 0.42647085156250003 0.1966909453125 0.4283086703125 0.1966909453125 0.430147234375 0.198529528125 0.430147234375 0.2003674546875 0.4319850515625 0.20220603750000002 0.4319850515625 0.2058825453125 0.43566143437499993 0.2058825453125 0.4375 0.207720471875 0.43933856562500007 0.2169120734375 0.43933856562500007 0.21875 0.4375 0.21875 0.42095590468750005 0.2169120734375 0.4191173390625 0.21507349062499997 0.4191173390625 0.21139698125 0.41544095625 0.21139698125 0.4136031390625 0.2095590546875 0.41176457343750006 0.2003674546875 0.41176457343750006 0.1966909453125 0.408088190625 0.1966909453125 0.40625037343750003 0.19485301875 0.404411809375 0.191176509375 0.404411809375 0.18566207343750002 0.3988968609375 0.1691174546875 0.3988968609375 0.1691174546875 0.4136031390625 0.1727939625 0.417279521875 0.18014698125 0.417279521875 0.183823490625 0.42095590468750005
14 0.6084560375 0.2683826609375 0.6102939625 0.270220478125 0.628676509375 0.270220478125 0.6305144359375 0.2683826609375 0.63235301875 0.2683826609375 0.6341909453125 0.2665440953125 0.6341909453125 0.20955904374999998 0.582720471875 0.20955904374999998 0.582720471875 0.270220478125 0.60110301875 0.270220478125 0.6029409453125 0.2683826609375 0.6084560375 0.2683826609375
36 0.5220590546875 0.2867645734375 0.520220471875 0.2867645734375 0.5165439625 0.29044095625 0.5091909453125 0.29044095625 0.5055144359375 0.2941173390625 0.503676509375 0.2941173390625 0.4981614171875 0.29963228750000004 0.49632349062500003 0.29963228750000004 0.4944855640625 0.30147085156250003 0.49264698124999995 0.30147085156250003 0.4908090546875 0.3033086703125 0.48713254531250005 0.3033086703125 0.4852939625 0.305147234375 0.48161745468749995 0.305147234375 0.48161745468749995 0.373161434375 0.4852939625 0.376838565625 0.4852939625 0.40073542656249994 0.48713254531250005 0.40257324375000003 0.488970471875 0.40257324375000003 0.49264698124999995 0.40625037343750003 0.49264698124999995 0.408088190625 0.4944855640625 0.40992675624999997 0.5018379265624999 0.40992675624999997 0.5091909453125 0.417279521875 0.511029528125 0.417279521875 0.5128674546875 0.4191173390625 0.5147060375 0.4191173390625 0.5165439625 0.42095590468750005 0.5165439625 0.42279372187500003 0.5183825453125 0.42279372187500003 0.520220471875 0.4246322875 0.5220590546875 0.4246322875 0.52389698125 0.42647085156250003 0.5257355640625 0.42647085156250003 0.53125 0.4319850515625 0.5441174546875 0.4319850515625 0.5459560375 0.430147234375 0.5477939625 0.430147234375 0.5496325453125 0.4283086703125 0.5496325453125 0.42647085156250003 0.551470471875 0.4246322875 0.5533090546875 0.4246322875 0.5606614171875 0.417279521875 0.5643379265624999 0.417279521875 0.566176509375 0.41544095625 0.56985301875 0.41544095625 0.573529528125 0.41176457343750006 0.5772060375 0.41176457343750006 0.5790439625 0.40992675624999997 0.5845590546875 0.40992675624999997 0.58639698125 0.408088190625 0.58639698125 0.40625037343750003 0.5882355640625 0.404411809375 0.590073490625 0.404411809375 0.5919114171875 0.40257324375000003 0.5955879265624999 0.40257324375000003 0.597426509375 0.40073542656249994 0.5992644359375 0.40073542656249994 0.5992644359375 0.3988968609375 0.60110301875 0.39705904375 0.60110301875 0.3933826609375 0.6029409453125 0.3915440953125 0.6029409453125 0.3694850515625 0.60110301875 0.367647234375 0.60110301875 0.32536771249999996 0.5992644359375 0.32352914843749997 0.5955879265624999 0.32352914843749997 0.58639698125 0.314338565625 0.58639698125 0.3069850515625 0.5845590546875 0.305147234375 0.5845590546875 0.29779446875 0.582720471875 0.2959559046875 0.582720471875 0.2941173390625 0.5808825453125 0.2941173390625 0.5772060375 0.29044095625 0.5753674546875 0.29044095625 0.573529528125 0.2886031390625 0.5643379265624999 0.2886031390625 0.5625 0.2867645734375 0.5569855640625 0.2867645734375 0.55514698125 0.28492675625 0.551470471875 0.28492675625 0.5477939625 0.2812503734375 0.5459560375 0.2812503734375 0.5441174546875 0.279411809375 0.542279528125 0.279411809375 0.5404409453125 0.27757324375 0.53125 0.27757324375 0.53125 0.279411809375 0.5294114171875 0.2812503734375 0.527573490625 0.2812503734375 0.5220590546875 0.2867645734375
12 0.6305144359375 0.84742675625 0.6341909453125 0.8437503734374999 0.636029528125 0.8437503734374999 0.6378674546875 0.8419118093750001 0.6378674546875 0.7867645734375001 0.5808825453125 0.7867645734375001 0.5808825453125 0.8455881906249999 0.5845590546875 0.8455881906249999 0.58639698125 0.84742675625 0.6305144359375 0.84742675625
16 0.270220471875 0.70220553125 0.270220471875 0.6415440953125 0.21875 0.6415440953125 0.21507349062499997 0.6452204781249999 0.21507349062499997 0.7040440953125 0.2683825453125 0.7040440953125 0.270220471875 0.70220553125
27 0.551470471875 0.5680149484375 0.551470471875 0.569852765625 0.5533090546875 0.5716913296875 0.5606614171875 0.5716913296875 0.5680144359375 0.5790440953125 0.56985301875 0.5790440953125 0.573529528125 0.5827204781249999 0.573529528125 0.58455904375 0.5753674546875 0.5863968609375 0.582720471875 0.5863968609375 0.590073490625 0.5937496265625 0.59375 0.5937496265625 0.5955879265624999 0.595588190625 0.60110301875 0.595588190625 0.6029409453125 0.5937496265625 0.6066174546875 0.5937496265625 0.6066174546875 0.5808826609375 0.604779528125 0.5808826609375 0.60110301875 0.57720553125 0.60110301875 0.5753677125000001 0.5992644359375 0.5735291484375 0.597426509375 0.5735291484375 0.590073490625 0.5661763828125 0.582720471875 0.5661763828125 0.5790439625 0.5625 0.5790439625 0.5606614343749999 0.5772060375 0.5588236171875 0.56985301875 0.5588236171875 0.5625 0.5514708515625 0.5606614171875 0.5514708515625 0.5569855640625 0.547793721875 0.5569855640625 0.5459559046875 0.55514698125 0.5441173390625 0.5404409453125 0.5441173390625 0.5404409453125 0.5588236171875 0.5459560375 0.5643385656250001 0.5477939625 0.5643385656250001 0.551470471875 0.5680149484375
16 0.5625 0.40992675624999997 0.5625 0.35294095625 0.5091909453125 0.35294095625 0.5091909453125 0.4136031390625 0.5569855640625 0.4136031390625 0.5606614171875 0.40992675624999997 0.5625 0.40992675624999997
26 0.7555144359375 0.6875 0.75735301875 0.6875 0.761029528125 0.6838236171875 0.761029528125 0.59742675625 0.7591909453125 0.595588190625 0.7481614171875 0.595588190625 0.7481614171875 0.6856614343749999 0.7518379265624999 0.6893385656250001 0.753676509375 0.6893385656250001 0.7555144359375 0.6875
27 0.6102939625 0.59742675625 0.60110301875 0.59742675625 0.60110301875 0.6507354265624999 0.613970471875 0.6507354265624999 0.613970471875 0.6011031390625 0.6102939625 0.59742675625
8 0.4356614171875 0.49816143437499993 0.4356614171875 0.5569850515625 0.488970471875 0.5569850515625 0.488970471875 0.49816143437499993 0.4356614171875 0.49816143437499993
28 0.4834560375 0.42095590468750005 0.4852939625 0.42279372187500003 0.4852939625 0.4246322875 0.48713254531250005 0.42647085156250003 0.48713254531250005 0.430147234375 0.488970471875 0.430147234375 0.4908090546875 0.4319850515625 0.49632349062500003 0.4319850515625 0.5 0.43566143437499993 0.5 0.4375 0.5018379265624999 0.43933856562500007 0.503676509375 0.43933856562500007 0.511029528125 0.4466913296875 0.5183825453125 0.4466913296875 0.5220590546875 0.4503677125 0.5330879265624999 0.4503677125 0.5330879265624999 0.43382361718749995 0.53125 0.43382361718749995 0.527573490625 0.430147234375 0.527573490625 0.4283086703125 0.5257355640625 0.42647085156250003 0.5165439625 0.42647085156250003 0.5128674546875 0.42279372187500003 0.5128674546875 0.42095590468750005 0.511029528125 0.4191173390625 0.5091909453125 0.4191173390625 0.5018379265624999 0.41176457343750006 0.4908090546875 0.41176457343750006 0.488970471875 0.40992675624999997 0.4779409453125 0.40992675624999997 0.4779409453125 0.4191173390625 0.479779528125 0.4191173390625 0.48161745468749995 0.42095590468750005 0.4834560375 0.42095590468750005
13 0.31066207343749996 0.555147234375 0.3125 0.555147234375 0.31433792656250004 0.5569850515625 0.3308825453125 0.5569850515625 0.332720471875 0.5588236171875 0.3345590546875 0.5569850515625 0.340073490625 0.5569850515625 0.34375 0.5533086703125 0.34375 0.5018385656250001 0.3419114171875 0.5 0.3419114171875 0.49816143437499993 0.340073490625 0.49632361718749995 0.292279528125 0.49632361718749995 0.2904409453125 0.49816143437499993 0.2904409453125 0.5569850515625 0.308823490625 0.5569850515625 0.31066207343749996 0.555147234375
29 0.40253805781249996 0.1838236171875 0.40253805781249996 0.185661434375 0.3988615484375 0.189338565625 0.397023621875 0.189338565625 0.3933471125 0.1930149484375 0.3933471125 0.2040440953125 0.40253805781249996 0.2040440953125 0.404375984375 0.20588266093750002 0.40621456718750004 0.20588266093750002 0.40805249374999997 0.207720478125 0.40805249374999997 0.20955904374999998 0.40621456718750004 0.21139686093750001 0.40621456718750004 0.216911809375 0.40934908124999997 0.224278775 0.4241069546875 0.22598804218750002 0.4271574796875 0.2214431984375 0.4317335953125 0.2186165921875 0.430423228125 0.20879671093750002 0.43994881875 0.2102443953125 0.44800393749999995 0.2060059796875 0.44291863593749997 0.19556950625 0.43195013125 0.1875 0.43195013125 0.180147234375 0.4301115484375 0.1783086703125 0.4301115484375 0.1764708515625 0.4264350390625 0.17279446874999999 0.4264350390625 0.1709559046875 0.4245971125 0.16911733906249998 0.4245971125 0.167279521875 0.41578674531250004 0.1660433484375 0.40621456718750004 0.17463228749999998 0.404375984375 0.1764708515625 0.404375984375 0.1819850515625 0.40253805781249996 0.1838236171875
13 0.729779528125 0.4965485796875 0.729779528125 0.557210015625 0.78125 0.557210015625 0.78125 0.4965485796875 0.729779528125 0.4965485796875
27 0.31299212656250003 0.3991031390625 0.31955380624999996 0.3983557546875 0.3234908140625 0.3901345296875 0.32414698125 0.3251121078125 0.3202099734375 0.3236173390625 0.316929134375 0.3236173390625 0.30839895 0.3243647234375 0.3077427828125 0.3908819140625 0.3097112859375 0.39686098593749997 0.31299212656250003 0.3991031390625
10 0.656824146875 0.41330343750000004 0.6719160109375 0.41704035937499995 0.7073490812500001 0.414050821875 0.709973753125 0.40881913281250004 0.7106299218750001 0.394618834375 0.7106299218750001 0.36173393125 0.7086614171875001 0.3550074734375 0.7034120734375 0.3520179375 0.662729659375 0.3520179375 0.6607611546875 0.3520179375 0.6561679796875 0.3550074734375 0.65485564375 0.3602391625 0.654199475 0.404334828125 0.656824146875 0.41330343750000004
11 0.29527559062500003 0.2713004484375 0.30708661406250004 0.2705530640625 0.31364829375 0.26382660625 0.3208661421875 0.26457399062500003 0.322178478125 0.2683109125 0.3307086609375 0.2720478328125 0.342519684375 0.2690582953125 0.3444881890625 0.26532137499999997 0.3444881890625 0.21674140468749997 0.342519684375 0.21076233125 0.3385826765625 0.2077727953125 0.306430446875 0.2077727953125 0.30314960625 0.2077727953125 0.2913385828125 0.2092675640625 0.2887139109375 0.213004484375 0.2887139109375 0.266068759375 0.29527559062500003 0.2713004484375
11 0.5137795281249999 0.704035875 0.5196850390625001 0.704783259375 0.5603674546875 0.703288490625 0.5629921265625 0.69955156875 0.5643044625 0.6786248125000001 0.5623359578125 0.6442451421875 0.5577427828125 0.6412556046875 0.5203412078125 0.6412556046875 0.5183727031250001 0.6412556046875 0.5124671921874999 0.6420029890625 0.508530184375 0.64648729375 0.508530184375 0.69955156875 0.5137795281249999 0.704035875
15 0.2205879265625 0.4136031390625 0.22242650937500003 0.41544095625 0.229779528125 0.41544095625 0.23345603750000002 0.41176457343750006 0.23529396249999998 0.41176457343750006 0.2371325453125 0.40992675624999997 0.24632349062499997 0.40992675624999997 0.25183792656250004 0.41544095625 0.261029528125 0.41544095625 0.2665439625 0.40992675624999997 0.2683825453125 0.40992675624999997 0.270220471875 0.408088190625 0.270220471875 0.35294095625 0.2205879265625 0.35294095625 0.2169120734375 0.3566173390625 0.2169120734375 0.408088190625 0.2205879265625 0.41176457343750006 0.2205879265625 0.4136031390625
8 0.48713254531250005 0.8455881906249999 0.4908090546875 0.8419118093750001 0.4908090546875 0.7886031390625 0.488970471875 0.7867645734375001 0.4356614171875 0.7867645734375001 0.4356614171875 0.84742675625 0.4834560375 0.84742675625 0.4852939625 0.8455881906249999 0.48713254531250005 0.8455881906249999
22 0.265624671875 0.8656248124999999 0.2078123359375 0.8656248124999999 0.2078123359375 0.95 0.2640623359375 0.95 0.265624671875 0.9484372203125 0.265624671875 0.8656248124999999
20 0.775 0.8 0.7765623359375 0.7984372203125 0.7765623359375 0.7218751875 0.7203123359375 0.7218751875 0.7203123359375 0.8031248124999999 0.7734376640625 0.8031248124999999 0.775 0.8015627796875 0.775 0.8
18 0.775 0.1687503734375 0.7765623359375 0.16718759375 0.7765623359375 0.14218759375 0.7203123359375 0.14218759375 0.7203123359375 0.225 0.771874671875 0.225 0.775 0.22187518750000002 0.775 0.1687503734375
19 0.5546876640625 0.8656248124999999 0.503124671875 0.8656248124999999 0.503124671875 0.94531240625 0.553124671875 0.94531240625 0.5546876640625 0.9437503734374999 0.5546876640625 0.8656248124999999
18 0.8671876640624999 0.43125037343750006 0.8671876640624999 0.5140627796875 0.9234376640624999 0.5140627796875 0.9234376640624999 0.43125037343750006 0.8671876640624999 0.43125037343750006
18 0.5546876640625 0.0734372203125 0.5546876640625 0.04218759375 0.55625 0.0406248125 0.55625 0.0031248125 0.5 0.0031248125 0.5 0.0765627796875 0.553124671875 0.0765627796875 0.553124671875 0.075 0.5546876640625 0.0734372203125
21 0.26093766406249996 0.04531240625 0.2625 0.043750373437500004 0.2625 0.0015627796874999999 0.2078123359375 0.0015627796874999999 0.2078123359375 0.07968759375 0.25937467187499996 0.07968759375 0.26093766406249996 0.0781248125 0.26093766406249996 0.04531240625
23 0.103124671875 0.3687503734375 0.1046876640625 0.37031240625 0.10937532812499999 0.37031240625 0.11093766406250001 0.3687503734375 0.115624671875 0.3687503734375 0.1171876640625 0.36718759375 0.1171876640625 0.2890627796875 0.05937467187499999 0.2890627796875 0.05937467187499999 0.37031240625 0.0984376640625 0.37031240625 0.1 0.3687503734375 0.103124671875 0.3687503734375
18 0.05937467187499999 0.5781248125 0.05937467187499999 0.6593751875 0.1171876640625 0.6593751875 0.1171876640625 0.5781248125 0.05937467187499999 0.5781248125