28 0.5091914359375 0.2518379359375 0.503676321875 0.25735319843750004 0.5018381609375 0.25735319843750004 0.5 0.259191134375 0.5 0.2610290703125 0.496323678125 0.26470566875 0.4871322421875 0.26470566875 0.48529408125 0.26654433125 0.48529408125 0.26838226718749997 0.4816177578125 0.272058865625 0.479779596875 0.272058865625 0.4779414359375 0.27389680156249996 0.4779414359375 0.2849265984375 0.496323678125 0.2849265984375 0.5018381609375 0.2794120640625 0.503676321875 0.2794120640625 0.505514484375 0.2775734015625 0.511029596875 0.2775734015625 0.5128677578125 0.275735465625 0.5128677578125 0.27389680156249996 0.51654408125 0.2702209296875 0.5183822421875 0.2702209296875 0.520220403125 0.26838226718749997 0.5220585640625 0.26838226718749997 0.527573678125 0.26286773281250003 0.527573678125 0.2610290703125 0.5294118390625 0.259191134375 0.5294118390625 0.255514534375 0.53125 0.2536765984375 0.53125 0.2518379359375 0.5330881609375 0.25 0.5330881609375 0.24816206406250002 0.5183822421875 0.24816206406250002 0.51654408125 0.25 0.5128677578125 0.25 0.511029596875 0.2518379359375 0.5091914359375 0.2518379359375
37 0.6433822421875 0.5606620640625 0.63970591875 0.5643379359375 0.6378677578125 0.5643379359375 0.636029596875 0.5661765984375 0.6341914359375 0.5661765984375 0.632353275 0.5680145343749999 0.630514484375 0.5680145343749999 0.6268381609375 0.571691134375 0.625 0.571691134375 0.6231618390625 0.5735290703125 0.6158085640625 0.5735290703125 0.613970403125 0.5753677328125 0.6121322421875 0.5753677328125 0.61029408125 0.57720566875 0.61029408125 0.6452209296875 0.6121322421875 0.647058865625 0.6121322421875 0.6507354656250001 0.6176473546875 0.65625 0.6176473546875 0.6580879359375 0.619485515625 0.6599265984375 0.625 0.6599265984375 0.6268381609375 0.6617645343749999 0.628676321875 0.6617645343749999 0.630514484375 0.6636031984375 0.630514484375 0.665441134375 0.632353275 0.6672790703125 0.632353275 0.678308865625 0.6341914359375 0.6801468015625 0.6341914359375 0.6819854656250001 0.636029596875 0.6819854656250001 0.64154408125 0.6875 0.6433822421875 0.6875 0.645220403125 0.6893379359375 0.650735515625 0.6893379359375 0.6544118390625 0.6930145343749999 0.6544118390625 0.6948531984375 0.65625 0.6948531984375 0.6580881609375 0.696691134375 0.663603275 0.696691134375 0.67095591875 0.70404433125 0.680146725 0.70404433125 0.681985515625 0.70220566875 0.681985515625 0.7003677328125 0.6856618390625 0.696691134375 0.694853275 0.696691134375 0.6966914359375 0.6948531984375 0.698529596875 0.6948531984375 0.7003677578125 0.6930145343749999 0.70220591875 0.6930145343749999 0.7058822421875 0.6893379359375 0.707720403125 0.6893379359375 0.711396725 0.6856620640625 0.713235515625 0.6856620640625 0.715073678125 0.6838234015625 0.7169118390625 0.6838234015625 0.71875 0.6819854656250001 0.722426321875 0.6819854656250001 0.729779596875 0.6746322671875 0.7316177578125 0.6746322671875 0.738970403125 0.6672790703125 0.738970403125 0.584558865625 0.7316177578125 0.57720566875 0.7316177578125 0.5753677328125 0.729779596875 0.5753677328125 0.7279414359375 0.5735290703125 0.726103275 0.5735290703125 0.7205881609375 0.5680145343749999 0.71875 0.5680145343749999 0.7169118390625 0.5661765984375 0.715073678125 0.5661765984375 0.7095585640625 0.5606620640625 0.707720403125 0.5606620640625 0.7058822421875 0.5588234015625 0.70220591875 0.5588234015625 0.7003677578125 0.5569854656250001 0.698529596875 0.5569854656250001 0.693014484375 0.5514709296875 0.6580881609375 0.5514709296875 0.650735515625 0.5588234015625 0.6470585640625 0.5588234015625 0.645220403125 0.5606620640625 0.6433822421875 0.5606620640625
17 0.582720403125 0.13235319843749999 0.5808822421875 0.13419113437500002 0.57904408125 0.13419113437500002 0.5753677578125 0.1378677328125 0.573529596875 0.1378677328125 0.5716914359375 0.13970566874999998 0.568014484375 0.13970566874999998 0.566176321875 0.14154433125000002 0.566176321875 0.1433822671875 0.5643381609375 0.1452209296875 0.5625 0.1452209296875 0.558823678125 0.14889680156250001 0.558823678125 0.15808793593749998 0.556985515625 0.15992659843749998 0.556985515625 0.16360319843749999 0.551470403125 0.1691177328125 0.5496322421875 0.1691177328125 0.54595591875 0.17279433125000002 0.54595591875 0.1746322671875 0.5441177578125 0.1764709296875 0.5441177578125 0.18382340156250002 0.542279596875 0.18566206406250002 0.542279596875 0.2518379359375 0.54595591875 0.255514534375 0.5533085640625 0.255514534375 0.5606618390625 0.26286773281250003 0.5625 0.26286773281250003 0.568014484375 0.26838226718749997 0.569853275 0.26838226718749997 0.5716914359375 0.2702209296875 0.57720591875 0.2702209296875 0.5808822421875 0.27389680156249996 0.5808822421875 0.275735465625 0.582720403125 0.2775734015625 0.5863973546875 0.2775734015625 0.588235515625 0.2794120640625 0.590073678125 0.2794120640625 0.59375 0.2830879359375 0.6066177578125 0.2830879359375 0.6121322421875 0.2775734015625 0.6158085640625 0.2775734015625 0.619485515625 0.27389680156249996 0.621323678125 0.27389680156249996 0.625 0.2702209296875 0.628676321875 0.2702209296875 0.630514484375 0.26838226718749997 0.630514484375 0.26654433125 0.6341914359375 0.26286773281250003 0.6378677578125 0.26286773281250003 0.6433822421875 0.25735319843750004 0.6433822421875 0.255514534375 0.645220403125 0.2536765984375 0.645220403125 0.244485465625 0.6433822421875 0.2426468015625 0.6433822421875 0.23161773281250003 0.645220403125 0.2297790703125 0.645220403125 0.2224265984375 0.648896725 0.21875 0.650735515625 0.21875 0.65625 0.213235465625 0.6580881609375 0.213235465625 0.659926321875 0.2113968015625 0.663603275 0.2113968015625 0.667279596875 0.2077209296875 0.667279596875 0.16360319843749999 0.6580881609375 0.15441206406250002 0.65625 0.15441206406250002 0.652573678125 0.150735465625 0.652573678125 0.14889680156250001 0.650735515625 0.14705886562499998 0.6433822421875 0.14705886562499998 0.636029596875 0.13970566874999998 0.6341914359375 0.13970566874999998 0.628676321875 0.13419113437500002 0.6268381609375 0.13419113437500002 0.625 0.13235319843749999 0.619485515625 0.13235319843749999 0.6158085640625 0.12867659843749998 0.6158085640625 0.12683793593749998 0.613970403125 0.125 0.6066177578125 0.125 0.604779596875 0.1231620640625 0.6029414359375 0.125 0.5919118390625 0.125 0.5845585640625 0.13235319843749999 0.582720403125 0.13235319843749999
36 0.568014484375 0.6985290703125 0.5606618390625 0.7058822671875 0.558823678125 0.7058822671875 0.556985515625 0.7077209296875 0.5551473546875 0.7077209296875 0.551470403125 0.7113968015625 0.5496322421875 0.7113968015625 0.54779408125 0.7132354656250001 0.54595591875 0.7132354656250001 0.5441177578125 0.7150734015625 0.5441177578125 0.7169120640625 0.542279596875 0.71875 0.542279596875 0.7794120640625 0.551470403125 0.7886031984375 0.551470403125 0.792279796875 0.5533085640625 0.7941177328125 0.5533085640625 0.79595566875 0.556985515625 0.7996322671875 0.556985515625 0.8051468015625 0.558823678125 0.806985465625 0.558823678125 0.8272056687499999 0.5606618390625 0.8272056687499999 0.5625 0.8290443312500001 0.568014484375 0.8290443312500001 0.5753677578125 0.8363968015625 0.57720591875 0.8363968015625 0.582720403125 0.8419120640625 0.5845585640625 0.8419120640625 0.5863973546875 0.84375 0.5919118390625 0.84375 0.599264484375 0.8511031984375 0.6066177578125 0.8511031984375 0.60845591875 0.849264534375 0.60845591875 0.8474265984375 0.61029408125 0.8455879359375 0.6121322421875 0.8455879359375 0.613970403125 0.84375 0.619485515625 0.84375 0.6268381609375 0.8363968015625 0.628676321875 0.8363968015625 0.6341914359375 0.8308822671874999 0.636029596875 0.8308822671874999 0.6378677578125 0.8290443312500001 0.645220403125 0.8290443312500001 0.6470585640625 0.8272056687499999 0.648896725 0.8272056687499999 0.650735515625 0.8253677328125001 0.650735515625 0.8125 0.652573678125 0.8106620640625 0.652573678125 0.792279796875 0.6544118390625 0.790441134375 0.6544118390625 0.7886031984375 0.659926321875 0.7830879359375 0.659926321875 0.78125 0.663603275 0.7775734015625 0.663603275 0.7205879359375 0.661764484375 0.7205879359375 0.6580881609375 0.7169120640625 0.6580881609375 0.7150734015625 0.65625 0.7150734015625 0.6544118390625 0.7132354656250001 0.650735515625 0.7132354656250001 0.6433822421875 0.7058822671875 0.6378677578125 0.7058822671875 0.636029596875 0.70404433125 0.6341914359375 0.70404433125 0.632353275 0.70220566875 0.632353275 0.7003677328125 0.630514484375 0.7003677328125 0.628676321875 0.6985290703125 0.6268381609375 0.6985290703125 0.6231618390625 0.6948531984375 0.6231618390625 0.6930145343749999 0.57720591875 0.6930145343749999 0.573529596875 0.696691134375 0.5716914359375 0.696691134375 0.569853275 0.6985290703125 0.568014484375 0.6985290703125
36 0.2886026453125 0.6985290703125 0.286764484375 0.7003677328125 0.286764484375 0.70220566875 0.2830881609375 0.7058822671875 0.2794118390625 0.7058822671875 0.277573678125 0.7077209296875 0.275735515625 0.7077209296875 0.270220403125 0.7132354656250001 0.2683822421875 0.7132354656250001 0.261029596875 0.7205879359375 0.2591914359375 0.7205879359375 0.2573526453125 0.7224265984375 0.2573526453125 0.8088234015625 0.261029596875 0.8125 0.2628677578125 0.8125 0.26470591875 0.8143379359375 0.2683822421875 0.8143379359375 0.2720585640625 0.818014534375 0.2720585640625 0.8198531984375 0.2738973546875 0.8216911343750001 0.275735515625 0.8216911343750001 0.277573678125 0.823529796875 0.2794118390625 0.823529796875 0.2830881609375 0.8272056687499999 0.284926321875 0.8272056687499999 0.286764484375 0.8290443312500001 0.2904414359375 0.8290443312500001 0.29595591875 0.8345588656249999 0.29779408125 0.8345588656249999 0.2996322421875 0.8363968015625 0.301470403125 0.8363968015625 0.3033085640625 0.838235465625 0.3051473546875 0.838235465625 0.3106618390625 0.84375 0.3143381609375 0.84375 0.316176321875 0.8455879359375 0.318014484375 0.8455879359375 0.3198526453125 0.8474265984375 0.323529596875 0.8474265984375 0.3253677578125 0.8455879359375 0.32904408125 0.8455879359375 0.3308822421875 0.84375 0.3345585640625 0.84375 0.340073678125 0.838235465625 0.3419118390625 0.838235465625 0.34375 0.8363968015625 0.3455881609375 0.8363968015625 0.347426321875 0.8345588656249999 0.349264484375 0.8345588656249999 0.354779596875 0.8290443312500001 0.3566177578125 0.8290443312500001 0.35845591875 0.8272056687499999 0.36029408125 0.8272056687499999 0.363970403125 0.823529796875 0.3658085640625 0.823529796875 0.3676473546875 0.8216911343750001 0.369485515625 0.8216911343750001 0.3768381609375 0.8143379359375 0.378676321875 0.8143379359375 0.3878677578125 0.8051468015625 0.3878677578125 0.79779433125 0.38970591875 0.79595566875 0.38970591875 0.7849265984375 0.3878677578125 0.7830879359375 0.3878677578125 0.7242645343749999 0.3841914359375 0.7205879359375 0.3823526453125 0.7205879359375 0.3768381609375 0.7150734015625 0.375 0.7150734015625 0.3731618390625 0.7132354656250001 0.371323678125 0.7132354656250001 0.363970403125 0.7058822671875 0.3621322421875 0.7058822671875 0.35845591875 0.70220566875 0.35845591875 0.7003677328125 0.3566177578125 0.6985290703125 0.354779596875 0.6985290703125 0.349264484375 0.6930145343749999 0.349264484375 0.6911765984375 0.2996322421875 0.6911765984375 0.2941177578125 0.696691134375 0.292279596875 0.696691134375 0.2904414359375 0.6985290703125 0.2886026453125 0.6985290703125
37 0.3051473546875 0.12683793593749998 0.2996322421875 0.13235319843749999 0.29595591875 0.13235319843749999 0.2886026453125 0.13970566874999998 0.2830881609375 0.13970566874999998 0.275735515625 0.14705886562499998 0.2738973546875 0.14705886562499998 0.26470591875 0.15625 0.26470591875 0.16360319843749999 0.2628677578125 0.16544113437500002 0.2628677578125 0.17279433125000002 0.261029596875 0.1746322671875 0.261029596875 0.25 0.26654408125 0.255514534375 0.2683822421875 0.255514534375 0.270220403125 0.25735319843750004 0.2720585640625 0.25735319843750004 0.277573678125 0.26286773281250003 0.28125 0.26286773281250003 0.2830881609375 0.26470566875 0.284926321875 0.26470566875 0.286764484375 0.26654433125 0.286764484375 0.26838226718749997 0.292279596875 0.26838226718749997 0.29779408125 0.26286773281250003 0.3051473546875 0.26286773281250003 0.306985515625 0.2610290703125 0.316176321875 0.2610290703125 0.318014484375 0.26286773281250003 0.323529596875 0.26286773281250003 0.32904408125 0.26838226718749997 0.3308822421875 0.26838226718749997 0.332720403125 0.2702209296875 0.3419118390625 0.2702209296875 0.349264484375 0.26286773281250003 0.3566177578125 0.26286773281250003 0.3621322421875 0.25735319843750004 0.363970403125 0.25735319843750004 0.3658085640625 0.255514534375 0.371323678125 0.255514534375 0.3731618390625 0.2536765984375 0.3731618390625 0.2518379359375 0.3768381609375 0.24816206406250002 0.378676321875 0.24816206406250002 0.3823526453125 0.244485465625 0.3823526453125 0.1764709296875 0.380514484375 0.1746322671875 0.380514484375 0.17095566874999998 0.378676321875 0.17095566874999998 0.3676473546875 0.15992659843749998 0.3676473546875 0.15808793593749998 0.3658085640625 0.15625 0.3658085640625 0.14705886562499998 0.363970403125 0.1452209296875 0.363970403125 0.1433822671875 0.3621322421875 0.14154433125000002 0.36029408125 0.14154433125000002 0.35845591875 0.13970566874999998 0.354779596875 0.13970566874999998 0.347426321875 0.13235319843749999 0.34375 0.13235319843749999 0.3419118390625 0.130514534375 0.340073678125 0.130514534375 0.3345585640625 0.125 0.332720403125 0.125 0.32720591875 0.119485465625 0.318014484375 0.119485465625 0.3125 0.125 0.308823678125 0.125 0.306985515625 0.12683793593749998 0.3051473546875 0.12683793593749998
37 0.1691177578125 0.41360319843750004 0.167279596875 0.41544113437499997 0.1654414359375 0.41544113437499997 0.1636026453125 0.4172790703125 0.161764484375 0.4172790703125 0.159926321875 0.4191177328125 0.15625 0.4191177328125 0.1544118390625 0.42095566875 0.150735515625 0.42095566875 0.1470585640625 0.4246322671875 0.145220403125 0.4246322671875 0.1433822421875 0.4264709296875 0.13970591875 0.4264709296875 0.136029596875 0.43014680156249996 0.1341914359375 0.43014680156249996 0.130514484375 0.4338234015625 0.1268381609375 0.4338234015625 0.11764735468750001 0.44301453437499994 0.11764735468750001 0.5330879359375 0.11948551562500001 0.5349265984375 0.1268381609375 0.5349265984375 0.1341914359375 0.5422790703125 0.136029596875 0.5422790703125 0.13970591875 0.54595566875 0.13970591875 0.54779433125 0.14154408125 0.5496322671875 0.1488973546875 0.5496322671875 0.15625 0.5569854656250001 0.1580881609375 0.5569854656250001 0.1636026453125 0.5625 0.1654414359375 0.5625 0.167279596875 0.5643379359375 0.1893381609375 0.5643379359375 0.191176321875 0.5625 0.193014484375 0.5625 0.198529596875 0.5569854656250001 0.2003677578125 0.5569854656250001 0.20220591875 0.5551468015625 0.20404408125 0.5551468015625 0.20404408125 0.553308865625 0.2058822421875 0.5514709296875 0.207720403125 0.5514709296875 0.2095585640625 0.5496322671875 0.2169118390625 0.5496322671875 0.224264484375 0.5422790703125 0.2316177578125 0.5422790703125 0.23345591875 0.540441134375 0.23345591875 0.5386031984375 0.2371322421875 0.5349265984375 0.2408085640625 0.5349265984375 0.2426473546875 0.5330879359375 0.244485515625 0.5330879359375 0.246323678125 0.53125 0.246323678125 0.5294120640625 0.2481618390625 0.5275734015625 0.2481618390625 0.4650734015625 0.238970403125 0.4558822671875 0.2371322421875 0.4558822671875 0.23345591875 0.45220566875 0.23345591875 0.4503677328125 0.2261026453125 0.44301453437499994 0.2261026453125 0.4338234015625 0.224264484375 0.43198546562500006 0.224264484375 0.43014680156249996 0.222426321875 0.42830886562500003 0.21875 0.42830886562500003 0.2169118390625 0.4264709296875 0.215073678125 0.4264709296875 0.213235515625 0.4246322671875 0.2113973546875 0.4246322671875 0.207720403125 0.42095566875 0.2058822421875 0.42095566875 0.20404408125 0.4191177328125 0.2003677578125 0.4191177328125 0.193014484375 0.41176453437499994 0.1893381609375 0.41176453437499994 0.1875 0.4099265984375 0.183823678125 0.4099265984375 0.181985515625 0.40808793593750003 0.1801473546875 0.40808793593750003 0.1783085640625 0.4099265984375 0.176470403125 0.4099265984375 0.17279408125 0.41360319843750004 0.1691177578125 0.41360319843750004
28 0.4669118390625 0.38786773281250003 0.46875 0.3860290703125 0.46875 0.31985319843750004 0.45404408125 0.31985319843750004 0.45404408125 0.38970566875 0.4558822421875 0.38970566875 0.457720403125 0.38786773281250003 0.4669118390625 0.38786773281250003
25 0.4356618390625 0.397058865625 0.4301473546875 0.4025734015625 0.4283085640625 0.4025734015625 0.426470403125 0.40441206406249997 0.42095591875 0.40441206406249997 0.4191177578125 0.40625 0.4191177578125 0.40808793593750003 0.4154414359375 0.41176453437499994 0.4080881609375 0.41176453437499994 0.400735515625 0.4191177328125 0.3988973546875 0.4191177328125 0.3970585640625 0.42095566875 0.3970585640625 0.4375 0.3988973546875 0.43933793593750003 0.4080881609375 0.43933793593750003 0.409926321875 0.4375 0.409926321875 0.43566206406249997 0.4136026453125 0.43198546562500006 0.4191177578125 0.43198546562500006 0.42095591875 0.43014680156249996 0.42279408125 0.43014680156249996 0.4283085640625 0.4246322671875 0.4301473546875 0.4246322671875 0.431985515625 0.42279433125 0.431985515625 0.42095566875 0.4356618390625 0.4172790703125 0.4393381609375 0.4172790703125 0.441176321875 0.41544113437499997 0.4448526453125 0.41544113437499997 0.4448526453125 0.41360319843750004 0.4466914359375 0.41176453437499994 0.448529596875 0.41176453437499994 0.4503677578125 0.4099265984375 0.45220591875 0.4099265984375 0.45404408125 0.40808793593750003 0.45404408125 0.40625 0.457720403125 0.4025734015625 0.4595585640625 0.4025734015625 0.4613973546875 0.40073546562500006 0.4613973546875 0.38970566875 0.443014484375 0.38970566875 0.441176321875 0.39154433125 0.441176321875 0.39338226718749997 0.4375 0.397058865625 0.4356618390625 0.397058865625
6 0.693014484375 0.43933793593750003 0.691176321875 0.43933793593750003 0.6893381609375 0.4411765984375 0.6856618390625 0.4411765984375 0.683823678125 0.44301453437499994 0.681985515625 0.44301453437499994 0.6783085640625 0.44669113437499997 0.6783085640625 0.49816206406249997 0.680146725 0.49816206406249997 0.691176321875 0.509191134375 0.691176321875 0.5110290703125 0.694853275 0.51470566875 0.694853275 0.51654433125 0.6966914359375 0.5183822671875 0.6966914359375 0.522058865625 0.694853275 0.5238968015625 0.6966914359375 0.5257354656250001 0.6966914359375 0.5349265984375 0.698529596875 0.5367645343749999 0.698529596875 0.540441134375 0.7003677578125 0.5422790703125 0.70220591875 0.5422790703125 0.7058822421875 0.54595566875 0.7058822421875 0.54779433125 0.707720403125 0.5496322671875 0.715073678125 0.5496322671875 0.722426321875 0.5569854656250001 0.724264484375 0.5569854656250001 0.7279414359375 0.5606620640625 0.7279414359375 0.5625 0.729779596875 0.5643379359375 0.73529408125 0.5643379359375 0.7371322421875 0.5661765984375 0.7481618390625 0.5661765984375 0.75 0.5643379359375 0.755514484375 0.5643379359375 0.7591914359375 0.5606620640625 0.761029596875 0.5606620640625 0.76470591875 0.5569854656250001 0.7683822421875 0.5569854656250001 0.770220403125 0.5551468015625 0.770220403125 0.553308865625 0.773896725 0.5496322671875 0.777573678125 0.5496322671875 0.7794118390625 0.54779433125 0.78125 0.54779433125 0.786764484375 0.5422790703125 0.788603275 0.5422790703125 0.79595591875 0.5349265984375 0.79779408125 0.5349265984375 0.7996322421875 0.5330879359375 0.801470403125 0.5330879359375 0.8051473546875 0.5294120640625 0.8051473546875 0.5275734015625 0.806985515625 0.5257354656250001 0.806985515625 0.4724265984375 0.8051473546875 0.47058793593750003 0.8076706546875 0.4443248546875 0.7589055421875 0.41263154062499996 0.731542821875 0.4109709296875 0.7003677578125 0.4338234015625 0.698529596875 0.43566206406249997 0.6966914359375 0.43566206406249997 0.693014484375 0.43933793593750003
27 0.632353275 0.26838226718749997 0.628676321875 0.272058865625 0.619485515625 0.272058865625 0.6176473546875 0.27389680156249996 0.6176473546875 0.275735465625 0.613970403125 0.2794120640625 0.6121322421875 0.2794120640625 0.604779596875 0.286764534375 0.604779596875 0.29963226718749997 0.6158085640625 0.29963226718749997 0.621323678125 0.29411773281250003 0.6231618390625 0.29411773281250003 0.625 0.2922790703125 0.628676321875 0.2922790703125 0.630514484375 0.290441134375 0.630514484375 0.28860319843750004 0.6341914359375 0.2849265984375 0.64154408125 0.2849265984375 0.648896725 0.2775734015625 0.650735515625 0.2775734015625 0.652573678125 0.275735465625 0.652573678125 0.259191134375 0.64154408125 0.259191134375 0.636029596875 0.26470566875 0.6341914359375 0.26470566875 0.632353275 0.26654433125 0.632353275 0.26838226718749997
26 0.4871322421875 0.5496322671875 0.48529408125 0.5514709296875 0.479779596875 0.5514709296875 0.4779414359375 0.553308865625 0.4779414359375 0.5551468015625 0.474264484375 0.5588234015625 0.4705881609375 0.5588234015625 0.465073678125 0.5643379359375 0.465073678125 0.57904433125 0.4816177578125 0.57904433125 0.48345591875 0.57720566875 0.48345591875 0.5753677328125 0.4871322421875 0.571691134375 0.488970403125 0.571691134375 0.4908085640625 0.5698531984375 0.4926473546875 0.5698531984375 0.496323678125 0.5661765984375 0.4981618390625 0.5661765984375 0.5 0.5643379359375 0.503676321875 0.5643379359375 0.505514484375 0.5625 0.505514484375 0.5606620640625 0.5091914359375 0.5569854656250001 0.511029596875 0.5569854656250001 0.5128677578125 0.5551468015625 0.5128677578125 0.553308865625 0.51654408125 0.5496322671875 0.520220403125 0.5496322671875 0.520220403125 0.540441134375 0.5 0.540441134375 0.496323678125 0.5441177328125 0.494485515625 0.5441177328125 0.488970403125 0.5496322671875 0.4871322421875 0.5496322671875
0 0.20404408125 0.5753677328125 0.20220591875 0.5753677328125 0.198529596875 0.57904433125 0.1966914359375 0.57904433125 0.1948526453125 0.5808822671875 0.193014484375 0.5808822671875 0.1893381609375 0.584558865625 0.1893381609375 0.5955879359375 0.1875 0.5974265984375 0.1875 0.6672790703125 0.1893381609375 0.6691177328125 0.1893381609375 0.67095566875 0.193014484375 0.6746322671875 0.1948526453125 0.6746322671875 0.2003677578125 0.6801468015625 0.20220591875 0.6801468015625 0.20404408125 0.6819854656250001 0.207720403125 0.6819854656250001 0.2095585640625 0.6838234015625 0.2113973546875 0.6838234015625 0.213235515625 0.6856620640625 0.213235515625 0.6875 0.215073678125 0.6893379359375 0.2169118390625 0.6893379359375 0.21875 0.6911765984375 0.2205881609375 0.6911765984375 0.222426321875 0.6930145343749999 0.222426321875 0.6948531984375 0.224264484375 0.6948531984375 0.2261026453125 0.696691134375 0.2316177578125 0.696691134375 0.238970403125 0.70404433125 0.244485515625 0.70404433125 0.246323678125 0.7058822671875 0.253676321875 0.7058822671875 0.255514484375 0.70404433125 0.2591914359375 0.70404433125 0.26654408125 0.696691134375 0.2720585640625 0.696691134375 0.2738973546875 0.6948531984375 0.275735515625 0.6948531984375 0.28125 0.6893379359375 0.284926321875 0.6893379359375 0.286764484375 0.6875 0.2904414359375 0.6875 0.292279596875 0.6856620640625 0.292279596875 0.6838234015625 0.29595591875 0.6801468015625 0.29779408125 0.6801468015625 0.29779408125 0.67095566875 0.2996322421875 0.6691177328125 0.2996322421875 0.6507354656250001 0.301470403125 0.6488968015625 0.301470403125 0.647058865625 0.3033085640625 0.6452209296875 0.3051473546875 0.6452209296875 0.3051473546875 0.6433822671875 0.306985515625 0.64154433125 0.306985515625 0.63970566875 0.308823678125 0.6378677328125 0.308823678125 0.6360290703125 0.3106618390625 0.634191134375 0.3106618390625 0.6305145343749999 0.3125 0.6286765984375 0.3125 0.5955879359375 0.3106618390625 0.59375 0.3106618390625 0.5900734015625 0.308823678125 0.5882354656250001 0.308823678125 0.5827209296875 0.3051473546875 0.57904433125 0.3051473546875 0.57720566875 0.3033085640625 0.57720566875 0.301470403125 0.5753677328125 0.29595591875 0.5753677328125 0.2941177578125 0.5735290703125 0.2886026453125 0.5735290703125 0.286764484375 0.571691134375 0.284926321875 0.571691134375 0.28125 0.5680145343749999 0.277573678125 0.5680145343749999 0.2771460953125 0.566342296875 0.2514867765625 0.5432412796875 0.215073678125 0.5698531984375 0.2113973546875 0.5735290703125 0.2058822421875 0.5735290703125 0.20404408125 0.5753677328125
37 0.4448526453125 0.41176453437499994 0.443014484375 0.41176453437499994 0.4356618390625 0.4191177328125 0.4301473546875 0.4191177328125 0.42279408125 0.4264709296875 0.417279596875 0.4264709296875 0.4154414359375 0.42830886562500003 0.4136026453125 0.42830886562500003 0.4080881609375 0.4338234015625 0.40625 0.4338234015625 0.402573678125 0.4375 0.402573678125 0.43933793593750003 0.400735515625 0.4411765984375 0.400735515625 0.49816206406249997 0.4044118390625 0.5018379359375 0.4044118390625 0.5036765984375 0.411764484375 0.5110290703125 0.411764484375 0.5238968015625 0.4136026453125 0.5257354656250001 0.4136026453125 0.5294120640625 0.4154414359375 0.53125 0.4154414359375 0.5330879359375 0.417279596875 0.5349265984375 0.417279596875 0.5441177328125 0.411764484375 0.5496322671875 0.402573678125 0.5496322671875 0.400735515625 0.5514709296875 0.400735515625 0.5643379359375 0.4301473546875 0.5643379359375 0.42279408125 0.5569854656250001 0.42095591875 0.5569854656250001 0.4191177578125 0.5551468015625 0.4191177578125 0.553308865625 0.42095591875 0.5514709296875 0.42279408125 0.5514709296875 0.4246322421875 0.5496322671875 0.4375 0.5496322671875 0.4393381609375 0.5514709296875 0.441176321875 0.5514709296875 0.443014484375 0.553308865625 0.4448526453125 0.553308865625 0.4466914359375 0.5551468015625 0.448529596875 0.5551468015625 0.4503677578125 0.5569854656250001 0.45404408125 0.5569854656250001 0.4558822421875 0.5588234015625 0.4613973546875 0.5588234015625 0.463235515625 0.5569854656250001 0.465073678125 0.5569854656250001 0.4705881609375 0.5514709296875 0.472426321875 0.5514709296875 0.474264484375 0.5496322671875 0.4779414359375 0.5496322671875 0.479779596875 0.54779433125 0.48529408125 0.54779433125 0.4871322421875 0.54595566875 0.488970403125 0.54595566875 0.4926473546875 0.5422790703125 0.494485515625 0.5422790703125 0.496323678125 0.540441134375 0.5 0.540441134375 0.503676321875 0.5367645343749999 0.505514484375 0.5367645343749999 0.511029596875 0.53125 0.511029596875 0.5294120640625 0.5128677578125 0.5275734015625 0.5128677578125 0.51470566875 0.51470591875 0.5128677328125 0.51470591875 0.509191134375 0.527573678125 0.4963234015625 0.527573678125 0.44301453437499994 0.525735515625 0.4411765984375 0.5238973546875 0.4411765984375 0.51654408125 0.4338234015625 0.511029596875 0.4338234015625 0.503676321875 0.4264709296875 0.5018381609375 0.4264709296875 0.494485515625 0.4191177328125 0.4908085640625 0.4191177328125 0.488970403125 0.4172790703125 0.4871322421875 0.4172790703125 0.4816177578125 0.41176453437499994 0.4779414359375 0.41176453437499994 0.4761026453125 0.4099265984375 0.474264484375 0.4099265984375 0.46875 0.40441206406249997 0.45404408125 0.40441206406249997 0.45220591875 0.40625 0.4503677578125 0.40625 0.4448526453125 0.41176453437499994
31 0.375 0.5036765984375 0.375 0.5055145343749999 0.3731618390625 0.5073531984375 0.3731618390625 0.509191134375 0.371323678125 0.5110290703125 0.371323678125 0.540441134375 0.3768381609375 0.54595566875 0.4044118390625 0.54595566875 0.409926321875 0.540441134375 0.409926321875 0.5386031984375 0.411764484375 0.5367645343749999 0.411764484375 0.5275734015625 0.409926321875 0.5257354656250001 0.409926321875 0.509191134375 0.3988973546875 0.49816206406249997 0.3970585640625 0.49816206406249997 0.395220403125 0.4963234015625 0.395220403125 0.49448546562500006 0.3841914359375 0.49448546562500006 0.3841914359375 0.4963234015625 0.380514484375 0.5 0.378676321875 0.5 0.375 0.5036765984375
35 0.4154414359375 0.7058822671875 0.4080881609375 0.7132354656250001 0.40625 0.7132354656250001 0.4044118390625 0.7150734015625 0.4044118390625 0.7169120640625 0.400735515625 0.7205879359375 0.3988973546875 0.7205879359375 0.3970585640625 0.7224265984375 0.3970585640625 0.8125 0.3988973546875 0.8143379359375 0.40625 0.8143379359375 0.4136026453125 0.8216911343750001 0.4154414359375 0.8216911343750001 0.4191177578125 0.8253677328125001 0.4191177578125 0.8272056687499999 0.42095591875 0.8290443312500001 0.4283085640625 0.8290443312500001 0.4356618390625 0.8363968015625 0.4375 0.8363968015625 0.4448526453125 0.84375 0.45220591875 0.84375 0.4558822421875 0.8474265984375 0.4558822421875 0.849264534375 0.457720403125 0.849264534375 0.4595585640625 0.8511031984375 0.465073678125 0.8511031984375 0.472426321875 0.84375 0.474264484375 0.84375 0.4761026453125 0.8419120640625 0.4779414359375 0.8419120640625 0.4816177578125 0.838235465625 0.48345591875 0.838235465625 0.48529408125 0.8363968015625 0.4871322421875 0.8363968015625 0.494485515625 0.8290443312500001 0.5 0.8290443312500001 0.5018381609375 0.8272056687499999 0.503676321875 0.8272056687499999 0.505514484375 0.8253677328125001 0.505514484375 0.823529796875 0.5073526453125 0.8216911343750001 0.5073526453125 0.8198531984375 0.511029596875 0.8161765984375 0.511029596875 0.8143379359375 0.5128677578125 0.8125 0.5128677578125 0.790441134375 0.520220403125 0.7830879359375 0.520220403125 0.78125 0.5220585640625 0.7794120640625 0.5220585640625 0.7775734015625 0.5238973546875 0.7757354656250001 0.5238973546875 0.7224265984375 0.5220585640625 0.7205879359375 0.520220403125 0.7205879359375 0.51470591875 0.7150734015625 0.5128677578125 0.7150734015625 0.511029596875 0.7132354656250001 0.5091914359375 0.7132354656250001 0.5018381609375 0.7058822671875 0.494485515625 0.7058822671875 0.4908085640625 0.70220566875 0.4908085640625 0.7003677328125 0.488970403125 0.6985290703125 0.48529408125 0.6985290703125 0.479779596875 0.6930145343749999 0.4779414359375 0.6930145343749999 0.4761026453125 0.6911765984375 0.4375 0.6911765984375 0.4301473546875 0.6985290703125 0.4283085640625 0.6985290703125 0.42095591875 0.7058822671875 0.4154414359375 0.7058822671875
8 0.488970403125 0.540441134375 0.488970403125 0.48529433125 0.4356618390625 0.48529433125 0.4356618390625 0.5422790703125 0.48529408125 0.5422790703125 0.4871322421875 0.540441134375 0.488970403125 0.540441134375
32 0.51470591875 0.792279796875 0.5128677578125 0.7941177328125 0.5128677578125 0.823529796875 0.51470591875 0.8253677328125001 0.51470591875 0.8272056687499999 0.54779408125 0.8272056687499999 0.54779408125 0.8253677328125001 0.5496322421875 0.823529796875 0.5496322421875 0.8216911343750001 0.551470403125 0.8198531984375 0.551470403125 0.8161765984375 0.5533085640625 0.8143379359375 0.5533085640625 0.8033088656249999 0.551470403125 0.801470203125 0.551470403125 0.79595566875 0.5496322421875 0.7941177328125 0.5496322421875 0.7886031984375 0.542279596875 0.78125 0.542279596875 0.7794120640625 0.5404414359375 0.7775734015625 0.5404414359375 0.7757354656250001 0.525735515625 0.7757354656250001 0.5220585640625 0.7794120640625 0.5220585640625 0.78125 0.51470591875 0.7886031984375 0.51470591875 0.792279796875
26 0.619485515625 0.5514709296875 0.6176473546875 0.553308865625 0.6176473546875 0.5551468015625 0.613970403125 0.5588234015625 0.6121322421875 0.5588234015625 0.61029408125 0.5606620640625 0.60845591875 0.5606620640625 0.60845591875 0.5625 0.6066177578125 0.5643379359375 0.604779596875 0.5643379359375 0.604779596875 0.57720566875 0.60845591875 0.57720566875 0.61029408125 0.57904433125 0.621323678125 0.57904433125 0.6231618390625 0.57720566875 0.6231618390625 0.5753677328125 0.6268381609375 0.571691134375 0.630514484375 0.571691134375 0.632353275 0.5698531984375 0.6341914359375 0.5698531984375 0.63970591875 0.5643379359375 0.6433822421875 0.5643379359375 0.645220403125 0.5625 0.645220403125 0.5606620640625 0.648896725 0.5569854656250001 0.650735515625 0.5569854656250001 0.652573678125 0.5551468015625 0.652573678125 0.553308865625 0.65625 0.5496322671875 0.659926321875 0.5496322671875 0.659926321875 0.540441134375 0.63970591875 0.540441134375 0.636029596875 0.5441177328125 0.6341914359375 0.5441177328125 0.6268381609375 0.5514709296875 0.619485515625 0.5514709296875
25 0.1746322421875 0.38786773281250003 0.1875 0.38786773281250003 0.1893381609375 0.3860290703125 0.1893381609375 0.3235290703125 0.1875 0.321691134375 0.1875 0.318014534375 0.1893381609375 0.3161765984375 0.1746322421875 0.3161765984375 0.1746322421875 0.318014534375 0.176470403125 0.31985319843750004 0.1746322421875 0.321691134375 0.1746322421875 0.38786773281250003
35 0.3198526453125 0.41360319843750004 0.316176321875 0.41360319843750004 0.3143381609375 0.41176453437499994 0.308823678125 0.41176453437499994 0.306985515625 0.41360319843750004 0.3033085640625 0.41360319843750004 0.29779408125 0.4191177328125 0.2941177578125 0.4191177328125 0.292279596875 0.42095566875 0.2886026453125 0.42095566875 0.284926321875 0.4246322671875 0.2830881609375 0.4246322671875 0.2794118390625 0.42830886562500003 0.2794118390625 0.43198546562500006 0.277573678125 0.4338234015625 0.277573678125 0.43933793593750003 0.2738973546875 0.44301453437499994 0.2738973546875 0.44485319843750004 0.270220403125 0.4485290703125 0.2683822421875 0.4485290703125 0.261029596875 0.4558822671875 0.2591914359375 0.4558822671875 0.2573526453125 0.4577209296875 0.2573526453125 0.5330879359375 0.2591914359375 0.5330879359375 0.261029596875 0.5349265984375 0.26654408125 0.5349265984375 0.2738973546875 0.5422790703125 0.275735515625 0.5422790703125 0.2830881609375 0.5496322671875 0.2904414359375 0.5496322671875 0.29779408125 0.5569854656250001 0.2996322421875 0.5569854656250001 0.301470403125 0.5588234015625 0.3033085640625 0.5588234015625 0.306985515625 0.5625 0.308823678125 0.5625 0.3106618390625 0.5643379359375 0.332720403125 0.5643379359375 0.340073678125 0.5569854656250001 0.3419118390625 0.5569854656250001 0.34375 0.5551468015625 0.3455881609375 0.5551468015625 0.349264484375 0.5514709296875 0.3511026453125 0.5514709296875 0.3529414359375 0.5496322671875 0.3566177578125 0.5496322671875 0.3658085640625 0.540441134375 0.3658085640625 0.5386031984375 0.3676473546875 0.5367645343749999 0.3676473546875 0.5349265984375 0.371323678125 0.53125 0.371323678125 0.5238968015625 0.3731618390625 0.522058865625 0.3731618390625 0.509191134375 0.375 0.5073531984375 0.375 0.5055145343749999 0.380514484375 0.5 0.380514484375 0.43933793593750003 0.378676321875 0.4375 0.378676321875 0.43566206406249997 0.3768381609375 0.43566206406249997 0.375 0.4338234015625 0.371323678125 0.4338234015625 0.369485515625 0.43198546562500006 0.3676473546875 0.43198546562500006 0.3621322421875 0.4264709296875 0.3566177578125 0.4264709296875 0.3511026453125 0.42095566875 0.349264484375 0.42095566875 0.347426321875 0.4191177328125 0.3455881609375 0.4191177328125 0.3419118390625 0.41544113437499997 0.340073678125 0.41544113437499997 0.338235515625 0.41360319843750004 0.3363973546875 0.41360319843750004 0.3345585640625 0.41176453437499994 0.3308822421875 0.41176453437499994 0.32720591875 0.40808793593750003 0.32720591875 0.40625 0.3253677578125 0.40625 0.323529596875 0.40808793593750003 0.3216914359375 0.40808793593750003 0.3216914359375 0.41176453437499994 0.3198526453125 0.41360319843750004
35 0.448529596875 0.12683793593749998 0.443014484375 0.13235319843749999 0.4375 0.13235319843749999 0.4356618390625 0.13419113437500002 0.433823678125 0.13419113437500002 0.433823678125 0.1360290703125 0.4301473546875 0.13970566874999998 0.426470403125 0.13970566874999998 0.4246322421875 0.14154433125000002 0.42279408125 0.14154433125000002 0.4136026453125 0.150735465625 0.4136026453125 0.15441206406250002 0.411764484375 0.15625 0.411764484375 0.16360319843749999 0.40625 0.1691177328125 0.4044118390625 0.1691177328125 0.402573678125 0.17095566874999998 0.402573678125 0.1985290703125 0.4044118390625 0.20036773281250003 0.4044118390625 0.20220566875 0.402573678125 0.20404433125 0.402573678125 0.24816206406250002 0.4044118390625 0.25 0.4044118390625 0.2518379359375 0.4080881609375 0.255514534375 0.4154414359375 0.255514534375 0.4191177578125 0.259191134375 0.4191177578125 0.2610290703125 0.42095591875 0.26286773281250003 0.42279408125 0.26286773281250003 0.4246322421875 0.26470566875 0.426470403125 0.26470566875 0.4283085640625 0.26654433125 0.4301473546875 0.26654433125 0.431985515625 0.26470566875 0.4356618390625 0.26470566875 0.4375 0.26286773281250003 0.441176321875 0.26286773281250003 0.443014484375 0.2610290703125 0.4448526453125 0.2610290703125 0.4503677578125 0.255514534375 0.45220591875 0.255514534375 0.457720403125 0.2610290703125 0.4595585640625 0.2610290703125 0.4613973546875 0.26286773281250003 0.4669118390625 0.26286773281250003 0.472426321875 0.26838226718749997 0.4816177578125 0.26838226718749997 0.4871322421875 0.26286773281250003 0.496323678125 0.26286773281250003 0.4981618390625 0.2610290703125 0.4981618390625 0.259191134375 0.5018381609375 0.255514534375 0.5091914359375 0.255514534375 0.51654408125 0.24816206406250002 0.5183822421875 0.24816206406250002 0.520220403125 0.2463234015625 0.520220403125 0.2426468015625 0.5220585640625 0.24080886562499998 0.5220585640625 0.181985465625 0.520220403125 0.18014680156250001 0.520220403125 0.17279433125000002 0.5128677578125 0.16544113437500002 0.5128677578125 0.15992659843749998 0.511029596875 0.15808793593749998 0.511029596875 0.15625 0.5073526453125 0.15257340156250002 0.5073526453125 0.150735465625 0.505514484375 0.14889680156250001 0.505514484375 0.14705886562499998 0.503676321875 0.1452209296875 0.503676321875 0.1433822671875 0.5018381609375 0.14154433125000002 0.4981618390625 0.14154433125000002 0.496323678125 0.13970566874999998 0.4926473546875 0.13970566874999998 0.488970403125 0.1360290703125 0.4871322421875 0.1360290703125 0.48529408125 0.13419113437500002 0.48345591875 0.13419113437500002 0.4816177578125 0.13235319843749999 0.4779414359375 0.13235319843749999 0.4761026453125 0.130514534375 0.474264484375 0.130514534375 0.46875 0.125 0.4613973546875 0.125 0.4595585640625 0.1231620640625 0.457720403125 0.1231620640625 0.4558822421875 0.125 0.45220591875 0.125 0.4503677578125 0.12683793593749998 0.448529596875 0.12683793593749998
26 0.558823678125 0.5606620640625 0.558823678125 0.5625 0.5606618390625 0.5643379359375 0.568014484375 0.5643379359375 0.5753677578125 0.571691134375 0.57720591875 0.571691134375 0.5808822421875 0.5753677328125 0.5808822421875 0.57720566875 0.582720403125 0.57904433125 0.599264484375 0.57904433125 0.599264484375 0.5625 0.597426321875 0.5606620640625 0.5955881609375 0.5606620640625 0.59375 0.5588234015625 0.5919118390625 0.5588234015625 0.5845585640625 0.5514709296875 0.582720403125 0.5514709296875 0.5753677578125 0.5441177328125 0.568014484375 0.5441177328125 0.5643381609375 0.540441134375 0.5496322421875 0.540441134375 0.5496322421875 0.553308865625 0.5533085640625 0.5569854656250001 0.5551473546875 0.5569854656250001 0.558823678125 0.5606620640625
0 0.203236146875 0.3096802328125 0.203236146875 0.3115188953125 0.1995598234375 0.31519549375 0.1958835015625 0.31519549375 0.1940447109375 0.31703342968750003 0.1922065484375 0.31703342968750003 0.1922065484375 0.318871365625 0.1903683875 0.3207100296875 0.1903683875 0.3887245640625 0.1922065484375 0.39056250000000003 0.1940447109375 0.39056250000000003 0.1958835015625 0.3924011625 0.1977216625 0.3924011625 0.201397984375 0.3960777609375 0.203236146875 0.3960777609375 0.2050743078125 0.39791569843749997 0.2087506296875 0.39791569843749997 0.21426574375000002 0.4034302328125 0.21610390468750001 0.4034302328125 0.21794206562500001 0.4052688953125 0.2252947109375 0.4052688953125 0.2271335015625 0.40710683124999997 0.2340264484375 0.413583575 0.2524880359375 0.39791569843749997 0.263897984375 0.40710683124999997 0.2702915609375 0.4136308140625 0.2822802265625 0.4052688953125 0.2877947109375 0.3997543609375 0.2914716625 0.3997543609375 0.2933098234375 0.39791569843749997 0.296986146875 0.39791569843749997 0.3043394203125 0.39056250000000003 0.30617758125 0.39056250000000003 0.30617758125 0.3887245640625 0.30801574375 0.38688662812499997 0.30801574375 0.385047965625 0.3098539046875 0.3832100296875 0.3098539046875 0.381371365625 0.311692065625 0.37953342968750003 0.311692065625 0.353797965625 0.310338790625 0.3539425875 0.3098539046875 0.3372543609375 0.3131851390625 0.3216111921875 0.301722921875 0.31849200624999996 0.2914716625 0.2986511625 0.2896335015625 0.29681250000000003 0.2896335015625 0.29313662812499997 0.280442065625 0.28394549375 0.2786039046875 0.28394549375 0.27676574375 0.28210683125 0.2730894203125 0.28210683125 0.26941246875 0.2784302328125 0.26941246875 0.276592296875 0.2675743078125 0.2747543609375 0.263897984375 0.2747543609375 0.2602216625 0.2710777609375 0.2565447109375 0.2710777609375 0.24689798437500002 0.2685399703125 0.2039527703125 0.2953808140625 0.2050743078125 0.307842296875 0.203236146875 0.3096802328125
17 0.63970591875 0.28125 0.63970591875 0.2830879359375 0.6378677578125 0.2849265984375 0.636029596875 0.2849265984375 0.6341914359375 0.286764534375 0.628676321875 0.286764534375 0.621323678125 0.29411773281250003 0.6176473546875 0.29411773281250003 0.6158085640625 0.29595566875 0.613970403125 0.29595566875 0.6121322421875 0.29779433125 0.6121322421875 0.365808865625 0.6176473546875 0.3713234015625 0.6176473546875 0.3731620640625 0.619485515625 0.375 0.619485515625 0.3768379359375 0.621323678125 0.3786765984375 0.6231618390625 0.3786765984375 0.625 0.380514534375 0.628676321875 0.380514534375 0.632353275 0.384191134375 0.632353275 0.38786773281250003 0.6341914359375 0.38970566875 0.6341914359375 0.39889680156249996 0.632353275 0.40073546562500006 0.632353275 0.40625 0.636029596875 0.4099265984375 0.6433822421875 0.4099265984375 0.645220403125 0.41176453437499994 0.6470585640625 0.41176453437499994 0.650735515625 0.41544113437499997 0.652573678125 0.41544113437499997 0.6544118390625 0.4172790703125 0.6580881609375 0.4172790703125 0.663603275 0.42279433125 0.667279596875 0.42279433125 0.6691177578125 0.4246322671875 0.67279408125 0.4246322671875 0.6746322421875 0.42279433125 0.6783085640625 0.42279433125 0.683823678125 0.4172790703125 0.6856618390625 0.4172790703125 0.6875 0.41544113437499997 0.691176321875 0.41544113437499997 0.693014484375 0.41360319843750004 0.694853275 0.41360319843750004 0.698529596875 0.4099265984375 0.70220591875 0.4099265984375 0.70404408125 0.40808793593750003 0.7058822421875 0.40808793593750003 0.7095585640625 0.40441206406249997 0.711396725 0.40441206406249997 0.713235515625 0.4025734015625 0.7169118390625 0.4025734015625 0.71875 0.40073546562500006 0.71875 0.39338226718749997 0.7205881609375 0.39154433125 0.7205881609375 0.38786773281250003 0.722426321875 0.3860290703125 0.722426321875 0.380514534375 0.724264484375 0.3786765984375 0.724264484375 0.375 0.726103275 0.3731620640625 0.726103275 0.369485465625 0.7279414359375 0.36764680156249996 0.7279414359375 0.365808865625 0.73345591875 0.36029433125 0.73345591875 0.35845566875 0.73529408125 0.35661773281250003 0.73529408125 0.34375 0.7371322421875 0.3419120640625 0.7371322421875 0.3235290703125 0.73529408125 0.321691134375 0.73529408125 0.3143379359375 0.73345591875 0.3125 0.73345591875 0.29963226718749997 0.7316177578125 0.29779433125 0.7316177578125 0.29595566875 0.729779596875 0.29595566875 0.7279414359375 0.29411773281250003 0.722426321875 0.29411773281250003 0.71875 0.290441134375 0.71875 0.28860319843750004 0.7169118390625 0.28860319843750004 0.715073678125 0.286764534375 0.7095585640625 0.286764534375 0.70220591875 0.2794120640625 0.7003677578125 0.2794120640625 0.693014484375 0.272058865625 0.65625 0.272058865625 0.648896725 0.2794120640625 0.6433822421875 0.2794120640625 0.64154408125 0.28125 0.63970591875 0.28125
32 0.652573678125 0.540441134375 0.6544118390625 0.5422790703125 0.6580881609375 0.5422790703125 0.661764484375 0.54595566875 0.661764484375 0.54779433125 0.683823678125 0.54779433125 0.693014484375 0.5386031984375 0.693014484375 0.51470566875 0.691176321875 0.5128677328125 0.691176321875 0.5110290703125 0.6893381609375 0.509191134375 0.6893381609375 0.5036765984375 0.680146725 0.49448546562500006 0.6691177578125 0.49448546562500006 0.6544118390625 0.509191134375 0.6544118390625 0.5110290703125 0.652573678125 0.5128677328125 0.652573678125 0.540441134375
25 0.2941177578125 0.397058865625 0.2886026453125 0.397058865625 0.286764484375 0.39889680156249996 0.286764484375 0.40073546562500006 0.2830881609375 0.40441206406249997 0.2794118390625 0.40441206406249997 0.277573678125 0.40625 0.2738973546875 0.40625 0.2720585640625 0.40808793593750003 0.2720585640625 0.43014680156249996 0.277573678125 0.43014680156249996 0.28125 0.4264709296875 0.2830881609375 0.4264709296875 0.284926321875 0.4246322671875 0.2904414359375 0.4246322671875 0.292279596875 0.42279433125 0.292279596875 0.42095566875 0.29595591875 0.4172790703125 0.29779408125 0.4172790703125 0.3051473546875 0.4099265984375 0.3125 0.4099265984375 0.3143381609375 0.40808793593750003 0.3143381609375 0.40625 0.318014484375 0.4025734015625 0.3198526453125 0.4025734015625 0.3216914359375 0.40073546562500006 0.3216914359375 0.38970566875 0.301470403125 0.38970566875 0.301470403125 0.39154433125 0.29779408125 0.3952209296875 0.29595591875 0.3952209296875 0.2941177578125 0.397058865625
32 0.308823678125 0.6433822671875 0.3051473546875 0.647058865625 0.3033085640625 0.647058865625 0.301470403125 0.6488968015625 0.301470403125 0.6819854656250001 0.3051473546875 0.6819854656250001 0.308823678125 0.6856620640625 0.308823678125 0.6875 0.3106618390625 0.6893379359375 0.3345585640625 0.6893379359375 0.3363973546875 0.6875 0.3363973546875 0.6856620640625 0.340073678125 0.6819854656250001 0.3419118390625 0.6819854656250001 0.3419118390625 0.6488968015625 0.3345585640625 0.64154433125 0.3345585640625 0.63970566875 0.332720403125 0.63970566875 0.3308822421875 0.6378677328125 0.3143381609375 0.6378677328125 0.3125 0.63970566875 0.3106618390625 0.63970566875 0.308823678125 0.64154433125 0.308823678125 0.6433822671875
0 0.511029596875 0.5588234015625 0.5091914359375 0.5606620640625 0.5073526453125 0.5606620640625 0.503676321875 0.5643379359375 0.5 0.5643379359375 0.4981618390625 0.5661765984375 0.494485515625 0.5661765984375 0.4926473546875 0.5680145343749999 0.4908085640625 0.5680145343749999 0.48529408125 0.5735290703125 0.48345591875 0.5735290703125 0.4816177578125 0.5753677328125 0.479779596875 0.5753677328125 0.4779414359375 0.57720566875 0.4761026453125 0.57720566875 0.4761026453125 0.57904433125 0.472426321875 0.5827209296875 0.472426321875 0.6378677328125 0.48345591875 0.6488968015625 0.48345591875 0.6507354656250001 0.48529408125 0.6525734015625 0.48529408125 0.67279433125 0.4871322421875 0.6746322671875 0.488970403125 0.6746322671875 0.4908085640625 0.6764709296875 0.4926473546875 0.6764709296875 0.496323678125 0.6801468015625 0.4981618390625 0.6801468015625 0.5 0.6819854656250001 0.503676321875 0.6819854656250001 0.5073526453125 0.6856620640625 0.5073526453125 0.6875 0.5091914359375 0.6875 0.511029596875 0.6893379359375 0.5128677578125 0.6893379359375 0.5183822421875 0.6948531984375 0.520220403125 0.6948531984375 0.5220585640625 0.696691134375 0.525735515625 0.696691134375 0.527573678125 0.6985290703125 0.5294118390625 0.6985290703125 0.53125 0.7003677328125 0.5330881609375 0.7003677328125 0.534926321875 0.6985290703125 0.5386026453125 0.6985290703125 0.5404414359375 0.696691134375 0.54779408125 0.696691134375 0.5496322421875 0.6948531984375 0.551470403125 0.6948531984375 0.556985515625 0.6893379359375 0.558823678125 0.6893379359375 0.5606618390625 0.6875 0.5625 0.6875 0.566176321875 0.6838234015625 0.568014484375 0.6838234015625 0.5716914359375 0.6801468015625 0.5716914359375 0.6488968015625 0.57720591875 0.6433822671875 0.57720591875 0.64154433125 0.57904408125 0.63970566875 0.5808822421875 0.63970566875 0.582720403125 0.6378677328125 0.5845585640625 0.6378677328125 0.59375 0.6286765984375 0.59375 0.5919120640625 0.5919118390625 0.5900734015625 0.5919118390625 0.5827209296875 0.590073678125 0.5827209296875 0.5845585640625 0.57720566875 0.5845585640625 0.5753677328125 0.582720403125 0.5753677328125 0.5808822421875 0.5735290703125 0.5753677578125 0.5735290703125 0.568014484375 0.5661765984375 0.5643381609375 0.5661765984375 0.5625 0.5643379359375 0.5606618390625 0.5643379359375 0.558823678125 0.5625 0.558823678125 0.5606620640625 0.556985515625 0.5606620640625 0.5551473546875 0.5588234015625 0.551470403125 0.5588234015625 0.5496322421875 0.5569854656250001 0.54779408125 0.5569854656250001 0.54595591875 0.5551468015625 0.5441177578125 0.5551468015625 0.542279596875 0.553308865625 0.5386026453125 0.553308865625 0.536764484375 0.5514709296875 0.5238973546875 0.5514709296875 0.5220585640625 0.553308865625 0.520220403125 0.553308865625 0.51470591875 0.5588234015625 0.511029596875 0.5588234015625
25 0.332720403125 0.4099265984375 0.3345585640625 0.4099265984375 0.340073678125 0.41544113437499997 0.3419118390625 0.41544113437499997 0.34375 0.4172790703125 0.349264484375 0.4172790703125 0.3529414359375 0.42095566875 0.3529414359375 0.42279433125 0.354779596875 0.4246322671875 0.3566177578125 0.4246322671875 0.363970403125 0.43198546562500006 0.371323678125 0.43198546562500006 0.375 0.43566206406249997 0.375 0.4375 0.3878677578125 0.4375 0.3878677578125 0.43566206406249997 0.38970591875 0.4338234015625 0.38970591875 0.42830886562500003 0.3878677578125 0.4264709296875 0.3878677578125 0.42095566875 0.386029596875 0.4191177328125 0.3823526453125 0.4191177328125 0.380514484375 0.4172790703125 0.378676321875 0.4172790703125 0.375 0.41360319843750004 0.3731618390625 0.41360319843750004 0.371323678125 0.41176453437499994 0.369485515625 0.41176453437499994 0.3658085640625 0.40808793593750003 0.3658085640625 0.40625 0.363970403125 0.40441206406249997 0.3566177578125 0.40441206406249997 0.349264484375 0.397058865625 0.347426321875 0.397058865625 0.34375 0.39338226718749997 0.34375 0.39154433125 0.3419118390625 0.38970566875 0.3253677578125 0.38970566875 0.3253677578125 0.40073546562500006 0.3308822421875 0.40625 0.3308822421875 0.40808793593750003 0.332720403125 0.4099265984375
33 0.7279414359375 0.36764680156249996 0.726103275 0.369485465625 0.726103275 0.3713234015625 0.724264484375 0.3731620640625 0.724264484375 0.4025734015625 0.7279414359375 0.40625 0.7279414359375 0.40808793593750003 0.755514484375 0.40808793593750003 0.7628677578125 0.40073546562500006 0.7628677578125 0.369485465625 0.761029596875 0.36764680156249996 0.761029596875 0.365808865625 0.757353275 0.36213226718749997 0.755514484375 0.36213226718749997 0.753676321875 0.36029433125 0.7518381609375 0.36029433125 0.7481618390625 0.35661773281250003 0.7371322421875 0.35661773281250003 0.73529408125 0.35845566875 0.73345591875 0.35845566875 0.7279414359375 0.3639709296875 0.7279414359375 0.36764680156249996
12 0.207720403125 0.48529433125 0.15625 0.48529433125 0.15625 0.5422790703125 0.2095585640625 0.5422790703125 0.2095585640625 0.4871322671875 0.207720403125 0.48529433125
35 0.5496322421875 0.44138372031250006 0.5404414359375 0.44138372031250006 0.5386026453125 0.44322165625 0.5386026453125 0.4983691859375 0.5404414359375 0.4983691859375 0.5441177578125 0.502045784375 0.5441177578125 0.5038837203125001 0.54595591875 0.50572165625 0.54779408125 0.50572165625 0.551470403125 0.50939825625 0.551470403125 0.5149127906250001 0.5533085640625 0.516751453125 0.5533085640625 0.5204280515625 0.5551473546875 0.5222659890625 0.5551473546875 0.5241046515625001 0.556985515625 0.5259425875 0.556985515625 0.531457121875 0.558823678125 0.533295784375 0.558823678125 0.5351337203125001 0.5606618390625 0.53697165625 0.5606618390625 0.5388103203125 0.5625 0.54064825625 0.5643381609375 0.54064825625 0.566176321875 0.54248691875 0.569853275 0.54248691875 0.5753677578125 0.548001453125 0.57720591875 0.548001453125 0.57904408125 0.5498393890625 0.582720403125 0.5498393890625 0.590073678125 0.5571925875 0.5919118390625 0.5571925875 0.5955881609375 0.5608691859375 0.5955881609375 0.562707121875 0.60845591875 0.562707121875 0.60845591875 0.5608691859375 0.6121322421875 0.5571925875 0.6158085640625 0.5571925875 0.6176473546875 0.5553546515625001 0.619485515625 0.5553546515625001 0.6231618390625 0.5516780515625 0.625 0.5516780515625 0.6268381609375 0.5498393890625 0.628676321875 0.5498393890625 0.630514484375 0.548001453125 0.630514484375 0.5461627906250001 0.6341914359375 0.54248691875 0.6433822421875 0.54248691875 0.645220403125 0.54064825625 0.645220403125 0.5388103203125 0.650735515625 0.533295784375 0.650735515625 0.5277805234375 0.652573678125 0.5259425875 0.652573678125 0.50939825625 0.65625 0.50572165625 0.6580881609375 0.50572165625 0.6580881609375 0.5038837203125001 0.667279596875 0.4946925875 0.667279596875 0.4505748546875 0.6654414359375 0.44873691875 0.6654414359375 0.44689825625 0.6234955921875 0.41504433125 0.58494080625 0.411342296875 0.556985515625 0.4358691859375 0.5551473546875 0.43770712187500005 0.5533085640625 0.43770712187500005 0.5496322421875 0.44138372031250006
28 0.3621322421875 0.25735319843750004 0.354779596875 0.26470566875 0.347426321875 0.26470566875 0.3455881609375 0.26654433125 0.3455881609375 0.26838226718749997 0.3419118390625 0.272058865625 0.340073678125 0.272058865625 0.3363973546875 0.275735465625 0.3363973546875 0.2849265984375 0.3566177578125 0.2849265984375 0.35845591875 0.2830879359375 0.36029408125 0.2830879359375 0.363970403125 0.2794120640625 0.3658085640625 0.2794120640625 0.3676473546875 0.2775734015625 0.371323678125 0.2775734015625 0.3731618390625 0.275735465625 0.3731618390625 0.27389680156249996 0.3768381609375 0.2702209296875 0.380514484375 0.2702209296875 0.386029596875 0.26470566875 0.3878677578125 0.26470566875 0.38970591875 0.26286773281250003 0.3933822421875 0.26286773281250003 0.3933822421875 0.24816206406250002 0.380514484375 0.24816206406250002 0.378676321875 0.25 0.371323678125 0.25 0.363970403125 0.25735319843750004 0.3621322421875 0.25735319843750004
31 0.238970403125 0.40441206406249997 0.2371322421875 0.40625 0.23529408125 0.40625 0.23529408125 0.4099265984375 0.23345591875 0.41176453437499994 0.23345591875 0.41360319843750004 0.2316177578125 0.41544113437499997 0.2316177578125 0.44669113437499997 0.23529408125 0.4503677328125 0.23529408125 0.45220566875 0.2371322421875 0.45404433125 0.261029596875 0.45404433125 0.2628677578125 0.45220566875 0.2628677578125 0.4503677328125 0.26654408125 0.44669113437499997 0.2683822421875 0.44669113437499997 0.270220403125 0.44485319843750004 0.270220403125 0.41360319843750004 0.2683822421875 0.41176453437499994 0.26654408125 0.41176453437499994 0.2628677578125 0.40808793593750003 0.2628677578125 0.40625 0.261029596875 0.40441206406249997 0.2591914359375 0.40441206406249997 0.255514484375 0.40073546562500006 0.246323678125 0.40073546562500006 0.244485515625 0.4025734015625 0.2426473546875 0.4025734015625 0.2408085640625 0.40441206406249997 0.238970403125 0.40441206406249997
32 0.51470591875 0.5073531984375 0.5128677578125 0.509191134375 0.5128677578125 0.540441134375 0.51470591875 0.5422790703125 0.51654408125 0.5422790703125 0.5220585640625 0.54779433125 0.5441177578125 0.54779433125 0.54779408125 0.5441177328125 0.54779408125 0.5422790703125 0.5496322421875 0.540441134375 0.5496322421875 0.5386031984375 0.551470403125 0.5367645343749999 0.551470403125 0.5330879359375 0.5533085640625 0.53125 0.551470403125 0.5294120640625 0.551470403125 0.5183822671875 0.5496322421875 0.51654433125 0.5496322421875 0.509191134375 0.54779408125 0.5073531984375 0.54779408125 0.5055145343749999 0.54595591875 0.5055145343749999 0.5441177578125 0.5036765984375 0.5441177578125 0.5018379359375 0.5404414359375 0.49816206406249997 0.5386026453125 0.49816206406249997 0.536764484375 0.4963234015625 0.525735515625 0.4963234015625 0.5238973546875 0.49816206406249997 0.5220585640625 0.49816206406249997 0.51470591875 0.5055145343749999 0.51470591875 0.5073531984375
28 0.536764484375 0.2463234015625 0.5386026453125 0.2463234015625 0.5404414359375 0.244485465625 0.5404414359375 0.1746322671875 0.525735515625 0.1746322671875 0.525735515625 0.2463234015625 0.527573678125 0.24816206406250002 0.534926321875 0.24816206406250002 0.536764484375 0.2463234015625
34 0.5183822421875 0.125 0.51470591875 0.12867659843749998 0.51470591875 0.13419113437500002 0.5128677578125 0.1360290703125 0.5128677578125 0.16544113437500002 0.51470591875 0.1672790703125 0.51654408125 0.1672790703125 0.520220403125 0.17095566874999998 0.542279596875 0.17095566874999998 0.54595591875 0.1672790703125 0.54779408125 0.1672790703125 0.5496322421875 0.16544113437500002 0.5496322421875 0.16360319843749999 0.5533085640625 0.15992659843749998 0.5533085640625 0.14889680156250001 0.551470403125 0.14705886562499998 0.551470403125 0.1433822671875 0.5496322421875 0.14154433125000002 0.5496322421875 0.13235319843749999 0.54779408125 0.130514534375 0.54779408125 0.12867659843749998 0.542279596875 0.1231620640625 0.542279596875 0.12132340156250002 0.527573678125 0.12132340156250002 0.525735515625 0.1231620640625 0.5238973546875 0.1231620640625 0.5220585640625 0.125 0.5183822421875 0.125
28 0.395220403125 0.244485465625 0.3988973546875 0.24080886562499998 0.3988973546875 0.1764709296875 0.386029596875 0.1764709296875 0.386029596875 0.24816206406250002 0.3933822421875 0.24816206406250002 0.395220403125 0.2463234015625 0.395220403125 0.244485465625
25 0.3988973546875 0.49080886562500003 0.3988973546875 0.4411765984375 0.386029596875 0.4411765984375 0.386029596875 0.49264680156249996 0.395220403125 0.49264680156249996 0.3970585640625 0.49080886562500003 0.3988973546875 0.49080886562500003
7 0.630514484375 0.20404433125 0.57720591875 0.20404433125 0.57720591875 0.26286773281250003 0.628676321875 0.26286773281250003 0.630514484375 0.2610290703125 0.630514484375 0.20404433125
25 0.2279414359375 0.255514534375 0.2261026453125 0.25735319843750004 0.222426321875 0.25735319843750004 0.2205881609375 0.259191134375 0.2205881609375 0.2610290703125 0.2169118390625 0.26470566875 0.207720403125 0.26470566875 0.2058822421875 0.26654433125 0.2058822421875 0.26838226718749997 0.20220591875 0.272058865625 0.20220591875 0.2922790703125 0.2095585640625 0.2922790703125 0.2113973546875 0.290441134375 0.2113973546875 0.28860319843750004 0.215073678125 0.2849265984375 0.2169118390625 0.2849265984375 0.21875 0.2830879359375 0.21875 0.28125 0.222426321875 0.2775734015625 0.2316177578125 0.2775734015625 0.23345591875 0.275735465625 0.23345591875 0.27389680156249996 0.2371322421875 0.2702209296875 0.238970403125 0.2702209296875 0.2408085640625 0.26838226718749997 0.2408085640625 0.26654433125 0.244485515625 0.26286773281250003 0.246323678125 0.26286773281250003 0.2481618390625 0.2610290703125 0.2481618390625 0.255514534375 0.25 0.2536765984375 0.25 0.2518379359375 0.2518381609375 0.25 0.2371322421875 0.25 0.23529408125 0.2518379359375 0.23345591875 0.2518379359375 0.229779596875 0.255514534375 0.2279414359375 0.255514534375
17 0.51470591875 0.272058865625 0.5128677578125 0.27389680156249996 0.511029596875 0.27389680156249996 0.505514484375 0.2794120640625 0.503676321875 0.2794120640625 0.494485515625 0.28860319843750004 0.494485515625 0.290441134375 0.4926473546875 0.2922790703125 0.4926473546875 0.30514680156249996 0.4816177578125 0.3161765984375 0.479779596875 0.3161765984375 0.4779414359375 0.318014534375 0.4761026453125 0.318014534375 0.472426321875 0.321691134375 0.472426321875 0.38970566875 0.474264484375 0.39154433125 0.4761026453125 0.39154433125 0.4779414359375 0.39338226718749997 0.4816177578125 0.39338226718749997 0.48345591875 0.3952209296875 0.488970403125 0.3952209296875 0.4908085640625 0.397058865625 0.494485515625 0.397058865625 0.496323678125 0.39889680156249996 0.4981618390625 0.39889680156249996 0.5 0.40073546562500006 0.5018381609375 0.40073546562500006 0.505514484375 0.40441206406249997 0.569853275 0.40441206406249997 0.5716914359375 0.4025734015625 0.5716914359375 0.36764680156249996 0.573529596875 0.365808865625 0.573529596875 0.3639709296875 0.57904408125 0.35845566875 0.5808822421875 0.35845566875 0.582720403125 0.35661773281250003 0.5845585640625 0.35661773281250003 0.588235515625 0.352941134375 0.588235515625 0.35110319843750004 0.5919118390625 0.3474265984375 0.5919118390625 0.3455879359375 0.59375 0.34375 0.59375 0.29963226718749997 0.5919118390625 0.29779433125 0.5919118390625 0.29595566875 0.590073678125 0.29595566875 0.588235515625 0.29411773281250003 0.5845585640625 0.29411773281250003 0.57720591875 0.286764534375 0.573529596875 0.286764534375 0.5716914359375 0.2849265984375 0.569853275 0.2849265984375 0.5643381609375 0.2794120640625 0.5625 0.2794120640625 0.5551473546875 0.272058865625 0.5533085640625 0.272058865625 0.5496322421875 0.26838226718749997 0.5496322421875 0.26470566875 0.54779408125 0.26286773281250003 0.53125 0.26286773281250003 0.5294118390625 0.26470566875 0.525735515625 0.26470566875 0.5183822421875 0.272058865625 0.51470591875 0.272058865625
31 0.1691177578125 0.26838226718749997 0.1654414359375 0.272058865625 0.1636026453125 0.272058865625 0.161764484375 0.27389680156249996 0.161764484375 0.3014709296875 0.159926321875 0.303308865625 0.1636026453125 0.306985465625 0.1654414359375 0.306985465625 0.1691177578125 0.3106620640625 0.1691177578125 0.3125 0.1948526453125 0.3125 0.1948526453125 0.3106620640625 0.1966914359375 0.3088234015625 0.1966914359375 0.306985465625 0.20220591875 0.3014709296875 0.20220591875 0.2775734015625 0.1966914359375 0.272058865625 0.1966914359375 0.26838226718749997 0.1875 0.259191134375 0.1783085640625 0.259191134375 0.17279408125 0.26470566875 0.17095591875 0.26470566875 0.1691177578125 0.26654433125 0.1691177578125 0.26838226718749997
28 0.426470403125 0.12132340156250002 0.42279408125 0.125 0.4191177578125 0.125 0.417279596875 0.12683793593749998 0.4154414359375 0.12683793593749998 0.4136026453125 0.12867659843749998 0.411764484375 0.12867659843749998 0.411764484375 0.14705886562499998 0.4154414359375 0.14705886562499998 0.417279596875 0.1452209296875 0.426470403125 0.1452209296875 0.4283085640625 0.1433822671875 0.4301473546875 0.1433822671875 0.4356618390625 0.1378677328125 0.4375 0.1378677328125 0.4393381609375 0.1360290703125 0.4393381609375 0.13419113437500002 0.443014484375 0.130514534375 0.45220591875 0.130514534375 0.45404408125 0.12867659843749998 0.45404408125 0.12683793593749998 0.457720403125 0.1231620640625 0.4595585640625 0.1231620640625 0.4613973546875 0.12132340156250002 0.4613973546875 0.10845566874999998 0.4448526453125 0.10845566874999998 0.4356618390625 0.1176468015625 0.4283085640625 0.1176468015625 0.426470403125 0.119485465625 0.426470403125 0.12132340156250002
27 0.628676321875 0.70220566875 0.630514484375 0.70220566875 0.632353275 0.70404433125 0.636029596875 0.70404433125 0.63970591875 0.7077209296875 0.63970591875 0.709558865625 0.64154408125 0.7113968015625 0.648896725 0.7113968015625 0.65625 0.71875 0.659926321875 0.71875 0.661764484375 0.7205879359375 0.667279596875 0.7205879359375 0.6691177578125 0.71875 0.67095591875 0.71875 0.67095591875 0.7058822671875 0.667279596875 0.70220566875 0.667279596875 0.7003677328125 0.6654414359375 0.6985290703125 0.65625 0.6985290703125 0.652573678125 0.6948531984375 0.652573678125 0.6930145343749999 0.650735515625 0.6911765984375 0.648896725 0.6911765984375 0.64154408125 0.6838234015625 0.625 0.6838234015625 0.625 0.696691134375 0.6268381609375 0.6985290703125 0.6268381609375 0.7003677328125 0.628676321875 0.70220566875
25 0.253676321875 0.24816206406250002 0.255514484375 0.2463234015625 0.255514484375 0.244485465625 0.2591914359375 0.24080886562499998 0.2591914359375 0.16544113437500002 0.2573526453125 0.16360319843749999 0.2573526453125 0.161764534375 0.255514484375 0.15992659843749998 0.255514484375 0.15808793593749998 0.244485515625 0.15808793593749998 0.2426473546875 0.15992659843749998 0.2426473546875 0.2463234015625 0.244485515625 0.24816206406250002 0.253676321875 0.24816206406250002
36 0.3309773296875 0.5847281984375 0.35164420625 0.580462209375 0.3587518890625 0.5802470937499999 0.3664647359375 0.5998655515625 0.3794313609375 0.6234331390625 0.37003841249999997 0.6297550875 0.3621838796875 0.6268379359375 0.3621838796875 0.6286765984375 0.35299244375 0.6378677328125 0.34012531562500004 0.6378677328125 0.338287153125 0.63970566875 0.338287153125 0.6433822671875 0.34380163750000003 0.6488968015625 0.34380163750000003 0.6507354656250001 0.34563979843750003 0.6525734015625 0.34563979843750003 0.6801468015625 0.34931612031250003 0.6838234015625 0.3511542828125 0.6838234015625 0.354831234375 0.6875 0.3566693953125 0.6875 0.35850755625 0.6893379359375 0.3603457171875 0.6893379359375 0.3621838796875 0.6911765984375 0.364022040625 0.6911765984375 0.369537153125 0.696691134375 0.37321347656250003 0.696691134375 0.37505163750000003 0.6985290703125 0.37688979843750003 0.6985290703125 0.3824042828125 0.70404433125 0.38424244375 0.70404433125 0.386081234375 0.7058822671875 0.3879193953125 0.7058822671875 0.38975755625 0.7077209296875 0.3934338796875 0.7077209296875 0.395272040625 0.7058822671875 0.3971102015625 0.7058822671875 0.3989483625 0.70404433125 0.400787153125 0.70404433125 0.40630163750000003 0.6985290703125 0.40813979843750003 0.6985290703125 0.40997795937500003 0.696691134375 0.41549244375 0.696691134375 0.42100755625 0.6911765984375 0.4228457171875 0.6911765984375 0.4246838796875 0.6893379359375 0.4283602015625 0.6893379359375 0.43755163750000003 0.6801468015625 0.43755163750000003 0.678308865625 0.43938979843750003 0.6764709296875 0.43938979843750003 0.6507354656250001 0.44674244375 0.6433822671875 0.44674244375 0.64154433125 0.45225755625 0.6360290703125 0.45225755625 0.59375 0.4504193953125 0.5919120640625 0.4504193953125 0.5900734015625 0.448581234375 0.5882354656250001 0.448581234375 0.5863968015625 0.4449042828125 0.5827209296875 0.41079093125000005 0.5555784890625 0.3925119640625 0.5540188953125 0.37586335000000004 0.54861191875 0.34445591875 0.5759941859375 0.3309773296875 0.5847281984375
27 0.742646725 0.3547790703125 0.75 0.3547790703125 0.75 0.3088234015625 0.7481618390625 0.306985465625 0.7481618390625 0.30514680156249996 0.746323678125 0.303308865625 0.746323678125 0.29963226718749997 0.7371322421875 0.29963226718749997 0.7371322421875 0.35110319843750004 0.738970403125 0.352941134375 0.7408085640625 0.352941134375 0.742646725 0.3547790703125
26 0.5386026453125 0.772058865625 0.5386026453125 0.7261031984375 0.534926321875 0.7224265984375 0.534926321875 0.7205879359375 0.525735515625 0.7205879359375 0.525735515625 0.772058865625 0.527573678125 0.7738968015625 0.536764484375 0.7738968015625 0.5386026453125 0.772058865625
9 0.3051473546875 0.2610290703125 0.308823678125 0.25735319843750004 0.3125 0.25735319843750004 0.318014484375 0.26286773281250003 0.34375 0.26286773281250003 0.3455881609375 0.2610290703125 0.347426321875 0.2610290703125 0.347426321875 0.20404433125 0.29779408125 0.20404433125 0.29779408125 0.26286773281250003 0.301470403125 0.26286773281250003 0.3033085640625 0.2610290703125 0.3051473546875 0.2610290703125
36 0.3347840046875 0.3860290703125 0.338460328125 0.38970566875 0.3402984890625 0.38970566875 0.3458136015625 0.3952209296875 0.349489925 0.3952209296875 0.353166246875 0.39889680156249996 0.353166246875 0.40073546562500006 0.3550044078125 0.40073546562500006 0.35684256875 0.4025734015625 0.3623576828125 0.4025734015625 0.369710328125 0.4099265984375 0.3715484890625 0.4099265984375 0.3770636015625 0.41544113437499997 0.40647481093750004 0.41544113437499997 0.411989925 0.4099265984375 0.415666246875 0.4099265984375 0.4175044078125 0.40808793593750003 0.4175044078125 0.40625 0.42118073125000005 0.4025734015625 0.42853400468749997 0.4025734015625 0.43588665000000004 0.3952209296875 0.43772481093750004 0.3952209296875 0.443239925 0.38970566875 0.4450780859375 0.38970566875 0.446916246875 0.38786773281250003 0.4487544078125 0.38786773281250003 0.45059256875000003 0.3860290703125 0.45243073125000005 0.3860290703125 0.45243073125000005 0.38235319843750004 0.45426952187499997 0.380514534375 0.45426952187499997 0.334558865625 0.45243073125000005 0.3327209296875 0.45243073125000005 0.33088226718749997 0.45059256875000003 0.32904433125 0.42891750625 0.2919563953125 0.3939294703125 0.26524636562500004 0.35825251874999997 0.2927281984375 0.35358879062500004 0.3135203484375 0.3311240546875 0.32191933125 0.3311076828125 0.38235319843750004 0.33294584375 0.384191134375 0.33294584375 0.3860290703125 0.3347840046875 0.3860290703125
4 0.5753677578125 0.3952209296875 0.5808822421875 0.40073546562500006 0.5808822421875 0.40808793593750003 0.6231618390625 0.40808793593750003 0.6231618390625 0.40625 0.6268381609375 0.4025734015625 0.628676321875 0.4025734015625 0.630514484375 0.40073546562500006 0.630514484375 0.384191134375 0.628676321875 0.38235319843750004 0.625 0.38235319843750004 0.6231618390625 0.380514534375 0.619485515625 0.380514534375 0.613970403125 0.375 0.613970403125 0.3731620640625 0.61029408125 0.369485465625 0.61029408125 0.36764680156249996 0.60845591875 0.365808865625 0.60845591875 0.36213226718749997 0.601103275 0.3547790703125 0.588235515625 0.3547790703125 0.582720403125 0.36029433125 0.57720591875 0.36029433125 0.5753677578125 0.36213226718749997 0.5753677578125 0.3952209296875
25 0.4705881609375 0.40808793593750003 0.472426321875 0.4099265984375 0.474264484375 0.4099265984375 0.4761026453125 0.41176453437499994 0.4779414359375 0.41176453437499994 0.479779596875 0.41360319843750004 0.479779596875 0.41544113437499997 0.4816177578125 0.41544113437499997 0.48345591875 0.4172790703125 0.488970403125 0.4172790703125 0.4926473546875 0.42095566875 0.4926473546875 0.42279433125 0.494485515625 0.4246322671875 0.496323678125 0.4246322671875 0.5018381609375 0.43014680156249996 0.503676321875 0.43014680156249996 0.505514484375 0.43198546562500006 0.511029596875 0.43198546562500006 0.51470591875 0.43566206406249997 0.51470591875 0.4375 0.51654408125 0.43933793593750003 0.53125 0.43933793593750003 0.53125 0.4264709296875 0.527573678125 0.42279433125 0.527573678125 0.42095566875 0.525735515625 0.4191177328125 0.5238973546875 0.4191177328125 0.51654408125 0.41176453437499994 0.5091914359375 0.41176453437499994 0.505514484375 0.40808793593750003 0.505514484375 0.40625 0.503676321875 0.40441206406249997 0.494485515625 0.40441206406249997 0.4908085640625 0.40073546562500006 0.4908085640625 0.39889680156249996 0.488970403125 0.397058865625 0.4871322421875 0.397058865625 0.48345591875 0.39338226718749997 0.48345591875 0.39154433125 0.4816177578125 0.38970566875 0.465073678125 0.38970566875 0.465073678125 0.4025734015625 0.4669118390625 0.4025734015625 0.4705881609375 0.40625 0.4705881609375 0.40808793593750003
32 0.443014484375 0.647058865625 0.443014484375 0.6819854656250001 0.448529596875 0.6875 0.4761026453125 0.6875 0.4761026453125 0.6838234015625 0.4779414359375 0.6819854656250001 0.4779414359375 0.6801468015625 0.48345591875 0.6746322671875 0.48345591875 0.6507354656250001 0.4761026453125 0.6433822671875 0.4761026453125 0.64154433125 0.474264484375 0.63970566875 0.472426321875 0.63970566875 0.46875 0.6360290703125 0.45404408125 0.6360290703125 0.45220591875 0.6378677328125 0.4503677578125 0.6378677328125 0.4503677578125 0.63970566875 0.443014484375 0.647058865625
7 0.3676473546875 0.64154433125 0.3676473546875 0.6433822671875 0.3658085640625 0.6452209296875 0.3658085640625 0.6838234015625 0.3676473546875 0.6838234015625 0.369485515625 0.6856620640625 0.4136026453125 0.6856620640625 0.4154414359375 0.6838234015625 0.4154414359375 0.6819854656250001 0.417279596875 0.6801468015625 0.417279596875 0.6746322671875 0.4191177578125 0.67279433125 0.4191177578125 0.6672790703125 0.417279596875 0.665441134375 0.417279596875 0.6268379359375 0.3658085640625 0.6268379359375 0.3676473546875 0.6286765984375 0.3658085640625 0.6305145343749999 0.3658085640625 0.63970566875 0.3676473546875 0.64154433125
26 0.488970403125 0.70404433125 0.496323678125 0.70404433125 0.5 0.7077209296875 0.5 0.709558865625 0.5018381609375 0.7113968015625 0.503676321875 0.7113968015625 0.5091914359375 0.7169120640625 0.511029596875 0.7169120640625 0.5128677578125 0.71875 0.527573678125 0.71875 0.53125 0.7150734015625 0.53125 0.7077209296875 0.5294118390625 0.7058822671875 0.5294118390625 0.70404433125 0.527573678125 0.70220566875 0.527573678125 0.7003677328125 0.525735515625 0.6985290703125 0.5238973546875 0.6985290703125 0.5220585640625 0.696691134375 0.520220403125 0.696691134375 0.5183822421875 0.6948531984375 0.5183822421875 0.6930145343749999 0.51654408125 0.6930145343749999 0.51470591875 0.6911765984375 0.5091914359375 0.6911765984375 0.505514484375 0.6875 0.505514484375 0.6856620640625 0.503676321875 0.6838234015625 0.5018381609375 0.6838234015625 0.5 0.6819854656250001 0.4981618390625 0.6819854656250001 0.496323678125 0.6801468015625 0.4779414359375 0.6801468015625 0.4779414359375 0.6948531984375 0.479779596875 0.696691134375 0.4816177578125 0.696691134375 0.488970403125 0.70404433125
4 0.5808822421875 0.64154433125 0.57904408125 0.64154433125 0.57904408125 0.6433822671875 0.5753677578125 0.647058865625 0.5753677578125 0.6746322671875 0.57904408125 0.678308865625 0.57904408125 0.6801468015625 0.5808822421875 0.6819854656250001 0.5808822421875 0.6856620640625 0.5845585640625 0.6893379359375 0.621323678125 0.6893379359375 0.6231618390625 0.6875 0.6231618390625 0.6856620640625 0.6268381609375 0.6819854656250001 0.628676321875 0.6819854656250001 0.630514484375 0.6801468015625 0.630514484375 0.6636031984375 0.628676321875 0.6617645343749999 0.619485515625 0.6617645343749999 0.613970403125 0.65625 0.613970403125 0.6544120640625 0.60845591875 0.6488968015625 0.60845591875 0.64154433125 0.6066177578125 0.63970566875 0.604779596875 0.63970566875 0.601103275 0.6360290703125 0.601103275 0.634191134375 0.588235515625 0.634191134375 0.588235515625 0.6360290703125 0.5845585640625 0.63970566875 0.582720403125 0.63970566875 0.5808822421875 0.64154433125
28 0.4705881609375 0.12867659843749998 0.472426321875 0.130514534375 0.4816177578125 0.130514534375 0.48529408125 0.13419113437500002 0.48529408125 0.1360290703125 0.4871322421875 0.1378677328125 0.488970403125 0.1378677328125 0.4926473546875 0.14154433125000002 0.4926473546875 0.1433822671875 0.494485515625 0.1452209296875 0.511029596875 0.1452209296875 0.511029596875 0.1433822671875 0.5128677578125 0.14154433125000002 0.5128677578125 0.13419113437500002 0.511029596875 0.13235319843749999 0.511029596875 0.130514534375 0.5091914359375 0.130514534375 0.5073526453125 0.12867659843749998 0.5073526453125 0.12683793593749998 0.505514484375 0.12683793593749998 0.503676321875 0.125 0.5018381609375 0.125 0.4981618390625 0.12132340156250002 0.4981618390625 0.119485465625 0.496323678125 0.1176468015625 0.4908085640625 0.1176468015625 0.488970403125 0.115808865625 0.4871322421875 0.115808865625 0.48345591875 0.1121322671875 0.48345591875 0.11029433125000002 0.4816177578125 0.10845566874999998 0.465073678125 0.10845566874999998 0.465073678125 0.1231620640625 0.4669118390625 0.1231620640625 0.4705881609375 0.12683793593749998 0.4705881609375 0.12867659843749998
27 0.7003677578125 0.2775734015625 0.707720403125 0.2849265984375 0.7095585640625 0.2849265984375 0.713235515625 0.28860319843750004 0.713235515625 0.290441134375 0.715073678125 0.2922790703125 0.724264484375 0.2922790703125 0.7279414359375 0.29595566875 0.7279414359375 0.29779433125 0.729779596875 0.29963226718749997 0.738970403125 0.29963226718749997 0.7408085640625 0.29779433125 0.7408085640625 0.2849265984375 0.738970403125 0.2830879359375 0.738970403125 0.28125 0.7371322421875 0.28125 0.73529408125 0.2794120640625 0.729779596875 0.2794120640625 0.726103275 0.275735465625 0.726103275 0.27389680156249996 0.724264484375 0.272058865625 0.722426321875 0.272058865625 0.713235515625 0.26286773281250003 0.694853275 0.26286773281250003 0.694853275 0.275735465625 0.6966914359375 0.275735465625 0.698529596875 0.2775734015625 0.7003677578125 0.2775734015625
13 0.349264484375 0.8216911343750001 0.349264484375 0.76470566875 0.29779408125 0.76470566875 0.29779408125 0.8253677328125001 0.34375 0.8253677328125001 0.347426321875 0.8216911343750001 0.349264484375 0.8216911343750001
28 0.3143381609375 0.31985319843750004 0.3143381609375 0.3860290703125 0.32904408125 0.3860290703125 0.32904408125 0.31985319843750004 0.3143381609375 0.31985319843750004
8 0.277573678125 0.3474265984375 0.275735515625 0.3455879359375 0.2279414359375 0.3455879359375 0.2279414359375 0.4025734015625 0.275735515625 0.4025734015625 0.277573678125 0.40073546562500006 0.277573678125 0.3474265984375
34 0.3731618390625 0.16544113437500002 0.375 0.1672790703125 0.3768381609375 0.1672790703125 0.380514484375 0.17095566874999998 0.4044118390625 0.17095566874999998 0.409926321875 0.16544113437500002 0.409926321875 0.161764534375 0.411764484375 0.15992659843749998 0.411764484375 0.14705886562499998 0.409926321875 0.1452209296875 0.409926321875 0.13235319843749999 0.4080881609375 0.130514534375 0.4080881609375 0.12867659843749998 0.4044118390625 0.125 0.402573678125 0.125 0.400735515625 0.1231620640625 0.3988973546875 0.1231620640625 0.3970585640625 0.12132340156250002 0.3823526453125 0.12132340156250002 0.375 0.12867659843749998 0.375 0.130514534375 0.3731618390625 0.13235319843749999 0.3731618390625 0.16544113437500002
13 0.5548847609374999 0.4022703484375 0.5567229218749999 0.4004324125 0.5567229218749999 0.3985944765625 0.5585610828124999 0.3967558140625 0.5585610828124999 0.393079215625 0.5603992437499999 0.3912412796875 0.5603992437499999 0.361829215625 0.5585610828124999 0.3599912796875 0.5585610828124999 0.348962209375 0.5567229218749999 0.347123546875 0.5567229218749999 0.3434469484375 0.508928840625 0.3434469484375 0.5070906796875 0.3452856109375 0.5070906796875 0.4004324125 0.508928840625 0.4022703484375 0.5548847609374999 0.4022703484375
16 0.45220591875 0.255514534375 0.45404408125 0.25735319843750004 0.4558822421875 0.25735319843750004 0.457720403125 0.259191134375 0.457720403125 0.2610290703125 0.4613973546875 0.2610290703125 0.463235515625 0.26286773281250003 0.4871322421875 0.26286773281250003 0.4871322421875 0.20404433125 0.4375 0.20404433125 0.4375 0.26286773281250003 0.443014484375 0.26286773281250003 0.4503677578125 0.255514534375 0.45220591875 0.255514534375
25 0.191176321875 0.4099265984375 0.1948526453125 0.4099265984375 0.198529596875 0.41360319843750004 0.198529596875 0.41544113437499997 0.2003677578125 0.4172790703125 0.207720403125 0.4172790703125 0.215073678125 0.4246322671875 0.2169118390625 0.4246322671875 0.2205881609375 0.42830886562500003 0.229779596875 0.42830886562500003 0.229779596875 0.41176453437499994 0.2261026453125 0.40808793593750003 0.2261026453125 0.40625 0.224264484375 0.40441206406249997 0.215073678125 0.40441206406249997 0.2113973546875 0.40073546562500006 0.2113973546875 0.39889680156249996 0.2095585640625 0.397058865625 0.207720403125 0.397058865625 0.2003677578125 0.38970566875 0.183823678125 0.38970566875 0.183823678125 0.40441206406249997 0.1875 0.40808793593750003 0.1893381609375 0.40808793593750003 0.191176321875 0.4099265984375
14 0.628676321875 0.8216911343750001 0.628676321875 0.76654433125 0.57904408125 0.76654433125 0.57904408125 0.8253677328125001 0.6231618390625 0.8253677328125001 0.6268381609375 0.8216911343750001 0.628676321875 0.8216911343750001
26 0.46875 0.57904433125 0.457720403125 0.57904433125 0.4558822421875 0.5808822671875 0.4558822421875 0.6360290703125 0.46875 0.6360290703125 0.46875 0.57904433125
27 0.604779596875 0.35845566875 0.6066177578125 0.35845566875 0.60845591875 0.35661773281250003 0.60845591875 0.29963226718749997 0.599264484375 0.29963226718749997 0.597426321875 0.3014709296875 0.597426321875 0.352941134375 0.599264484375 0.352941134375 0.604779596875 0.35845566875
33 0.6580881609375 0.7867645343749999 0.65625 0.7867645343749999 0.6544118390625 0.7886031984375 0.6544118390625 0.79595566875 0.652573678125 0.79779433125 0.652573678125 0.8216911343750001 0.6544118390625 0.823529796875 0.6544118390625 0.8253677328125001 0.6580881609375 0.8290443312500001 0.6875 0.8290443312500001 0.6893381609375 0.8272056687499999 0.6893381609375 0.8253677328125001 0.691176321875 0.823529796875 0.691176321875 0.8216911343750001 0.693014484375 0.8198531984375 0.693014484375 0.801470203125 0.691176321875 0.7996322671875 0.691176321875 0.79779433125 0.6893381609375 0.79595566875 0.6893381609375 0.7886031984375 0.6875 0.7867645343749999 0.6875 0.7849265984375 0.6856618390625 0.7849265984375 0.683823678125 0.7830879359375 0.683823678125 0.78125 0.681985515625 0.7794120640625 0.681985515625 0.7775734015625 0.663603275 0.7775734015625 0.663603275 0.7794120640625 0.661764484375 0.78125 0.661764484375 0.7830879359375 0.6580881609375 0.7867645343749999
4 0.6470585640625 0.2224265984375 0.6470585640625 0.22794113437500002 0.645220403125 0.2297790703125 0.645220403125 0.25 0.6470585640625 0.2518379359375 0.6470585640625 0.2610290703125 0.6544118390625 0.26838226718749997 0.6893381609375 0.26838226718749997 0.693014484375 0.26470566875 0.694853275 0.26470566875 0.70220591875 0.25735319843750004 0.70220591875 0.2426468015625 0.7003677578125 0.2426468015625 0.694853275 0.23713226718749997 0.693014484375 0.23713226718749997 0.691176321875 0.23529433125 0.6856618390625 0.23529433125 0.683823678125 0.23345566875 0.683823678125 0.23161773281250003 0.681985515625 0.2297790703125 0.681985515625 0.224264534375 0.6746322421875 0.21691206406250002 0.6746322421875 0.2150734015625 0.6544118390625 0.2150734015625 0.6544118390625 0.21691206406250002 0.650735515625 0.22058793593749998 0.648896725 0.22058793593749998 0.6470585640625 0.2224265984375
5 0.340050378125 0.31758720937499996 0.35201511406249997 0.3045058140625 0.3507556671875 0.2885174421875 0.345717884375 0.2848837203125 0.336272040625 0.285610465625 0.32808564218749997 0.2703488375 0.31989924375 0.26235465156250004 0.309823678125 0.26017441875 0.302896725 0.264534884375 0.29596977343750003 0.27107558125 0.29345088124999996 0.28052325625 0.292821159375 0.29142441875 0.29911838749999997 0.31177325625 0.3035264484375 0.3161337203125 0.340050378125 0.31758720937499996
5 0.4918136015625 0.3052325578125 0.4918136015625 0.2892441859375 0.47229219218749996 0.2783430234375 0.468513853125 0.26889534843749996 0.46032745625000004 0.26235465156250004 0.44899244375 0.2609011625 0.43891687656249995 0.2681686046875 0.434508815625 0.276889534375 0.43324937031250005 0.29360465156250004 0.44269521406249995 0.3161337203125 0.4804785890625 0.31758720937499996 0.4918136015625 0.3052325578125
15 0.2770780859375 0.683139534375 0.27959697656250004 0.6577034890625 0.2789672546875 0.6322674421875 0.27581863906250004 0.62572674375 0.23110831250000002 0.625 0.2260705296875 0.629360465625 0.2267002515625 0.6809593015625001 0.2304785890625 0.6860465109375 0.26700251875 0.6860465109375 0.2770780859375 0.683139534375
10 0.4842569265625 0.827034884375 0.48803526406250003 0.8248546515624999 0.48992443281250003 0.771802325 0.48677581875 0.766715115625 0.442065490625 0.765261628125 0.43702770781250005 0.7703488375 0.436397984375 0.8204941859374999 0.43891687656249995 0.8255813953125 0.45088161250000003 0.827761628125 0.4842569265625 0.827034884375
16 0.5535264484375 0.6860465109375 0.5566750625 0.6838662796875 0.559823678125 0.6424418609375 0.559823678125 0.630813953125 0.5566750625 0.62572674375 0.5119647359374999 0.625 0.5069269515625 0.630087209375 0.5062972296875 0.665697675 0.5088161203125 0.6838662796875 0.5220403015625 0.68677325625 0.5535264484375 0.6860465109375
11 0.6926952140625 0.68677325625 0.7002518890625 0.682412790625 0.7008816125 0.6329941859375 0.6983627203125 0.6264534890625 0.6719143578125 0.62427325625 0.650503778125 0.62572674375 0.6473551640624999 0.629360465625 0.646725440625 0.678052325 0.648614609375 0.6838662796875 0.6555415609375 0.6875 0.6926952140625 0.68677325625
11 0.3469773296875 0.5443313953125 0.3488664984375 0.5399709296874999 0.349496221875 0.4927325578125 0.345717884375 0.485465115625 0.313602015625 0.483284884375 0.2997481109375 0.485465115625 0.296599496875 0.48837209374999996 0.29596977343750003 0.5399709296874999 0.298488665625 0.5450581390625 0.3413098234375 0.546511628125 0.3469773296875 0.5443313953125
26 0.32808564218749997 0.6373546515624999 0.3293450875 0.5850290703125001 0.32556675 0.5813953484375001 0.3186397984375 0.5806686046875 0.313602015625 0.5864825578125 0.3142317375 0.6337209296874999 0.315491184375 0.6359011625 0.3243073046875 0.634447675 0.32808564218749997 0.6373546515624999
27 0.68010075625 0.7260174421875 0.6738035265625 0.71947674375 0.6681360203125 0.723110465625 0.665617128125 0.7289244187499999 0.6662468515625 0.7747093015625001 0.667506296875 0.7776162796875 0.678841309375 0.776162790625 0.68010075625 0.7260174421875
29 0.32750566718749996 0.6235465109375 0.33191372812500003 0.6235465109375 0.3382109578125 0.6279069765624999 0.341359571875 0.640261628125 0.347027078125 0.6431686046875 0.360251259375 0.6388081390625 0.36277015156250003 0.63662790625 0.36465932031250003 0.6286337203125 0.37662405468750004 0.6228197671875 0.37284571718750004 0.6126453484375001 0.36214042812499997 0.6024709296874999 0.3633998734375 0.5952034890625 0.3558431984375 0.5864825578125 0.3495459703125 0.5835755812500001 0.3482865234375 0.5835755812500001 0.3388406796875 0.5915697671875 0.3363217890625 0.6017441859375 0.32498677656249997 0.619186046875 0.32750566718749996 0.6235465109375
15 0.6966914359375 0.39889680156249996 0.698529596875 0.397058865625 0.698529596875 0.39338226718749997 0.7003677578125 0.39154433125 0.7003677578125 0.352941134375 0.698529596875 0.35110319843750004 0.698529596875 0.3455879359375 0.648896725 0.3455879359375 0.648896725 0.4025734015625 0.694853275 0.4025734015625 0.6966914359375 0.40073546562500006 0.6966914359375 0.39889680156249996
14 0.417279596875 0.3474265984375 0.4154414359375 0.3455879359375 0.3676473546875 0.3455879359375 0.3676473546875 0.4025734015625 0.4154414359375 0.4025734015625 0.417279596875 0.40073546562500006 0.417279596875 0.3474265984375
12 0.628676321875 0.48529433125 0.57904408125 0.48529433125 0.57904408125 0.5422790703125 0.6268381609375 0.5422790703125 0.628676321875 0.540441134375 0.628676321875 0.48529433125
20 0.21875 0.0015625 0.21875 0.078125 0.2734376578125 0.078125 0.2734376578125 0.0015625 0.21875 0.0015625
18 0.759375315625 0.7796875 0.7609376578125 0.778125 0.7609376578125 0.7421875 0.7625 0.740625 0.7625 0.7390625 0.7609376578125 0.7375 0.7609376578125 0.73125 0.7625 0.7296875 0.7625 0.7046875 0.7125 0.7046875 0.7125 0.7796875 0.7140623421875001 0.78125 0.715624684375 0.7796875 0.759375315625 0.7796875
18 0.7078123421875 0.140625 0.7078123421875 0.2203125 0.765625315625 0.2203125 0.765625315625 0.140625 0.7078123421875 0.140625
23 0.5515623421875 0.8453125 0.5015623421875001 0.8453125 0.5015623421875001 0.9203125 0.5484376578125 0.9203125 0.5515623421875 0.9171875 0.5515623421875 0.8453125
22 0.8515623421875 0.4203125 0.8515623421875 0.496875 0.903124684375 0.496875 0.903124684375 0.4203125 0.8515623421875 0.4203125
18 0.13125 0.28125 0.0765623421875 0.28125 0.0765623421875 0.359375 0.1296876578125 0.359375 0.13125 0.3578125 0.13125 0.28125
21 0.1296876578125 0.596875 0.13125 0.5953125 0.13125 0.5625 0.078125315625 0.5625 0.078125315625 0.6390625 0.128125315625 0.6390625 0.1296876578125 0.6375 0.1296876578125 0.596875
18 0.5546876578125 0.003125 0.553124684375 0.0015625 0.496875315625 0.0015625 0.496875315625 0.0765625 0.5515623421875 0.0765625 0.5546876578125 0.0734375 0.5546876578125 0.003125
19 0.26875 0.91875 0.2703123421875 0.9171875 0.2703123421875 0.8453125 0.2203123421875 0.8453125 0.2203123421875 0.921875 0.2671876578125 0.921875 0.26875 0.9203125 0.26875 0.91875