37 0.3300925921875 0.5848148140625 0.334722221875 0.597777778125 0.3731481484375 0.6125925921875 0.4171296296875 0.593703703125 0.43148148124999997 0.58555555625 0.4328703703125 0.5588888890625 0.43101851875 0.5351851859375001 0.4129629625 0.5274074078125001 0.3898148140625 0.51444444375 0.36990740781250003 0.512222221875 0.3638888890625 0.5133333328125 0.31805555625 0.5340740734375 0.31898148125 0.5670370375 0.3263888890625 0.5722222218749999 0.3296296296875 0.5770370375 0.3300925921875 0.5848148140625
37 0.3518518515625 0.7792592593750001 0.365277778125 0.7870370375 0.3763888890625 0.7888888890625 0.38842592656249997 0.782222221875 0.41111111093749997 0.7733333328125 0.43194444374999996 0.7618518515625 0.43194444374999996 0.7148148140624999 0.42870370312499995 0.7103703703125 0.416203703125 0.7051851859375 0.3879629625 0.689259259375 0.38703703749999996 0.6874074078125 0.3708333328125 0.6870370375 0.36944444375 0.6859259265625 0.334722221875 0.699259259375 0.3148148140625 0.7096296296875 0.315740740625 0.7625925921875 0.31851851875000003 0.7651851859375001 0.340740740625 0.7759259265625 0.3518518515625 0.7792592593750001
37 0.7449074078125 0.6111111109375 0.7550925921875 0.613703703125 0.808796296875 0.5896296296875 0.8120370375 0.5870370375 0.8125 0.5329629625 0.759259259375 0.5081481484375 0.7273148140625 0.52148148125 0.715740740625 0.5303703703125 0.6949074078125 0.542222221875 0.6949074078125 0.586296296875 0.7050925921875 0.592222221875 0.7273148140625 0.6011111109375 0.7449074078125 0.6111111109375
37 0.60555555625 0.42888888906249995 0.6180555562500001 0.4325925921875 0.6263888890625 0.4370370375 0.6328703703125 0.436296296875 0.6495370375 0.4270370375 0.68194444375 0.41333333281250006 0.6865740734375 0.40888888906250004 0.6856481484375 0.35555555625 0.6606481484375 0.34555555625 0.6578703703125 0.342222221875 0.6560185187500001 0.3429629625 0.6263888890625 0.3296296296875 0.5722222218749999 0.35444444375 0.56898148125 0.35851851875 0.56851851875 0.39074074062499997 0.5828703703125 0.40444444375 0.5893518515625 0.41962962968750006 0.60555555625 0.42888888906249995
0 0.2615740734375 0.679259259375 0.2856481484375 0.6925925921875 0.30694444375 0.70148148125 0.3138888890625 0.7011111109375 0.3203703703125 0.6988888890625 0.35 0.682222221875 0.353703703125 0.66148148125 0.36805555624999997 0.6511111109375001 0.36759259218749996 0.6255555562499999 0.35925925937500003 0.6181481484375 0.3324074078125 0.6066666671875 0.33101851875 0.6048148140625 0.31898148125 0.6011111109375 0.3129629625 0.6007407406249999 0.296296296875 0.602222221875 0.2824074078125 0.607777778125 0.27870370312500004 0.6111111109375 0.253703703125 0.6188888890625 0.2504629625 0.6225925921875 0.2518518515625 0.6411111109375 0.25 0.6703703703125 0.252777778125 0.6759259265625001 0.2615740734375 0.679259259375
0 0.58055555625 0.5718518515625 0.590740740625 0.59555555625 0.6125 0.607777778125 0.6254629625 0.6129629624999999 0.63055555625 0.6133333328125 0.6541666671875 0.6011111109375 0.68101851875 0.5896296296875 0.6856481484375 0.5859259265625 0.6861111109375 0.5429629625 0.6824074078125 0.5411111109375 0.678703703125 0.5411111109375 0.6759259265625001 0.5429629625 0.6708333328125 0.54 0.672222221875 0.536296296875 0.6675925921875 0.5340740734375 0.6638888890625 0.52444444375 0.6541666671875 0.5188888890625 0.6300925921875 0.5081481484375 0.6231481484375 0.5081481484375 0.615740740625 0.5118518515625 0.6129629624999999 0.51555555625 0.609259259375 0.51555555625 0.5995370375 0.520740740625 0.5912037031249999 0.522222221875 0.5828703703125 0.527777778125 0.5708333328124999 0.5329629625 0.56898148125 0.5359259265625 0.571296296875 0.5433333328125001 0.5703703703125 0.5640740734375 0.58055555625 0.5718518515625
0 0.3166666671875 0.389259259375 0.315740740625 0.407777778125 0.31898148125 0.41111111093749997 0.328703703125 0.4159259265625 0.33703703749999997 0.41777777812499994 0.35555555625 0.42925925937500004 0.3620370375 0.42851851874999997 0.36944444375 0.43555555625000003 0.3763888890625 0.43555555625000003 0.3828703703125 0.430740740625 0.40092592656250003 0.4251851859375 0.4106481484375 0.4188888890625 0.414165740625 0.41750999999999994 0.41639953749999997 0.409457778125 0.4166666671875 0.400740740625 0.426671759375 0.39454740781250003 0.4268518515625 0.3874074078125 0.4268518515625 0.3570370375 0.4236111109375 0.353703703125 0.4018518515625 0.34444444375 0.377777778125 0.330740740625 0.3731481484375 0.32999999999999996 0.36990740781250003 0.330740740625 0.3638888890625 0.33629629687499996 0.35925925937500003 0.33555555625 0.3453703703125 0.3448148140625 0.3416666671875 0.3448148140625 0.321296296875 0.35407407343749997 0.3166666671875 0.3618518515625 0.3171296296875 0.3703703703125 0.31944444375000003 0.370740740625 0.314597221875 0.3746533328125 0.3166666671875 0.389259259375
35 0.4556726859375 0.4003970375 0.4601851859375 0.42000000000000004 0.4791666671875 0.4296296296875 0.4995370375 0.43666666718749997 0.5101851859375001 0.4303703703125 0.5426624999999999 0.4140296296875 0.5447995375 0.4018770375 0.55935694375 0.3915951859375 0.559722221875 0.35925925937500003 0.5555555562500001 0.35555555625 0.5476851859375 0.3533333328125 0.540740740625 0.34851851875 0.5013888890625 0.3296296296875 0.49583333281249997 0.3311111109375 0.4800925921875 0.3403703703125 0.47361111093749997 0.34185185156250003 0.46807499999999996 0.3444596296875 0.459722221875 0.34851851875 0.4458333328125 0.35555555625 0.4458333328125 0.3874074078125 0.4445879625 0.3929996296875 0.44987824062500004 0.3955666671875 0.4556726859375 0.4003970375
35 0.21111111093749999 0.5962962968750001 0.23379629687499998 0.6081481484375 0.2375 0.6081481484375 0.24722222187499998 0.6125925921875 0.2578703703125 0.609259259375 0.271296296875 0.6003703703125 0.2865740734375 0.5951851859375 0.290277778125 0.5770370375 0.3018518515625 0.5640740734375 0.3013888890625 0.5325925921875 0.29722222187499997 0.53 0.26574074062499997 0.5170370375 0.246759259375 0.5066666671875 0.2398148140625 0.5081481484375 0.228009259375 0.515 0.20694444375 0.522222221875 0.1893518515625 0.5325925921875 0.1870370375 0.5355555562500001 0.1870370375 0.5781481484375 0.1875 0.5848148140625 0.1898148140625 0.587777778125 0.21111111093749999 0.5962962968750001
35 0.4754629625 0.777777778125 0.49351851875 0.7870370375 0.4981481484375 0.78851851875 0.5050925921875 0.7874074078125 0.5254629625 0.7792592593750001 0.5583333328125 0.762222221875 0.5583333328125 0.709259259375 0.5375 0.7011111109375 0.5226851859375 0.6918518515625001 0.5050925921875 0.687777778125 0.4879629625 0.6888888890625 0.48564814843750004 0.6914814812500001 0.478703703125 0.693703703125 0.46851851875 0.7007407406249999 0.4453703703125 0.7096296296875 0.4421296296875 0.7166666671875 0.4421296296875 0.7470370375 0.44444444375 0.762222221875 0.4625 0.7729629625000001 0.4754629625 0.777777778125
35 0.4 0.682222221875 0.43194444374999996 0.6977777781250001 0.4388888890625 0.69851851875 0.475 0.6803703703124999 0.478703703125 0.6759259265625001 0.48194444374999995 0.66148148125 0.49583333281249997 0.650740740625 0.4953703703125 0.6244444437500001 0.4921296296875 0.62 0.4875 0.6196296296875 0.4754629625 0.613703703125 0.4643518515625 0.6059259265625 0.4388888890625 0.5962962968750001 0.42870370312499995 0.59851851875 0.3976851859375 0.6118518515625 0.38240740781250004 0.6196296296875 0.378703703125 0.6229629625 0.378240740625 0.650740740625 0.3925925921875 0.66148148125 0.397222221875 0.67851851875 0.4 0.682222221875
17 0.6333333328124999 0.6733333328125 0.6875 0.7007407406249999 0.696296296875 0.7007407406249999 0.7481481484375 0.6751851859375 0.75 0.6651851859375 0.7495370375 0.626296296875 0.7481481484375 0.6218518515625 0.7379629624999999 0.6159259265625 0.733796296875 0.6159259265625 0.721759259375 0.6103703703125001 0.715740740625 0.60555555625 0.6976851859375001 0.5981481484375 0.6888888890625 0.5962962968750001 0.6393518515625 0.6181481484375 0.6328703703125 0.623703703125 0.6333333328124999 0.6381481484375 0.6351851859375001 0.6420370375 0.6328703703125 0.6529629625 0.6333333328124999 0.6733333328125
17 0.396759259375 0.50555555625 0.4046296296875 0.5096296296875 0.41898148125 0.5129629625 0.42083333281249996 0.51555555625 0.4361111109375 0.5233333328125 0.46296296249999996 0.5125925921875 0.4824074078125 0.50148148125 0.49305555625 0.497777778125 0.4921296296875 0.45444444375000004 0.49351851875 0.4470370375 0.47361111093749997 0.43518518593750005 0.45694444375 0.42925925937500004 0.45601851875 0.4251851859375 0.45324074062499997 0.42444444375 0.447222221875 0.427777778125 0.43194444374999996 0.4266666671875 0.4291666671875 0.427777778125 0.42175925937500003 0.42592592656250006 0.3791666671875 0.44592592656249996 0.38009259218749997 0.4770370375 0.39074074062499997 0.486296296875 0.3958333328125 0.4974074078125 0.396759259375 0.50555555625
17 0.30509259218749996 0.5225925921875 0.3148148140625 0.519259259375 0.3300925921875 0.5096296296875 0.3356481484375 0.5066666671875 0.3421296296875 0.50555555625 0.3507893515625 0.50112 0.353240740625 0.48962962968749996 0.3620370375 0.48 0.3671296296875 0.4770370375 0.366203703125 0.46148148125 0.36805555624999997 0.4574074078125 0.36759259218749996 0.44629629687500005 0.352777778125 0.43814814843749994 0.3375 0.4325925921875 0.33101851875 0.4266666671875 0.3134259265625 0.41962962968750006 0.30416666718749996 0.420740740625 0.29351851875 0.4251851859375 0.290740740625 0.4281481484375 0.26527777812500003 0.43814814843749994 0.2541666671875 0.44592592656249996 0.25509259218749997 0.44888888906249996 0.253240740625 0.45259259218750003 0.2518518515625 0.47481481406250003 0.252777778125 0.4981481484375 0.26527777812500003 0.5051851859375 0.28472222187499996 0.5125925921875 0.30509259218749996 0.5225925921875
6 0.6300925921875 0.78851851875 0.6513888890625 0.7774074078125001 0.6643518515625 0.7729629625000001 0.684259259375 0.7618518515625 0.684722221875 0.71 0.66851851875 0.70444444375 0.647222221875 0.6925925921875 0.6421296296875 0.6925925921875 0.6370370375000001 0.6888888890625 0.6263888890625 0.68555555625 0.5851851859375 0.7029629625 0.5731481484375001 0.71 0.5726851859375001 0.7248148140625 0.5699074078125 0.737777778125 0.5708333328124999 0.762222221875 0.60601851875 0.780740740625 0.6231481484375 0.7881481484374999 0.6300925921875 0.78851851875
36 0.6675925921875 0.5129629625 0.671296296875 0.5125925921875 0.68101851875 0.5040740734375 0.6921296296875 0.49925925937500004 0.6986111109375 0.502222221875 0.7106481484375 0.5114814812499999 0.7134259265625 0.5118518515625 0.7166666671875 0.5081481484375 0.7203703703125 0.50851851875 0.7481481484375 0.4940740734375 0.7486111109375 0.459259259375 0.7453703703125 0.44629629687500005 0.734259259375 0.43851851875000003 0.7296296296875 0.4374074078125 0.7236111109375 0.43333333281249997 0.7166666671875 0.4325925921875 0.7115740734375 0.42851851874999997 0.696296296875 0.42111111093750003 0.6893518515625 0.42000000000000004 0.6773148140624999 0.42444444375 0.671759259375 0.4266666671875 0.6629629625 0.43333333281249997 0.640277778125 0.4418518515625 0.6324074078125 0.44629629687500005 0.6319444437499999 0.48407407343750003 0.633796296875 0.49629629687500004 0.6578703703125 0.5096296296875 0.6675925921875 0.5129629625
36 0.5476851859375 0.5174074078124999 0.5638888890625 0.5251851859375 0.616203703125 0.5029629625 0.6208333328125 0.49888888906249995 0.622222221875 0.47296296250000003 0.6203703703125 0.4481481484375 0.61851851875 0.44555555625 0.5990740734375 0.43518518593750005 0.584259259375 0.430740740625 0.58148148125 0.4240740734375 0.5666666671875 0.42925925937500004 0.55694444375 0.4281481484375 0.5486111109375 0.4311111109375 0.540277778125 0.43148148124999997 0.5245370375 0.43851851875000003 0.5171296296875 0.443703703125 0.5097222218749999 0.44592592656249996 0.5083333328124999 0.45 0.5083333328124999 0.4981481484375 0.5273148140624999 0.5074074078125 0.5328703703125 0.5133333328125 0.5476851859375 0.5174074078124999
36 0.497222221875 0.6111111109375 0.5120370375000001 0.6048148140625 0.51851851875 0.5988888890624999 0.5215675921875 0.5992896296875 0.52288055625 0.5991196296875 0.5242013890624999 0.5977281484375 0.5276416671875 0.59595444375 0.5312875 0.5950340734374999 0.5343712968750001 0.5935229625 0.5371356484375001 0.5927881484374999 0.542565278125 0.5905418515624999 0.5425925921875 0.5825925921875 0.5453703703125 0.5740740734374999 0.5546296296875 0.5670370375 0.559722221875 0.560740740625 0.559722221875 0.5377777781249999 0.5574074078125 0.53444444375 0.5333333328125 0.5218518515625 0.5046296296875 0.5096296296875 0.5013888890625 0.509259259375 0.49305555625 0.5118518515625 0.45 0.5318518515624999 0.44305555625000004 0.536296296875 0.4421296296875 0.5429629625 0.4421296296875 0.5848148140625 0.45324074062499997 0.5918518515625 0.4791666671875 0.6011111109375 0.497222221875 0.6111111109375
36 0.508796296875 0.6403703703125 0.5078703703125 0.6511111109375001 0.51851851875 0.6603703703125 0.5245370375 0.6818518515624999 0.5296296296875 0.6862962968749999 0.54351851875 0.6911111109375 0.559722221875 0.7007407406249999 0.5648148140625 0.7011111109375 0.577777778125 0.6940740734374999 0.5861111109375 0.6929629625 0.6009259265625 0.6833333328125 0.6129629624999999 0.679259259375 0.6208333328125 0.6733333328125 0.621759259375 0.6359751859375 0.6236111109375 0.6266666671875 0.622222221875 0.6233333328125 0.6166666671875001 0.61851851875 0.5851851859375 0.6059259265625 0.5800925921875 0.602222221875 0.5541666671875001 0.602222221875 0.546759259375 0.6044444437500001 0.5074074078125 0.623703703125 0.50555555625 0.6259259265625 0.50555555625 0.6340740734375 0.50601851875 0.6374074078125 0.508796296875 0.6403703703125
29 0.454015278125 0.3777359265625 0.45549999999999996 0.3799566671875 0.4537226859375 0.381373703125 0.4535111109375 0.3842666671875 0.45601851875 0.3866666671875 0.4620370375 0.38851851875 0.467075 0.389697778125 0.474358796875 0.3881266671875 0.477353240625 0.3862281484375 0.47881851875 0.3839370375 0.47835138906249997 0.3815374078125 0.4771115734375 0.37984851875 0.4788513890625 0.37611222187500004 0.478703703125 0.3718518515625 0.4774550921875 0.36606555625000003 0.4755083328125 0.363660740625 0.4767745375 0.3604733328125 0.4768518515625 0.3559259265625 0.47407407343749997 0.35148148125 0.4703703703125 0.349259259375 0.4646138890625 0.34919481406249997 0.4606481484375 0.35 0.4578703703125 0.3518518515625 0.45590231406250004 0.355143703125 0.4555546296875 0.3587166671875 0.45742083281249996 0.36379592656250004 0.45420648124999996 0.3673748140625 0.4535796296875 0.37256 0.454015278125 0.3777359265625
34 0.39444444375 0.6803703703124999 0.39027777812500003 0.6611111109375 0.3763888890625 0.6518518515625 0.36944444375 0.6525925921875 0.3578703703125 0.660740740625 0.353703703125 0.6733333328125 0.3541666671875 0.6803703703124999 0.3625 0.6859259265625 0.3865740734375 0.6870370375 0.39444444375 0.6803703703124999
34 0.5101851859375001 0.6870370375 0.51898148125 0.682222221875 0.521296296875 0.6788888890625 0.5171296296875 0.6611111109375 0.502777778125 0.6518518515625 0.49768518593750005 0.652222221875 0.48379629687500003 0.66148148125 0.48055555625 0.6714814812500001 0.48055555625 0.6803703703124999 0.48703703750000005 0.68555555625 0.490740740625 0.6866666671874999 0.5101851859375001 0.6870370375
34 0.45694444375 0.41851851875 0.45648148125 0.4096296296875 0.45500694375000006 0.40122518593749995 0.4388888890625 0.39 0.43178055625 0.3926270375 0.42175925937500003 0.399259259375 0.4189893515625 0.40100222187499995 0.419015740625 0.4041248140625 0.41770509218749996 0.41024740781249996 0.416203703125 0.41851851875 0.4254629625 0.42592592656250006 0.44899953750000005 0.426176296875 0.45694444375 0.41851851875
30 0.7018518515625 0.5374074078125 0.7115740734375 0.5296296296875 0.7083333328125 0.512222221875 0.703703703125 0.507777778125 0.6925925921875 0.5018518515625 0.684722221875 0.5040740734375 0.6745370375 0.5114814812499999 0.6708333328125 0.52148148125 0.6703703703125 0.53 0.671759259375 0.532222221875 0.68194444375 0.5377777781249999 0.7018518515625 0.5374074078125
30 0.5851851859375 0.41814814843750003 0.58148148125 0.403703703125 0.5666666671875 0.392222221875 0.5601851859375 0.3925925921875 0.5495370375 0.4003703703125 0.5453703703125 0.40592592656250004 0.5416666671875 0.41814814843750003 0.5495370375 0.4266666671875 0.575 0.4266666671875 0.5851851859375 0.41814814843750003
24 0.7546296296875 0.5081481484375 0.7578703703125 0.50555555625 0.758796296875 0.50148148125 0.75601851875 0.497777778125 0.7481481484375 0.4966666671875 0.7199074078125001 0.5088888890625001 0.7106481484375 0.5151851859375001 0.7101851859375 0.5188888890625 0.7134259265625 0.527777778125 0.7245370375 0.5211111109375001 0.7546296296875 0.5081481484375
24 0.43194444374999996 0.5314814812499999 0.4361111109375 0.5292592593750001 0.43379629687500004 0.5229629625000001 0.41947175937500003 0.5166559265624999 0.4078703703125 0.5114814812499999 0.3976851859375 0.506296296875 0.3903768515625 0.5082151859375 0.38699444375000003 0.5120607406250001 0.39953703749999997 0.5188888890625 0.42453703750000005 0.5303703703125 0.43194444374999996 0.5314814812499999
24 0.49768518593750005 0.50851851875 0.4995370375 0.5051851859375 0.4986111109375 0.50148148125 0.4921296296875 0.49888888906249995 0.48379629687500003 0.5011111109375 0.471296296875 0.50851851875 0.45648148125 0.513703703125 0.44768518593750006 0.51851851875 0.440740740625 0.5225925921875 0.4379629625 0.5266666671875 0.4375 0.5292592593750001 0.44259259218749997 0.5318518515624999 0.45046296249999995 0.5311111109375 0.49768518593750005 0.50851851875
24 0.49351851875 0.4981481484375 0.4981481484375 0.500740740625 0.5050925921875 0.497777778125 0.5074074078125 0.492222221875 0.5074074078125 0.44888888906249996 0.50601851875 0.44629629687500005 0.5018518515625 0.4440740734375 0.5004629625 0.4440740734375 0.49398148124999997 0.44629629687500005 0.4921296296875 0.45222222187499994 0.4921296296875 0.49444444374999996 0.49351851875 0.4981481484375
24 0.5083333328124999 0.4474074078125 0.5388888890625 0.4311111109375 0.5476851859375 0.42851851874999997 0.5481481484375 0.4251851859375 0.540740740625 0.41925925937499997 0.5398148140625 0.41851851875 0.5046296296875 0.43407407343750004 0.5009259265625 0.4374074078125 0.5004629625 0.44296296249999995 0.5083333328124999 0.4474074078125
31 0.564047221875 0.6005470374999999 0.5773148140625 0.599259259375 0.5851851859375 0.592222221875 0.5800925921875 0.5740740734374999 0.5671296296875 0.5648148140625 0.5638888890625 0.5640740734375 0.559722221875 0.5659259265625 0.5470476859375 0.5747751859375 0.5428606484375 0.5916540734375 0.5469291671875001 0.59444 0.5509203703125001 0.6000029625 0.564047221875 0.6005470374999999
31 0.32777777812500003 0.5951851859375 0.33055555625 0.5918518515625 0.3263888890625 0.57444444375 0.3129629625 0.5640740734375 0.30694444375 0.5640740734375 0.29722222187499997 0.570740740625 0.29305555625 0.57444444375 0.290740740625 0.580740740625 0.2893518515625 0.5925925921874999 0.2986111109375 0.5996296296875 0.3203703703125 0.5988888890624999 0.32777777812500003 0.5951851859375
31 0.38333333281250004 0.5118518515625 0.39398148125 0.5051851859375 0.39027777812500003 0.487777778125 0.3763888890625 0.4774074078125 0.371759259375 0.4770370375 0.36157407343750003 0.48333333281249996 0.35694444375 0.48703703750000005 0.3541666671875 0.4940740734375 0.353240740625 0.50555555625 0.358796296875 0.512222221875 0.36851851875 0.510740740625 0.38333333281250004 0.5118518515625
25 0.5523476859375 0.6006803703125 0.5506078703124999 0.5986929625 0.5489208328124999 0.5969933328125 0.54634305625 0.5952411109375 0.541428240625 0.5935248140625 0.4995370375 0.6133333328125 0.5 0.6192592593749999 0.5074074078125 0.62148148125 0.5511824078124999 0.60092148125 0.5523476859375 0.6006803703125
25 0.3143518515625 0.5314814812499999 0.308796296875 0.5303703703125 0.302777778125 0.5359259265625 0.303703703125 0.56555555625 0.315740740625 0.5633333328125001 0.3171296296875 0.5355555562500001 0.3143518515625 0.5314814812499999
25 0.35972222187499997 0.5118518515625 0.3518518515625 0.5059259265625 0.3458333328125 0.5066666671875 0.3324074078125 0.5118518515625 0.3106481484375 0.5240740734375 0.3101851859375 0.5292592593750001 0.31759259218749997 0.533703703125 0.3550925921875 0.5159259265625 0.35972222187499997 0.5118518515625
28 0.45324074062499997 0.7066666671874999 0.48703703750000005 0.6900000000000001 0.48842592656250006 0.6888888890625 0.4875 0.68555555625 0.48055555625 0.680740740625 0.4773148140625 0.6811111109375 0.44259259218749997 0.69851851875 0.4384259265625 0.6996296296875 0.4370370375 0.70148148125 0.4375 0.7066666671874999 0.44259259218749997 0.709259259375 0.44629629687500005 0.7088888890625 0.45324074062499997 0.7066666671874999
28 0.44444444375 0.370740740625 0.44351851875000003 0.3566666671875 0.4379629625 0.3533333328125 0.4291666671875 0.3559259265625 0.43009259218749996 0.3866666671875 0.43194444374999996 0.389259259375 0.44259259218749997 0.38962962968750003 0.44444444375 0.370740740625
28 0.43055555625 0.7085185187499999 0.43518518593750005 0.7059259265625 0.4356481484375 0.6996296296875 0.40144259218749995 0.6848111109375 0.3953203703125 0.6822518515625 0.394552778125 0.6824674078124999 0.3916513890625 0.6817940734375 0.38975787031250003 0.6831959265624999 0.3877541671875 0.68659851875 0.383365278125 0.68838444375 0.425 0.707777778125 0.43055555625 0.7085185187499999
14 0.3708333328125 0.41814814843750003 0.38101851875000003 0.41814814843750003 0.3923513890625 0.416882221875 0.3953703703125 0.41444444375 0.3958333328125 0.3881481484375 0.3953703703125 0.3829629625 0.39305555625 0.38074074062499996 0.3643518515625 0.3788888890625 0.3523148140625 0.3803703703125 0.3495370375 0.3825925921875 0.3490740734375 0.4029629625 0.35 0.41185185156250004 0.3522666671875 0.416543703125 0.3708333328125 0.41814814843750003
11 0.48703703750000005 0.4166666671875 0.5166666671875 0.41629629687499997 0.522222221875 0.4148148140625 0.522222221875 0.3818518515625 0.5171296296875 0.3796296296875 0.48055555625 0.3811111109375 0.47592592656250005 0.389259259375 0.47592592656250005 0.41111111093749997 0.4773148140625 0.4148148140625 0.48703703750000005 0.4166666671875
11 0.4421296296875 0.6811111109375 0.4513888890625 0.6811111109375 0.4583333328125 0.6788888890625 0.459722221875 0.6503703703125 0.45648148125 0.6448148140625001 0.434722221875 0.6433333328125 0.4175925921875 0.6448148140625001 0.41342592656250005 0.6470370375 0.41342592656250005 0.6781481484375 0.415277778125 0.6803703703124999 0.4393518515625 0.6796296296875 0.4421296296875 0.6811111109375
14 0.5578703703125 0.6799999999999999 0.5745370375000001 0.682222221875 0.5856481484375 0.679259259375 0.5870370375 0.67555555625 0.5870370375 0.647777778125 0.584722221875 0.6451851859375 0.5606481484375 0.642222221875 0.54305555625 0.64444444375 0.5398148140625 0.6474074078125 0.5398148140625 0.676296296875 0.54305555625 0.6818518515624999 0.553703703125 0.682222221875 0.5578703703125 0.6799999999999999
10 0.30555555624999997 0.50555555625 0.30694444375 0.50444444375 0.3115740734375 0.50851851875 0.33148148125 0.5048148140625 0.3328703703125 0.47444444375000006 0.33055555625 0.46925925937499996 0.32824074062499997 0.4681481484375 0.315277778125 0.46925925937499996 0.291203703125 0.46851851875 0.2875 0.4703703703125 0.2865740734375 0.4733333328125 0.28611111093749997 0.49851851875 0.2888888890625 0.5029629625 0.29305555625 0.50555555625 0.30555555624999997 0.50555555625
12 0.35925925937500003 0.76851851875 0.3634259265625 0.7703703703125 0.39074074062499997 0.7688888890625 0.3953703703125 0.766296296875 0.39444444375 0.733703703125 0.391203703125 0.7322222218750001 0.3546296296875 0.7318518515625 0.3495370375 0.73444444375 0.3490740734375 0.7370370375 0.3490740734375 0.762222221875 0.3513888890625 0.7674074078124999 0.35555555625 0.7696296296875 0.35925925937500003 0.76851851875
13 0.61670601875 0.5930759265625001 0.6286462968750001 0.5937318515625 0.6398148140625 0.5929629624999999 0.64943055625 0.5925900000000001 0.65 0.5596296296875 0.6470708328125 0.55593555625 0.608796296875 0.556296296875 0.60555555625 0.5570370375 0.6041666671875 0.5599999999999999 0.603703703125 0.587777778125 0.60555555625 0.592222221875 0.6101851859375 0.5929629624999999 0.61670601875 0.5930759265625001
12 0.5666694437500001 0.5060829625000001 0.58101851875 0.5051851859375 0.5861111109375 0.5011111109375 0.5870370375 0.473703703125 0.5833333328125 0.4688888890625 0.56805555625 0.4674074078125 0.54351851875 0.46851851875 0.5398148140625 0.47259259218749994 0.5393518515625 0.4848148140625 0.5388888890625 0.4981481484375 0.54351851875 0.5051851859375 0.5590759265624999 0.5066770375 0.5666694437500001 0.5060829625000001
13 0.26805555625 0.5918518515625 0.26944444375 0.5599999999999999 0.266203703125 0.5566666671875 0.2273148140625 0.556296296875 0.2236111109375 0.557777778125 0.222222221875 0.5611111109375 0.22175925937500002 0.5851851859375 0.225 0.5918518515625 0.2648148140625 0.5933333328125 0.26805555625 0.5918518515625
15 0.6481481484375 0.41444444375 0.6490740734375 0.38333333281250004 0.646759259375 0.3803703703125 0.6125 0.38 0.6050925921875 0.383703703125 0.6041666671875 0.41111111093749997 0.60601851875 0.4148148140625 0.640277778125 0.41629629687499997 0.6481481484375 0.41444444375
15 0.33148148125 0.67851851875 0.3328703703125 0.650740740625 0.3296296296875 0.64444444375 0.3106481484375 0.64148148125 0.2893518515625 0.6451851859375 0.28611111093749997 0.6488888890625 0.2865740734375 0.67851851875 0.29907407343750003 0.6825925921875 0.328703703125 0.6799999999999999 0.33148148125 0.67851851875
16 0.7643518515625 0.5925925921874999 0.775 0.590740740625 0.7768518515625 0.580740740625 0.7763888890625 0.5603703703125 0.7745370375 0.5570370375 0.733796296875 0.556296296875 0.7300925921875 0.5599999999999999 0.7296296296875 0.5833333328125 0.7324074078125 0.592222221875 0.7585925921875 0.59299444375 0.7643518515625 0.5925925921874999
16 0.4578703703125 0.503703703125 0.4601851859375 0.4981481484375 0.459722221875 0.4770370375 0.45648148125 0.4688888890625 0.42083333281249996 0.467777778125 0.4148148140625 0.46925925937499996 0.41342592656250005 0.47148148125 0.4129629625 0.5 0.4166666671875 0.5051851859375 0.44768518593750006 0.50555555625 0.4578703703125 0.503703703125
7 0.38935185156249996 0.5929629624999999 0.3949074078125 0.5918518515625 0.396296296875 0.5718518515625 0.3958333328125 0.5599999999999999 0.39398148125 0.5570370375 0.3541666671875 0.556296296875 0.3490740734375 0.5603703703125 0.3495370375 0.587777778125 0.3523148140625 0.592222221875 0.384259259375 0.590740740625 0.38935185156249996 0.5929629624999999
7 0.7134259265625 0.5018518515625 0.7143518515625 0.476296296875 0.7134259265625 0.47148148125 0.7101851859375 0.4681481484375 0.6777777781250001 0.467777778125 0.6708333328125 0.4681481484375 0.6671296296875 0.4703703703125 0.6666666671875 0.49851851875 0.6703703703125 0.5029629625 0.7050925921875 0.50555555625 0.7134259265625 0.5018518515625
8 0.49814305625 0.5937918515625 0.5143518515625 0.5929629624999999 0.522222221875 0.5911111109375 0.5231481484375 0.5603703703125 0.5208333328125 0.5570370375 0.5106365734375 0.55647148125 0.49926851875 0.5570081484375 0.4796296296875 0.5570370375 0.4768518515625 0.5588888890625 0.4763888890625 0.5881481484375 0.478703703125 0.5918518515625 0.4879629625 0.592222221875 0.49814305625 0.5937918515625
9 0.6699074078125 0.6803703703124999 0.678703703125 0.6818518515624999 0.7129629625 0.6788888890625 0.7134259265625 0.6474074078125 0.709722221875 0.64444444375 0.6745370375 0.643703703125 0.6675925921875 0.6466666671875 0.66898148125 0.6633333328125001 0.6671296296875 0.67 0.66805555625 0.6788888890625 0.6699074078125 0.6803703703124999
9 0.5058203703124999 0.7692459265625 0.522222221875 0.7674074078124999 0.5231481484375 0.7359259265625 0.521296296875 0.733703703125 0.4828703703125 0.7325925921875001 0.4773148140625 0.7340740734375 0.4763888890625 0.7359259265625 0.47592592656250005 0.7633333328125 0.48055555625 0.7696296296875 0.48981481406249994 0.7696296296875 0.5058203703124999 0.7692459265625
19 0.328125 0.8031251859375 0.29375 0.8031251859375 0.29375 0.8453125921875 0.3265625 0.8453125921875 0.328125 0.84375 0.328125 0.8031251859375
22 0.53125 0.2515625921875 0.53125 0.29062518593750003 0.5703125 0.29062518593750003 0.5703125 0.2515625921875 0.53125 0.2515625921875
18 0.775 0.7390625921875 0.775 0.725 0.7734375 0.7234374078125 0.7734375 0.7078125921875 0.775 0.70625 0.775 0.7046874078124999 0.74375 0.7046874078124999 0.74375 0.7468751859375 0.7734375 0.7468751859375 0.7734375 0.7406251859374999 0.775 0.7390625921875
21 0.7453125 0.35 0.7453125 0.3906251859375 0.784375 0.3906251859375 0.784375 0.35 0.7453125 0.35
23 0.575 0.8 0.575 0.7984374078124999 0.540625 0.7984374078124999 0.540625 0.8406251859375 0.5734375 0.8406251859375 0.5734375 0.8015625921874999 0.575 0.8
18 0.86875 0.5375 0.86875 0.5765625921875001 0.903125 0.5765625921875001 0.903125 0.5375 0.86875 0.5375
18 0.3234375 0.2546874078125 0.284375 0.2546874078125 0.284375 0.2953125921875 0.3203125 0.2953125921875 0.3234375 0.2921874078125 0.3234375 0.2546874078125
18 0.140625 0.43593740781249996 0.140625 0.4765625921875 0.178125 0.4765625921875 0.178125 0.43593740781249996 0.140625 0.43593740781249996
20 0.175 0.625 0.1375 0.625 0.1375 0.6656251859375 0.1734375 0.6656251859375 0.175 0.6640625921875001 0.175 0.625