0 0.529687415625 0.2921875953125 0.5281251671875 0.2937503828125 0.5093748328125 0.2937503828125 0.507812584375 0.29531240468750003 0.5015622484375 0.29531240468750003 0.5 0.2968751921875 0.4984377515625 0.2968751921875 0.4968748328125 0.2984372125 0.495312584375 0.2984372125 0.49374966562499994 0.3 0.49062516718750004 0.3 0.48593775156249996 0.3046875953125 0.4843748328125 0.3046875953125 0.48281258437499996 0.3062503828125 0.47968741562500006 0.3062503828125 0.4765622484375 0.3093751921875 0.4765622484375 0.3718751921875 0.48124966562499993 0.3765627875 0.48124966562499993 0.3781248078125 0.48281258437499996 0.37968759531249996 0.48281258437499996 0.3812503828125 0.4843748328125 0.3828124046875 0.4843748328125 0.3843751921875 0.48593775156249996 0.3859372125 0.48593775156249996 0.3875 0.4875 0.3890627875 0.4875 0.40468759531250004 0.4890622484375 0.40625038281250003 0.4890622484375 0.40937519218749996 0.492187415625 0.4125 0.492187415625 0.4140627875 0.5015622484375 0.4234372125 0.5031251671875 0.4234372125 0.5046874156250001 0.425 0.506249665625 0.425 0.5093748328125 0.42812480781250006 0.5109377515625 0.42812480781250006 0.5125 0.4296875953125 0.5156251671875001 0.4296875953125 0.517187415625 0.4312503828125 0.5187496656249999 0.4312503828125 0.5203125843749999 0.4328124046875 0.5203125843749999 0.4343751921875 0.5234377515624999 0.4343751921875 0.525 0.4359372125 0.5281251671875 0.4359372125 0.531249665625 0.4390627875 0.5468748328124999 0.4390627875 0.55 0.4359372125 0.5515622484375 0.4359372125 0.554687415625 0.4328124046875 0.556249665625 0.4328124046875 0.5578125843749999 0.4312503828125 0.5593748328125 0.4312503828125 0.5609377515625 0.4296875953125 0.5640622484375 0.4296875953125 0.5656251671875 0.42812480781250006 0.5671874156250001 0.42812480781250006 0.5718748328125 0.4234372125 0.5765622484375 0.4234372125 0.5781251671875001 0.42187519218749997 0.579687415625 0.42187519218749997 0.5843748328125 0.41718759531250005 0.5906251671875 0.41718759531250005 0.5968748328125 0.41093721250000004 0.6 0.41093721250000004 0.6046874156250001 0.40625038281250003 0.6046874156250001 0.40468759531250004 0.6062496656249999 0.40312480781250004 0.6062496656249999 0.40156278749999996 0.607812584375 0.4 0.607812584375 0.3375 0.6062496656249999 0.3359372125 0.6062496656249999 0.3328124046875 0.6046874156250001 0.3312503828125 0.6046874156250001 0.3281248078125 0.6031251671875 0.3265627875 0.6015622484375001 0.3265627875 0.6 0.325 0.5968748328125 0.325 0.592187415625 0.3203124046875 0.592187415625 0.31718759531249996 0.5906251671875 0.3156248078125 0.5906251671875 0.3109372125 0.5890622484375 0.3093751921875 0.5890622484375 0.30781240468750004 0.5875 0.3062503828125 0.5875 0.3031248078125 0.5859377515624999 0.3015627875 0.5859377515624999 0.2984372125 0.5843748328125 0.2968751921875 0.5843748328125 0.29531240468750003 0.5828125843749999 0.29531240468750003 0.5812496656249999 0.2937503828125 0.5781251671875001 0.2937503828125 0.5765622484375 0.2921875953125 0.575 0.2921875953125 0.5718748328125 0.2890627875 0.5671874156250001 0.2890627875 0.5656251671875 0.2875 0.55 0.2875 0.545312584375 0.2828124046875 0.545312584375 0.2796875953125 0.5390622484375001 0.2796875953125 0.5343748328125 0.2843751921875 0.5343748328125 0.2890627875 0.531249665625 0.2921875953125 0.529687415625 0.2921875953125
36 0.445312584375 0.4312503828125 0.44374966562499996 0.4328124046875 0.4406251671875 0.4328124046875 0.4390622484375 0.4343751921875 0.4375 0.4343751921875 0.4359377515625 0.4359372125 0.4343748328125 0.4359372125 0.432812584375 0.4375 0.42812516718750004 0.4375 0.4265622484375 0.4390627875 0.425 0.4390627875 0.42031258437499996 0.4437503828125 0.41718741562500006 0.4437503828125 0.41562516718750003 0.4453124046875 0.4140622484375 0.4453124046875 0.4093748328125 0.45 0.40781258437499995 0.45 0.406250334375 0.4515627875 0.40468741562500005 0.4515627875 0.4015622484375 0.4546875953125 0.4 0.4546875953125 0.39687483281249997 0.45781240468749995 0.395312584375 0.45781240468749995 0.395312584375 0.5515627875 0.3984377515625 0.5546875953125 0.4 0.5546875953125 0.4015622484375 0.5562503828125 0.4031251671875 0.5562503828125 0.40781258437499995 0.5609372125000001 0.4125 0.5609372125000001 0.4140622484375 0.5625 0.41562516718750003 0.5625 0.42031258437499996 0.5671875953125001 0.42343775156249996 0.5671875953125001 0.4265622484375 0.5703124046875 0.42812516718750004 0.5703124046875 0.43124966562499994 0.5734372125 0.4343748328125 0.5734372125 0.4406251671875 0.5796875953125 0.44374966562499996 0.5796875953125 0.445312584375 0.5812503828125 0.44687483281249996 0.5812503828125 0.45156224843750004 0.5859372125 0.45781258437499994 0.5859372125 0.45937483281249997 0.5875 0.4718748328125 0.5875 0.4734377515625 0.5859372125 0.4765622484375 0.5859372125 0.48124966562499993 0.5812503828125 0.48281258437499996 0.5812503828125 0.4843748328125 0.5796875953125 0.4890622484375 0.5796875953125 0.495312584375 0.5734372125 0.4984377515625 0.5734372125 0.5015622484375 0.5703124046875 0.5031251671875 0.5703124046875 0.506249665625 0.5671875953125001 0.507812584375 0.5671875953125001 0.5093748328125 0.5656248078125 0.5109377515625 0.5656248078125 0.5109377515625 0.5625 0.5156251671875001 0.5578124046874999 0.5156251671875001 0.5562503828125 0.517187415625 0.5546875953125 0.517187415625 0.5359372125 0.5187496656249999 0.5343751921875 0.5187496656249999 0.5328124046875 0.5218748328125 0.5296875953125 0.5218748328125 0.5281248078125 0.5234377515624999 0.5265627875 0.5234377515624999 0.5234372125 0.5281251671875 0.5187503828125 0.5281251671875 0.5171875953125 0.529687415625 0.5156248078125001 0.529687415625 0.45937519218749995 0.5203125843749999 0.45 0.517187415625 0.45 0.5156251671875001 0.4484372125 0.5140622484375 0.4484372125 0.5109377515625 0.4453124046875 0.5093748328125 0.4453124046875 0.507812584375 0.4437503828125 0.5046874156250001 0.4437503828125 0.5031251671875 0.4421875953125 0.5015622484375 0.4421875953125 0.4984377515625 0.4390627875 0.4968748328125 0.4390627875 0.495312584375 0.4375 0.49374966562499994 0.4375 0.492187415625 0.4359372125 0.49062516718750004 0.4359372125 0.4875 0.4328124046875 0.4843748328125 0.4328124046875 0.48281258437499996 0.4312503828125 0.48124966562499993 0.4312503828125 0.47812516718750003 0.42812480781250006 0.45156224843750004 0.42812480781250006 0.45 0.4296875953125 0.4484377515625 0.4296875953125 0.44687483281249996 0.4312503828125 0.445312584375 0.4312503828125
0 0.282812584375 0.4359372125 0.281249665625 0.4375 0.279687415625 0.4375 0.2781251671875 0.4390627875 0.2765622484375 0.4390627875 0.27187483281249997 0.4437503828125 0.270312584375 0.4437503828125 0.268749665625 0.4453124046875 0.268749665625 0.44687519218749994 0.267187415625 0.4484372125 0.267187415625 0.45 0.26406224843750004 0.45312480781250003 0.26406224843750004 0.4562503828125 0.2625 0.45781240468749995 0.2625 0.46562480781250004 0.25937483281249996 0.46875038281250003 0.257812584375 0.46875038281250003 0.256249665625 0.47031240468749996 0.256249665625 0.47187519218749996 0.25468741562499997 0.47343721250000004 0.25468741562499997 0.475 0.2531251671875 0.4765627875 0.2531251671875 0.5546875953125 0.25468741562499997 0.5546875953125 0.256249665625 0.5562503828125 0.257812584375 0.5562503828125 0.2609377515625 0.5593751921875 0.2625 0.5593751921875 0.26406224843750004 0.5609372125000001 0.267187415625 0.5609372125000001 0.268749665625 0.5625 0.27187483281249997 0.5625 0.2765622484375 0.5671875953125001 0.2859377515625 0.5671875953125001 0.2875 0.5687503828125 0.295312584375 0.5687503828125 0.2968748328125 0.5671875953125001 0.30312516718750004 0.5671875953125001 0.304687415625 0.5656248078125 0.306249665625 0.5656248078125 0.30781258437500003 0.5640627874999999 0.3093748328125 0.5640627874999999 0.3109377515625 0.5625 0.3125 0.5625 0.3140622484375 0.5609372125000001 0.3156251671875 0.5625 0.31718741562499997 0.5625 0.320312584375 0.5656248078125 0.3234377515625 0.5656248078125 0.325 0.5671875953125001 0.345312584375 0.5671875953125001 0.3468748328125 0.5656248078125 0.3484377515625 0.5656248078125 0.3515622484375 0.5625 0.354687415625 0.5625 0.356249665625 0.5609372125000001 0.36093775156249996 0.5609372125000001 0.3625 0.5593751921875 0.3640622484375 0.5593751921875 0.367187415625 0.5562503828125 0.368749665625 0.5562503828125 0.37031258437500003 0.5546875953125 0.3718748328125 0.5546875953125 0.381249665625 0.5453124046875 0.381249665625 0.5437503828125 0.382812584375 0.5421875953125 0.382812584375 0.46406278749999996 0.381249665625 0.4625 0.381249665625 0.4609372125 0.37968741562499997 0.45937519218749995 0.37968741562499997 0.45781240468749995 0.3781251671875 0.4562503828125 0.3765622484375 0.4562503828125 0.37031258437500003 0.45 0.367187415625 0.45 0.36562516718750004 0.4484372125 0.3640622484375 0.4484372125 0.36093775156249996 0.4453124046875 0.3593748328125 0.4453124046875 0.357812584375 0.4437503828125 0.354687415625 0.4437503828125 0.35312516718750003 0.4421875953125 0.3515622484375 0.4421875953125 0.35 0.4406248078125 0.3484377515625 0.4406248078125 0.3468748328125 0.4390627875 0.342187415625 0.4390627875 0.3406251671875 0.4375 0.3375 0.4375 0.3359377515625 0.4359372125 0.33437483281249997 0.4359372125 0.332812584375 0.4343751921875 0.331249665625 0.4343751921875 0.329687415625 0.4328124046875 0.3281251671875 0.4328124046875 0.325 0.4296875953125 0.325 0.42812480781250006 0.32187483281249996 0.425 0.2968748328125 0.425 0.29062516718750003 0.4312503828125 0.2890622484375 0.4312503828125 0.2843748328125 0.4359372125 0.282812584375 0.4359372125
35 0.5875 0.725 0.5875 0.7265627875 0.5843748328125 0.7296875953125 0.5828125843749999 0.7296875953125 0.5812496656249999 0.7312503828125 0.579687415625 0.7312503828125 0.5781251671875001 0.7328124046875 0.5765622484375 0.7328124046875 0.5718748328125 0.7375 0.570312584375 0.7375 0.5656251671875 0.7421875953125 0.5640622484375 0.7421875953125 0.5625 0.7437503828125 0.5593748328125 0.7437503828125 0.5531251671875 0.75 0.5515622484375 0.75 0.55 0.7515627874999999 0.55 0.7531248078125 0.5468748328124999 0.7562503828125 0.545312584375 0.7562503828125 0.5437496656249999 0.7578124046875 0.5437496656249999 0.8453124046875 0.5531251671875 0.8546875953124999 0.5578125843749999 0.8546875953124999 0.5640622484375 0.8609372125 0.5656251671875 0.8609372125 0.5718748328125 0.8671875953124999 0.5765622484375 0.8671875953124999 0.5828125843749999 0.8734372125000001 0.5843748328125 0.8734372125000001 0.5906251671875 0.8796875953125 0.595312584375 0.8796875953125 0.6015622484375001 0.8859372125 0.6031251671875 0.8859372125 0.607812584375 0.8906248078125 0.6203125843749999 0.8906248078125 0.625 0.8859372125 0.6265622484375 0.8859372125 0.632812584375 0.8796875953125 0.6359377515625 0.8796875953125 0.6375 0.8781248078124999 0.6406251671875001 0.8781248078124999 0.6406251671875001 0.8765627874999999 0.6437496656249999 0.8734372125000001 0.6453125843749999 0.8734372125000001 0.6515622484375 0.8671875953124999 0.654687415625 0.8671875953124999 0.657812584375 0.8640627875 0.6593748328125 0.8640627875 0.6625 0.8609372125 0.6656251671875 0.8609372125 0.6718748328124999 0.8546875953124999 0.6765622484375 0.8546875953124999 0.6843748328125 0.8468751921875001 0.6843748328125 0.7593751921874999 0.679687415625 0.7546875953125001 0.679687415625 0.7531248078125 0.6765622484375 0.75 0.6718748328124999 0.75 0.6656251671875 0.7437503828125 0.6640622484375001 0.7437503828125 0.6593748328125 0.7390627875 0.657812584375 0.7390627875 0.656249665625 0.7375 0.6515622484375 0.7375 0.6468748328125 0.7328124046875 0.6453125843749999 0.7328124046875 0.6437496656249999 0.7312503828125 0.642187415625 0.7312503828125 0.6375 0.7265627875 0.6359377515625 0.7265627875 0.6343748328125 0.725 0.632812584375 0.725 0.631249665625 0.7234372125 0.6296874156250001 0.7234372125 0.6265622484375 0.7203124046875 0.595312584375 0.7203124046875 0.592187415625 0.7234372125 0.5906251671875 0.7234372125 0.5890622484375 0.725 0.5875 0.725
17 0.5125 0.5796875953125 0.5109377515625 0.5812503828125 0.507812584375 0.5812503828125 0.506249665625 0.5828124046875 0.5046874156250001 0.5828124046875 0.5031251671875 0.5843751921875 0.5015622484375 0.5843751921875 0.4984377515625 0.5875 0.4968748328125 0.5875 0.495312584375 0.5890627875 0.49374966562499994 0.5890627875 0.4890622484375 0.5937503828125 0.48593775156249996 0.5937503828125 0.48124966562499993 0.5984372125 0.47968741562500006 0.5984372125 0.4765622484375 0.6015627875 0.475 0.6015627875 0.475 0.6031248078125 0.4718748328125 0.6062503828125 0.4718748328125 0.7 0.4765622484375 0.7046875953125 0.47812516718750003 0.7046875953125 0.48124966562499993 0.7078124046875 0.48124966562499993 0.7093751921875 0.48281258437499996 0.7093751921875 0.4843748328125 0.7109372125 0.49062516718750004 0.7109372125 0.4968748328125 0.7171875953125 0.5046874156250001 0.7171875953125 0.506249665625 0.7187503828125 0.5109377515625 0.7187503828125 0.5125 0.7203124046875 0.5140622484375 0.7203124046875 0.5156251671875001 0.7218751921875 0.5187496656249999 0.7218751921875 0.5234377515624999 0.7265627875 0.525 0.7265627875 0.5265622484375 0.7281248078125 0.529687415625 0.7281248078125 0.532812584375 0.7312503828125 0.5343748328125 0.7312503828125 0.5359377515625 0.7328124046875 0.5375 0.7328124046875 0.5390622484375001 0.7343751921874999 0.5406251671875 0.7343751921874999 0.5421874156250001 0.7328124046875 0.545312584375 0.7328124046875 0.5484377515625 0.7296875953125 0.55 0.7296875953125 0.5515622484375 0.7281248078125 0.5531251671875 0.7281248078125 0.554687415625 0.7265627875 0.556249665625 0.7265627875 0.5578125843749999 0.725 0.5609377515625 0.725 0.5625 0.7234372125 0.5718748328125 0.7234372125 0.5734377515625 0.7218751921875 0.575 0.7218751921875 0.5765622484375 0.7203124046875 0.5781251671875001 0.7203124046875 0.579687415625 0.7187503828125 0.5812496656249999 0.7187503828125 0.5828125843749999 0.7171875953125 0.5859377515624999 0.7171875953125 0.5906251671875 0.7125 0.5906251671875 0.7109372125 0.592187415625 0.7093751921875 0.592187415625 0.6890627874999999 0.593749665625 0.6875 0.593749665625 0.6843751921875 0.5968748328125 0.6812503828125 0.5968748328125 0.6796875953125 0.5984377515625 0.6781248078125001 0.5984377515625 0.6734372125 0.6 0.6718751921874999 0.6 0.6703124046875 0.6015622484375001 0.6687503828125 0.6031251671875 0.6687503828125 0.6031251671875 0.6671875953125 0.6046874156250001 0.6656248078125 0.6046874156250001 0.65 0.6062496656249999 0.6484372125 0.6062496656249999 0.6218751921875 0.6046874156250001 0.6203124046874999 0.6046874156250001 0.6062503828125 0.6031251671875 0.6046875953125 0.6031251671875 0.6031248078125 0.6015622484375001 0.6015627875 0.6 0.6015627875 0.5968748328125 0.5984372125 0.595312584375 0.5984372125 0.5906251671875 0.5937503828125 0.5890622484375 0.5937503828125 0.5875 0.5921875953125 0.5859377515624999 0.5921875953125 0.5828125843749999 0.5890627875 0.5812496656249999 0.5890627875 0.579687415625 0.5875 0.5765622484375 0.5875 0.5718748328125 0.5828124046875 0.570312584375 0.5828124046875 0.568749665625 0.5812503828125 0.5671874156250001 0.5812503828125 0.5625 0.5765627875 0.5609377515625 0.5765627875 0.5593748328125 0.575 0.5203125843749999 0.575 0.5187496656249999 0.5765627875 0.517187415625 0.5765627875 0.5140622484375 0.5796875953125 0.5125 0.5796875953125
0 0.3640622484375 0.2828124046875 0.3593748328125 0.2875 0.354687415625 0.2875 0.35312516718750003 0.2890627875 0.3515622484375 0.2890627875 0.3484377515625 0.2921875953125 0.3468748328125 0.2921875953125 0.3390622484375 0.3 0.3390622484375 0.3015627875 0.3375 0.3031248078125 0.3375 0.3156248078125 0.3281251671875 0.325 0.32656224843750004 0.325 0.325 0.3265627875 0.325 0.3281248078125 0.3234377515625 0.32968759531249997 0.3234377515625 0.3343751921875 0.32187483281249996 0.3359372125 0.32187483281249996 0.40312480781250004 0.325 0.40625038281250003 0.325 0.40781240468749996 0.3281251671875 0.41093721250000004 0.331249665625 0.41093721250000004 0.332812584375 0.4125 0.33437483281249997 0.4125 0.3390622484375 0.41718759531250005 0.342187415625 0.41718759531250005 0.3468748328125 0.42187519218749997 0.3484377515625 0.42187519218749997 0.35 0.4234372125 0.35312516718750003 0.4234372125 0.354687415625 0.425 0.356249665625 0.425 0.3593748328125 0.42812480781250006 0.36093775156249996 0.42812480781250006 0.3625 0.4296875953125 0.36562516718750004 0.4296875953125 0.37031258437500003 0.4343751921875 0.3718748328125 0.4343751921875 0.3734377515625 0.4359372125 0.3765622484375 0.4359372125 0.3781251671875 0.4375 0.37968741562499997 0.4375 0.382812584375 0.4406248078125 0.3984377515625 0.4406248078125 0.4031251671875 0.4359372125 0.40468741562500005 0.4359372125 0.406250334375 0.4343751921875 0.40781258437499995 0.4343751921875 0.4109377515625 0.4312503828125 0.4125 0.4312503828125 0.4140622484375 0.4296875953125 0.41874966562499993 0.4296875953125 0.42031258437499996 0.42812480781250006 0.4218748328125 0.42812480781250006 0.4265622484375 0.4234372125 0.429687415625 0.4234372125 0.4375 0.41562480781250005 0.4375 0.4140627875 0.4406251671875 0.41093721250000004 0.4406251671875 0.40781240468749996 0.442187415625 0.40625038281250003 0.442187415625 0.3890627875 0.44374966562499996 0.3875 0.44374966562499996 0.3843751921875 0.44687483281249996 0.3812503828125 0.44687483281249996 0.37968759531249996 0.4484377515625 0.3781248078125 0.4484377515625 0.3765627875 0.4531251671875 0.3718751921875 0.4531251671875 0.37031240468750004 0.45468741562500004 0.3687503828125 0.45468741562500004 0.3109372125 0.4531251671875 0.3093751921875 0.4531251671875 0.30781240468750004 0.45156224843750004 0.30781240468750004 0.45 0.3062503828125 0.4484377515625 0.3062503828125 0.445312584375 0.3031248078125 0.44374966562499996 0.3031248078125 0.442187415625 0.3015627875 0.4406251671875 0.3015627875 0.4390622484375 0.3 0.4359377515625 0.3 0.4343748328125 0.2984372125 0.429687415625 0.2984372125 0.42812516718750004 0.2968751921875 0.425 0.2968751921875 0.42343775156249996 0.29531240468750003 0.42031258437499996 0.29531240468750003 0.41874966562499993 0.2937503828125 0.4093748328125 0.2937503828125 0.40781258437499995 0.2921875953125 0.4015622484375 0.2921875953125 0.4 0.2906248078125 0.4 0.2828124046875 0.3984377515625 0.28125038281250003 0.3984377515625 0.2796875953125 0.39687483281249997 0.2781248078125 0.39687483281249997 0.27656278749999996 0.3781251671875 0.27656278749999996 0.3734377515625 0.28125038281250003 0.37031258437500003 0.28125038281250003 0.368749665625 0.2828124046875 0.3640622484375 0.2828124046875
36 0.281249665625 0.1375 0.2765622484375 0.1421875953125 0.275 0.1421875953125 0.2734377515625 0.14375038281250002 0.27187483281249997 0.14375038281250002 0.2656251671875 0.15 0.26406224843750004 0.15 0.2625 0.15156278750000002 0.2609377515625 0.15156278750000002 0.25468741562499997 0.1578124046875 0.2531251671875 0.1578124046875 0.2515622484375 0.15937519218750001 0.2515622484375 0.16093721249999998 0.24843775156249998 0.1640627875 0.24843775156249998 0.2515627875 0.25 0.2531248078125 0.25 0.25468759531249996 0.2515622484375 0.2562503828125 0.2515622484375 0.2578124046875 0.2531251671875 0.2593751921875 0.25468741562499997 0.2593751921875 0.256249665625 0.2609372125 0.25937483281249996 0.2609372125 0.2656251671875 0.26718759531249997 0.27187483281249997 0.26718759531249997 0.2781251671875 0.2734372125 0.2859377515625 0.2734372125 0.2875 0.275 0.292187415625 0.275 0.293749665625 0.2734372125 0.3 0.2734372125 0.3015622484375 0.2718751921875 0.30312516718750004 0.2718751921875 0.30781258437500003 0.26718759531249997 0.31718741562499997 0.26718759531249997 0.318749665625 0.2687503828125 0.320312584375 0.2687503828125 0.3234377515625 0.2718751921875 0.325 0.2718751921875 0.32656224843750004 0.2734372125 0.343750334375 0.2734372125 0.345312584375 0.2718751921875 0.3468748328125 0.2718751921875 0.3515622484375 0.26718759531249997 0.357812584375 0.26718759531249997 0.3640622484375 0.2609372125 0.367187415625 0.2609372125 0.368749665625 0.2593751921875 0.37031258437500003 0.2593751921875 0.375 0.25468759531249996 0.3765622484375 0.25468759531249996 0.3781251671875 0.2531248078125 0.37968741562499997 0.2531248078125 0.37968741562499997 0.25 0.381249665625 0.2484372125 0.381249665625 0.2437503828125 0.382812584375 0.24218759531249998 0.382812584375 0.2375 0.38437483281249996 0.23593721250000002 0.38437483281249996 0.1656248078125 0.37968741562499997 0.16093721249999998 0.37968741562499997 0.15937519218750001 0.3765622484375 0.1562503828125 0.3734377515625 0.1562503828125 0.3718748328125 0.1546875953125 0.37031258437500003 0.1546875953125 0.368749665625 0.15312480781249999 0.368749665625 0.15156278750000002 0.367187415625 0.15156278750000002 0.36562516718750004 0.15 0.3640622484375 0.15 0.3593748328125 0.1453124046875 0.357812584375 0.1453124046875 0.356249665625 0.14375038281250002 0.35312516718750003 0.14375038281250002 0.3468748328125 0.1375 0.343750334375 0.1375 0.3390622484375 0.1328124046875 0.3375 0.1328124046875 0.3359377515625 0.1312503828125 0.33437483281249997 0.1312503828125 0.332812584375 0.12968759531250001 0.331249665625 0.12968759531250001 0.329687415625 0.1281248078125 0.329687415625 0.1265627875 0.3281251671875 0.1265627875 0.325 0.12343721249999999 0.3234377515625 0.12343721249999999 0.32187483281249996 0.12187519218750001 0.3015622484375 0.12187519218750001 0.292187415625 0.1312503828125 0.29062516718750003 0.1312503828125 0.2843748328125 0.1375 0.281249665625 0.1375
6 0.368749665625 0.5765627875 0.36562516718750004 0.5796875953125 0.3640622484375 0.5796875953125 0.3625 0.5812503828125 0.3593748328125 0.5812503828125 0.35312516718750003 0.5875 0.3468748328125 0.5875 0.345312584375 0.5890627875 0.343750334375 0.5890627875 0.343750334375 0.5906248078125 0.342187415625 0.5921875953125 0.342187415625 0.5937503828125 0.3406251671875 0.5953124046875 0.3406251671875 0.6078124046875 0.342187415625 0.6093751921874999 0.343750334375 0.6093751921874999 0.345312584375 0.6109372125 0.3468748328125 0.6109372125 0.356249665625 0.6203124046874999 0.356249665625 0.6265627874999999 0.3625 0.6328124046875 0.3625 0.6343751921874999 0.368749665625 0.6406248078125001 0.368749665625 0.6453124046875 0.3640622484375 0.65 0.3625 0.65 0.36093775156249996 0.6515627875 0.3593748328125 0.6515627875 0.357812584375 0.6531248078125 0.357812584375 0.6546875953125 0.356249665625 0.6562503828125 0.356249665625 0.6578124046875 0.3515622484375 0.6625 0.35 0.6625 0.3484377515625 0.6640627875 0.3406251671875 0.6640627875 0.3390622484375 0.6625 0.33437483281249997 0.6625 0.332812584375 0.6609372125 0.329687415625 0.6609372125 0.3281251671875 0.6593751921875 0.32656224843750004 0.6609372125 0.325 0.6609372125 0.325 0.7031248078125001 0.32656224843750004 0.7046875953125 0.329687415625 0.7046875953125 0.33437483281249997 0.7093751921875 0.3359377515625 0.7093751921875 0.3375 0.7109372125 0.3406251671875 0.7109372125 0.3468748328125 0.7171875953125 0.3515622484375 0.7171875953125 0.35312516718750003 0.7187503828125 0.354687415625 0.7187503828125 0.3593748328125 0.7234372125 0.36093775156249996 0.7234372125 0.36562516718750004 0.7281248078125 0.37031258437500003 0.7281248078125 0.3718748328125 0.7296875953125 0.3734377515625 0.7296875953125 0.375 0.7312503828125 0.3765622484375 0.7312503828125 0.382812584375 0.7375 0.38437483281249996 0.7375 0.3859377515625 0.7390627875 0.38906224843750004 0.7390627875 0.3906251671875 0.7406248078125001 0.392187415625 0.7390627875 0.395312584375 0.7390627875 0.3984377515625 0.7359372125 0.4 0.7359372125 0.4015622484375 0.7343751921874999 0.4031251671875 0.7343751921874999 0.40781258437499995 0.7296875953125 0.4109377515625 0.7296875953125 0.4125 0.7281248078125 0.41562516718750003 0.7281248078125 0.41562516718750003 0.7265627875 0.41718741562500006 0.725 0.41874966562499993 0.725 0.42031258437499996 0.7234372125 0.4218748328125 0.7234372125 0.4265622484375 0.7187503828125 0.42812516718750004 0.7187503828125 0.429687415625 0.7171875953125 0.432812584375 0.7171875953125 0.4343748328125 0.7156248078125 0.4359377515625 0.7156248078125 0.4359377515625 0.7140627875 0.4375 0.7125 0.4390622484375 0.7125 0.4406251671875 0.7109372125 0.44374966562499996 0.7109372125 0.445312584375 0.7093751921875 0.44687483281249996 0.7093751921875 0.45156224843750004 0.7046875953125 0.4531251671875 0.7046875953125 0.45468741562500004 0.7031248078125001 0.45468741562500004 0.7015627875 0.45937483281249997 0.6968751921874999 0.45937483281249997 0.6140627875 0.45781258437499994 0.6125 0.45781258437499994 0.6109372125 0.45624966562499997 0.6093751921874999 0.45624966562499997 0.6078124046875 0.45468741562500004 0.6062503828125 0.45468741562500004 0.6046875953125 0.4531251671875 0.6031248078125 0.4531251671875 0.6015627875 0.45156224843750004 0.6015627875 0.45 0.6 0.44687483281249996 0.6 0.4406251671875 0.5937503828125 0.4375 0.5937503828125 0.4343748328125 0.5906248078125 0.432812584375 0.5906248078125 0.43124966562499994 0.5890627875 0.429687415625 0.5890627875 0.42812516718750004 0.5875 0.4265622484375 0.5875 0.4218748328125 0.5828124046875 0.42031258437499996 0.5828124046875 0.41874966562499993 0.5812503828125 0.41562516718750003 0.5812503828125 0.4109377515625 0.5765627875 0.4093748328125 0.5765627875 0.40781258437499995 0.575 0.406250334375 0.575 0.4015622484375 0.5703124046875 0.381249665625 0.5703124046875 0.3765622484375 0.575 0.3718748328125 0.575 0.37031258437500003 0.5765627875 0.368749665625 0.5765627875
37 0.7406251671875 0.4265627875 0.7359377515625 0.4312503828125 0.732812584375 0.4312503828125 0.7265622484375001 0.4375 0.7234377515625 0.4375 0.7218748328125 0.4390627875 0.720312584375 0.4390627875 0.7156251671875 0.4437503828125 0.7140622484375 0.4437503828125 0.7125 0.4453124046875 0.7125 0.44687519218749994 0.7109377515624999 0.4484372125 0.7093748328125 0.4484372125 0.7078125843749999 0.45 0.7062496656249999 0.45 0.7031251671875001 0.45312480781250003 0.7015622484375 0.45312480781250003 0.7015622484375 0.4546875953125 0.7 0.4562503828125 0.7 0.45781240468749995 0.6984377515625 0.45937519218749995 0.6984377515625 0.5187503828125 0.7 0.5203124046875 0.7 0.5218751921875 0.704687415625 0.5265627875 0.704687415625 0.5281248078125 0.7062496656249999 0.5296875953125 0.7062496656249999 0.5359372125 0.7078125843749999 0.5375 0.7078125843749999 0.5406248078125 0.7093748328125 0.5421875953125 0.7093748328125 0.5437503828125 0.7109377515624999 0.5453124046875 0.7109377515624999 0.5484372125 0.7125 0.55 0.7125 0.5625 0.7140622484375 0.5640627874999999 0.7140622484375 0.5656248078125 0.7156251671875 0.5671875953125001 0.717187415625 0.5671875953125001 0.718750334375 0.5687503828125 0.720312584375 0.5687503828125 0.725 0.5734372125 0.7281251671875 0.5734372125 0.7343748328124999 0.5796875953125 0.7390622484375 0.5796875953125 0.7406251671875 0.5812503828125 0.742187415625 0.5812503828125 0.743749665625 0.5828124046875 0.743749665625 0.5843751921875 0.7453125843749999 0.5859372125 0.75 0.5859372125 0.7515622484375 0.5875 0.7531251671875 0.5875 0.756249665625 0.5906248078125 0.757812584375 0.5906248078125 0.7593748328125 0.5921875953125 0.7734377515624999 0.5921875953125 0.775 0.5906248078125 0.7765622484375 0.5906248078125 0.779687415625 0.5875 0.781250334375 0.5875 0.782812584375 0.5859372125 0.7843748328125 0.5859372125 0.7906251671875 0.5796875953125 0.7937496656249999 0.5796875953125 0.795312584375 0.5781248078125001 0.7968748328124999 0.5781248078125001 0.7968748328124999 0.5765627875 0.7984377515625 0.575 0.8 0.575 0.8015622484374999 0.5734372125 0.8031251671874999 0.5734372125 0.8078125843749999 0.5687503828125 0.8093748328125001 0.5687503828125 0.8109377515625 0.5671875953125001 0.8156251671874999 0.5671875953125001 0.8171874156250001 0.5656248078125 0.8171874156250001 0.5640627874999999 0.820312584375 0.5609372125000001 0.8234377515625001 0.5609372125000001 0.8343748328125 0.55 0.8343748328125 0.45781240468749995 0.8265622484374999 0.45 0.8234377515625001 0.45 0.8218748328125001 0.4484372125 0.820312584375 0.4484372125 0.8156251671874999 0.4437503828125 0.8140622484375 0.4437503828125 0.8125 0.4421875953125 0.8109377515625 0.4421875953125 0.8093748328125001 0.4406248078125 0.8093748328125001 0.4390627875 0.8078125843749999 0.4390627875 0.806249665625 0.4375 0.8015622484374999 0.4375 0.795312584375 0.4312503828125 0.7906251671875 0.4312503828125 0.7859377515625 0.4265627875 0.7843748328125 0.4265627875 0.782812584375 0.425 0.781250334375 0.425 0.7765622484375 0.4203124046875 0.775 0.4203124046875 0.7734377515624999 0.4187503828125 0.7515622484375 0.4187503828125 0.7453125843749999 0.425 0.743749665625 0.425 0.742187415625 0.4265627875 0.7406251671875 0.4265627875
17 0.44374966562499996 0.7218751921875 0.4406251671875 0.725 0.4390622484375 0.725 0.4375 0.7265627875 0.4359377515625 0.7265627875 0.43124966562499994 0.7312503828125 0.42812516718750004 0.7312503828125 0.4218748328125 0.7375 0.42031258437499996 0.7375 0.4140622484375 0.7437503828125 0.4109377515625 0.7437503828125 0.4093748328125 0.7453124046874999 0.40781258437499995 0.7453124046874999 0.4015622484375 0.7515627874999999 0.4 0.7515627874999999 0.4 0.7531248078125 0.39687483281249997 0.7562503828125 0.39687483281249997 0.8484372125 0.4031251671875 0.8546875953124999 0.4093748328125 0.8546875953124999 0.4125 0.8578124046875001 0.4125 0.8593751921875 0.4140622484375 0.8609372125 0.41718741562500006 0.8609372125 0.4218748328125 0.8656248078125 0.42343775156249996 0.8656248078125 0.425 0.8671875953124999 0.42812516718750004 0.8671875953124999 0.43124966562499994 0.8703124046875 0.43124966562499994 0.8718751921875001 0.432812584375 0.8718751921875001 0.4343748328125 0.8734372125000001 0.4359377515625 0.8734372125000001 0.4406251671875 0.8781248078124999 0.442187415625 0.8781248078124999 0.44374966562499996 0.8796875953125 0.44687483281249996 0.8796875953125 0.4531251671875 0.8859372125 0.45468741562500004 0.8859372125 0.45781258437499994 0.8890627875 0.468750334375 0.8890627875 0.47031258437499995 0.8875 0.4718748328125 0.8875 0.475 0.8843751921875 0.4765622484375 0.8843751921875 0.48281258437499996 0.8781248078124999 0.4890622484375 0.8781248078124999 0.49374966562499994 0.8734372125000001 0.495312584375 0.8734372125000001 0.5015622484375 0.8671875953124999 0.506249665625 0.8671875953124999 0.507812584375 0.8656248078125 0.5093748328125 0.8656248078125 0.5140622484375 0.8609372125 0.5156251671875001 0.8609372125 0.517187415625 0.8593751921875 0.5187496656249999 0.8593751921875 0.5187496656249999 0.8578124046875001 0.5203125843749999 0.8562503828124999 0.5218748328125 0.8562503828124999 0.5234377515624999 0.8546875953124999 0.5281251671875 0.8546875953124999 0.529687415625 0.8531248078125 0.529687415625 0.8515627875 0.532812584375 0.8484372125 0.5343748328125 0.8484372125 0.5359377515625 0.8468751921875001 0.5359377515625 0.7593751921874999 0.529687415625 0.7531248078125 0.529687415625 0.7515627874999999 0.5281251671875 0.75 0.525 0.75 0.5203125843749999 0.7453124046874999 0.5187496656249999 0.7453124046874999 0.517187415625 0.7437503828125 0.5140622484375 0.7437503828125 0.5109377515625 0.7406248078125001 0.5109377515625 0.7390627875 0.5093748328125 0.7375 0.506249665625 0.7375 0.5015622484375 0.7328124046875 0.5 0.7328124046875 0.4984377515625 0.7312503828125 0.495312584375 0.7312503828125 0.492187415625 0.7281248078125 0.492187415625 0.7265627875 0.49062516718750004 0.7265627875 0.4890622484375 0.725 0.4875 0.725 0.48593775156249996 0.7234372125 0.4843748328125 0.7234372125 0.47968741562500006 0.7187503828125 0.47812516718750003 0.7187503828125 0.4734377515625 0.7140627875 0.45156224843750004 0.7140627875 0.44687483281249996 0.7187503828125 0.445312584375 0.7187503828125 0.44374966562499996 0.7203124046875 0.44374966562499996 0.7218751921875
17 0.6734377515625 0.5781248078125001 0.6718748328124999 0.5796875953125 0.6687496656249999 0.5796875953125 0.6671874156250001 0.5812503828125 0.6625 0.5812503828125 0.6609377515625 0.5828124046875 0.657812584375 0.5828124046875 0.6531251671875 0.5875 0.6515622484375 0.5875 0.65 0.5890627875 0.6484377515624999 0.5890627875 0.6468748328125 0.5906248078125 0.6453125843749999 0.5906248078125 0.642187415625 0.5937503828125 0.6406251671875001 0.5937503828125 0.6390622484375 0.5953124046875 0.6375 0.5953124046875 0.632812584375 0.6 0.631249665625 0.6 0.6265622484375 0.6046875953125 0.6265622484375 0.6687503828125 0.6296874156250001 0.6718751921874999 0.6296874156250001 0.6734372125 0.631249665625 0.675 0.631249665625 0.6781248078125001 0.632812584375 0.6796875953125 0.632812584375 0.6828124046874999 0.6343748328125 0.6843751921875 0.6343748328125 0.6875 0.6359377515625 0.6890627874999999 0.6359377515625 0.6953124046875 0.6375 0.6968751921874999 0.6375 0.7093751921875 0.6453125843749999 0.7171875953125 0.6468748328125 0.7171875953125 0.6484377515624999 0.7187503828125 0.65 0.7187503828125 0.6531251671875 0.7218751921875 0.654687415625 0.7218751921875 0.656249665625 0.7234372125 0.6609377515625 0.7234372125 0.6656251671875 0.7281248078125 0.675 0.7281248078125 0.6765622484375 0.7296875953125 0.6781251671875 0.7296875953125 0.681249665625 0.7328124046875 0.681249665625 0.7343751921874999 0.6828125843749999 0.7343751921874999 0.6843748328125 0.7359372125 0.6859377515625 0.7359372125 0.6875 0.7375 0.6968748328125 0.7375 0.7 0.7343751921874999 0.7015622484375 0.7343751921874999 0.704687415625 0.7312503828125 0.7062496656249999 0.7312503828125 0.7078125843749999 0.7296875953125 0.7109377515624999 0.7296875953125 0.7125 0.7281248078125 0.7156251671875 0.7281248078125 0.7156251671875 0.7265627875 0.717187415625 0.725 0.718750334375 0.725 0.720312584375 0.7234372125 0.7218748328125 0.7234372125 0.7234377515625 0.7218751921875 0.725 0.7218751921875 0.7281251671875 0.7187503828125 0.7296874156250001 0.7187503828125 0.7312496656249999 0.7171875953125 0.7343748328124999 0.7171875953125 0.7406251671875 0.7109372125 0.7453125843749999 0.7109372125 0.7515622484375 0.7046875953125 0.7531251671875 0.7046875953125 0.756249665625 0.7015627875 0.756249665625 0.7 0.7593748328125 0.6968751921874999 0.7593748328125 0.6093751921874999 0.7546874156250001 0.6046875953125 0.7546874156250001 0.6031248078125 0.7515622484375 0.6 0.7484377515625 0.6 0.7468748328125 0.5984372125 0.7453125843749999 0.5984372125 0.7406251671875 0.5937503828125 0.7375 0.5937503828125 0.7359377515625 0.5921875953125 0.7343748328124999 0.5921875953125 0.732812584375 0.5906248078125 0.7312496656249999 0.5906248078125 0.7296874156250001 0.5890627875 0.7281251671875 0.5890627875 0.7265622484375001 0.5875 0.725 0.5875 0.7218748328125 0.5843751921875 0.720312584375 0.5843751921875 0.718750334375 0.5828124046875 0.717187415625 0.5828124046875 0.7156251671875 0.5812503828125 0.7140622484375 0.5812503828125 0.7125 0.5796875953125 0.7109377515624999 0.5796875953125 0.7078125843749999 0.5765627875 0.704687415625 0.5765627875 0.7031251671875001 0.575 0.6828125843749999 0.575 0.681249665625 0.5765627875 0.679687415625 0.5765627875 0.6781251671875 0.5781248078125001 0.6734377515625 0.5781248078125001
37 0.218750334375 0.5765627875 0.21406224843750002 0.5812503828125 0.20937483281249997 0.5812503828125 0.207812584375 0.5828124046875 0.206249665625 0.5828124046875 0.2015622484375 0.5875 0.1968748328125 0.5875 0.1906251671875 0.5937503828125 0.1875 0.5937503828125 0.1859377515625 0.5953124046875 0.1843748328125 0.5953124046875 0.17968741562499999 0.6 0.1781251671875 0.6 0.17656224843749999 0.6015627875 0.175 0.6015627875 0.175 0.6031248078125 0.1718748328125 0.6062503828125 0.1718748328125 0.7 0.17656224843749999 0.7046875953125 0.1781251671875 0.7046875953125 0.1843748328125 0.7109372125 0.1890622484375 0.7109372125 0.1906251671875 0.7125 0.192187415625 0.7125 0.193749665625 0.7140627875 0.193749665625 0.7156248078125 0.19531258437500001 0.7171875953125 0.1968748328125 0.7171875953125 0.2015622484375 0.7218751921875 0.2031251671875 0.7218751921875 0.20468741562499998 0.7234372125 0.20937483281249997 0.7234372125 0.2125 0.7265627875 0.2125 0.7281248078125 0.21406224843750002 0.7296875953125 0.217187415625 0.7296875953125 0.22187483281249998 0.7343751921874999 0.22343775156249998 0.7343751921874999 0.225 0.7359372125 0.22812516718750003 0.7359372125 0.229687415625 0.7375 0.231249665625 0.7375 0.2343748328125 0.7406248078125001 0.24218741562499999 0.7406248078125001 0.24687483281249997 0.7359372125 0.24843775156249998 0.7359372125 0.25468741562499997 0.7296875953125 0.256249665625 0.7296875953125 0.257812584375 0.7281248078125 0.2625 0.7281248078125 0.26406224843750004 0.7265627875 0.2656251671875 0.7265627875 0.267187415625 0.725 0.268749665625 0.725 0.270312584375 0.7234372125 0.275 0.7234372125 0.2765622484375 0.7218751921875 0.2781251671875 0.7218751921875 0.282812584375 0.7171875953125 0.2859377515625 0.7171875953125 0.2875 0.7156248078125 0.2890622484375 0.7156248078125 0.292187415625 0.7125 0.293749665625 0.7125 0.295312584375 0.7109372125 0.2968748328125 0.7109372125 0.3093748328125 0.6984372125 0.3093748328125 0.625 0.30312516718750004 0.6187503828125 0.3015622484375 0.6187503828125 0.3 0.6171875953125 0.29843775156249996 0.6171875953125 0.2968748328125 0.6156248078125001 0.2968748328125 0.6140627875 0.295312584375 0.6140627875 0.293749665625 0.6125 0.293749665625 0.6109372125 0.292187415625 0.6093751921874999 0.292187415625 0.6062503828125 0.29062516718750003 0.6046875953125 0.29062516718750003 0.6031248078125 0.2875 0.6 0.2875 0.5984372125 0.2859377515625 0.5968751921875 0.2859377515625 0.5937503828125 0.279687415625 0.5875 0.2781251671875 0.5875 0.2734377515625 0.5828124046875 0.27187483281249997 0.5828124046875 0.270312584375 0.5812503828125 0.267187415625 0.5812503828125 0.2656251671875 0.5796875953125 0.26406224843750004 0.5796875953125 0.2609377515625 0.5765627875 0.25937483281249996 0.5765627875 0.257812584375 0.575 0.256249665625 0.575 0.2515622484375 0.5703124046875 0.22812516718750003 0.5703124046875 0.22343775156249998 0.575 0.22187483281249998 0.575 0.220312584375 0.5765627875 0.218750334375 0.5765627875
37 0.225 0.2796875953125 0.22343775156249998 0.28125038281250003 0.218750334375 0.28125038281250003 0.217187415625 0.2828124046875 0.21406224843750002 0.2828124046875 0.2125 0.2843751921875 0.2109377515625 0.2843751921875 0.20937483281249997 0.28593721250000004 0.207812584375 0.28593721250000004 0.206249665625 0.2875 0.2031251671875 0.2875 0.2015622484375 0.2890627875 0.2 0.2890627875 0.1968748328125 0.2921875953125 0.19531258437500001 0.2921875953125 0.193749665625 0.2937503828125 0.1906251671875 0.2937503828125 0.1843748328125 0.3 0.181249665625 0.3 0.175 0.3062503828125 0.17343775156250002 0.3062503828125 0.1718748328125 0.30781240468750004 0.17031258437500002 0.30781240468750004 0.17031258437500002 0.40468759531250004 0.1718748328125 0.40468759531250004 0.175 0.40781240468749996 0.175 0.40937519218749996 0.17656224843749999 0.41093721250000004 0.17968741562499999 0.41093721250000004 0.181249665625 0.4125 0.182812584375 0.4125 0.1859377515625 0.41562480781250005 0.1875 0.41562480781250005 0.1890622484375 0.41718759531250005 0.193749665625 0.41718759531250005 0.19531258437500001 0.4187503828125 0.1968748328125 0.4187503828125 0.19843775156250001 0.4203124046875 0.2 0.4203124046875 0.2015622484375 0.42187519218749997 0.21562516718750002 0.42187519218749997 0.217187415625 0.4203124046875 0.22187483281249998 0.4203124046875 0.22343775156249998 0.4187503828125 0.2265622484375 0.4187503828125 0.22812516718750003 0.41718759531250005 0.2515622484375 0.41718759531250005 0.2531251671875 0.4187503828125 0.257812584375 0.4187503828125 0.25937483281249996 0.4203124046875 0.2609377515625 0.4203124046875 0.2625 0.42187519218749997 0.27187483281249997 0.42187519218749997 0.2734377515625 0.4203124046875 0.275 0.4203124046875 0.2765622484375 0.4187503828125 0.281249665625 0.4187503828125 0.282812584375 0.41718759531250005 0.29062516718750003 0.41718759531250005 0.292187415625 0.41562480781250005 0.295312584375 0.41562480781250005 0.3 0.41093721250000004 0.30312516718750004 0.41093721250000004 0.304687415625 0.40937519218749996 0.304687415625 0.40781240468749996 0.30781258437500003 0.40468759531250004 0.3093748328125 0.40468759531250004 0.3093748328125 0.40312480781250004 0.3109377515625 0.40156278749999996 0.3109377515625 0.32968759531249997 0.3093748328125 0.3281248078125 0.3093748328125 0.3265627875 0.30781258437500003 0.3265627875 0.306249665625 0.325 0.30312516718750004 0.325 0.2968748328125 0.3187503828125 0.295312584375 0.3187503828125 0.292187415625 0.3156248078125 0.292187415625 0.3093751921875 0.29062516718750003 0.30781240468750004 0.29062516718750003 0.3062503828125 0.2859377515625 0.3015627875 0.2859377515625 0.3 0.2843748328125 0.2984372125 0.2843748328125 0.2968751921875 0.282812584375 0.29531240468750003 0.281249665625 0.29531240468750003 0.279687415625 0.2937503828125 0.2781251671875 0.2937503828125 0.2765622484375 0.2921875953125 0.275 0.2921875953125 0.2734377515625 0.2906248078125 0.27187483281249997 0.2906248078125 0.270312584375 0.2890627875 0.267187415625 0.2890627875 0.2656251671875 0.2875 0.257812584375 0.2875 0.256249665625 0.28593721250000004 0.25468741562499997 0.28593721250000004 0.2531251671875 0.2843751921875 0.2515622484375 0.2843751921875 0.24687483281249997 0.2796875953125 0.245312584375 0.2796875953125 0.24218741562499999 0.27656278749999996 0.2359377515625 0.27656278749999996 0.2343748328125 0.2781248078125 0.229687415625 0.2781248078125 0.22812516718750003 0.2796875953125 0.225 0.2796875953125
36 0.6640622484375001 0.28593721250000004 0.6625 0.2875 0.6593748328125 0.2875 0.657812584375 0.2890627875 0.6531251671875 0.2890627875 0.6484377515624999 0.2937503828125 0.6468748328125 0.2937503828125 0.6453125843749999 0.29531240468750003 0.6437496656249999 0.29531240468750003 0.6437496656249999 0.2968751921875 0.6390622484375 0.3015627875 0.6390622484375 0.3046875953125 0.6375 0.3062503828125 0.6375 0.3140627875 0.6359377515625 0.3156248078125 0.6359377515625 0.31718759531249996 0.6343748328125 0.3187503828125 0.632812584375 0.3187503828125 0.632812584375 0.3203124046875 0.6281251671875 0.325 0.6265622484375 0.325 0.625 0.3265627875 0.625 0.3281248078125 0.6203125843749999 0.3328124046875 0.6203125843749999 0.4 0.625 0.40468759531250004 0.625 0.40625038281250003 0.6281251671875 0.40937519218749996 0.6296874156250001 0.40937519218749996 0.631249665625 0.41093721250000004 0.6343748328125 0.41093721250000004 0.6406251671875001 0.41718759531250005 0.6453125843749999 0.41718759531250005 0.6515622484375 0.4234372125 0.654687415625 0.4234372125 0.656249665625 0.425 0.657812584375 0.425 0.6609377515625 0.42812480781250006 0.6625 0.42812480781250006 0.6640622484375001 0.4296875953125 0.6656251671875 0.4296875953125 0.670312584375 0.4343751921875 0.6718748328124999 0.4343751921875 0.6734377515625 0.4359372125 0.6765622484375 0.4359372125 0.681249665625 0.4406248078125 0.6828125843749999 0.4406248078125 0.6843748328125 0.4421875953125 0.6968748328125 0.4421875953125 0.7031251671875001 0.4359372125 0.7062496656249999 0.4359372125 0.7109377515624999 0.4312503828125 0.7125 0.4312503828125 0.7140622484375 0.4296875953125 0.7156251671875 0.4296875953125 0.720312584375 0.425 0.7218748328125 0.425 0.7234377515625 0.4234372125 0.7281251671875 0.4234372125 0.7343748328124999 0.41718759531250005 0.7406251671875 0.41718759531250005 0.7468748328125 0.41093721250000004 0.7484377515625 0.41093721250000004 0.75 0.40937519218749996 0.7515622484375 0.40937519218749996 0.7546874156250001 0.40625038281250003 0.7546874156250001 0.40468759531250004 0.757812584375 0.40156278749999996 0.757812584375 0.4 0.7593748328125 0.3984372125 0.7593748328125 0.3140627875 0.756249665625 0.3109372125 0.756249665625 0.3093751921875 0.7531251671875 0.3062503828125 0.7515622484375 0.3062503828125 0.7468748328125 0.3015627875 0.7453125843749999 0.3015627875 0.743749665625 0.3 0.742187415625 0.3 0.7406251671875 0.2984372125 0.7390622484375 0.2984372125 0.7343748328124999 0.2937503828125 0.732812584375 0.2937503828125 0.7312496656249999 0.2921875953125 0.7296874156250001 0.2921875953125 0.7265622484375001 0.2890627875 0.725 0.2890627875 0.7234377515625 0.2875 0.720312584375 0.2875 0.718750334375 0.28593721250000004 0.717187415625 0.28593721250000004 0.7140622484375 0.2828124046875 0.7125 0.2828124046875 0.7109377515624999 0.28125038281250003 0.7015622484375 0.28125038281250003 0.7 0.2796875953125 0.695312584375 0.2796875953125 0.693749665625 0.28125038281250003 0.681249665625 0.28125038281250003 0.6765622484375 0.28593721250000004 0.6640622484375001 0.28593721250000004
35 0.2890622484375 0.725 0.282812584375 0.7312503828125 0.279687415625 0.7312503828125 0.275 0.7359372125 0.2734377515625 0.7359372125 0.27187483281249997 0.7375 0.270312584375 0.7375 0.2656251671875 0.7421875953125 0.26406224843750004 0.7421875953125 0.2625 0.7437503828125 0.25937483281249996 0.7437503828125 0.2531251671875 0.75 0.2515622484375 0.75 0.25 0.7515627874999999 0.25 0.7531248078125 0.24843775156249998 0.7546875953125001 0.24843775156249998 0.85 0.2531251671875 0.8546875953124999 0.25937483281249996 0.8546875953124999 0.2625 0.8578124046875001 0.2625 0.8593751921875 0.26406224843750004 0.8609372125 0.2656251671875 0.8609372125 0.267187415625 0.8625 0.268749665625 0.8625 0.270312584375 0.8640627875 0.270312584375 0.8656248078125 0.27187483281249997 0.8656248078125 0.2734377515625 0.8671875953124999 0.2781251671875 0.8671875953124999 0.2843748328125 0.8734372125000001 0.2875 0.8734372125000001 0.292187415625 0.8781248078124999 0.293749665625 0.8781248078124999 0.295312584375 0.8796875953125 0.2968748328125 0.8796875953125 0.29843775156249996 0.8812503828124999 0.3 0.8812503828124999 0.304687415625 0.8859372125 0.306249665625 0.8859372125 0.30781258437500003 0.8875 0.3109377515625 0.8875 0.3125 0.8890627875 0.320312584375 0.8890627875 0.32187483281249996 0.8875 0.3234377515625 0.8875 0.325 0.8859372125 0.32656224843750004 0.8859372125 0.332812584375 0.8796875953125 0.3375 0.8796875953125 0.3390622484375 0.8781248078124999 0.3406251671875 0.8781248078124999 0.3468748328125 0.8718751921875001 0.3484377515625 0.8718751921875001 0.3484377515625 0.8703124046875 0.35 0.8687503828124999 0.3515622484375 0.8687503828124999 0.35312516718750003 0.8671875953124999 0.354687415625 0.8671875953124999 0.356249665625 0.8656248078125 0.357812584375 0.8656248078125 0.36093775156249996 0.8625 0.3625 0.8625 0.3640622484375 0.8609372125 0.36562516718750004 0.8609372125 0.3718748328125 0.8546875953124999 0.3765622484375 0.8546875953124999 0.38437483281249996 0.8468751921875001 0.38437483281249996 0.7593751921874999 0.37968741562499997 0.7546875953125001 0.37968741562499997 0.7531248078125 0.3765622484375 0.75 0.375 0.75 0.3734377515625 0.7484372125000001 0.3718748328125 0.7484372125000001 0.368749665625 0.7453124046874999 0.367187415625 0.7453124046874999 0.36562516718750004 0.7437503828125 0.3640622484375 0.7437503828125 0.357812584375 0.7375 0.354687415625 0.7375 0.35312516718750003 0.7359372125 0.3515622484375 0.7359372125 0.3468748328125 0.7312503828125 0.345312584375 0.7312503828125 0.3390622484375 0.725 0.3375 0.725 0.3359377515625 0.7234372125 0.33437483281249997 0.7234372125 0.329687415625 0.7187503828125 0.3281251671875 0.7187503828125 0.3234377515625 0.7140627875 0.30312516718750004 0.7140627875 0.29843775156249996 0.7187503828125 0.2968748328125 0.7187503828125 0.29062516718750003 0.725 0.2890622484375 0.725
36 0.5875 0.4312503828125 0.5859377515624999 0.4328124046875 0.5843748328125 0.4328124046875 0.579687415625 0.4375 0.5765622484375 0.4375 0.5718748328125 0.4421875953125 0.570312584375 0.4421875953125 0.568749665625 0.4437503828125 0.5671874156250001 0.4437503828125 0.5656251671875 0.4453124046875 0.5640622484375 0.4453124046875 0.5593748328125 0.45 0.5578125843749999 0.45 0.5531251671875 0.4546875953125 0.5515622484375 0.4546875953125 0.5515622484375 0.5187503828125 0.5531251671875 0.5203124046875 0.5531251671875 0.5218751921875 0.556249665625 0.525 0.556249665625 0.5265627875 0.5578125843749999 0.5281248078125 0.5578125843749999 0.5296875953125 0.5609377515625 0.5328124046875 0.5609377515625 0.5343751921875 0.5625 0.5359372125 0.5625 0.5578124046874999 0.568749665625 0.5640627874999999 0.568749665625 0.5656248078125 0.570312584375 0.5671875953125001 0.5718748328125 0.5671875953125001 0.5781251671875001 0.5734372125 0.5843748328125 0.5734372125 0.5875 0.5765627875 0.5875 0.5781248078125001 0.5890622484375 0.5781248078125001 0.5906251671875 0.5796875953125 0.595312584375 0.5796875953125 0.6015622484375001 0.5859372125 0.6062496656249999 0.5859372125 0.607812584375 0.5875 0.6093748328124999 0.5875 0.6125 0.5906248078125 0.618749665625 0.5906248078125 0.6203125843749999 0.5890627875 0.6218748328125 0.5890627875 0.625 0.5859372125 0.6281251671875 0.5859372125 0.632812584375 0.5812503828125 0.6343748328125 0.5812503828125 0.6359377515625 0.5796875953125 0.6406251671875001 0.5796875953125 0.642187415625 0.5781248078125001 0.642187415625 0.5765627875 0.6453125843749999 0.5734372125 0.65 0.5734372125 0.6515622484375 0.5718751921874999 0.6531251671875 0.5718751921874999 0.657812584375 0.5671875953125001 0.6593748328125 0.5671875953125001 0.6609377515625 0.5656248078125 0.6609377515625 0.5640627874999999 0.6625 0.5625 0.6625 0.5609372125000001 0.6656251671875 0.5578124046874999 0.6656251671875 0.5546875953125 0.6671874156250001 0.5531248078125001 0.6671874156250001 0.5343751921875 0.6718748328124999 0.5296875953125 0.6718748328124999 0.5281248078125 0.6734377515625 0.5265627875 0.6734377515625 0.525 0.675 0.5234372125 0.675 0.5218751921875 0.6781251671875 0.5187503828125 0.6781251671875 0.5171875953125 0.679687415625 0.5156248078125001 0.679687415625 0.45937519218749995 0.6718748328124999 0.4515627875 0.670312584375 0.4515627875 0.6687496656249999 0.45 0.6656251671875 0.45 0.6609377515625 0.4453124046875 0.6593748328125 0.4453124046875 0.657812584375 0.4437503828125 0.656249665625 0.4437503828125 0.6515622484375 0.4390627875 0.65 0.4390627875 0.6484377515624999 0.4375 0.6468748328125 0.4375 0.642187415625 0.4328124046875 0.6406251671875001 0.4328124046875 0.6390622484375 0.4312503828125 0.6375 0.4312503828125 0.632812584375 0.4265627875 0.631249665625 0.4265627875 0.6296874156250001 0.425 0.6281251671875 0.425 0.6265622484375 0.4234372125 0.625 0.4234372125 0.6234377515625 0.42187519218749997 0.6234377515625 0.4203124046875 0.6015622484375001 0.4203124046875 0.592187415625 0.4296875953125 0.5906251671875 0.4296875953125 0.5890622484375 0.4312503828125 0.5875 0.4312503828125
35 0.593749665625 0.125 0.5875 0.1312503828125 0.5843748328125 0.1312503828125 0.5781251671875001 0.1375 0.575 0.1375 0.570312584375 0.1421875953125 0.568749665625 0.1421875953125 0.5671874156250001 0.14375038281250002 0.5656251671875 0.14375038281250002 0.5593748328125 0.15 0.5578125843749999 0.15 0.5468748328124999 0.16093721249999998 0.5468748328124999 0.25468759531249996 0.55 0.2578124046875 0.55 0.2593751921875 0.5515622484375 0.2609372125 0.5531251671875 0.2609372125 0.5593748328125 0.26718759531249997 0.5656251671875 0.26718759531249997 0.568749665625 0.2703124046875 0.568749665625 0.2718751921875 0.570312584375 0.2734372125 0.5765622484375 0.2734372125 0.5781251671875001 0.275 0.579687415625 0.275 0.5828125843749999 0.2781248078125 0.592187415625 0.2781248078125 0.5968748328125 0.2734372125 0.6 0.2734372125 0.6015622484375001 0.2718751921875 0.6031251671875 0.2718751921875 0.607812584375 0.26718759531249997 0.6218748328125 0.26718759531249997 0.6234377515625 0.2687503828125 0.625 0.2687503828125 0.6281251671875 0.2718751921875 0.6296874156250001 0.2718751921875 0.631249665625 0.2734372125 0.642187415625 0.2734372125 0.6437496656249999 0.2718751921875 0.6453125843749999 0.2718751921875 0.6484377515624999 0.2687503828125 0.65 0.2687503828125 0.6515622484375 0.26718759531249997 0.656249665625 0.26718759531249997 0.657812584375 0.2656248078125 0.6593748328125 0.2656248078125 0.6640622484375001 0.2609372125 0.6671874156250001 0.2609372125 0.6687496656249999 0.2593751921875 0.670312584375 0.2593751921875 0.6734377515625 0.2562503828125 0.675 0.2562503828125 0.6765622484375 0.25468759531249996 0.6781251671875 0.25468759531249996 0.679687415625 0.2531248078125 0.679687415625 0.25 0.681249665625 0.2484372125 0.681249665625 0.2437503828125 0.6828125843749999 0.24218759531249998 0.6828125843749999 0.2375 0.681249665625 0.23593721250000002 0.681249665625 0.23125038281250002 0.6828125843749999 0.2296875953125 0.6828125843749999 0.2187503828125 0.6843748328125 0.21718759531249998 0.6843748328125 0.1640627875 0.679687415625 0.15937519218750001 0.679687415625 0.1578124046875 0.6781251671875 0.1562503828125 0.6765622484375 0.1562503828125 0.670312584375 0.15 0.6687496656249999 0.15 0.6671874156250001 0.1484372125 0.6656251671875 0.1484372125 0.6609377515625 0.14375038281250002 0.6593748328125 0.14375038281250002 0.6531251671875 0.1375 0.65 0.1375 0.6484377515624999 0.1359372125 0.6468748328125 0.1359372125 0.6437496656249999 0.1328124046875 0.642187415625 0.1328124046875 0.6406251671875001 0.1312503828125 0.6390622484375 0.1312503828125 0.6359377515625 0.1281248078125 0.6359377515625 0.1265627875 0.6343748328125 0.1265627875 0.632812584375 0.125 0.631249665625 0.125 0.6265622484375 0.1203124046875 0.625 0.1203124046875 0.6234377515625 0.11875038281250001 0.6218748328125 0.11875038281250001 0.6203125843749999 0.1171875953125 0.6046874156250001 0.1171875953125 0.6031251671875 0.11875038281250001 0.6015622484375001 0.11875038281250001 0.595312584375 0.125 0.593749665625 0.125
37 0.44687483281249996 0.125 0.4406251671875 0.1312503828125 0.4390622484375 0.1312503828125 0.4375 0.1328124046875 0.4359377515625 0.1328124046875 0.432812584375 0.1359372125 0.43124966562499994 0.1359372125 0.429687415625 0.1375 0.4265622484375 0.1375 0.42031258437499996 0.14375038281250002 0.41874966562499993 0.14375038281250002 0.41718741562500006 0.1453124046875 0.41562516718750003 0.1453124046875 0.4125 0.1484372125 0.4109377515625 0.1484372125 0.4093748328125 0.15 0.40781258437499995 0.15 0.406250334375 0.15156278750000002 0.406250334375 0.15312480781249999 0.4031251671875 0.1562503828125 0.4015622484375 0.1562503828125 0.395312584375 0.1625 0.395312584375 0.2578124046875 0.39687483281249997 0.2593751921875 0.3984377515625 0.2593751921875 0.4 0.2609372125 0.4015622484375 0.2609372125 0.40781258437499995 0.26718759531249997 0.4093748328125 0.26718759531249997 0.4109377515625 0.2687503828125 0.4125 0.2687503828125 0.41562516718750003 0.2718751921875 0.41718741562500006 0.2718751921875 0.41874966562499993 0.2734372125 0.4218748328125 0.2734372125 0.42812516718750004 0.2796875953125 0.432812584375 0.2796875953125 0.4343748328125 0.28125038281250003 0.4359377515625 0.28125038281250003 0.4375 0.2828124046875 0.4375 0.2843751921875 0.4390622484375 0.28593721250000004 0.445312584375 0.28593721250000004 0.45156224843750004 0.2921875953125 0.45468741562500004 0.2921875953125 0.45624966562499997 0.2937503828125 0.45781258437499994 0.2937503828125 0.45937483281249997 0.29531240468750003 0.4718748328125 0.29531240468750003 0.475 0.2921875953125 0.47812516718750003 0.2921875953125 0.4843748328125 0.28593721250000004 0.4890622484375 0.28593721250000004 0.49062516718750004 0.2843751921875 0.492187415625 0.2843751921875 0.492187415625 0.2828124046875 0.495312584375 0.2796875953125 0.5015622484375 0.2796875953125 0.507812584375 0.2734372125 0.5125 0.2734372125 0.5140622484375 0.2718751921875 0.5156251671875001 0.2718751921875 0.5203125843749999 0.26718759531249997 0.5218748328125 0.26718759531249997 0.5234377515624999 0.2656248078125 0.5234377515624999 0.2640627875 0.525 0.2625 0.5265622484375 0.2625 0.531249665625 0.2578124046875 0.531249665625 0.2562503828125 0.532812584375 0.25468759531249996 0.5343748328125 0.25468759531249996 0.5343748328125 0.1640627875 0.529687415625 0.15937519218750001 0.529687415625 0.1578124046875 0.5281251671875 0.1562503828125 0.5265622484375 0.1562503828125 0.5203125843749999 0.15 0.5187496656249999 0.15 0.5140622484375 0.1453124046875 0.5125 0.1453124046875 0.5109377515625 0.14375038281250002 0.507812584375 0.14375038281250002 0.5046874156250001 0.1406248078125 0.5046874156250001 0.1390627875 0.5031251671875 0.1375 0.5 0.1375 0.4984377515625 0.1359372125 0.4968748328125 0.1359372125 0.49374966562499994 0.1328124046875 0.492187415625 0.1328124046875 0.49062516718750004 0.1312503828125 0.4890622484375 0.1312503828125 0.48593775156249996 0.1281248078125 0.48593775156249996 0.1265627875 0.4843748328125 0.1265627875 0.48124966562499993 0.12343721249999999 0.47968741562500006 0.12343721249999999 0.47812516718750003 0.12187519218750001 0.47812516718750003 0.1203124046875 0.475 0.1203124046875 0.4734377515625 0.11875038281250001 0.45624966562499997 0.11875038281250001 0.45468741562500004 0.1203124046875 0.4531251671875 0.1203124046875 0.4484377515625 0.125 0.44687483281249996 0.125
35 0.1406251671875 0.42812480781250006 0.1375 0.4312503828125 0.1343748328125 0.4312503828125 0.13281258437500001 0.4328124046875 0.131249665625 0.4328124046875 0.1265622484375 0.4375 0.1234377515625 0.4375 0.1218748328125 0.4390627875 0.120312584375 0.4390627875 0.1156251671875 0.4437503828125 0.11406224843749999 0.4437503828125 0.1093748328125 0.4484372125 0.107812584375 0.4484372125 0.106249665625 0.45 0.10468741562499999 0.45 0.0984377515625 0.4562503828125 0.0968748328125 0.4562503828125 0.095312584375 0.45781240468749995 0.095312584375 0.5531248078125001 0.0968748328125 0.5546875953125 0.1 0.5546875953125 0.10156224843749999 0.5562503828125 0.1031251671875 0.5562503828125 0.107812584375 0.5609372125000001 0.1093748328125 0.5609372125000001 0.11406224843749999 0.5656248078125 0.1156251671875 0.5656248078125 0.11718741562499999 0.5671875953125001 0.1218748328125 0.5671875953125001 0.125 0.5703124046875 0.125 0.5718751921874999 0.1265622484375 0.5734372125 0.129687415625 0.5734372125 0.1343748328125 0.5781248078125001 0.13593775156250001 0.5781248078125001 0.1375 0.5796875953125 0.1406251671875 0.5796875953125 0.1468748328125 0.5859372125 0.1515622484375 0.5859372125 0.1531251671875 0.5875 0.154687415625 0.5875 0.156249665625 0.5890627875 0.1718748328125 0.5890627875 0.17343775156250002 0.5875 0.175 0.5875 0.17656224843749999 0.5859372125 0.1781251671875 0.5859372125 0.182812584375 0.5812503828125 0.1843748328125 0.5812503828125 0.1859377515625 0.5796875953125 0.1906251671875 0.5796875953125 0.1968748328125 0.5734372125 0.2015622484375 0.5734372125 0.207812584375 0.5671875953125001 0.2109377515625 0.5671875953125001 0.21406224843750002 0.5640627874999999 0.21562516718750002 0.5640627874999999 0.218750334375 0.5609372125000001 0.22187483281249998 0.5609372125000001 0.22343775156249998 0.5593751921875 0.22343775156249998 0.5578124046874999 0.2265622484375 0.5546875953125 0.22812516718750003 0.5546875953125 0.229687415625 0.5531248078125001 0.229687415625 0.5406248078125 0.231249665625 0.5390627875 0.231249665625 0.4890627875 0.229687415625 0.4875 0.229687415625 0.4765627875 0.217187415625 0.46406278749999996 0.217187415625 0.45937519218749995 0.21562516718750002 0.45781240468749995 0.21562516718750002 0.4562503828125 0.2125 0.45312480781250003 0.2125 0.4515627875 0.2109377515625 0.45 0.2109377515625 0.44687519218749994 0.207812584375 0.4437503828125 0.20468741562499998 0.4437503828125 0.2031251671875 0.4421875953125 0.2 0.4421875953125 0.1968748328125 0.4390627875 0.193749665625 0.4390627875 0.192187415625 0.4375 0.1875 0.4375 0.1859377515625 0.4359372125 0.17968741562499999 0.4359372125 0.1781251671875 0.4375 0.17656224843749999 0.4359372125 0.175 0.4359372125 0.17343775156250002 0.4343751921875 0.1718748328125 0.4343751921875 0.168749665625 0.4312503828125 0.167187415625 0.4312503828125 0.1656251671875 0.4296875953125 0.1640622484375 0.4296875953125 0.1609377515625 0.4265627875 0.1593748328125 0.4265627875 0.157812584375 0.425 0.1484377515625 0.425 0.1468748328125 0.4265627875 0.143749665625 0.4265627875 0.14218741562499998 0.42812480781250006 0.1406251671875 0.42812480781250006
32 0.45156224843750004 0.42187519218749997 0.47968741562500006 0.42187519218749997 0.47968741562500006 0.4203124046875 0.48281258437499996 0.41718759531250005 0.4843748328125 0.41718759531250005 0.4843748328125 0.37968759531249996 0.47812516718750003 0.3734372125 0.47812516718750003 0.3718751921875 0.475 0.3687503828125 0.4531251671875 0.3687503828125 0.445312584375 0.3765627875 0.445312584375 0.41718759531250005 0.44687483281249996 0.41718759531250005 0.45156224843750004 0.42187519218749997
7 0.25937483281249996 0.4187503828125 0.2609377515625 0.41718759531250005 0.2656251671875 0.41718759531250005 0.267187415625 0.41562480781250005 0.267187415625 0.35781240468750003 0.2656251671875 0.3562503828125 0.21406224843750002 0.3562503828125 0.21406224843750002 0.41718759531250005 0.24687483281249997 0.41718759531250005 0.24843775156249998 0.4187503828125 0.25937483281249996 0.4187503828125
11 0.6828125843749999 0.4187503828125 0.6843748328125 0.4203124046875 0.704687415625 0.4203124046875 0.7062496656249999 0.4187503828125 0.7109377515624999 0.4187503828125 0.7125 0.41718759531250005 0.7156251671875 0.41718759531250005 0.717187415625 0.41562480781250005 0.717187415625 0.35781240468750003 0.7156251671875 0.3562503828125 0.6640622484375001 0.3562503828125 0.6640622484375001 0.41718759531250005 0.6671874156250001 0.41718759531250005 0.6687496656249999 0.4187503828125 0.6828125843749999 0.4187503828125
31 0.220312584375 0.46718759531250004 0.22187483281249998 0.46718759531250004 0.22343775156249998 0.46875038281250003 0.225 0.46875038281250003 0.2265622484375 0.47031240468749996 0.2531251671875 0.47031240468749996 0.256249665625 0.46718759531250004 0.25937483281249996 0.46718759531250004 0.2609377515625 0.46562480781250004 0.2609377515625 0.4296875953125 0.25937483281249996 0.42812480781250006 0.25937483281249996 0.4265627875 0.25468741562499997 0.42187519218749997 0.25468741562499997 0.4203124046875 0.2531251671875 0.4187503828125 0.2531251671875 0.41718759531250005 0.225 0.41718759531250005 0.225 0.42187519218749997 0.218750334375 0.42812480781250006 0.218750334375 0.46562480781250004 0.220312584375 0.46718759531250004
16 0.40781258437499995 0.4187503828125 0.4093748328125 0.41718759531250005 0.41562516718750003 0.41718759531250005 0.41718741562500006 0.41562480781250005 0.41718741562500006 0.35781240468750003 0.41562516718750003 0.3562503828125 0.3640622484375 0.3562503828125 0.3640622484375 0.41718759531250005 0.382812584375 0.41718759531250005 0.38437483281249996 0.4187503828125 0.40781258437499995 0.4187503828125
31 0.2968748328125 0.3187503828125 0.29843775156249996 0.3187503828125 0.3 0.3203124046875 0.3 0.3218751921875 0.329687415625 0.3218751921875 0.329687415625 0.3203124046875 0.332812584375 0.31718759531249996 0.33437483281249997 0.31718759531249996 0.3359377515625 0.3156248078125 0.3359377515625 0.28125038281250003 0.33437483281249997 0.2796875953125 0.33437483281249997 0.2781248078125 0.331249665625 0.275 0.329687415625 0.275 0.325 0.2703124046875 0.3 0.2703124046875 0.3 0.2718751921875 0.293749665625 0.2781248078125 0.293749665625 0.3156248078125 0.2968748328125 0.3187503828125
8 0.4390622484375 0.5062503828125 0.4390622484375 0.5656248078125 0.492187415625 0.5656248078125 0.492187415625 0.5062503828125 0.4390622484375 0.5062503828125
13 0.30312516718750004 0.2703124046875 0.304687415625 0.2703124046875 0.306249665625 0.2687503828125 0.30781258437500003 0.2687503828125 0.3093748328125 0.26718759531249997 0.3156251671875 0.26718759531249997 0.31718741562499997 0.2687503828125 0.318749665625 0.2687503828125 0.32187483281249996 0.2718751921875 0.3406251671875 0.2718751921875 0.3406251671875 0.2703124046875 0.342187415625 0.2687503828125 0.342187415625 0.2484372125 0.343750334375 0.2468751921875 0.343750334375 0.2437503828125 0.342187415625 0.24218759531249998 0.342187415625 0.2078124046875 0.2890622484375 0.2078124046875 0.2890622484375 0.2687503828125 0.292187415625 0.2718751921875 0.3015622484375 0.2718751921875 0.30312516718750004 0.2703124046875
33 0.5968748328125 0.275 0.595312584375 0.27656278749999996 0.595312584375 0.2781248078125 0.593749665625 0.2796875953125 0.593749665625 0.31718759531249996 0.595312584375 0.31718759531249996 0.6 0.3218751921875 0.6296874156250001 0.3218751921875 0.6296874156250001 0.3203124046875 0.632812584375 0.31718759531249996 0.6343748328125 0.31718759531249996 0.6343748328125 0.28125038281250003 0.632812584375 0.28125038281250003 0.631249665625 0.2796875953125 0.631249665625 0.2781248078125 0.6234377515625 0.2703124046875 0.6015622484375001 0.2703124046875 0.6 0.2718751921875 0.6 0.2734372125 0.5984377515625 0.275 0.5968748328125 0.275
7 0.717187415625 0.7109372125 0.717187415625 0.6546875953125 0.6625 0.6546875953125 0.6625 0.7140627875 0.7156251671875 0.7140627875 0.7156251671875 0.7125 0.717187415625 0.7109372125
32 0.595312584375 0.675 0.595312584375 0.7156248078125 0.5968748328125 0.7156248078125 0.5984377515625 0.7171875953125 0.6281251671875 0.7171875953125 0.6296874156250001 0.7156248078125 0.631249665625 0.7156248078125 0.6343748328125 0.7125 0.6343748328125 0.6765627875 0.6296874156250001 0.6718751921874999 0.6296874156250001 0.6703124046875 0.6281251671875 0.6687503828125 0.6265622484375 0.6687503828125 0.6234377515625 0.6656248078125 0.6046874156250001 0.6656248078125 0.6015622484375001 0.6687503828125 0.6 0.6687503828125 0.6 0.6703124046875 0.595312584375 0.675
13 0.642187415625 0.5062503828125 0.6406251671875001 0.5046875953125001 0.5890622484375 0.5046875953125001 0.5890622484375 0.5671875953125001 0.6406251671875001 0.5671875953125001 0.642187415625 0.5656248078125 0.642187415625 0.5062503828125
9 0.492187415625 0.8593751921875 0.492187415625 0.8015627875 0.4390622484375 0.8015627875 0.4390622484375 0.8625 0.49062516718750004 0.8625 0.49062516718750004 0.8609372125 0.492187415625 0.8593751921875
14 0.607812584375 0.2687503828125 0.6093748328124999 0.26718759531249997 0.617187415625 0.26718759531249997 0.618749665625 0.2687503828125 0.6203125843749999 0.2687503828125 0.6234377515625 0.2718751921875 0.6375 0.2718751921875 0.642187415625 0.26718759531249997 0.642187415625 0.2078124046875 0.5890622484375 0.2078124046875 0.5890622484375 0.2718751921875 0.6031251671875 0.2718751921875 0.6062496656249999 0.2687503828125 0.607812584375 0.2687503828125
12 0.21406224843750002 0.6531248078125 0.21406224843750002 0.7140627875 0.267187415625 0.7140627875 0.267187415625 0.6531248078125 0.21406224843750002 0.6531248078125
14 0.5656251671875 0.6546875953125 0.5140622484375 0.6546875953125 0.5140622484375 0.7140627875 0.5671874156250001 0.7140627875 0.5671874156250001 0.6562503828125 0.5656251671875 0.6546875953125
10 0.492187415625 0.26718759531249997 0.492187415625 0.2078124046875 0.4390622484375 0.2078124046875 0.4390622484375 0.2703124046875 0.49062516718750004 0.2703124046875 0.49062516718750004 0.2687503828125 0.492187415625 0.26718759531249997
26 0.6203125843749999 0.6609372125 0.6203125843749999 0.6062503828125 0.6093748328124999 0.6062503828125 0.6093748328124999 0.6625 0.6156251671875 0.6625 0.617187415625 0.6609372125 0.6203125843749999 0.6609372125
12 0.5265622484375 0.4187503828125 0.5281251671875 0.4203124046875 0.5593748328125 0.4203124046875 0.5609377515625 0.4187503828125 0.5625 0.4187503828125 0.5640622484375 0.41718759531250005 0.5656251671875 0.41718759531250005 0.5671874156250001 0.41562480781250005 0.5671874156250001 0.35781240468750003 0.5656251671875 0.3562503828125 0.5140622484375 0.3562503828125 0.5140622484375 0.41718759531250005 0.517187415625 0.41718759531250005 0.5187496656249999 0.4187503828125 0.5265622484375 0.4187503828125
8 0.293749665625 0.8640627875 0.3375 0.8640627875 0.342187415625 0.8593751921875 0.342187415625 0.8015627875 0.2890622484375 0.8015627875 0.2890622484375 0.8609372125 0.29062516718750003 0.8625 0.292187415625 0.8625 0.293749665625 0.8640627875
11 0.3109377515625 0.5656248078125 0.3140622484375 0.5625 0.3156251671875 0.5625 0.320312584375 0.5671875953125001 0.3406251671875 0.5671875953125001 0.342187415625 0.5656248078125 0.342187415625 0.5062503828125 0.3406251671875 0.5046875953125001 0.2890622484375 0.5046875953125001 0.2890622484375 0.5671875953125001 0.306249665625 0.5671875953125001 0.30781258437500003 0.5656248078125 0.3109377515625 0.5656248078125
16 0.642187415625 0.8609372125 0.642187415625 0.8015627875 0.5890622484375 0.8015627875 0.5890622484375 0.8625 0.592187415625 0.8656248078125 0.6375 0.8656248078125 0.642187415625 0.8609372125
25 0.357812584375 0.2625 0.3515622484375 0.2687503828125 0.3468748328125 0.2687503828125 0.3406251671875 0.275 0.3390622484375 0.275 0.3390622484375 0.2968751921875 0.3484377515625 0.2968751921875 0.3484377515625 0.29531240468750003 0.3515622484375 0.2921875953125 0.354687415625 0.2921875953125 0.356249665625 0.2906248078125 0.357812584375 0.2906248078125 0.3625 0.28593721250000004 0.36562516718750004 0.28593721250000004 0.367187415625 0.2843751921875 0.367187415625 0.2828124046875 0.37031258437500003 0.2796875953125 0.3718748328125 0.2796875953125 0.3781251671875 0.2734372125 0.37968741562499997 0.2734372125 0.381249665625 0.2718751921875 0.382812584375 0.2718751921875 0.38437483281249996 0.2703124046875 0.38437483281249996 0.2687503828125 0.3859377515625 0.26718759531249997 0.3859377515625 0.2562503828125 0.367187415625 0.2562503828125 0.3625 0.2609372125 0.36093775156249996 0.2609372125 0.3593748328125 0.2625 0.357812584375 0.2625
26 0.45937483281249997 0.3109372125 0.45937483281249997 0.3656248078125 0.4718748328125 0.3656248078125 0.4718748328125 0.3109372125 0.45937483281249997 0.3109372125
25 0.2343748328125 0.475 0.2343748328125 0.5484372125 0.24687483281249997 0.5484372125 0.24687483281249997 0.475 0.2343748328125 0.475
28 0.3515622484375 0.5625 0.3468748328125 0.5671875953125001 0.345312584375 0.5671875953125001 0.343750334375 0.5687503828125 0.342187415625 0.5687503828125 0.3406251671875 0.5703124046875 0.3390622484375 0.5703124046875 0.3390622484375 0.5921875953125 0.3484377515625 0.5921875953125 0.35 0.5906248078125 0.3515622484375 0.5906248078125 0.354687415625 0.5875 0.356249665625 0.5875 0.357812584375 0.5859372125 0.3593748328125 0.5859372125 0.36093775156249996 0.5843751921875 0.36093775156249996 0.5828124046875 0.3640622484375 0.5796875953125 0.367187415625 0.5796875953125 0.368749665625 0.5781248078125001 0.37031258437500003 0.5781248078125001 0.375 0.5734372125 0.3781251671875 0.5734372125 0.37968741562499997 0.5718751921874999 0.37968741562499997 0.5703124046875 0.381249665625 0.5687503828125 0.382812584375 0.5687503828125 0.3859377515625 0.5656248078125 0.3859377515625 0.5531248078125001 0.367187415625 0.5531248078125001 0.3640622484375 0.5562503828125 0.3593748328125 0.5562503828125 0.35312516718750003 0.5625 0.3515622484375 0.5625
15 0.192187415625 0.5046875953125001 0.13906224843749998 0.5046875953125001 0.13906224843749998 0.5656248078125 0.1906251671875 0.5656248078125 0.192187415625 0.5640627874999999 0.192187415625 0.5046875953125001
27 0.657812584375 0.2625 0.656249665625 0.2640627875 0.656249665625 0.2656248078125 0.6531251671875 0.2687503828125 0.6515622484375 0.2687503828125 0.65 0.2703124046875 0.6484377515624999 0.2703124046875 0.6453125843749999 0.2734372125 0.6437496656249999 0.2734372125 0.642187415625 0.275 0.6406251671875001 0.275 0.6390622484375 0.27656278749999996 0.6375 0.27656278749999996 0.6375 0.2968751921875 0.6468748328125 0.2968751921875 0.6515622484375 0.2921875953125 0.6531251671875 0.2921875953125 0.654687415625 0.2906248078125 0.656249665625 0.2906248078125 0.656249665625 0.2890627875 0.657812584375 0.2875 0.6593748328125 0.2875 0.6609377515625 0.28593721250000004 0.6656251671875 0.28593721250000004 0.6671874156250001 0.2843751921875 0.6671874156250001 0.2828124046875 0.670312584375 0.2796875953125 0.6734377515625 0.2796875953125 0.6781251671875 0.275 0.679687415625 0.275 0.681249665625 0.2734372125 0.6828125843749999 0.2734372125 0.6859377515625 0.2703124046875 0.6859377515625 0.26718759531249997 0.6875 0.2656248078125 0.6875 0.2609372125 0.6859377515625 0.2593751921875 0.6859377515625 0.2562503828125 0.6687496656249999 0.2562503828125 0.6640622484375001 0.2609372125 0.6625 0.2609372125 0.6609377515625 0.2625 0.657812584375 0.2625
28 0.545312584375 0.5109372125 0.545312584375 0.45937519218749995 0.5343748328125 0.45937519218749995 0.5343748328125 0.5125 0.5421874156250001 0.5125 0.5437496656249999 0.5109372125 0.545312584375 0.5109372125
15 0.7390622484375 0.5046875953125001 0.7390622484375 0.5656248078125 0.7921874156250001 0.5656248078125 0.7921874156250001 0.5046875953125001 0.7390622484375 0.5046875953125001
27 0.695312584375 0.5109372125 0.695312584375 0.45937519218749995 0.6843748328125 0.45937519218749995 0.6843748328125 0.5156248078125001 0.6921874156250001 0.5156248078125001 0.6921874156250001 0.5140627875 0.695312584375 0.5109372125
34 0.295312584375 0.575 0.295312584375 0.6156248078125001 0.2968748328125 0.6156248078125001 0.29843775156249996 0.6171875953125 0.331249665625 0.6171875953125 0.33437483281249997 0.6140627875 0.33437483281249997 0.6125 0.3359377515625 0.6109372125 0.3359377515625 0.5765627875 0.325 0.5656248078125 0.304687415625 0.5656248078125 0.3015622484375 0.5687503828125 0.3 0.5687503828125 0.3 0.5703124046875 0.295312584375 0.575
33 0.675 0.5218751921875 0.670312584375 0.5265627875 0.670312584375 0.5671875953125001 0.6718748328124999 0.5671875953125001 0.675 0.5703124046875 0.704687415625 0.5703124046875 0.7093748328125 0.5656248078125 0.7093748328125 0.5328124046875 0.7062496656249999 0.5296875953125 0.7062496656249999 0.5281248078125 0.704687415625 0.5265627875 0.704687415625 0.525 0.6968748328125 0.5171875953125 0.679687415625 0.5171875953125 0.6781251671875 0.5187503828125 0.6765622484375 0.5187503828125 0.675 0.5203124046875 0.675 0.5218751921875
34 0.525 0.5218751921875 0.5187496656249999 0.5281248078125 0.5187496656249999 0.5640627874999999 0.5218748328125 0.5671875953125001 0.5281251671875 0.5671875953125001 0.529687415625 0.5687503828125 0.5531251671875 0.5687503828125 0.554687415625 0.5671875953125001 0.556249665625 0.5671875953125001 0.5578125843749999 0.5656248078125 0.5593748328125 0.5656248078125 0.5593748328125 0.5281248078125 0.554687415625 0.5234372125 0.554687415625 0.5218751921875 0.5515622484375 0.5187503828125 0.55 0.5187503828125 0.5484377515625 0.5171875953125 0.529687415625 0.5171875953125 0.5281251671875 0.5187503828125 0.5265622484375 0.5187503828125 0.525 0.5203124046875 0.525 0.5218751921875
29 0.329687415625 0.625 0.329687415625 0.6281248078125 0.325 0.6328124046875 0.325 0.6343751921874999 0.3234377515625 0.6359372125 0.3234377515625 0.6484372125 0.325 0.65 0.32656224843750004 0.65 0.3359377515625 0.6593751921875 0.3359377515625 0.6609372125 0.3390622484375 0.6640627875 0.3390622484375 0.6656248078125 0.3484377515625 0.6656248078125 0.35312516718750003 0.6609372125 0.354687415625 0.6609372125 0.354687415625 0.6593751921875 0.3593748328125 0.6546875953125 0.36093775156249996 0.6546875953125 0.3625 0.6531248078125 0.3640622484375 0.6531248078125 0.368749665625 0.6484372125 0.37031258437500003 0.6484372125 0.37031258437500003 0.6421875953125 0.368749665625 0.6406248078125001 0.368749665625 0.6390627875 0.36562516718750004 0.6359372125 0.36562516718750004 0.6343751921874999 0.3593748328125 0.6281248078125 0.3593748328125 0.6265627874999999 0.357812584375 0.625 0.357812584375 0.6234372125000001 0.356249665625 0.6218751921875 0.356249665625 0.6203124046874999 0.354687415625 0.6187503828125 0.354687415625 0.6140627875 0.35312516718750003 0.6140627875 0.3515622484375 0.6125 0.332812584375 0.6125 0.332812584375 0.6140627875 0.331249665625 0.6156248078125001 0.331249665625 0.6234372125000001 0.329687415625 0.625
18 0.26796519375 0.0006470140625 0.2034002671875 0.0006470140625 0.2034002671875 0.083931853125 0.26796519375 0.083931853125 0.26796519375 0.0006470140625
18 0.11476907656249999 0.289226646875 0.0534103078125 0.289226646875 0.0534103078125 0.3808192953125 0.11476907656249999 0.3808192953125 0.11476907656249999 0.289226646875
18 0.2697623828125 0.8813169984375 0.20169678750000003 0.8813169984375 0.20169678750000003 0.9722511484374999 0.2697623828125 0.9722511484374999 0.2697623828125 0.8813169984375
18 0.569056225 0.8839241953125001 0.5039558234375 0.8839241953125001 0.5039558234375 0.972461715625 0.569056225 0.972461715625 0.569056225 0.8839241953125001
22 0.11685073593749999 0.5882006125 0.05170348125 0.5882006125 0.05170348125 0.6710490046875 0.11685073593749999 0.6710490046875 0.11685073593749999 0.5882006125
23 0.562771084375 0.0032542109375000004 0.5022489953125 0.0032542109375000004 0.5022489953125 0.073499234375 0.562771084375 0.073499234375 0.562771084375 0.0032542109375000004
19 0.7942369484375 0.14168836093749998 0.729511378125 0.14168836093749998 0.729511378125 0.22676493125000002 0.7942369484375 0.22676493125000002 0.7942369484375 0.14168836093749998
21 0.9408801875 0.43545941875 0.8772322625 0.43545941875 0.8772322625 0.522901990625 0.9408801875 0.522901990625 0.9408801875 0.43545941875
20 0.7901606421875 0.7346784078125 0.7308433734374999 0.7346784078125 0.7308433734374999 0.8201914234375 0.7901606421875 0.8201914234375 0.7901606421875 0.7346784078125