6 0.25 0.5698532046875 0.246323303125 0.5735290609375 0.244485275 0.5735290609375 0.237132521875 0.580882265625 0.2352938546875 0.580882265625 0.2279411015625 0.58823546875 0.22426440468750003 0.58823546875 0.21691165156249997 0.5955879281249999 0.21691165156249997 0.681985096875 0.22058834843750003 0.6856616984375 0.22058834843750003 0.6875 0.2224263765625 0.6893383015625 0.22426440468750003 0.6893383015625 0.2316177984375 0.6966915046875 0.2352938546875 0.6966915046875 0.240808578125 0.7022056625 0.242647246875 0.7022056625 0.244485275 0.7040439640625 0.246323303125 0.7040439640625 0.253676696875 0.71139716875 0.255514725 0.71139716875 0.259191421875 0.7150737703125001 0.259191421875 0.7169120718750001 0.26102945 0.7169120718750001 0.262867478125 0.718750371875 0.2665441734375 0.718750371875 0.27389692656250003 0.72610283125 0.2849263765625 0.72610283125 0.28676440468750003 0.72426453125 0.28860307343749997 0.72426453125 0.29411779843749997 0.718750371875 0.2959558265625 0.718750371875 0.303308578125 0.71139716875 0.305147246875 0.71139716875 0.3125 0.7040439640625 0.318014725 0.7040439640625 0.325367478125 0.6966915046875 0.32720614531250003 0.6966915046875 0.3290441734375 0.6948532046875 0.3290441734375 0.693014903125 0.33088220156250003 0.6911766015625 0.3327208703125 0.6911766015625 0.3345588984375 0.6893383015625 0.33823559531249997 0.6893383015625 0.3400736234375 0.6875 0.3419116515625 0.6875 0.3419116515625 0.6856616984375 0.34375032031249997 0.6838233984375 0.34375032031249997 0.6231616984375 0.3419116515625 0.6213233984375 0.3419116515625 0.60110283125 0.34375032031249997 0.59926453125 0.3400736234375 0.5955879281249999 0.3327208703125 0.5955879281249999 0.3290441734375 0.5919120718750001 0.3290441734375 0.5900737703125001 0.32720614531250003 0.58823546875 0.325367478125 0.58823546875 0.318014725 0.580882265625 0.310661971875 0.580882265625 0.306985275 0.5772056625 0.306985275 0.5753673625 0.305147246875 0.5735290609375 0.303308578125 0.5735290609375 0.299632521875 0.5698532046875 0.299632521875 0.568014903125 0.29779385468749997 0.5661766015625 0.2922791296875 0.5661766015625 0.2904411015625 0.5643383015625 0.2849263765625 0.5643383015625 0.2830883484375 0.5661766015625 0.2794116515625 0.5661766015625 0.2775736234375 0.5643383015625 0.262867478125 0.5643383015625 0.26102945 0.5661766015625 0.251838028125 0.5661766015625 0.25 0.568014903125 0.25 0.5698532046875
35 0.6102938546875001 0.705882265625 0.6102938546875001 0.7077205656250001 0.6047791296875 0.71323546875 0.6011030734375 0.71323546875 0.5955883484375 0.718750371875 0.5937503203125 0.718750371875 0.5919116515625 0.7205879281249999 0.5900736234374999 0.7205879281249999 0.5827208703125 0.7279411328125 0.5808822015625 0.7279411328125 0.571691421875 0.7371326375 0.571691421875 0.8051467953125 0.57352945 0.806985096875 0.57352945 0.8125 0.575367478125 0.8143383015625 0.5827208703125 0.8143383015625 0.5955883484375 0.8272056624999999 0.5955883484375 0.8345588671874999 0.5937503203125 0.8363971687499999 0.5937503203125 0.83823546875 0.5919116515625 0.8400737703125 0.5919116515625 0.841912071875 0.5974263765625001 0.8474262296875 0.5974263765625001 0.84926453125 0.5992650453125 0.84926453125 0.6011030734375 0.8511028312500001 0.6047791296875 0.8511028312500001 0.612132521875 0.8584560359375001 0.61397055 0.8584560359375001 0.617647246875 0.8621326375 0.617647246875 0.86397019375 0.619485275 0.8658084953125 0.621323303125 0.8658084953125 0.623161971875 0.8676467953125 0.625 0.8676467953125 0.626838028125 0.869485096875 0.637867478125 0.869485096875 0.6415441734375 0.8658084953125 0.6488969265625 0.8658084953125 0.6562503203125 0.8584560359375001 0.6580883484375 0.8584560359375001 0.6599263765625001 0.8566177343750001 0.6599263765625001 0.854779434375 0.6636030734375 0.8511028312500001 0.6691177984375 0.8511028312500001 0.6709558265625 0.84926453125 0.6727938546875001 0.84926453125 0.678308578125 0.8437503718749999 0.680147246875 0.8437503718749999 0.681985275 0.841912071875 0.681985275 0.8400737703125 0.685661971875 0.8363971687499999 0.6875 0.8363971687499999 0.694852753125 0.8290439640624999 0.696691421875 0.8290439640624999 0.69852945 0.8272056624999999 0.700367478125 0.8272056624999999 0.700367478125 0.7610290609375 0.69852945 0.7591915046875 0.69852945 0.7573532046875 0.696691421875 0.755514903125 0.696691421875 0.7536766015625 0.693014725 0.75 0.691176696875 0.75 0.689338028125 0.7481616984375 0.6875 0.7481616984375 0.683823303125 0.744485096875 0.683823303125 0.7426467953125 0.681985275 0.7408084953125 0.681985275 0.7389709390625 0.680147246875 0.7371326375 0.680147246875 0.731617734375 0.67647055 0.7279411328125 0.67647055 0.72610283125 0.674632521875 0.72426453125 0.674632521875 0.7224262296874999 0.6654411015624999 0.71323546875 0.6636030734375 0.71323546875 0.6580883484375 0.7077205656250001 0.6562503203125 0.7077205656250001 0.6544116515625 0.705882265625 0.6525736234374999 0.705882265625 0.6507355953125 0.7040439640625 0.6488969265625 0.7040439640625 0.6433822015625 0.6985290609375 0.6415441734375 0.6985290609375 0.6397061453124999 0.6966915046875 0.619485275 0.6966915046875 0.617647246875 0.6985290609375 0.617647246875 0.7003673625 0.612132521875 0.705882265625 0.6102938546875001 0.705882265625
35 0.262867478125 0.27389716875 0.26102945 0.27389716875 0.257352753125 0.27757377031249997 0.255514725 0.27757377031249997 0.253676696875 0.279412071875 0.251838028125 0.279412071875 0.25 0.281250371875 0.25 0.283087928125 0.246323303125 0.28676453125 0.242647246875 0.28676453125 0.23897054999999998 0.2904411328125 0.237132521875 0.2904411328125 0.23345582656250002 0.294117734375 0.2316177984375 0.294117734375 0.22426440468750003 0.3014709390625 0.2224263765625 0.3014709390625 0.2150736234375 0.3088233984375 0.2150736234375 0.4025737703125 0.2187503203125 0.4025737703125 0.22058834843750003 0.40441207187500006 0.2224263765625 0.40441207187500006 0.2279411015625 0.4099262296875 0.2316177984375 0.4099262296875 0.244485275 0.42279433749999995 0.246323303125 0.42279433749999995 0.24816197187500003 0.42463263749999997 0.253676696875 0.42463263749999997 0.257352753125 0.4283084953125 0.257352753125 0.4301467953125 0.259191421875 0.431985096875 0.26102945 0.431985096875 0.262867478125 0.4338233984375 0.26470614531250003 0.4338233984375 0.2702208703125 0.4393383015625 0.28860307343749997 0.4393383015625 0.2959558265625 0.431985096875 0.29779385468749997 0.431985096875 0.303308578125 0.4264709390625 0.305147246875 0.4264709390625 0.306985275 0.42463263749999997 0.3125 0.42463263749999997 0.319852753125 0.417279434375 0.325367478125 0.417279434375 0.3327208703125 0.4099262296875 0.33639692656250003 0.4099262296875 0.33823559531249997 0.40808792812499994 0.3400736234375 0.40808792812499994 0.3455883484375 0.4025737703125 0.3455883484375 0.380514903125 0.34375032031249997 0.3786766015625 0.34375032031249997 0.3272056625 0.3455883484375 0.3253673625 0.3455883484375 0.3088233984375 0.3400736234375 0.3033084953125 0.33823559531249997 0.3033084953125 0.33639692656250003 0.3014709390625 0.3327208703125 0.3014709390625 0.3290441734375 0.2977943375 0.3290441734375 0.29595603593750003 0.32720614531250003 0.29595603593750003 0.32352945 0.29227943437500004 0.321691421875 0.29227943437500004 0.319852753125 0.2904411328125 0.319852753125 0.28860283125 0.318014725 0.28860283125 0.316176696875 0.28676453125 0.3125 0.28676453125 0.305147246875 0.279412071875 0.303308578125 0.279412071875 0.30147055 0.27757377031249997 0.299632521875 0.27757377031249997 0.2959558265625 0.27389716875 0.29411779843749997 0.27389716875 0.2922791296875 0.2720588671875 0.2904411015625 0.2720588671875 0.2849263765625 0.26654396406249997 0.2720588984375 0.26654396406249997 0.2720588984375 0.268382265625 0.26838220156250003 0.2720588671875 0.26470614531250003 0.2720588671875 0.262867478125 0.27389716875
35 0.185661971875 0.419117734375 0.178308578125 0.4264709390625 0.1727938546875 0.4264709390625 0.1654411015625 0.4338233984375 0.1636030734375 0.4338233984375 0.1617644046875 0.4356616984375 0.1617644046875 0.4375 0.1580883484375 0.4411766015625 0.1544116515625 0.4411766015625 0.1525736234375 0.443014903125 0.1507355953125 0.443014903125 0.1470588984375 0.4466915046875 0.1452208703125 0.4466915046875 0.14338220156249998 0.4485290609375 0.14338220156249998 0.5422794343749999 0.1470588984375 0.5459560359375 0.1470588984375 0.5477943375 0.1488969265625 0.5477943375 0.1507355953125 0.5496326375 0.1562503203125 0.5496326375 0.1636030734375 0.556985096875 0.1654411015625 0.556985096875 0.1727938546875 0.5643383015625 0.17647055 0.5643383015625 0.178308578125 0.5661766015625 0.180147246875 0.5661766015625 0.185661971875 0.5716915046875 0.1875 0.5716915046875 0.191176696875 0.5753673625 0.191176696875 0.5772056625 0.193014725 0.5790439640625 0.194852753125 0.5790439640625 0.200367478125 0.5845588671875 0.2150736234375 0.5845588671875 0.22058834843750003 0.5790439640625 0.2224263765625 0.5790439640625 0.22977912968749997 0.5716915046875 0.2316177984375 0.5716915046875 0.23345582656250002 0.5698532046875 0.2352938546875 0.5698532046875 0.2352938546875 0.568014903125 0.237132521875 0.5661766015625 0.23897054999999998 0.5661766015625 0.240808578125 0.5643383015625 0.246323303125 0.5643383015625 0.24816197187500003 0.5625 0.24816197187500003 0.5606616984375 0.251838028125 0.556985096875 0.253676696875 0.556985096875 0.255514725 0.5551467953125 0.255514725 0.531250371875 0.26102945 0.52573546875 0.26102945 0.52389716875 0.262867478125 0.5220588671875 0.262867478125 0.5165439640625 0.2665441734375 0.5128673625 0.26838220156250003 0.5128673625 0.2702208703125 0.5110290609375 0.2702208703125 0.5091915046875 0.27389692656250003 0.505514903125 0.27573559531249997 0.505514903125 0.27573559531249997 0.455882265625 0.27389692656250003 0.455882265625 0.2702208703125 0.45220566250000005 0.2702208703125 0.45036736250000003 0.26838220156250003 0.4485290609375 0.2665441734375 0.4485290609375 0.259191421875 0.4411766015625 0.257352753125 0.4411766015625 0.255514725 0.4393383015625 0.253676696875 0.4393383015625 0.24816197187500003 0.4338233984375 0.246323303125 0.4338233984375 0.244485275 0.431985096875 0.242647246875 0.431985096875 0.240808578125 0.4301467953125 0.240808578125 0.4283084953125 0.23897054999999998 0.4264709390625 0.237132521875 0.4264709390625 0.2352938546875 0.42463263749999997 0.23345582656250002 0.42463263749999997 0.22977912968749997 0.4209560359375 0.2279411015625 0.4209560359375 0.22610307343749997 0.419117734375 0.22426440468750003 0.419117734375 0.21691165156249997 0.41176453124999995 0.2150736234375 0.41176453124999995 0.21323559531249997 0.4099262296875 0.20404417343749998 0.4099262296875 0.2022061453125 0.41176453124999995 0.194852753125 0.41176453124999995 0.1875 0.419117734375 0.185661971875 0.419117734375
35 0.5294116515625 0.5716915046875 0.5275736234374999 0.5735290609375 0.5238969265625 0.5735290609375 0.5220588984375001 0.5753673625 0.5220588984375001 0.5772056625 0.5183822015625 0.580882265625 0.5165441734375 0.580882265625 0.509191421875 0.58823546875 0.505514725 0.58823546875 0.503676696875 0.5900737703125001 0.501838028125 0.5900737703125001 0.498161971875 0.593750371875 0.498161971875 0.6580879281249999 0.5 0.6599262296874999 0.5 0.6654411328125 0.501838028125 0.6672794343749999 0.503676696875 0.6672794343749999 0.507352753125 0.6709560359375 0.507352753125 0.6727943375 0.509191421875 0.6746326375 0.5183822015625 0.6746326375 0.5220588984375001 0.6783084953125 0.5220588984375001 0.6948532046875 0.5238969265625 0.6966915046875 0.5257355953125 0.6966915046875 0.5294116515625 0.7003673625 0.5294116515625 0.7022056625 0.5312503203125 0.7040439640625 0.5330883484375 0.7040439640625 0.5404411015624999 0.71139716875 0.5477938546875001 0.71139716875 0.55147055 0.7150737703125001 0.55147055 0.7169120718750001 0.553308578125 0.718750371875 0.555147246875 0.718750371875 0.560661971875 0.72426453125 0.569852753125 0.72426453125 0.569852753125 0.7224262296874999 0.571691421875 0.7205879281249999 0.57352945 0.7205879281249999 0.575367478125 0.718750371875 0.5772061453124999 0.718750371875 0.5827208703125 0.71323546875 0.5845588984375001 0.71323546875 0.5863969265625 0.71139716875 0.5882355953125 0.71139716875 0.5900736234374999 0.7095588671875 0.5919116515625 0.7095588671875 0.5919116515625 0.7077205656250001 0.5937503203125 0.705882265625 0.5955883484375 0.705882265625 0.5974263765625001 0.7040439640625 0.6011030734375 0.7040439640625 0.6029411015624999 0.7022056625 0.6066177984375 0.7022056625 0.6066177984375 0.7003673625 0.6084558265625 0.6985290609375 0.6102938546875001 0.6985290609375 0.612132521875 0.6966915046875 0.61397055 0.6966915046875 0.621323303125 0.6893383015625 0.623161971875 0.6893383015625 0.625 0.6875 0.626838028125 0.6875 0.626838028125 0.619485096875 0.625 0.6176467953125 0.625 0.6158084953125 0.623161971875 0.6139709390625 0.623161971875 0.6121326375 0.621323303125 0.6102943375 0.61397055 0.6102943375 0.6084558265625 0.6047794343749999 0.6084558265625 0.59926453125 0.6011030734375 0.5919120718750001 0.6011030734375 0.5845588671875 0.5992650453125 0.5827205656250001 0.5992650453125 0.580882265625 0.5974263765625001 0.580882265625 0.5900736234374999 0.5735290609375 0.5882355953125 0.5735290609375 0.5845588984375001 0.5698532046875 0.5827208703125 0.5698532046875 0.5772061453124999 0.5643383015625 0.5772061453124999 0.5625 0.575367478125 0.5606616984375 0.57352945 0.5606616984375 0.571691421875 0.5588233984375 0.568014725 0.5588233984375 0.566176696875 0.556985096875 0.566176696875 0.5551467953125 0.564338028125 0.5533084953125 0.55147055 0.5533084953125 0.5386030734375 0.5661766015625 0.5367650453125 0.5661766015625 0.5312503203125 0.5716915046875 0.5294116515625 0.5716915046875
32 0.47242637656250003 0.093750371875 0.47058834843749997 0.095587928125 0.47058834843749997 0.1231616984375 0.4742650453125 0.1231616984375 0.47794110156249997 0.1268383015625 0.47794110156249997 0.1286766015625 0.48161779843749997 0.1323532046875 0.501838028125 0.1323532046875 0.503676696875 0.130514903125 0.505514725 0.130514903125 0.505514725 0.1286766015625 0.512867478125 0.1213233984375 0.512867478125 0.0974262296875 0.51102945 0.095587928125 0.509191421875 0.095587928125 0.505514725 0.091912071875 0.505514725 0.0900737703125 0.503676696875 0.08823546875 0.501838028125 0.08823546875 0.498161971875 0.0845588671875 0.498161971875 0.08272056562499999 0.494485275 0.0790439640625 0.487132521875 0.0790439640625 0.47977912968750003 0.08639716875 0.47794110156249997 0.08639716875 0.47242637656250003 0.091912071875 0.47242637656250003 0.093750371875
0 0.40441165156250003 0.5625 0.40073559531249997 0.5661766015625 0.39889692656250003 0.5661766015625 0.39338220156250003 0.5716915046875 0.3915441734375 0.5716915046875 0.38970614531250003 0.5735290609375 0.384191421875 0.5735290609375 0.382352753125 0.5753673625 0.382352753125 0.5772056625 0.378676696875 0.580882265625 0.376838028125 0.580882265625 0.369485275 0.58823546875 0.367647246875 0.58823546875 0.35661779843749997 0.59926453125 0.35661779843749997 0.6838233984375 0.362132521875 0.6893383015625 0.36397055 0.6893383015625 0.367647246875 0.693014903125 0.367647246875 0.6948532046875 0.369485275 0.6966915046875 0.373161971875 0.6966915046875 0.375 0.6985290609375 0.376838028125 0.6985290609375 0.380514725 0.7022056625 0.382352753125 0.7022056625 0.384191421875 0.7040439640625 0.38602945 0.7040439640625 0.387867478125 0.705882265625 0.38970614531250003 0.705882265625 0.39338220156250003 0.7095588671875 0.3952208703125 0.7095588671875 0.3970588984375 0.71139716875 0.40073559531249997 0.71139716875 0.40257362343749997 0.71323546875 0.40441165156250003 0.71323546875 0.41544110156249997 0.72426453125 0.41727912968750003 0.7224262296874999 0.4227938546875 0.7224262296874999 0.424632521875 0.7205879281249999 0.430147246875 0.7205879281249999 0.431985275 0.718750371875 0.435661971875 0.718750371875 0.439338028125 0.7150737703125001 0.439338028125 0.71323546875 0.44852945 0.7040439640625 0.44852945 0.7022056625 0.450367478125 0.7003673625 0.45955889843750003 0.7003673625 0.45955889843750003 0.6985290609375 0.46139692656250003 0.6966915046875 0.46139692656250003 0.66360283125 0.46507362343749997 0.6599262296874999 0.46691165156250003 0.6599262296874999 0.46875032031249997 0.6580879281249999 0.46875032031249997 0.656250371875 0.47242637656250003 0.6525737703125001 0.4742650453125 0.6525737703125001 0.47610307343749997 0.65073546875 0.47610307343749997 0.64889716875 0.47977912968750003 0.6452205656250001 0.48161779843749997 0.6452205656250001 0.48345582656249997 0.643382265625 0.48345582656249997 0.5974262296874999 0.4742650453125 0.58823546875 0.47242637656250003 0.58823546875 0.46875032031249997 0.5845588671875 0.46875032031249997 0.5827205656250001 0.46691165156250003 0.580882265625 0.46323559531249997 0.580882265625 0.46139692656250003 0.5790439640625 0.45955889843750003 0.5790439640625 0.45404417343750003 0.5735290609375 0.450367478125 0.5735290609375 0.44669142187500005 0.5698532046875 0.44669142187500005 0.568014903125 0.444852753125 0.5661766015625 0.443014725 0.5661766015625 0.44117669687500005 0.5643383015625 0.439338028125 0.5643383015625 0.435661971875 0.5606616984375 0.43382330312499995 0.5606616984375 0.431985275 0.5588233984375 0.430147246875 0.5588233984375 0.42830857812499995 0.556985096875 0.40992637656250003 0.556985096875 0.40808834843749997 0.5588233984375 0.40625032031249997 0.5588233984375 0.40441165156250003 0.5606616984375 0.40441165156250003 0.5625
32 0.3327208703125 0.095587928125 0.33088220156250003 0.0974262296875 0.33088220156250003 0.10110283125 0.3290441734375 0.10294113281249999 0.3290441734375 0.125 0.3345588984375 0.130514903125 0.33639692656250003 0.130514903125 0.3400736234375 0.13419150468750002 0.3455883484375 0.13419150468750002 0.3474263765625 0.1323532046875 0.3584558265625 0.1323532046875 0.36029385468749997 0.130514903125 0.36397055 0.130514903125 0.365808578125 0.1286766015625 0.365808578125 0.1268383015625 0.369485275 0.1231616984375 0.371323303125 0.1231616984375 0.373161971875 0.1213233984375 0.373161971875 0.10110283125 0.371323303125 0.09926453125 0.371323303125 0.0974262296875 0.365808578125 0.091912071875 0.365808578125 0.0900737703125 0.36397055 0.08823546875 0.362132521875 0.08823546875 0.3584558265625 0.0845588671875 0.3584558265625 0.08272056562499999 0.35661779843749997 0.080882265625 0.3547791296875 0.080882265625 0.3529411015625 0.0790439640625 0.3455883484375 0.0790439640625 0.33823559531249997 0.08639716875 0.33823559531249997 0.08823546875 0.3327208703125 0.093750371875 0.3327208703125 0.095587928125
0 0.5349263765625001 0.28676453125 0.5330883484375 0.28860283125 0.5312503203125 0.28860283125 0.5312503203125 0.2904411328125 0.5294116515625 0.29227943437500004 0.5275736234374999 0.29227943437500004 0.5257355953125 0.294117734375 0.5238969265625 0.294117734375 0.5220588984375001 0.29595603593750003 0.5202208703125 0.29595603593750003 0.5165441734375 0.2996326375 0.5147061453124999 0.2996326375 0.512867478125 0.3014709390625 0.509191421875 0.3014709390625 0.507352753125 0.3033084953125 0.507352753125 0.3051467953125 0.503676696875 0.3088233984375 0.501838028125 0.3088233984375 0.501838028125 0.3970588671875 0.507352753125 0.4025737703125 0.509191421875 0.4025737703125 0.5165441734375 0.4099262296875 0.5202208703125 0.4099262296875 0.5238969265625 0.41360283124999997 0.5257355953125 0.41360283124999997 0.5294116515625 0.417279434375 0.5330883484375 0.417279434375 0.5386030734375 0.42279433749999995 0.5404411015624999 0.42279433749999995 0.5422791296875 0.42463263749999997 0.5477938546875001 0.42463263749999997 0.55147055 0.4283084953125 0.55147055 0.4301467953125 0.553308578125 0.431985096875 0.555147246875 0.431985096875 0.558823303125 0.4356616984375 0.558823303125 0.4375 0.5625 0.4411766015625 0.564338028125 0.4393383015625 0.569852753125 0.4393383015625 0.571691421875 0.4375 0.57352945 0.4375 0.5790441734375 0.431985096875 0.5808822015625 0.431985096875 0.5827208703125 0.4301467953125 0.5845588984375001 0.4301467953125 0.5845588984375001 0.4283084953125 0.5863969265625 0.4264709390625 0.5882355953125 0.4264709390625 0.5900736234374999 0.42463263749999997 0.5919116515625 0.42463263749999997 0.5937503203125 0.42279433749999995 0.5974263765625001 0.42279433749999995 0.6029411015624999 0.417279434375 0.6047791296875 0.417279434375 0.6066177984375 0.41544113281249995 0.6066177984375 0.406250371875 0.6029411015624999 0.4025737703125 0.6029411015624999 0.40073546875000005 0.6011030734375 0.39889716875 0.6011030734375 0.3878673625 0.6029411015624999 0.3860290609375 0.6029411015624999 0.3841915046875 0.6066177984375 0.380514903125 0.6066177984375 0.3786766015625 0.6084558265625 0.3768383015625 0.6084558265625 0.3731616984375 0.6102938546875001 0.3713233984375 0.6102938546875001 0.369485096875 0.612132521875 0.3676467953125 0.61397055 0.3676467953125 0.615808578125 0.3658084953125 0.615808578125 0.3639709390625 0.621323303125 0.35845603593750003 0.625 0.35845603593750003 0.625 0.3088233984375 0.623161971875 0.306985096875 0.623161971875 0.3051467953125 0.621323303125 0.3033084953125 0.619485275 0.3033084953125 0.617647246875 0.3014709390625 0.61397055 0.3014709390625 0.6066177984375 0.294117734375 0.6047791296875 0.294117734375 0.5974263765625001 0.28676453125 0.5900736234374999 0.28676453125 0.5845588984375001 0.281250371875 0.5845588984375001 0.279412071875 0.5459558265625 0.279412071875 0.5441177984375 0.281250371875 0.5441177984375 0.283087928125 0.5404411015624999 0.28676453125 0.5349263765625001 0.28676453125
0 0.384191421875 0.294117734375 0.378676696875 0.294117734375 0.371323303125 0.3014709390625 0.369485275 0.3014709390625 0.362132521875 0.3088233984375 0.36029385468749997 0.3088233984375 0.3584558265625 0.3106616984375 0.3584558265625 0.393382265625 0.362132521875 0.3970588671875 0.362132521875 0.39889716875 0.36397055 0.39889716875 0.367647246875 0.4025737703125 0.371323303125 0.4025737703125 0.375 0.406250371875 0.375 0.40808792812499994 0.376838028125 0.4099262296875 0.384191421875 0.4099262296875 0.38602945 0.41176453124999995 0.387867478125 0.41176453124999995 0.38970614531250003 0.41360283124999997 0.38970614531250003 0.41544113281249995 0.3915441734375 0.41544113281249995 0.39338220156250003 0.417279434375 0.40992637656250003 0.417279434375 0.41360307343749997 0.41360283124999997 0.41544110156249997 0.41360283124999997 0.41911779843749997 0.4099262296875 0.424632521875 0.4099262296875 0.430147246875 0.41544113281249995 0.431985275 0.41544113281249995 0.43382330312499995 0.417279434375 0.44852945 0.417279434375 0.450367478125 0.41544113281249995 0.4522061453125 0.41544113281249995 0.45772087031249997 0.4099262296875 0.46507362343749997 0.4099262296875 0.47242637656250003 0.4025737703125 0.4742650453125 0.4025737703125 0.48345582656249997 0.393382265625 0.48345582656249997 0.3106616984375 0.48161779843749997 0.3088233984375 0.47794110156249997 0.3088233984375 0.47610307343749997 0.306985096875 0.4742650453125 0.306985096875 0.47058834843749997 0.3033084953125 0.46875032031249997 0.3033084953125 0.46691165156250003 0.3014709390625 0.46507362343749997 0.3014709390625 0.45772087031249997 0.294117734375 0.45404417343750003 0.294117734375 0.4522061453125 0.29227943437500004 0.450367478125 0.29227943437500004 0.444852753125 0.28676453125 0.443014725 0.28676453125 0.439338028125 0.283087928125 0.439338028125 0.279412071875 0.39889692656250003 0.279412071875 0.39889692656250003 0.281250371875 0.3952208703125 0.28492622968750003 0.39338220156250003 0.28492622968750003 0.384191421875 0.294117734375
26 0.6691177984375 0.4356616984375 0.6691177984375 0.4375 0.6709558265625 0.4393383015625 0.6727938546875001 0.4393383015625 0.678308578125 0.4448532046875 0.680147246875 0.4448532046875 0.681985275 0.4466915046875 0.6875 0.4466915046875 0.691176696875 0.45036736250000003 0.691176696875 0.45220566250000005 0.7022061453124999 0.45220566250000005 0.7022061453124999 0.4356616984375 0.700367478125 0.4338233984375 0.69852945 0.4338233984375 0.696691421875 0.431985096875 0.694852753125 0.431985096875 0.691176696875 0.4283084953125 0.689338028125 0.4283084953125 0.6875 0.4264709390625 0.685661971875 0.4264709390625 0.681985275 0.42279433749999995 0.681985275 0.4209560359375 0.680147246875 0.419117734375 0.678308578125 0.419117734375 0.674632521875 0.41544113281249995 0.674632521875 0.41360283124999997 0.6544116515625 0.41360283124999997 0.6544116515625 0.4283084953125 0.6580883484375 0.431985096875 0.6654411015624999 0.431985096875 0.6691177984375 0.4356616984375
37 0.6029411015624999 0.4264709390625 0.6011030734375 0.4283084953125 0.5992650453125 0.4283084953125 0.5937503203125 0.4338233984375 0.5919116515625 0.4338233984375 0.5845588984375001 0.4411766015625 0.5827208703125 0.4411766015625 0.5808822015625 0.443014903125 0.5808822015625 0.4448532046875 0.5790441734375 0.4466915046875 0.5790441734375 0.4485290609375 0.575367478125 0.45220566250000005 0.575367478125 0.4540439640625 0.57352945 0.455882265625 0.57352945 0.46323546875000005 0.575367478125 0.4650737703125 0.575367478125 0.46691207187500006 0.5772061453124999 0.46691207187500006 0.5827208703125 0.46139716875000003 0.5974263765625001 0.46139716875000003 0.6029411015624999 0.46691207187500006 0.6011030734375 0.468750371875 0.6011030734375 0.4724262296875 0.617647246875 0.4889709390625 0.617647246875 0.494485096875 0.615808578125 0.4963233984375 0.615808578125 0.4981616984375 0.61397055 0.5 0.6066177984375 0.5 0.6029411015624999 0.5036766015625 0.6029411015624999 0.5073532046875 0.5974263765625001 0.5128673625 0.5845588984375001 0.5128673625 0.5790441734375 0.5073532046875 0.5772061453124999 0.5073532046875 0.575367478125 0.505514903125 0.569852753125 0.505514903125 0.569852753125 0.53860283125 0.571691421875 0.5404411328125 0.57352945 0.5404411328125 0.575367478125 0.5422794343749999 0.5772061453124999 0.5422794343749999 0.5808822015625 0.5459560359375 0.5808822015625 0.5477943375 0.5827208703125 0.5496326375 0.5863969265625 0.5496326375 0.5882355953125 0.5514709390625 0.5900736234374999 0.5514709390625 0.5937503203125 0.5551467953125 0.5955883484375 0.5551467953125 0.5974263765625001 0.556985096875 0.5992650453125 0.556985096875 0.6011030734375 0.5588233984375 0.6029411015624999 0.5588233984375 0.6047791296875 0.5606616984375 0.6047791296875 0.5625 0.6066177984375 0.5625 0.6066177984375 0.5606616984375 0.6084558265625 0.5588233984375 0.6102938546875001 0.5588233984375 0.612132521875 0.556985096875 0.61397055 0.556985096875 0.615808578125 0.5551467953125 0.615808578125 0.5533084953125 0.619485275 0.5496326375 0.621323303125 0.5496326375 0.623161971875 0.5514709390625 0.625 0.5514709390625 0.628676696875 0.5551467953125 0.630514725 0.5551467953125 0.632352753125 0.556985096875 0.63602945 0.556985096875 0.6397061453124999 0.5606616984375 0.6397061453124999 0.5625 0.6415441734375 0.5643383015625 0.6433822015625 0.5643383015625 0.6488969265625 0.5698532046875 0.6507355953125 0.5698532046875 0.6562503203125 0.5643383015625 0.6580883484375 0.5643383015625 0.6654411015624999 0.556985096875 0.6727938546875001 0.556985096875 0.674632521875 0.5551467953125 0.674632521875 0.5533084953125 0.678308578125 0.5496326375 0.683823303125 0.5496326375 0.685661971875 0.5477943375 0.6875 0.5477943375 0.693014725 0.5422794343749999 0.694852753125 0.5422794343749999 0.696691421875 0.5404411328125 0.696691421875 0.531250371875 0.69852945 0.5294120718750001 0.69852945 0.5073532046875 0.700367478125 0.505514903125 0.700367478125 0.47794113281249995 0.69852945 0.47610283124999997 0.69852945 0.455882265625 0.696691421875 0.4540439640625 0.696691421875 0.45036736250000003 0.694852753125 0.45036736250000003 0.693014725 0.4485290609375 0.685661971875 0.4485290609375 0.681985275 0.4448532046875 0.681985275 0.443014903125 0.680147246875 0.4411766015625 0.67647055 0.4411766015625 0.674632521875 0.4393383015625 0.6727938546875001 0.4393383015625 0.6672791296875 0.4338233984375 0.6636030734375 0.4338233984375 0.6599263765625001 0.4301467953125 0.6599263765625001 0.4283084953125 0.6580883484375 0.4264709390625 0.6562503203125 0.4264709390625 0.6544116515625 0.42463263749999997 0.6525736234374999 0.42463263749999997 0.6507355953125 0.42279433749999995 0.615808578125 0.42279433749999995 0.61397055 0.42463263749999997 0.6102938546875001 0.42463263749999997 0.6084558265625 0.4264709390625 0.6029411015624999 0.4264709390625
36 0.693014725 0.5606616984375 0.6875 0.5661766015625 0.685661971875 0.5661766015625 0.683823303125 0.568014903125 0.683823303125 0.5698532046875 0.680147246875 0.5735290609375 0.67647055 0.5735290609375 0.674632521875 0.5753673625 0.6727938546875001 0.5753673625 0.6636030734375 0.5845588671875 0.6636030734375 0.59926453125 0.6617650453125 0.60110283125 0.6617650453125 0.6029411328125 0.6599263765625001 0.6047794343749999 0.6599263765625001 0.606617734375 0.6580883484375 0.6084560359375 0.6562503203125 0.6084560359375 0.6544116515625 0.6102943375 0.6525736234374999 0.6102943375 0.6507355953125 0.6121326375 0.6488969265625 0.6121326375 0.6470588984375001 0.6139709390625 0.6470588984375001 0.6856616984375 0.6507355953125 0.6893383015625 0.6580883484375 0.6893383015625 0.6617650453125 0.693014903125 0.6617650453125 0.6948532046875 0.6636030734375 0.6966915046875 0.6672791296875 0.6966915046875 0.6709558265625 0.7003673625 0.6727938546875001 0.7003673625 0.674632521875 0.7022056625 0.680147246875 0.7022056625 0.681985275 0.7040439640625 0.689338028125 0.7040439640625 0.691176696875 0.7022056625 0.694852753125 0.7022056625 0.700367478125 0.6966915046875 0.7077208703125 0.6966915046875 0.7150736234374999 0.7040439640625 0.7187503203125 0.7040439640625 0.7205883484375 0.705882265625 0.7242650453125 0.705882265625 0.7279411015624999 0.7022056625 0.7297791296875 0.7022056625 0.7316177984375 0.7003673625 0.7334558265625 0.7022056625 0.73897055 0.7022056625 0.744485275 0.6966915046875 0.746323303125 0.6966915046875 0.748161971875 0.6948532046875 0.748161971875 0.693014903125 0.751838028125 0.6893383015625 0.76102945 0.6893383015625 0.762867478125 0.6875 0.762867478125 0.6801467953125 0.7647061453124999 0.6783084953125 0.7647061453124999 0.6746326375 0.7665441734375 0.6727943375 0.7665441734375 0.6709560359375 0.7683822015625 0.669117734375 0.7683822015625 0.6286766015625 0.7665441734375 0.6268383015625 0.7665441734375 0.625 0.7647061453124999 0.6231616984375 0.7647061453124999 0.6213233984375 0.762867478125 0.619485096875 0.7647061453124999 0.6176467953125 0.7647061453124999 0.6139709390625 0.755514725 0.6047794343749999 0.755514725 0.60110283125 0.753676696875 0.59926453125 0.753676696875 0.5974262296874999 0.748161971875 0.5919120718750001 0.748161971875 0.5827205656250001 0.746323303125 0.580882265625 0.744485275 0.580882265625 0.737132521875 0.5735290609375 0.7316177984375 0.5735290609375 0.7242650453125 0.5661766015625 0.7224263765625001 0.5661766015625 0.7187503203125 0.5625 0.7187503203125 0.5606616984375 0.7150736234374999 0.556985096875 0.700367478125 0.556985096875 0.69852945 0.5588233984375 0.696691421875 0.5588233984375 0.694852753125 0.5606616984375 0.693014725 0.5606616984375
17 0.4742650453125 0.1397056625 0.46691165156250003 0.1470588671875 0.46323559531249997 0.1470588671875 0.45955889843750003 0.15073546875 0.45772087031249997 0.15073546875 0.45404417343750003 0.154412071875 0.4522061453125 0.154412071875 0.444852753125 0.16176453125 0.443014725 0.16176453125 0.44117669687500005 0.16360283125 0.439338028125 0.16360283125 0.439338028125 0.1654411328125 0.4375 0.16727943437499998 0.435661971875 0.16727943437499998 0.430147246875 0.1727943375 0.430147246875 0.23345603593750003 0.43382330312499995 0.23713263750000002 0.43382330312499995 0.24080849531249998 0.435661971875 0.2426467953125 0.435661971875 0.244485096875 0.4375 0.2463233984375 0.44117669687500005 0.2463233984375 0.443014725 0.2481616984375 0.44669142187500005 0.2481616984375 0.45404417343750003 0.255514903125 0.45404417343750003 0.2573532046875 0.45588220156250003 0.2591915046875 0.45588220156250003 0.2610290609375 0.45404417343750003 0.2628673625 0.45404417343750003 0.2647056625 0.4522061453125 0.26654396406249997 0.4522061453125 0.268382265625 0.45404417343750003 0.268382265625 0.45588220156250003 0.27022056562499996 0.45955889843750003 0.27022056562499996 0.46323559531249997 0.27389716875 0.46323559531249997 0.27573546875 0.46507362343749997 0.27757377031249997 0.46875032031249997 0.27757377031249997 0.47058834843749997 0.279412071875 0.4742650453125 0.279412071875 0.47610307343749997 0.281250371875 0.47610307343749997 0.283087928125 0.47794110156249997 0.283087928125 0.47977912968750003 0.28492622968750003 0.51102945 0.28492622968750003 0.512867478125 0.283087928125 0.512867478125 0.281250371875 0.5165441734375 0.27757377031249997 0.5183822015625 0.27757377031249997 0.5202208703125 0.27573546875 0.5202208703125 0.27389716875 0.5238969265625 0.27022056562499996 0.5330883484375 0.27022056562499996 0.5349263765625001 0.268382265625 0.5349263765625001 0.2591915046875 0.5312503203125 0.255514903125 0.5294116515625 0.255514903125 0.5275736234374999 0.2536766015625 0.5275736234374999 0.2481616984375 0.5330883484375 0.2426467953125 0.5330883484375 0.24080849531249998 0.5349263765625001 0.23897093906250003 0.5349263765625001 0.229779434375 0.5386030734375 0.22610283125000002 0.5404411015624999 0.22610283125000002 0.5477938546875001 0.218750371875 0.549632521875 0.218750371875 0.55147055 0.216912071875 0.553308578125 0.216912071875 0.555147246875 0.2150737703125 0.555147246875 0.169117734375 0.553308578125 0.169117734375 0.549632521875 0.1654411328125 0.549632521875 0.16360283125 0.5477938546875001 0.16176453125 0.5459558265625 0.16176453125 0.5404411015624999 0.156250371875 0.5386030734375 0.156250371875 0.5367650453125 0.154412071875 0.5312503203125 0.154412071875 0.5275736234374999 0.15073546875 0.5275736234374999 0.14889716875 0.5257355953125 0.1470588671875 0.5183822015625 0.1470588671875 0.51102945 0.1397056625 0.509191421875 0.1397056625 0.505514725 0.1360290609375 0.48161779843749997 0.1360290609375 0.47977912968750003 0.1378673625 0.47794110156249997 0.1378673625 0.47610307343749997 0.1397056625 0.4742650453125 0.1397056625
37 0.615808578125 0.1397056625 0.612132521875 0.1397056625 0.6102938546875001 0.1415439640625 0.6102938546875001 0.143382265625 0.6066177984375 0.1470588671875 0.6029411015624999 0.1470588671875 0.6011030734375 0.14889716875 0.5992650453125 0.14889716875 0.5937503203125 0.154412071875 0.5900736234374999 0.154412071875 0.5882355953125 0.156250371875 0.5882355953125 0.158087928125 0.5845588984375001 0.16176453125 0.5808822015625 0.16176453125 0.5790441734375 0.16360283125 0.5772061453124999 0.16360283125 0.57352945 0.16727943437499998 0.571691421875 0.16727943437499998 0.571691421875 0.2352943375 0.57352945 0.23713263750000002 0.57352945 0.23897093906250003 0.575367478125 0.24080849531249998 0.575367478125 0.2426467953125 0.5790441734375 0.2463233984375 0.5808822015625 0.2463233984375 0.5827208703125 0.2481616984375 0.5863969265625 0.2481616984375 0.5882355953125 0.25 0.5900736234374999 0.25 0.5937503203125 0.2536766015625 0.5937503203125 0.255514903125 0.5955883484375 0.2573532046875 0.5955883484375 0.27389716875 0.5974263765625001 0.27573546875 0.5992650453125 0.27573546875 0.6084558265625 0.28492622968750003 0.6102938546875001 0.28492622968750003 0.615808578125 0.2904411328125 0.617647246875 0.2904411328125 0.619485275 0.29227943437500004 0.621323303125 0.29227943437500004 0.625 0.29595603593750003 0.625 0.2977943375 0.637867478125 0.2977943375 0.6415441734375 0.294117734375 0.6433822015625 0.294117734375 0.6452208703125 0.29227943437500004 0.6488969265625 0.29227943437500004 0.6580883484375 0.283087928125 0.6599263765625001 0.283087928125 0.6599263765625001 0.281250371875 0.6617650453125 0.279412071875 0.6636030734375 0.279412071875 0.6654411015624999 0.27757377031249997 0.6709558265625 0.27757377031249997 0.678308578125 0.27022056562499996 0.680147246875 0.27022056562499996 0.685661971875 0.2647056625 0.6875 0.2647056625 0.689338028125 0.2628673625 0.693014725 0.2628673625 0.696691421875 0.2591915046875 0.696691421875 0.16727943437499998 0.694852753125 0.1654411328125 0.694852753125 0.16360283125 0.693014725 0.16360283125 0.691176696875 0.16176453125 0.685661971875 0.16176453125 0.681985275 0.158087928125 0.681985275 0.156250371875 0.680147246875 0.154412071875 0.67647055 0.154412071875 0.6709558265625 0.14889716875 0.6691177984375 0.14889716875 0.6672791296875 0.1470588671875 0.6636030734375 0.1470588671875 0.6562503203125 0.1397056625 0.6488969265625 0.1397056625 0.6452208703125 0.1360290609375 0.6452208703125 0.13419150468750002 0.621323303125 0.13419150468750002 0.621323303125 0.1360290609375 0.619485275 0.1378673625 0.617647246875 0.1378673625 0.615808578125 0.1397056625
36 0.46507362343749997 0.71323546875 0.46323559531249997 0.7150737703125001 0.46139692656250003 0.7150737703125001 0.45772087031249997 0.718750371875 0.45588220156250003 0.718750371875 0.45404417343750003 0.7205879281249999 0.450367478125 0.7205879281249999 0.443014725 0.7279411328125 0.44117669687500005 0.7279411328125 0.44117669687500005 0.7297794343749999 0.435661971875 0.7352943375 0.431985275 0.7352943375 0.430147246875 0.7371326375 0.42830857812499995 0.7371326375 0.42830857812499995 0.7408084953125 0.42647055 0.7426467953125 0.42647055 0.7922794343749999 0.42830857812499995 0.794117734375 0.42830857812499995 0.7996326375 0.42647055 0.80147019375 0.42647055 0.8088233984375 0.42830857812499995 0.8106616984375 0.42830857812499995 0.8198532046875 0.431985275 0.82352980625 0.431985275 0.8253673625 0.443014725 0.8363971687499999 0.444852753125 0.8363971687499999 0.450367478125 0.841912071875 0.4522061453125 0.841912071875 0.45404417343750003 0.8437503718749999 0.45588220156250003 0.8437503718749999 0.45772087031249997 0.845587928125 0.45955889843750003 0.845587928125 0.46139692656250003 0.8474262296875 0.46507362343749997 0.8474262296875 0.47058834843749997 0.8529411328125001 0.47242637656250003 0.8529411328125001 0.4742650453125 0.854779434375 0.4742650453125 0.8566177343750001 0.47794110156249997 0.8602943375000001 0.47794110156249997 0.8621326375 0.505514725 0.8621326375 0.512867478125 0.854779434375 0.512867478125 0.8529411328125001 0.5147061453124999 0.8511028312500001 0.5147061453124999 0.84926453125 0.5165441734375 0.8474262296875 0.5183822015625 0.8474262296875 0.5202208703125 0.845587928125 0.5238969265625 0.845587928125 0.5257355953125 0.8437503718749999 0.5275736234374999 0.8437503718749999 0.5294116515625 0.841912071875 0.5312503203125 0.841912071875 0.5330883484375 0.8400737703125 0.5330883484375 0.832720565625 0.5275736234374999 0.8272056624999999 0.5275736234374999 0.8161766015625 0.5294116515625 0.8143383015625 0.5294116515625 0.8125 0.5330883484375 0.8088233984375 0.5330883484375 0.806985096875 0.5349263765625001 0.8051467953125 0.5349263765625001 0.8033084953125 0.5386030734375 0.7996326375 0.5404411015624999 0.7996326375 0.5422791296875 0.7977943375 0.5422791296875 0.7959560359375 0.5459558265625 0.7922794343749999 0.5477938546875001 0.7922794343749999 0.549632521875 0.7904411328125 0.549632521875 0.78860283125 0.553308578125 0.7849262296874999 0.555147246875 0.7849262296874999 0.556985275 0.7830879281249999 0.556985275 0.7591915046875 0.555147246875 0.7573532046875 0.555147246875 0.7408084953125 0.553308578125 0.7389709390625 0.553308578125 0.7371326375 0.55147055 0.7371326375 0.549632521875 0.7352943375 0.5477938546875001 0.7352943375 0.5404411015624999 0.7279411328125 0.5386030734375 0.7279411328125 0.5330883484375 0.7224262296874999 0.5312503203125 0.7224262296874999 0.5294116515625 0.7205879281249999 0.5238969265625 0.7205879281249999 0.5165441734375 0.71323546875 0.5147061453124999 0.71323546875 0.51102945 0.7095588671875 0.47242637656250003 0.7095588671875 0.47058834843749997 0.71139716875 0.46875032031249997 0.71139716875 0.46691165156250003 0.71323546875 0.46507362343749997 0.71323546875
37 0.6891818187500001 0.2720588671875 0.6873437906250001 0.27389716875 0.685505121875 0.27389716875 0.685505121875 0.27573546875 0.68366709375 0.27757377031249997 0.681829065625 0.27757377031249997 0.679990396875 0.279412071875 0.67815236875 0.279412071875 0.6763143406250001 0.281250371875 0.6763143406250001 0.283087928125 0.67263764375 0.28676453125 0.668960946875 0.28676453125 0.6634462234375 0.29227943437500004 0.6616081953124999 0.29227943437500004 0.6597701671875 0.294117734375 0.6560934703125 0.294117734375 0.6542554421875 0.29595603593750003 0.6542554421875 0.2977943375 0.6505787453125 0.3014709390625 0.6487407171874999 0.3014709390625 0.6469026890625 0.3033084953125 0.6450640203125 0.3033084953125 0.6413879640625 0.306985096875 0.6413879640625 0.380514903125 0.6432259921875 0.380514903125 0.6450640203125 0.3823532046875 0.6450640203125 0.3841915046875 0.6487407171874999 0.3878673625 0.6505787453125 0.3878673625 0.6524167734375 0.3897056625 0.6542554421875 0.3897056625 0.6616081953124999 0.3970588671875 0.6616081953124999 0.406250371875 0.6634462234375 0.40808792812499994 0.6634462234375 0.4099262296875 0.665284890625 0.4099262296875 0.66712291875 0.41176453124999995 0.66712291875 0.41360283124999997 0.670799615625 0.417279434375 0.674475671875 0.417279434375 0.6763143406250001 0.419117734375 0.67815236875 0.419117734375 0.681829065625 0.42279433749999995 0.68366709375 0.42279433749999995 0.685505121875 0.42463263749999997 0.6873437906250001 0.42463263749999997 0.691019846875 0.4283084953125 0.691019846875 0.4301467953125 0.6928585140625 0.431985096875 0.6946965421875 0.431985096875 0.7020492953125 0.4393383015625 0.7112407171874999 0.4393383015625 0.7130787453125 0.4375 0.7149167734375 0.4375 0.7204314984375 0.431985096875 0.7222701671875 0.431985096875 0.72962291875 0.42463263749999997 0.731460946875 0.42463263749999997 0.733299615625 0.42279433749999995 0.73513764375 0.42279433749999995 0.7388143406250001 0.419117734375 0.74065236875 0.419117734375 0.742490396875 0.417279434375 0.744329065625 0.417279434375 0.7516818187500001 0.4099262296875 0.7553585140625 0.4099262296875 0.7571965421875 0.40808792812499994 0.7590345703125 0.40808792812499994 0.7627112671875 0.40441207187500006 0.7645492953125 0.40441207187500006 0.7663879640625 0.4025737703125 0.7682259921875 0.4025737703125 0.7700640203125 0.40073546875000005 0.7700640203125 0.3106616984375 0.7663879640625 0.306985096875 0.7645492953125 0.306985096875 0.7627112671875 0.3051467953125 0.7627112671875 0.3033084953125 0.7608726 0.3014709390625 0.7590345703125 0.3014709390625 0.7516818187500001 0.294117734375 0.7498437906250001 0.294117734375 0.748005121875 0.29227943437500004 0.74616709375 0.29227943437500004 0.742490396875 0.28860283125 0.74065236875 0.28860283125 0.7388143406250001 0.28676453125 0.736975671875 0.28676453125 0.733299615625 0.283087928125 0.733299615625 0.281250371875 0.731460946875 0.279412071875 0.72962291875 0.279412071875 0.727784890625 0.27757377031249997 0.7259462234375 0.27757377031249997 0.7222701671875 0.27389716875 0.7204314984375 0.27389716875 0.7185934703125 0.2720588671875 0.7149167734375 0.2720588671875 0.7112407171874999 0.268382265625 0.6965345703125 0.268382265625 0.6946965421875 0.27022056562499996 0.6928585140625 0.27022056562499996 0.691019846875 0.2720588671875 0.6891818187500001 0.2720588671875
7 0.40073559531249997 0.417279434375 0.4117650453125 0.417279434375 0.41727912968750003 0.41176453124999995 0.41911779843749997 0.41176453124999995 0.42095582656249997 0.4099262296875 0.4227938546875 0.4099262296875 0.42830857812499995 0.41544113281249995 0.430147246875 0.41544113281249995 0.431985275 0.417279434375 0.444852753125 0.417279434375 0.44669142187500005 0.41544113281249995 0.44669142187500005 0.35477943437500004 0.3952208703125 0.35477943437500004 0.3952208703125 0.41360283124999997 0.3970588984375 0.41544113281249995 0.39889692656250003 0.41544113281249995 0.40073559531249997 0.417279434375
37 0.6012548015625 0.4264709390625 0.5994161328125001 0.4283084953125 0.5975781046875001 0.4283084953125 0.5975781046875001 0.4301467953125 0.5957400765624999 0.431985096875 0.5939014078125 0.431985096875 0.5920633796875 0.4338233984375 0.5902253515625 0.4338233984375 0.588386684375 0.4356616984375 0.588386684375 0.4375 0.5847106281250001 0.4411766015625 0.58103393125 0.4411766015625 0.5718425093749999 0.45036736250000003 0.5718425093749999 0.45955886718750005 0.573681178125 0.46139716875000003 0.573681178125 0.46691207187500006 0.57551920625 0.468749628125 0.577357234375 0.468749628125 0.579195903125 0.46691207187500006 0.579195903125 0.4650737703125 0.58103393125 0.46323546875000005 0.582871959375 0.46323546875000005 0.5847106281250001 0.46139716875000003 0.58654865625 0.46323546875000005 0.5975781046875001 0.46323546875000005 0.6012548015625 0.46691207187500006 0.5994161328125001 0.468749628125 0.5994161328125001 0.47426453124999995 0.6012548015625 0.47426453124999995 0.6049308578125 0.47794113281249995 0.6067695265624999 0.47794113281249995 0.6086075546874999 0.479779434375 0.6086075546874999 0.481617734375 0.6159603078125 0.4889709390625 0.6159603078125 0.4963233984375 0.6141222796875 0.4981616984375 0.6122842515625 0.4981616984375 0.6104455828125 0.5 0.6049308578125 0.5 0.6049308578125 0.5018383015625 0.6030928296875 0.5036766015625 0.6030928296875 0.505514903125 0.5975781046875001 0.5110290609375 0.5939014078125 0.5110290609375 0.5920633796875 0.5091915046875 0.5847106281250001 0.5091915046875 0.582871959375 0.5073532046875 0.58103393125 0.5073532046875 0.57551920625 0.5018383015625 0.5718425093749999 0.5018383015625 0.57000448125 0.5036766015625 0.568166453125 0.5036766015625 0.568166453125 0.5404411328125 0.5718425093749999 0.5404411328125 0.573681178125 0.5422794343749999 0.577357234375 0.5422794343749999 0.58103393125 0.5459560359375 0.58103393125 0.5477943375 0.582871959375 0.5496326375 0.5847106281250001 0.5496326375 0.58654865625 0.5514709390625 0.588386684375 0.5514709390625 0.5902253515625 0.5533084953125 0.5902253515625 0.5551467953125 0.5939014078125 0.5551467953125 0.5957400765624999 0.556985096875 0.5994161328125001 0.556985096875 0.6049308578125 0.5625 0.6067695265624999 0.5625 0.6122842515625 0.556985096875 0.6141222796875 0.556985096875 0.619637003125 0.5514709390625 0.6233137 0.5514709390625 0.62698975625 0.5551467953125 0.6288277843750001 0.5551467953125 0.630666453125 0.556985096875 0.636181178125 0.556985096875 0.639857234375 0.5606616984375 0.639857234375 0.5625 0.64353393125 0.5661766015625 0.645371959375 0.5661766015625 0.6472106281250001 0.568014903125 0.6472106281250001 0.5698532046875 0.6527253515625 0.5698532046875 0.6527253515625 0.568014903125 0.6564014078125 0.5643383015625 0.6582400765624999 0.5643383015625 0.6600781046875001 0.5625 0.6619161328125001 0.5625 0.6619161328125001 0.5606616984375 0.6637548015625 0.5588233984375 0.6674308578125 0.5588233984375 0.6692695265624999 0.556985096875 0.6729455828125 0.556985096875 0.6747842515625 0.5551467953125 0.6747842515625 0.5533084953125 0.6784603078125 0.5496326375 0.6839750312499999 0.5496326375 0.6858130609375 0.5477943375 0.687651728125 0.5477943375 0.693166453125 0.5422794343749999 0.69500448125 0.5422794343749999 0.6968425093749999 0.5404411328125 0.6968425093749999 0.53676453125 0.698681178125 0.5349262296874999 0.698681178125 0.5110290609375 0.70051920625 0.5091915046875 0.70051920625 0.457720565625 0.698681178125 0.455882265625 0.698681178125 0.4540439640625 0.6968425093749999 0.45220566250000005 0.6968425093749999 0.45036736250000003 0.69500448125 0.45036736250000003 0.693166453125 0.4485290609375 0.6858130609375 0.4485290609375 0.6784603078125 0.4411766015625 0.6766222796875 0.4411766015625 0.6711075546874999 0.4356616984375 0.6692695265624999 0.4356616984375 0.6674308578125 0.4338233984375 0.6655928296875 0.4338233984375 0.6637548015625 0.431985096875 0.6619161328125001 0.431985096875 0.6600781046875001 0.4301467953125 0.6600781046875001 0.4283084953125 0.6582400765624999 0.4264709390625 0.6564014078125 0.4264709390625 0.6545633796875 0.42463263749999997 0.6527253515625 0.42463263749999997 0.650886684375 0.42279433749999995 0.6104455828125 0.42279433749999995 0.6086075546874999 0.42463263749999997 0.6067695265624999 0.42463263749999997 0.6049308578125 0.4264709390625 0.6012548015625 0.4264709390625
27 0.5900736234374999 0.1323532046875 0.5882355953125 0.13419150468750002 0.5882355953125 0.1360290609375 0.5845588984375001 0.1397056625 0.5808822015625 0.1397056625 0.5790441734375 0.1415439640625 0.5772061453124999 0.1415439640625 0.57352945 0.14522056562500002 0.571691421875 0.14522056562500002 0.569852753125 0.1470588671875 0.568014725 0.1470588671875 0.566176696875 0.14889716875 0.566176696875 0.16727943437499998 0.5772061453124999 0.16727943437499998 0.5790441734375 0.1654411328125 0.5790441734375 0.16360283125 0.5827208703125 0.1599262296875 0.5845588984375001 0.1599262296875 0.5863969265625 0.158087928125 0.5882355953125 0.158087928125 0.5919116515625 0.154412071875 0.5937503203125 0.154412071875 0.5955883484375 0.1525737703125 0.5992650453125 0.1525737703125 0.6011030734375 0.15073546875 0.6011030734375 0.14889716875 0.6047791296875 0.14522056562500002 0.6102938546875001 0.14522056562500002 0.612132521875 0.143382265625 0.61397055 0.143382265625 0.617647246875 0.1397056625 0.617647246875 0.130514903125 0.612132521875 0.125 0.5937503203125 0.125 0.5955883484375 0.1268383015625 0.5955883484375 0.1286766015625 0.5919116515625 0.1323532046875 0.5900736234374999 0.1323532046875
15 0.512867478125 0.2720588671875 0.5147061453124999 0.27022056562499996 0.5183822015625 0.27022056562499996 0.5202208703125 0.268382265625 0.5202208703125 0.21139716874999998 0.46691165156250003 0.21139716874999998 0.46691165156250003 0.27389716875 0.509191421875 0.27389716875 0.51102945 0.2720588671875 0.512867478125 0.2720588671875
13 0.5863969265625 0.6893383015625 0.5882355953125 0.6875 0.5882355953125 0.6470588671875 0.5863969265625 0.6452205656250001 0.5863969265625 0.6415439640625 0.5386030734375 0.6415439640625 0.5386030734375 0.6985290609375 0.5422791296875 0.7022056625 0.5863969265625 0.7022056625 0.5863969265625 0.6893383015625
2 0.5422791296875 0.7959560359375 0.5422791296875 0.7977943375 0.5404411015624999 0.7996326375 0.5386030734375 0.7996326375 0.5367650453125 0.80147019375 0.5367650453125 0.8033084953125 0.5349263765625001 0.8051467953125 0.5349263765625001 0.832720565625 0.5367650453125 0.8345588671874999 0.5367650453125 0.841912071875 0.5386030734375 0.8437503718749999 0.5404411015624999 0.8437503718749999 0.5441177984375 0.8474262296875 0.5441177984375 0.84926453125 0.5863969265625 0.84926453125 0.5863969265625 0.845587928125 0.5900736234374999 0.841912071875 0.5900736234374999 0.8400737703125 0.5937503203125 0.8363971687499999 0.5937503203125 0.8216915046875 0.5919116515625 0.8198532046875 0.5919116515625 0.818014903125 0.5900736234374999 0.818014903125 0.5882355953125 0.8161766015625 0.575367478125 0.8161766015625 0.571691421875 0.8125 0.571691421875 0.8033084953125 0.569852753125 0.80147019375 0.569852753125 0.7996326375 0.568014725 0.7977943375 0.568014725 0.794117734375 0.569852753125 0.7922794343749999 0.569852753125 0.7904411328125 0.55147055 0.7904411328125 0.5477938546875001 0.794117734375 0.5459558265625 0.794117734375 0.5441177984375 0.7959560359375 0.5422791296875 0.7959560359375
26 0.42095582656249997 0.22610283125000002 0.42830857812499995 0.22610283125000002 0.42830857812499995 0.16727943437499998 0.41544110156249997 0.16727943437499998 0.41544110156249997 0.218750371875 0.41911779843749997 0.2224262296875 0.41911779843749997 0.22426453125 0.42095582656249997 0.22610283125000002
26 0.36744686249999997 0.1397056625 0.371123559375 0.143382265625 0.37296158749999997 0.143382265625 0.374799615625 0.14522056562500002 0.3784763125 0.14522056562500002 0.38215300937499996 0.14889716875 0.38215300937499996 0.15073546875 0.3839910375 0.1525737703125 0.387667734375 0.1525737703125 0.3895057625 0.154412071875 0.391343790625 0.154412071875 0.3950204859375 0.158087928125 0.3968585140625 0.158087928125 0.3986971828125 0.1599262296875 0.4005352109375 0.1599262296875 0.40421190781250005 0.16360283125 0.40421190781250005 0.1654411328125 0.41707938593750005 0.1654411328125 0.41707938593750005 0.14889716875 0.41524135781249993 0.1470588671875 0.4134026890625 0.1470588671875 0.4060499359375 0.1397056625 0.3986971828125 0.1397056625 0.3950204859375 0.1360290609375 0.3950204859375 0.13419150468750002 0.3931824578125 0.1323532046875 0.391343790625 0.1323532046875 0.387667734375 0.1286766015625 0.387667734375 0.1268383015625 0.38582906562499997 0.125 0.36928553124999997 0.125 0.36377080624999997 0.130514903125 0.36377080624999997 0.1378673625 0.365608834375 0.1397056625 0.36744686249999997 0.1397056625
12 0.44669142187500005 0.6397056625 0.3952208703125 0.6397056625 0.3952208703125 0.7022056625 0.44117669687500005 0.7022056625 0.44669142187500005 0.6966915046875 0.44669142187500005 0.6397056625
14 0.615808578125 0.5533084953125 0.617647246875 0.5514709390625 0.619485275 0.5514709390625 0.621323303125 0.5496326375 0.626838028125 0.5551467953125 0.626838028125 0.556985096875 0.6580883484375 0.556985096875 0.6599263765625001 0.5551467953125 0.6599263765625001 0.4981616984375 0.6084558265625 0.4981616984375 0.6084558265625 0.5588233984375 0.619485275 0.5588233984375 0.615808578125 0.5551467953125 0.615808578125 0.5533084953125
10 0.25800256093749996 0.41579731718749996 0.2682458390625 0.4172876296875 0.3053777203125 0.41505216093749997 0.3072983359375 0.40983606562499997 0.30793854062500003 0.3874813703125 0.30665813124999997 0.3576751125 0.30025608125000003 0.3539493296875 0.2682458390625 0.3539493296875 0.2650448140625 0.3539493296875 0.258642765625 0.3539493296875 0.25416133125 0.359165425 0.2548015359375 0.41281669218749995 0.25800256093749996 0.41579731718749996
16 0.6843790015625 0.70193740625 0.6946222796875 0.70119225 0.7029449421875 0.6944858421875 0.7163892453125 0.70193740625 0.7279129328125 0.70044709375 0.7317541609375 0.6952309984375 0.73111395625 0.6430700453125 0.7247119078125001 0.6393442625 0.703585146875 0.6385991062499999 0.701024328125 0.6385991062499999 0.6843790015625 0.6393442625 0.6786171578125 0.6438152015624999 0.6786171578125 0.6967213109375 0.6843790015625 0.70193740625
12 0.6101152375 0.271982115625 0.6190781046875 0.2742175859375 0.6581306015624999 0.27272727343750003 0.6613316265625 0.26229508125 0.6613316265625 0.2168405359375 0.654289371875 0.21087928437499998 0.628681178125 0.21087928437499998 0.6252669656250001 0.21087928437499998 0.61267605625 0.211624440625 0.608194621875 0.21609537968749998 0.6075544171875 0.2630402390625 0.6101152375 0.271982115625
7 0.6088348265625 0.84128166875 0.6152368765625 0.8442622953125 0.6280409734375 0.8442622953125 0.6299615875 0.8472429203124999 0.6331626124999999 0.8435171390624999 0.645966709375 0.8457526078125 0.65877080625 0.8427719828125 0.6613316265625 0.8375558875 0.6626120359375001 0.8107302531249999 0.660691421875 0.7868852453125 0.6555697828125 0.78241430625 0.6280409734375 0.78166915 0.6246267609375 0.78166915 0.6120358515625 0.78241430625 0.608194621875 0.7868852453125 0.6069142125 0.8032786890624999 0.6088348265625 0.84128166875
17 0.284891165625 0.5052160953125 0.30025608125000003 0.52235469375 0.30345710625 0.5424739187500001 0.30793854062500003 0.550670640625 0.3175416140625 0.5573770484375 0.3207426375 0.550670640625 0.3271446859375 0.5618479875 0.330985915625 0.5625931453125 0.336747759375 0.570789865625 0.3521126765625 0.5834575265625 0.3559539046875 0.5842026828125 0.35915492968749996 0.57973174375 0.41485275312500003 0.5432190765625 0.4167733671875 0.53800298125 0.4167733671875 0.4836065578125 0.41485275312500003 0.4769001484375 0.4084507046875 0.470938896875 0.40717029374999997 0.4664679578125 0.4007682453125 0.4657228015625 0.3982074265625 0.46199701875 0.39052496875 0.46497764531249997 0.38860435312499997 0.4634873328125 0.3962868125 0.450074515625 0.391805378125 0.44187779374999997 0.3693982078125 0.42697466406249995 0.3636363640625 0.4254843515625 0.3559539046875 0.41803278749999995 0.34571062812500003 0.41505216093749997 0.345070421875 0.41505216093749997 0.306017925 0.439642325 0.28553137031250003 0.4560357671875 0.2868117796875 0.47540983593749997 0.284891165625 0.5052160953125
17 0.2925736234375 0.832339790625 0.34955185625 0.8710879281249999 0.35275288125 0.8710879281249999 0.37323943593750003 0.85842026875 0.3879641484375 0.8457526078125 0.41549295781250006 0.828614009375 0.41741357187499994 0.8137108796874999 0.41549295781250006 0.7645305515625 0.4180537765625 0.75931445625 0.4161331625 0.7563338296875 0.4167733671875 0.7444113265625 0.4142125484375 0.73770491875 0.35275288125 0.6952309984375 0.34891165156250004 0.6952309984375 0.286171575 0.73770491875 0.2842509609375 0.7563338296875 0.284891165625 0.8248882265624999 0.2925736234375 0.832339790625
37 0.43854033281250004 0.4634873328125 0.42957746406249997 0.47019374062499997 0.42957746406249997 0.49776453125 0.42765685 0.50074515625 0.42957746406249997 0.511922503125 0.42701664531250005 0.5156482859375 0.426376440625 0.527570790625 0.42701664531250005 0.5372578234375001 0.4327784890625 0.5469448578125 0.49103713125 0.5849478390625 0.49743918125000003 0.5842026828125 0.5115236875 0.572280178125 0.5192061453125 0.569299553125 0.5409731109375 0.5536512671875 0.5428937265625 0.549925484375 0.54609475 0.549925484375 0.5544174140625 0.5432190765625 0.553137003125 0.491058121875 0.5569782328125 0.4850968703125 0.5544174140625 0.4813710875 0.5544174140625 0.4567809234375 0.5524967984375 0.45454545468749996 0.4948783609375 0.41579731718749996 0.49103713125 0.41579731718749996 0.4532650453125 0.4411326375 0.44686299687500003 0.450074515625 0.44302176718749997 0.4627421765625 0.43854033281250004 0.4634873328125
36 0.749679896875 0.429210134375 0.71702945 0.44932935937499996 0.7106274 0.4567809234375 0.7112676062500001 0.4642324890625 0.7087067859375 0.47764530625 0.7112676062500001 0.4940387484375 0.7099871953125 0.5260804765625 0.71702945 0.53949329375 0.7266325218749999 0.5461997015625 0.7336747765625 0.5469448578125 0.738156209375 0.5536512671875 0.744558259375 0.5573770484375 0.7483994875 0.5551415796875 0.7516005125 0.56110283125 0.761203584375 0.5618479875 0.775928296875 0.5469448578125 0.78297055 0.5573770484375 0.7983354671875 0.5700447093750001 0.8348271453124999 0.5469448578125 0.8418693984375001 0.53949329375 0.8412291937499999 0.4582712375 0.83802816875 0.450819671875 0.8348271453124999 0.452309984375 0.8201024328125 0.43889716874999996 0.7772087062499999 0.41058122187499996 0.7752880921874999 0.41058122187499996 0.7695262484375001 0.4143070046875 0.767605634375 0.4195231 0.761203584375 0.41803278749999995 0.749679896875 0.429210134375
36 0.3156209984375 0.1535022359375 0.2893726 0.172131146875 0.286171575 0.170640834375 0.284891165625 0.17287630468749998 0.284891165625 0.2548435171875 0.348271446875 0.29955290625000003 0.35275288125 0.29955290625000003 0.37003841249999997 0.289120715625 0.3879641484375 0.2757078984375 0.38988476250000004 0.27123695937500003 0.3950064015625 0.270491803125 0.38988476250000004 0.2526080484375 0.391805378125 0.23695976093749999 0.3962868125 0.228763040625 0.41037131875000005 0.21907600624999998 0.4122919328125 0.21385991093749998 0.411651728125 0.172131146875 0.3674775921875 0.14157973125 0.365556978125 0.13785395 0.357234315625 0.1363636359375 0.3536062734375 0.1363636359375 0.3386683734375 0.13785395 0.32842509531249997 0.1445603578125 0.3239436625 0.150521609375 0.3156209984375 0.1535022359375
34 0.400128040625 0.4567809234375 0.4122919328125 0.4672131140625 0.434699103125 0.4657228015625 0.4443021765625 0.45380029843749997 0.4398207421875 0.4254843515625 0.42253521093749996 0.412071534375 0.4212548015625 0.412071534375 0.4167733671875 0.4135618484375 0.40524967968750003 0.4247391953125 0.4007682453125 0.43815201249999997 0.400128040625 0.4567809234375
34 0.29321382812499996 0.5618479875 0.30345710625 0.549925484375 0.30025608125000003 0.528315946875 0.2970550578125 0.520119225 0.2810499359375 0.5059612515625 0.2784891171875 0.5059612515625 0.261843790625 0.5216095375 0.25736235625 0.549925484375 0.2695262484375 0.5618479875 0.29321382812499996 0.5618479875
28 0.339948784375 0.5968703421875 0.34571062812500003 0.5968703421875 0.34955185625 0.5931445609375 0.350832265625 0.5864381515625 0.34891165156250004 0.58122205625 0.3072983359375 0.552160953125 0.30345710625 0.552160953125 0.30025608125000003 0.5536512671875 0.29321382812499996 0.5640834578125 0.2970550578125 0.567809240625 0.339948784375 0.5968703421875
28 0.4007682453125 0.4359165421875 0.4007682453125 0.42846497812499995 0.39884763125 0.4254843515625 0.380281690625 0.41058122187499996 0.359795134375 0.3979135625 0.358514725 0.3979135625 0.351472471875 0.40461997031249997 0.3521126765625 0.4135618484375 0.39756722187500004 0.4448584203125 0.4007682453125 0.4359165421875
28 0.449423815625 0.44411326406249996 0.460947503125 0.43368107343749995 0.48975672187499997 0.41505216093749997 0.4923175421875 0.41132637812499995 0.4916773375 0.4031296578125 0.4846350828125 0.39865871875000003 0.4807938546875 0.39865871875000003 0.47375160000000005 0.40536512656249996 0.44238156249999994 0.4254843515625 0.4443021765625 0.44411326406249996 0.449423815625 0.44411326406249996
28 0.5486555703125 0.450819671875 0.5569782328125 0.4530551421875 0.5627400765624999 0.44932935937499996 0.5627400765624999 0.4411326375 0.5608194625 0.43740685468749996 0.512804096875 0.40536512656249996 0.5051216390625 0.3979135625 0.501280409375 0.3979135625 0.492957746875 0.4031296578125 0.4935979515625 0.41132637812499995 0.4980793859375 0.41654247343749995 0.5486555703125 0.450819671875
28 0.5704225359375 0.53949329375 0.5710627406250001 0.5357675109375 0.5704225359375 0.50223546875 0.5627400765624999 0.488077496875 0.56338028125 0.4836065578125 0.5601792578125 0.48062593124999997 0.5672215109375001 0.4783904625 0.5717029453125 0.470938896875 0.5704225359375 0.4567809234375 0.565300896875 0.451564828125 0.5614596671875 0.451564828125 0.55505761875 0.45752608125 0.5556978234375001 0.5372578234375001 0.5601792578125 0.5424739187500001 0.5704225359375 0.53949329375
29 0.5710627406250001 0.4813710875 0.5659411015625 0.4925484359375 0.5704225359375 0.4970193734375 0.5793854031250001 0.4970193734375 0.5813060171875 0.509687034375 0.5915492953125 0.5141579734375 0.6005121640625 0.510432190625 0.6037131875 0.5067064078125 0.6049935984375 0.5 0.6152368765625 0.4955290609375 0.617157490625 0.4925484359375 0.6139564656250001 0.4843517140625 0.6043533937500001 0.4739195234375 0.6024327781250001 0.4627421765625 0.5921895 0.45454545468749996 0.5909090906250001 0.45454545468749996 0.5813060171875 0.46199701875 0.5787451984375 0.468703428125 0.5806658125 0.4731743671875 0.5710627406250001 0.4813710875
3 0.6120358515625 0.41654247343749995 0.6177976953125001 0.42101341249999996 0.654289371875 0.42026825624999997 0.6638924453125 0.41058122187499996 0.6645326500000001 0.39716840468750003 0.6626120359375001 0.39195230937500003 0.6581306015624999 0.389716840625 0.645966709375 0.39195230937500003 0.6408450703125 0.3748137109375 0.634443021875 0.368107303125 0.62419974375 0.3628912078125 0.6229193343749999 0.3628912078125 0.60947503125 0.3725782421875 0.605633803125 0.3807749625 0.6043533937500001 0.3979135625 0.6120358515625 0.41654247343749995
3 0.400128040625 0.2771982109375 0.43661971875 0.27794336875000003 0.44494238125 0.2749627421875 0.4513444296875 0.2667660203125 0.45070422499999996 0.251117734375 0.44558258593750005 0.248137109375 0.4314980796875 0.2466467953125 0.4282970546875 0.230998509375 0.4122919328125 0.22056631875 0.411651728125 0.2198211625 0.39756722187500004 0.229508196875 0.3930857875 0.23919523125 0.3924455828125 0.2540983609375 0.400128040625 0.2771982109375
4 0.542253521875 0.2771982109375 0.5845070421874999 0.2771982109375 0.5934699109375 0.26602086406250003 0.5921895 0.249627421875 0.5883482718749999 0.2473919515625 0.5742637640625 0.2466467953125 0.5704225359375 0.230253353125 0.5569782328125 0.2198211625 0.553137003125 0.2198211625 0.5396927015624999 0.229508196875 0.5352112671875 0.23770491875 0.5339308578125 0.2548435171875 0.542253521875 0.2771982109375
33 0.6229193343749999 0.1348733234375 0.645966709375 0.1341281671875 0.6562099875 0.1236959765625 0.6562099875 0.1125186296875 0.6523687578125 0.0953800296875 0.634443021875 0.07898658750000001 0.6331626124999999 0.07898658750000001 0.6184379 0.091654246875 0.6139564656250001 0.09985096875 0.6113956468749999 0.1229508203125 0.6229193343749999 0.1348733234375
27 0.7042253515625 0.1646795828125 0.7029449421875 0.15275707968750002 0.660051215625 0.1251862890625 0.657490396875 0.1251862890625 0.6466069140624999 0.1363636359375 0.68822023125 0.1646795828125 0.6952624843749999 0.1669150515625 0.7042253515625 0.1646795828125
27 0.7055057625 0.25782414375 0.7099871953125 0.2540983609375 0.712548015625 0.2451564828125 0.712548015625 0.17138599062499998 0.7067861718749999 0.16616989531249998 0.7029449421875 0.16616989531249998 0.6971830984375 0.17138599062499998 0.6971830984375 0.250372578125 0.6997439187500001 0.2555886734375 0.7055057625 0.25782414375
27 0.558898846875 0.22205663125 0.5704225359375 0.229508196875 0.5704225359375 0.17138599062499998 0.5646606921874999 0.1669150515625 0.56338028125 0.1669150515625 0.5582586421875 0.169150521875 0.55505761875 0.1751117734375 0.5556978234375001 0.21758569374999998 0.558898846875 0.22205663125
27 0.5582586421875 0.16766020937499998 0.5627400765624999 0.1654247390625 0.5614596671875 0.15275707968750002 0.518565940625 0.1251862890625 0.5147247125 0.1251862890625 0.5083226625 0.130402384375 0.50576184375 0.1371087921875 0.5499359796875 0.16616989531249998 0.5582586421875 0.16766020937499998
26 0.43854033281250004 0.1654247390625 0.4788732390625 0.1363636359375 0.4731113953125 0.128166915625 0.4673495515625 0.1251862890625 0.466709346875 0.1244411328125 0.42381562031250003 0.1535022359375 0.42381562031250003 0.1646795828125 0.4282970546875 0.168405365625 0.43854033281250004 0.1654247390625
26 0.4807938546875 0.30998509687500003 0.48527528750000004 0.310730253125 0.4916773375 0.3070044703125 0.4916773375 0.2958271234375 0.4532650453125 0.269746646875 0.451984634375 0.269746646875 0.4487836109375 0.27123695937500003 0.441101153125 0.28241430625 0.44494238125 0.28688524531250004 0.4807938546875 0.30998509687500003
26 0.28040973125 0.15722801718749999 0.2823303453125 0.16616989531249998 0.2900128046875 0.169150521875 0.339308578125 0.1363636359375 0.330985915625 0.1266766015625 0.325224071875 0.1236959765625 0.3239436625 0.1236959765625 0.3213828421875 0.1274217578125 0.29513444375 0.1430700453125 0.2823303453125 0.1535022359375 0.28040973125 0.15722801718749999
27 0.541613315625 0.2853949328125 0.54353393125 0.2801788375 0.539052496875 0.2757078984375 0.5364916765625 0.269001490625 0.5326504484375 0.269001490625 0.4948783609375 0.2965722796875 0.49423815624999995 0.3062593140625 0.5019206140625 0.310730253125 0.541613315625 0.2853949328125
27 0.4903969265625 0.399403875 0.4948783609375 0.399403875 0.5006402046875 0.3941877796875 0.5 0.3137108796875 0.4948783609375 0.30923994062500004 0.49103713125 0.30923994062500004 0.48527528750000004 0.3137108796875 0.4846350828125 0.3330849484375 0.48527528750000004 0.3934426234375 0.4903969265625 0.399403875
2 0.6088348265625 0.5961251859375001 0.61267605625 0.6095380031250001 0.6280409734375 0.6117734718750001 0.654289371875 0.610283159375 0.663252240625 0.5991058125000001 0.663252240625 0.5834575265625 0.65877080625 0.5804769000000001 0.65044814375 0.5804769000000001 0.64724711875 0.5849478390625 0.63892445625 0.5625931453125 0.6306017921875 0.5551415796875 0.6235595390625 0.5529061109375 0.6229193343749999 0.552160953125 0.608194621875 0.5648286140625001 0.6043533937500001 0.5760059609375 0.6043533937500001 0.588673621875 0.6088348265625 0.5961251859375001
31 0.7842509609375 0.610283159375 0.796414853125 0.600596125 0.7983354671875 0.5953800296875 0.7938540328125 0.5700447093750001 0.7778489109375 0.5543964234375001 0.7727272734375 0.5543964234375001 0.7567221515625 0.569299553125 0.752880921875 0.5961251859375001 0.7624839953125 0.608792846875 0.7842509609375 0.610283159375
31 0.692061459375 0.751862890625 0.7163892453125 0.751862890625 0.7272727265625 0.74068554375 0.7234314984375 0.7131147546875 0.7061459671875 0.6967213109375 0.7029449421875 0.6967213109375 0.687580025 0.710134128125 0.6843790015625 0.71907600625 0.6818181812499999 0.74068554375 0.692061459375 0.751862890625
25 0.6017925734375 0.5856929953125001 0.6062740078125 0.5640834578125 0.5749039687499999 0.54098360625 0.5704225359375 0.54098360625 0.56338028125 0.5469448578125 0.5646606921874999 0.5566318921875 0.5960307296875 0.57824143125 0.6017925734375 0.5856929953125001
25 0.64724711875 0.5752608046875001 0.64724711875 0.57973174375 0.6581306015624999 0.5789865875 0.6645326500000001 0.5834575265625 0.6971830984375 0.5618479875 0.703585146875 0.5558867359375 0.7042253515625 0.5461997015625 0.69654289375 0.5417287625 0.6959026890625 0.54098360625 0.657490396875 0.5663189265625 0.651728553125 0.571535021875 0.65044814375 0.5760059609375 0.64724711875 0.5752608046875001
25 0.7509603078125 0.5849478390625 0.755441740625 0.568554396875 0.7144686296875 0.54098360625 0.712548015625 0.54098360625 0.703585146875 0.5469448578125 0.7067861718749999 0.5573770484375 0.741357234375 0.5819672125 0.7509603078125 0.5849478390625
25 0.7836107546875 0.6795827125 0.784891165625 0.6125186296875 0.7746478875 0.6095380031250001 0.7720870671875 0.6095380031250001 0.7663252234375 0.6117734718750001 0.7669654296874999 0.6818181812499999 0.775928296875 0.6885245906249999 0.7836107546875 0.6795827125
25 0.7304737515624999 0.729508196875 0.750320103125 0.7168405359375 0.758642765625 0.7093889718749999 0.7650448140624999 0.7071535015625 0.7720870671875 0.6997019375 0.7746478875 0.6885245906249999 0.76888604375 0.6840536515625 0.767605634375 0.6840536515625 0.7259923171875 0.710134128125 0.724071703125 0.7168405359375 0.7266325218749999 0.729508196875 0.7304737515624999 0.729508196875
25 0.5556978234375001 0.7906110281250001 0.5672215109375001 0.79955290625 0.5704225359375 0.79955290625 0.5717029453125 0.7451564828125 0.5697823296875 0.7399403875 0.5640204859375 0.7362146046875 0.56338028125 0.7362146046875 0.5576184375000001 0.738450075 0.5544174140625 0.7444113265625 0.553777209375 0.7861400890625 0.5556978234375001 0.7906110281250001
4 0.469910371875 0.70193740625 0.4731113953125 0.7064083453125 0.5121638921875 0.7071535015625 0.5224071703125001 0.6952309984375 0.5224071703125001 0.6795827125 0.51728553125 0.6751117734375 0.5051216390625 0.6766020859374999 0.5025608187499999 0.6728763046874999 0.5006402046875 0.6609537999999999 0.483994878125 0.647540984375 0.481434059375 0.647540984375 0.466709346875 0.6594634875 0.4647887328125 0.6639344265625 0.4628681171875 0.6818181812499999 0.469910371875 0.70193740625
27 0.562099871875 0.7347242921875 0.562099871875 0.7265275703125 0.558898846875 0.72205663125 0.523047375 0.6989567812499999 0.5224071703125001 0.698211625 0.512804096875 0.707898659375 0.5147247125 0.7138599109375 0.5524967984375 0.73919523125 0.562099871875 0.7347242921875
8 0.5202208703125 0.5 0.5183822015625 0.4981616984375 0.46691165156250003 0.4981616984375 0.46691165156250003 0.556985096875 0.5183822015625 0.556985096875 0.5202208703125 0.5551467953125 0.5202208703125 0.5
15 0.5202208703125 0.78860283125 0.5183822015625 0.78676453125 0.5183822015625 0.7849262296874999 0.5165441734375 0.7849262296874999 0.5147061453124999 0.7830879281249999 0.5147061453124999 0.781250371875 0.46691165156250003 0.781250371875 0.46691165156250003 0.8437503718749999 0.5165441734375 0.8437503718749999 0.5202208703125 0.8400737703125 0.5202208703125 0.78860283125
13 0.36009410937499997 0.27389716875 0.3619321390625 0.2720588671875 0.365608834375 0.2720588671875 0.36744686249999997 0.27022056562499996 0.374799615625 0.27022056562499996 0.376638284375 0.268382265625 0.3784763125 0.268382265625 0.3784763125 0.21323546875 0.376638284375 0.21323546875 0.374799615625 0.21139716874999998 0.325167734375 0.21139716874999998 0.325167734375 0.27022056562499996 0.3270057625 0.27022056562499996 0.3306824578125 0.27389716875 0.36009410937499997 0.27389716875
9 0.749679896875 0.5529061109375 0.7522407171875 0.5573770484375 0.7650448140624999 0.5596125187500001 0.7727272734375 0.550670640625 0.7765685015625 0.551415796875 0.7893726 0.5618479875 0.802176696875 0.5566318921875 0.80345710625 0.508196721875 0.8015364921874999 0.49925484375 0.796414853125 0.4962742171875 0.7925736234375 0.4962742171875 0.75416133125 0.4970193734375 0.750320103125 0.5 0.7483994875 0.529061103125 0.749679896875 0.5529061109375
11 0.5396927015624999 0.4135618484375 0.5454545453125 0.41579731718749996 0.5889884765625 0.4143070046875 0.5909090906250001 0.40760059687499994 0.5902688859375 0.36214605 0.5889884765625 0.3569299546875 0.585147246875 0.3539493296875 0.5819462234375 0.3539493296875 0.539052496875 0.3554396421875 0.5371318828125 0.35842026875 0.5364916765625 0.40760059687499994 0.5396927015624999 0.4135618484375
8 0.7297791296875 0.4099262296875 0.7316177984375 0.4099262296875 0.7316177984375 0.356617734375 0.7297791296875 0.35477943437500004 0.680147246875 0.35477943437500004 0.680147246875 0.41544113281249995 0.7261030734375 0.41544113281249995 0.7261030734375 0.41360283124999997 0.7297791296875 0.4099262296875
14 0.23345582656250002 0.5422794343749999 0.2352938546875 0.5404411328125 0.2352938546875 0.505514903125 0.23345582656250002 0.5036766015625 0.23345582656250002 0.4981616984375 0.183823303125 0.4981616984375 0.183823303125 0.556985096875 0.2316177984375 0.556985096875 0.23345582656250002 0.5551467953125 0.23345582656250002 0.5422794343749999
16 0.3271446859375 0.55812220625 0.34186939843749997 0.560357675 0.3693982078125 0.5596125187500001 0.377080665625 0.5558867359375 0.378361075 0.5014903125 0.37323943593750003 0.4962742171875 0.37003841249999997 0.4962742171875 0.32842509531249997 0.4970193734375 0.3258642765625 0.49925484375 0.3239436625 0.549925484375 0.3271446859375 0.55812220625
11 0.3245838671875 0.8368107296874999 0.327784890625 0.8427719828125 0.34763124218749997 0.8435171390624999 0.3521126765625 0.8464977640625 0.3578745203125 0.8442622953125 0.3719590265625 0.8442622953125 0.3777208703125 0.84128166875 0.378361075 0.7868852453125 0.37323943593750003 0.78166915 0.3699891171875 0.78166915 0.330985915625 0.78166915 0.32650448125 0.7839046203125 0.3245838671875 0.789120715625 0.3245838671875 0.8368107296874999
20 0.5843751593750001 0.0046877796875 0.5296875796875 0.0046877796875 0.5296875796875 0.08281222031249999 0.5812496796875 0.08281222031249999 0.5843751593750001 0.0796877796875 0.5843751593750001 0.0046877796875
18 0.103124840625 0.2875 0.103124840625 0.375 0.159375159375 0.375 0.159375159375 0.2875 0.103124840625 0.2875
18 0.5312503203125 0.8640625937499999 0.5312503203125 0.9390625937499999 0.5843751593750001 0.9390625937499999 0.5843751593750001 0.8640625937499999 0.5312503203125 0.8640625937499999
21 0.7953124203125 0.718750371875 0.7421875796874999 0.718750371875 0.7421875796874999 0.7968748140625 0.7937503203125 0.7968748140625 0.7953124203125 0.7953122203125 0.7953124203125 0.718750371875
18 0.7968751593750001 0.1453122203125 0.7421875796874999 0.1453122203125 0.7421875796874999 0.22812518593750003 0.7953124203125 0.22812518593750003 0.7968751593750001 0.22656259374999999 0.7968751593750001 0.1453122203125
18 0.2875 0.9421877796875 0.28906274062500004 0.9437496281250001 0.2953124203125 0.9437496281250001 0.296875159375 0.9421877796875 0.298437259375 0.9421877796875 0.3 0.9406251859375001 0.3 0.893749628125 0.301562740625 0.8921877796875 0.301562740625 0.8593748140624999 0.246875159375 0.8593748140624999 0.246875159375 0.9437496281250001 0.2625 0.9437496281250001 0.264062740625 0.9421877796875 0.2875 0.9421877796875
23 0.1453124203125 0.6546877796875 0.146875159375 0.656250371875 0.151562740625 0.656250371875 0.153124840625 0.6546877796875 0.1562503203125 0.6546877796875 0.159375159375 0.65156259375 0.159375159375 0.575 0.103124840625 0.575 0.103124840625 0.656250371875 0.1312496796875 0.656250371875 0.1328124203125 0.6546877796875 0.1453124203125 0.6546877796875
19 0.935937259375 0.4781251859375 0.9375 0.47656259375000004 0.9375 0.475 0.935937259375 0.47343740624999997 0.935937259375 0.47187481406250004 0.9375 0.4703122203125 0.9375 0.4296877796875 0.8828124203125001 0.4296877796875 0.8828124203125001 0.5125 0.9328124203125 0.5125 0.935937259375 0.5093748140625001 0.935937259375 0.4781251859375
22 0.3 0.02343740625 0.3 0.01406259375 0.298437259375 0.0125 0.298437259375 0.0078122203125 0.3 0.006249628125 0.3 0.0046877796875 0.246875159375 0.0046877796875 0.246875159375 0.0843748140625 0.298437259375 0.0843748140625 0.298437259375 0.025 0.3 0.02343740625