32 0.25 0.7203123125 0.25 0.728124625 0.24843766875 0.7296876875 0.24843766875 0.759374625 0.25 0.7609376875 0.25 0.7625 0.2531253390625 0.765625375 0.2843753390625 0.765625375 0.28593766875000004 0.7640623125 0.28593766875000004 0.7609376875 0.2875 0.759374625 0.2875 0.7578123125 0.2906253390625 0.7546876874999999 0.2906253390625 0.7359376875 0.2875 0.7328123125 0.2875 0.7296876875 0.28593766875000004 0.728124625 0.28593766875000004 0.7171876875 0.2843753390625 0.715624625 0.2843753390625 0.7140623125000001 0.28281233125 0.7125 0.25625 0.7125 0.25625 0.715624625 0.2531253390625 0.71875 0.25156233125 0.71875 0.25 0.7203123125
35 0.55 0.290624625 0.54531233125 0.2953123125 0.54375 0.2953123125 0.54375 0.296875375 0.5406253390625 0.3 0.53906233125 0.3 0.5375 0.3015623125 0.53593766875 0.3015623125 0.5343753390625 0.30312462500000004 0.5328123312499999 0.30312462500000004 0.53125 0.3046876875 0.5296876687500001 0.3046876875 0.5281253390625 0.30625 0.5218753390625 0.30625 0.52031233125 0.30781231249999996 0.51875 0.30781231249999996 0.51875 0.309374625 0.51718766875 0.3109376875 0.5156253390625001 0.3109376875 0.51406233125 0.3125 0.5125 0.3125 0.50625 0.31875 0.50625 0.40625 0.51093766875 0.4109376875 0.5125 0.4109376875 0.51718766875 0.41562462499999997 0.51875 0.41562462499999997 0.52031233125 0.41718768749999996 0.5218753390625 0.41718768749999996 0.52343766875 0.41875 0.525 0.41875 0.5281253390625 0.42187537500000005 0.5296876687500001 0.42187537500000005 0.53125 0.4234376875 0.5343753390625 0.4234376875 0.53593766875 0.425 0.5375 0.425 0.53906233125 0.42656231250000004 0.5406253390625 0.42656231250000004 0.54218766875 0.42812537500000003 0.54531233125 0.42812537500000003 0.54843766875 0.425 0.55 0.425 0.55156233125 0.4234376875 0.5593753390625 0.4234376875 0.5609376687500001 0.42187537500000005 0.5640623312499999 0.42187537500000005 0.56718766875 0.41875 0.575 0.41875 0.57656233125 0.4203123125 0.5781253390625001 0.4203123125 0.57968766875 0.42187537500000005 0.58593766875 0.42187537500000005 0.5875 0.4234376875 0.60468766875 0.4234376875 0.60625 0.42187537500000005 0.60781233125 0.42187537500000005 0.61093766875 0.41875 0.6125 0.41875 0.61406233125 0.41718768749999996 0.6218753390625 0.41718768749999996 0.6265623312499999 0.4125 0.6281253390625 0.4125 0.62968766875 0.4109376875 0.63281233125 0.4109376875 0.63593766875 0.40781231250000005 0.63593766875 0.40625 0.6375 0.40468768749999995 0.6375 0.40312462499999996 0.63906233125 0.4015623125 0.63906233125 0.31875 0.63593766875 0.315624625 0.63593766875 0.3140623125 0.6343753390625 0.3125 0.63125 0.3125 0.6281253390625 0.309374625 0.6265623312499999 0.309374625 0.625 0.30781231249999996 0.6234376687500001 0.30781231249999996 0.6218753390625 0.30625 0.61875 0.30625 0.61718766875 0.3046876875 0.6156253390625 0.3046876875 0.6125 0.3015623125 0.61093766875 0.3015623125 0.6093753390625001 0.3 0.60625 0.3 0.60468766875 0.2984376875 0.6031253390625 0.2984376875 0.59843766875 0.29375 0.5953123312499999 0.29375 0.5906253390625 0.2890623125 0.58593766875 0.2890623125 0.5843753390625 0.2875 0.57656233125 0.2875 0.575 0.28593768750000004 0.57343766875 0.28593768750000004 0.5718753390625 0.284375375 0.57031233125 0.284375375 0.56875 0.2828123125 0.55781233125 0.2828123125 0.55625 0.284375375 0.55625 0.28593768750000004 0.55156233125 0.290624625 0.55 0.290624625
33 0.32968766875 0.284375375 0.32812533906249997 0.28593768750000004 0.32656233125 0.28593768750000004 0.325 0.2875 0.325 0.321874625 0.32656233125 0.3234376875 0.32656233125 0.325 0.32812533906249997 0.325 0.32968766875 0.3265623125 0.32968766875 0.328125375 0.33125 0.328125375 0.33281233125 0.3296876875 0.35937533906249997 0.3296876875 0.36718766875000003 0.321874625 0.36718766875000003 0.2890623125 0.35937533906249997 0.28125 0.35781233125 0.28125 0.35468766875 0.278124625 0.35468766875 0.27656231249999996 0.3375 0.27656231249999996 0.33281233125 0.28125 0.33125 0.28125 0.32968766875 0.2828123125 0.32968766875 0.284375375
37 0.5625 0.5796876875 0.5609376687500001 0.58125 0.55156233125 0.58125 0.55 0.5828123125 0.5468753390625001 0.5828123125 0.54375 0.5859376875 0.54218766875 0.5859376875 0.5406253390625 0.5875 0.53906233125 0.5875 0.5375 0.5890623125000001 0.53593766875 0.5890623125000001 0.5328123312499999 0.5921876875 0.5296876687500001 0.5921876875 0.5281253390625 0.59375 0.52343766875 0.59375 0.5218753390625 0.5953123125 0.52031233125 0.5953123125 0.51718766875 0.5984376874999999 0.5156253390625001 0.5984376874999999 0.51406233125 0.6 0.51093766875 0.6 0.5093753390625 0.6015623125 0.50781233125 0.6015623125 0.50781233125 0.6046876875 0.50625 0.60625 0.50625 0.6140623125 0.50468766875 0.6156246249999999 0.50468766875 0.6984376875 0.50781233125 0.7015623125 0.50781233125 0.703125375 0.5093753390625 0.7046876875 0.51093766875 0.7046876875 0.51718766875 0.7109376875 0.51875 0.7109376875 0.52031233125 0.7125 0.5218753390625 0.7125 0.52656233125 0.7171876875 0.5296876687500001 0.7171876875 0.53125 0.71875 0.5343753390625 0.71875 0.53906233125 0.7234376874999999 0.54218766875 0.7234376874999999 0.54375 0.725 0.5468753390625001 0.725 0.55 0.728124625 0.55156233125 0.728124625 0.5531253390625 0.7296876875 0.55468766875 0.7296876875 0.55625 0.73125 0.5609376687500001 0.73125 0.5625 0.7328123125 0.56718766875 0.7328123125 0.56875 0.73125 0.5718753390625 0.73125 0.57343766875 0.7296876875 0.575 0.7296876875 0.57968766875 0.725 0.58125 0.725 0.58281233125 0.7234376874999999 0.5875 0.7234376874999999 0.58906233125 0.721874625 0.5906253390625 0.721874625 0.5921876687500001 0.7203123125 0.59375 0.7203123125 0.5953123312499999 0.71875 0.5968753390625 0.71875 0.59843766875 0.7171876875 0.6031253390625 0.7171876875 0.60468766875 0.715624625 0.60625 0.715624625 0.60781233125 0.7140623125000001 0.6093753390625001 0.7140623125000001 0.6125 0.7109376875 0.6156253390625 0.7109376875 0.61718766875 0.7093746249999999 0.61718766875 0.7078123125 0.6234376687500001 0.7015623125 0.6234376687500001 0.6890623125 0.625 0.6875 0.625 0.6859376875 0.6265623312499999 0.684374625 0.6265623312499999 0.6828123125000001 0.6281253390625 0.68125 0.6281253390625 0.6796876875 0.62968766875 0.6781246249999999 0.62968766875 0.675 0.63125 0.6734376875 0.63125 0.671875375 0.63593766875 0.6671876875 0.63593766875 0.6640623125 0.63906233125 0.6609376874999999 0.6406253390625001 0.6609376874999999 0.6406253390625001 0.6140623125 0.6375 0.6109376875 0.6375 0.609375375 0.63593766875 0.6078123125 0.63593766875 0.60625 0.6343753390625 0.6046876875 0.6343753390625 0.603124625 0.63281233125 0.6015623125 0.63125 0.6015623125 0.62968766875 0.6 0.6265623312499999 0.6 0.6218753390625 0.5953123125 0.62031233125 0.5953123125 0.61875 0.59375 0.61406233125 0.59375 0.60781233125 0.5875 0.6031253390625 0.5875 0.5968753390625 0.58125 0.5906253390625 0.58125 0.58906233125 0.5796876875 0.5875 0.5796876875 0.58593766875 0.578125375 0.58593766875 0.5765623125 0.5843753390625 0.5765623125 0.58281233125 0.575 0.57031233125 0.575 0.56875 0.5765623125 0.56718766875 0.5765623125 0.5640623312499999 0.5796876875 0.5625 0.5796876875
37 0.25781233124999997 0.571874625 0.25 0.5796876875 0.24843766875 0.5796876875 0.24687533906249998 0.58125 0.24531233125 0.58125 0.24375 0.5828123125 0.24218766875000003 0.5828123125 0.2375 0.5875 0.23593766875000002 0.5875 0.2343753390625 0.5890623125000001 0.23281233124999998 0.5890623125000001 0.2281253390625 0.59375 0.22343766875 0.59375 0.22187533906249998 0.5953123125 0.22031233125 0.5953123125 0.21718766875 0.5984376874999999 0.21562533906249998 0.5984376874999999 0.21406233125 0.6 0.21093766875000003 0.6 0.2093753390625 0.6015623125 0.20781233124999998 0.6015623125 0.20625 0.603124625 0.20625 0.6046876875 0.20156233124999998 0.609375375 0.20156233124999998 0.6109376875 0.2 0.6125 0.2 0.6984376875 0.20156233124999998 0.7 0.2031253390625 0.7 0.20781233124999998 0.7046876875 0.2093753390625 0.7046876875 0.21406233125 0.7093746249999999 0.21562533906249998 0.7093746249999999 0.21718766875 0.7109376875 0.22031233125 0.7109376875 0.22656233124999997 0.7171876875 0.23125 0.7171876875 0.23281233124999998 0.71875 0.2343753390625 0.71875 0.2375 0.721874625 0.24687533906249998 0.721874625 0.25156233125 0.7171876875 0.2531253390625 0.7171876875 0.25468766875000004 0.715624625 0.25625 0.715624625 0.25781233124999997 0.7140623125000001 0.2593753390625 0.7140623125000001 0.2625 0.7109376875 0.2718753390625 0.7109376875 0.27343766875000003 0.7093746249999999 0.2843753390625 0.7093746249999999 0.28593766875000004 0.7109376875 0.2906253390625 0.7109376875 0.29218766875 0.7125 0.29531233125 0.7125 0.29687533906249997 0.7140623125000001 0.29843766875 0.7125 0.30468766875000003 0.7125 0.30625 0.7109376875 0.31406233125 0.7109376875 0.3156253390625 0.7093746249999999 0.31718766875000004 0.7093746249999999 0.32031233124999997 0.70625 0.3218753390625 0.70625 0.32343766875 0.7046876875 0.325 0.7046876875 0.32656233125 0.703125375 0.32812533906249997 0.703125375 0.32812533906249997 0.7015623125 0.32968766875 0.7 0.33125 0.7 0.33281233125 0.6984376875 0.3343753390625 0.6984376875 0.33593766875000003 0.696874625 0.33593766875000003 0.6078123125 0.32812533906249997 0.6 0.32656233125 0.6 0.325 0.5984376874999999 0.32343766875 0.5984376874999999 0.32031233124999997 0.5953123125 0.31875 0.5953123125 0.31718766875000004 0.59375 0.31406233125 0.59375 0.30781233124999996 0.5875 0.30468766875000003 0.5875 0.3031253390625 0.5859376875 0.30156233125 0.5859376875 0.29687533906249997 0.58125 0.29375 0.58125 0.29218766875 0.5796876875 0.2906253390625 0.5796876875 0.28593766875000004 0.575 0.2843753390625 0.575 0.28281233125 0.5734376875 0.28125 0.5734376875 0.27656233124999996 0.56875 0.26562533906249997 0.56875 0.26406233125 0.5703123125 0.26093766875 0.5703123125 0.2593753390625 0.571874625 0.25781233124999997 0.571874625
37 0.7781253390625 0.4375 0.77656233125 0.43906231250000005 0.7718753390625 0.43906231250000005 0.77031233125 0.440624625 0.76875 0.440624625 0.76718766875 0.4421876875 0.76406233125 0.4421876875 0.7625 0.44375 0.75781233125 0.44375 0.75625 0.44531231250000003 0.75468766875 0.44531231250000003 0.7515623312499999 0.44843768749999996 0.75 0.44843768749999996 0.7484376687500001 0.45 0.7468753390625 0.45 0.74531233125 0.4515623125 0.74375 0.4515623125 0.73906233125 0.45625 0.7375 0.45625 0.73593766875 0.45781231250000004 0.73593766875 0.51875 0.7375 0.5203123125 0.7375 0.5265623125000001 0.74375 0.5328123125 0.74375 0.5421876875 0.74531233125 0.54375 0.74531233125 0.5484376875 0.7468753390625 0.55 0.7468753390625 0.553125375 0.7484376687500001 0.5546876875 0.7484376687500001 0.559374625 0.75 0.5609376875 0.75 0.5671876874999999 0.7515623312499999 0.56875 0.7531253390625 0.56875 0.75468766875 0.5703123125 0.75468766875 0.571874625 0.75625 0.571874625 0.75781233125 0.5734376875 0.7593753390625 0.5734376875 0.7656253390625001 0.5796876875 0.77031233125 0.5796876875 0.77656233125 0.5859376875 0.7796876687500001 0.5859376875 0.78125 0.5875 0.7843753390625 0.5875 0.78906233125 0.5921876875 0.79375 0.5921876875 0.79531233125 0.59375 0.80468766875 0.59375 0.80625 0.5921876875 0.81093766875 0.5921876875 0.8156253390625 0.5875 0.8171876687499999 0.5875 0.81875 0.5859376875 0.82031233125 0.5859376875 0.8218753390625 0.584375375 0.8234376687499999 0.584375375 0.8234376687499999 0.5828123125 0.825 0.58125 0.8265623312500001 0.58125 0.8281253390625001 0.5796876875 0.83125 0.5796876875 0.8328123312500001 0.578125375 0.8343753390625 0.578125375 0.8390623312500001 0.5734376875 0.8406253390625 0.5734376875 0.84218766875 0.571874625 0.84375 0.571874625 0.84375 0.5703123125 0.84531233125 0.56875 0.8468753390625 0.56875 0.8484376687499999 0.5671876874999999 0.85156233125 0.5671876874999999 0.8578123312500001 0.5609376875 0.8593753390625001 0.5609376875 0.86718766875 0.553125375 0.86718766875 0.5515623125 0.86875 0.55 0.86875 0.5484376875 0.8703123312500001 0.546875375 0.8703123312500001 0.46875 0.86875 0.46718768749999995 0.86875 0.46562462499999996 0.86718766875 0.4640623125 0.86718766875 0.46093768749999997 0.8656253390625 0.45937537500000003 0.8656253390625 0.45781231250000004 0.8640623312500001 0.45781231250000004 0.8609376687499999 0.4546876875 0.8593753390625001 0.4546876875 0.85625 0.4515623125 0.8546876687499999 0.4515623125 0.8531253390625 0.45 0.85156233125 0.45 0.85 0.44843768749999996 0.8484376687499999 0.44843768749999996 0.84531233125 0.44531231250000003 0.84375 0.44531231250000003 0.84218766875 0.44375 0.8390623312500001 0.44375 0.8343753390625 0.43906231250000005 0.8328123312500001 0.43906231250000005 0.83125 0.4375 0.8281253390625001 0.4375 0.8265623312500001 0.43593768749999995 0.8234376687499999 0.43593768749999995 0.8218753390625 0.43437462499999996 0.81875 0.43437462499999996 0.8171876687499999 0.4328123125 0.8093753390625 0.4328123125 0.8078123312500001 0.43125 0.8 0.43125 0.79843766875 0.42968768749999997 0.7906253390625 0.42968768749999997 0.78906233125 0.43125 0.78593766875 0.43125 0.7796876687500001 0.4375 0.7781253390625 0.4375
17 0.1781253390625 0.425 0.17187533906250002 0.43125 0.17031233125 0.43125 0.16875 0.4328123125 0.16718766875 0.4328123125 0.16406233125 0.43593768749999995 0.1625 0.43593768749999995 0.16093766874999998 0.4375 0.15781233125 0.4375 0.15625 0.43906231250000005 0.15625 0.440624625 0.15468766875 0.4421876875 0.1531253390625 0.4421876875 0.15156233125000002 0.44375 0.15 0.44375 0.14843766875 0.44531231250000003 0.1468753390625 0.44531231250000003 0.14375 0.44843768749999996 0.14218766875 0.44843768749999996 0.14062533906250002 0.45 0.13906233125 0.45 0.13281233125 0.45625 0.13125 0.45625 0.125 0.4625 0.125 0.4640623125 0.12343766874999999 0.46562462499999996 0.12343766874999999 0.553125375 0.125 0.5546876875 0.12656233125 0.5546876875 0.13281233125 0.5609376875 0.13593766875 0.5609376875 0.14062533906250002 0.565624625 0.14218766875 0.565624625 0.14375 0.5671876874999999 0.1468753390625 0.5671876874999999 0.1531253390625 0.5734376875 0.15781233125 0.5734376875 0.16406233125 0.5796876875 0.16562533906250002 0.5796876875 0.16718766875 0.58125 0.16875 0.58125 0.17343766875 0.5859376875 0.17656233125 0.5859376875 0.18281233125000002 0.5921876875 0.18593766875 0.5921876875 0.1875 0.59375 0.19687533906250002 0.59375 0.19843766875 0.5921876875 0.20156233124999998 0.5921876875 0.20781233124999998 0.5859376875 0.2093753390625 0.5859376875 0.21093766875000003 0.584375375 0.2125 0.584375375 0.21718766875 0.5796876875 0.22031233125 0.5796876875 0.22656233124999997 0.5734376875 0.22968766875000002 0.5734376875 0.23125 0.571874625 0.23281233124999998 0.571874625 0.23593766875000002 0.56875 0.2375 0.56875 0.23906233124999998 0.5671876874999999 0.2406253390625 0.5671876874999999 0.24218766875000003 0.565624625 0.24375 0.565624625 0.24843766875 0.5609376875 0.25156233125 0.5609376875 0.25781233124999997 0.5546876875 0.2593753390625 0.5546876875 0.2593753390625 0.553125375 0.26093766875 0.5515623125 0.26093766875 0.55 0.2625 0.5484376875 0.2625 0.5453123125 0.26406233125 0.54375 0.26406233125 0.4828123125 0.2593753390625 0.47812462499999997 0.25781233124999997 0.47812462499999997 0.25468766875000004 0.475 0.25156233125 0.475 0.24843766875 0.471874625 0.24843766875 0.47031231250000005 0.24687533906249998 0.46875 0.24531233125 0.46875 0.24375 0.46718768749999995 0.24375 0.46562462499999996 0.24218766875000003 0.4640623125 0.24218766875000003 0.4515623125 0.2406253390625 0.45 0.2406253390625 0.44843768749999996 0.23593766875000002 0.44375 0.2343753390625 0.44375 0.23281233124999998 0.4421876875 0.23125 0.4421876875 0.2281253390625 0.43906231250000005 0.22656233124999997 0.43906231250000005 0.225 0.4375 0.22187533906249998 0.4375 0.21562533906249998 0.43125 0.21406233125 0.43125 0.20781233124999998 0.425 0.20625 0.425 0.20468766875000002 0.4234376875 0.2031253390625 0.4234376875 0.2 0.4203123125 0.1875 0.4203123125 0.1843753390625 0.4234376875 0.18281233125000002 0.4234376875 0.18125 0.425 0.1781253390625 0.425
35 0.6375 0.43125 0.63593766875 0.4328123125 0.63281233125 0.4328123125 0.63125 0.43437462499999996 0.62968766875 0.43437462499999996 0.6281253390625 0.43593768749999995 0.6265623312499999 0.43593768749999995 0.625 0.4375 0.6218753390625 0.4375 0.62031233125 0.43906231250000005 0.6156253390625 0.43906231250000005 0.6125 0.4421876875 0.61093766875 0.4421876875 0.6093753390625001 0.44375 0.60625 0.44375 0.6031253390625 0.44687462499999997 0.60156233125 0.44687462499999997 0.60156233125 0.44843768749999996 0.6 0.45 0.6 0.4546876875 0.59843766875 0.45625 0.59843766875 0.45937537500000003 0.59375 0.4640623125 0.59375 0.46718768749999995 0.58593766875 0.475 0.5843753390625 0.475 0.58125 0.47812462499999997 0.58125 0.546875375 0.58281233125 0.5484376875 0.5843753390625 0.5484376875 0.5875 0.5515623125 0.5875 0.553125375 0.58906233125 0.5546876875 0.5906253390625 0.5546876875 0.5921876687500001 0.55625 0.59375 0.55625 0.5968753390625 0.559374625 0.59843766875 0.559374625 0.6 0.5609376875 0.60468766875 0.5609376875 0.60625 0.5625 0.60781233125 0.5625 0.61093766875 0.565624625 0.6125 0.565624625 0.61406233125 0.5671876874999999 0.6156253390625 0.5671876874999999 0.61718766875 0.56875 0.61875 0.56875 0.6218753390625 0.571874625 0.6234376687500001 0.571874625 0.625 0.5734376875 0.6281253390625 0.5734376875 0.6343753390625 0.5796876875 0.63593766875 0.5796876875 0.63906233125 0.5828123125 0.63906233125 0.584375375 0.6406253390625001 0.584375375 0.64218766875 0.5859376875 0.64531233125 0.5859376875 0.6468753390625 0.5875 0.6593753390625 0.5875 0.66093766875 0.5859376875 0.6656253390625 0.5859376875 0.67031233125 0.58125 0.6718753390625001 0.58125 0.67343766875 0.5796876875 0.6781253390625 0.5796876875 0.6843753390625 0.5734376875 0.6875 0.5734376875 0.6890623312499999 0.571874625 0.6906253390625 0.571874625 0.6906253390625 0.5703123125 0.69218766875 0.56875 0.69375 0.56875 0.69843766875 0.5640623125 0.69843766875 0.5421876875 0.7 0.540624625 0.7 0.5375 0.7031253390625001 0.534374625 0.7031253390625001 0.5328123125 0.70468766875 0.53125 0.70468766875 0.5265623125000001 0.70781233125 0.5234376875 0.7093753390625 0.5234376875 0.71093766875 0.521875375 0.71093766875 0.5125 0.7125 0.5109376875 0.7125 0.5046876874999999 0.71406233125 0.503124625 0.71406233125 0.49375 0.7125 0.49218768749999997 0.7125 0.47656231250000003 0.71093766875 0.475 0.71093766875 0.4625 0.7093753390625 0.46093768749999997 0.7093753390625 0.45937537500000003 0.70625 0.45625 0.70468766875 0.45625 0.7 0.4515623125 0.69843766875 0.4515623125 0.6968753390625 0.45 0.69531233125 0.45 0.69375 0.44843768749999996 0.69218766875 0.44843768749999996 0.6906253390625 0.44687462499999997 0.6890623312499999 0.44687462499999997 0.6875 0.44531231250000003 0.6859376687500001 0.44531231250000003 0.6843753390625 0.44375 0.67968766875 0.44375 0.6781253390625 0.4421876875 0.67656233125 0.4421876875 0.67031233125 0.43593768749999995 0.66875 0.43593768749999995 0.6656253390625 0.4328123125 0.66406233125 0.4328123125 0.6625 0.43125 0.6593753390625 0.43125 0.6578123312499999 0.42968768749999997 0.64843766875 0.42968768749999997 0.6468753390625 0.42812537500000003 0.64531233125 0.42968768749999997 0.64218766875 0.42968768749999997 0.6406253390625001 0.43125 0.6375 0.43125
17 0.39062533906249997 0.58125 0.38906233125 0.5828123125 0.3875 0.5828123125 0.38281233124999997 0.5875 0.38125 0.5875 0.37968766875000004 0.5890623125000001 0.3781253390625 0.5890623125000001 0.37343766875 0.59375 0.37031233124999996 0.59375 0.36875 0.5953123125 0.3656253390625 0.5953123125 0.36093766875 0.6 0.35937533906249997 0.6 0.35625 0.603124625 0.35625 0.6046876875 0.35468766875 0.60625 0.35468766875 0.6078123125 0.3531253390625 0.609375375 0.3531253390625 0.69375 0.35781233125 0.6984376875 0.36093766875 0.6984376875 0.3625 0.7 0.36406233125 0.7 0.36718766875000003 0.703125375 0.36875 0.703125375 0.37031233124999996 0.7046876875 0.37343766875 0.7046876875 0.375 0.70625 0.37656233125 0.70625 0.3781253390625 0.7078123125 0.37968766875000004 0.7078123125 0.38281233124999997 0.7109376875 0.3875 0.7109376875 0.38906233125 0.7125 0.39218766875 0.7125 0.39531233125 0.715624625 0.3968753390625 0.715624625 0.4 0.7125 0.40312533906250003 0.7125 0.40468766875 0.7109376875 0.43281233124999996 0.7109376875 0.43437533906250003 0.7125 0.4375 0.7125 0.4406253390625 0.715624625 0.44218766875000004 0.715624625 0.44375 0.7171876875 0.45468766875 0.7171876875 0.45625 0.715624625 0.45937533906250005 0.715624625 0.4625 0.7125 0.46406233124999996 0.7125 0.46562533906250003 0.7109376875 0.46875 0.7109376875 0.47031233125 0.7093746249999999 0.4718753390625 0.7093746249999999 0.475 0.70625 0.47656233124999997 0.70625 0.47812533906250004 0.7046876875 0.47968766875 0.7046876875 0.48125 0.703125375 0.48281233125 0.703125375 0.49062533906250005 0.6953123125 0.49062533906250005 0.6140623125 0.48593766875 0.609375375 0.48593766875 0.60625 0.47968766875 0.6 0.47656233124999997 0.6 0.475 0.5984376874999999 0.47343766875000004 0.5984376874999999 0.47031233125 0.5953123125 0.46875 0.5953123125 0.46718766875 0.59375 0.46406233124999996 0.59375 0.45937533906250005 0.5890623125000001 0.45781233125 0.5890623125000001 0.45625 0.5875 0.4531253390625 0.5875 0.45156233125 0.5859376875 0.45 0.5859376875 0.44843766875 0.584375375 0.44843766875 0.5828123125 0.44687533906250004 0.5828123125 0.44531233124999997 0.58125 0.44218766875000004 0.58125 0.4406253390625 0.5796876875 0.43906233125 0.5796876875 0.43437533906250003 0.575 0.4 0.575 0.39531233125 0.5796876875 0.39375 0.5796876875 0.39218766875 0.58125 0.39062533906249997 0.58125
35 0.2406253390625 0.2875 0.23906233124999998 0.2890623125 0.2375 0.2890623125 0.23281233124999998 0.29375 0.22968766875000002 0.29375 0.2281253390625 0.2953123125 0.22656233124999997 0.2953123125 0.22187533906249998 0.3 0.22031233125 0.3 0.21562533906249998 0.3046876875 0.21406233125 0.3046876875 0.2125 0.30625 0.21093766875000003 0.30625 0.2093753390625 0.30781231249999996 0.20781233124999998 0.30781231249999996 0.20781233124999998 0.309374625 0.20156233124999998 0.315624625 0.20156233124999998 0.409374625 0.2031253390625 0.4109376875 0.20468766875000002 0.4109376875 0.2093753390625 0.41562462499999997 0.21093766875000003 0.41562462499999997 0.2125 0.41718768749999996 0.21562533906249998 0.41718768749999996 0.22187533906249998 0.4234376875 0.2281253390625 0.4234376875 0.23281233124999998 0.42812537500000003 0.2343753390625 0.42812537500000003 0.23593766875000002 0.42968768749999997 0.24687533906249998 0.42968768749999997 0.2531253390625 0.4234376875 0.25781233124999997 0.4234376875 0.2593753390625 0.42187537500000005 0.2625 0.42187537500000005 0.26406233125 0.4203123125 0.26875 0.4203123125 0.27031233125 0.41875 0.2718753390625 0.41875 0.27343766875000003 0.4203123125 0.275 0.4203123125 0.27656233124999996 0.42187537500000005 0.27968766875 0.42187537500000005 0.28125 0.4234376875 0.29843766875 0.4234376875 0.3 0.42187537500000005 0.3031253390625 0.42187537500000005 0.30625 0.41875 0.30781233124999996 0.41875 0.3093753390625 0.41718768749999996 0.3156253390625 0.41718768749999996 0.31718766875000004 0.41562462499999997 0.31875 0.41562462499999997 0.3218753390625 0.4125 0.32343766875 0.4125 0.325 0.4109376875 0.32656233125 0.4109376875 0.33281233125 0.40468768749999995 0.3343753390625 0.40468768749999995 0.3343753390625 0.40312462499999996 0.33593766875000003 0.4015623125 0.33593766875000003 0.3328123125 0.3343753390625 0.33125 0.33281233125 0.33125 0.32968766875 0.328125375 0.32968766875 0.3265623125 0.32812533906249997 0.3265623125 0.32343766875 0.321874625 0.32343766875 0.31875 0.3218753390625 0.31718768750000004 0.3218753390625 0.315624625 0.32031233124999997 0.3140623125 0.32031233124999997 0.3125 0.31875 0.3109376875 0.31875 0.309374625 0.31718766875000004 0.30781231249999996 0.31718766875000004 0.30625 0.3156253390625 0.3046876875 0.3156253390625 0.30312462500000004 0.31406233125 0.3015623125 0.3125 0.3015623125 0.31093766875 0.3 0.30781233124999996 0.3 0.30625 0.2984376875 0.3031253390625 0.2984376875 0.30156233125 0.296875375 0.3 0.296875375 0.29843766875 0.2953123125 0.29218766875 0.2953123125 0.2906253390625 0.29375 0.28906233124999997 0.29375 0.2875 0.2921876875 0.28593766875000004 0.2921876875 0.2843753390625 0.290624625 0.28281233125 0.290624625 0.27968766875 0.29375 0.27031233125 0.29375 0.2593753390625 0.2828123125 0.25156233125 0.2828123125 0.24843766875 0.28593768750000004 0.24531233125 0.28593768750000004 0.24375 0.2875 0.2406253390625 0.2875
32 0.325 0.86875 0.325 0.9078123124999999 0.32812533906249997 0.9109376875 0.35937533906249997 0.9109376875 0.36093766875 0.9093746250000001 0.36093766875 0.9078123124999999 0.36406233125 0.9046876875000001 0.3656253390625 0.9046876875000001 0.36718766875000003 0.9031253749999999 0.36718766875000003 0.86875 0.3656253390625 0.8671876875000001 0.3656253390625 0.865624625 0.35937533906249997 0.8593753749999999 0.35937533906249997 0.8578123124999999 0.35781233125 0.85625 0.3343753390625 0.85625 0.3343753390625 0.8578123124999999 0.33125 0.8609376875000001 0.33125 0.8625 0.325 0.86875
0 0.6343753390625 0.13125 0.63281233125 0.1328123125 0.63125 0.1328123125 0.63125 0.13437537500000002 0.6281253390625 0.1375 0.625 0.1375 0.62031233125 0.1421876875 0.61875 0.1421876875 0.61718766875 0.14375 0.61406233125 0.14375 0.60781233125 0.15 0.60468766875 0.15 0.6031253390625 0.15156231250000002 0.60156233125 0.15156231250000002 0.5968753390625 0.15625 0.5953123312499999 0.15625 0.58906233125 0.1625 0.5875 0.1625 0.58593766875 0.1640623125 0.5843753390625 0.1640623125 0.58281233125 0.165624625 0.58281233125 0.1671876875 0.58125 0.16875 0.58125 0.22812462500000003 0.58281233125 0.22968768750000002 0.58281233125 0.23281231249999998 0.5875 0.2375 0.5875 0.240624625 0.5921876687500001 0.2453123125 0.5921876687500001 0.2484376875 0.59375 0.25 0.59375 0.259374625 0.5953123312499999 0.2609376875 0.5953123312499999 0.2625 0.6 0.2671876875 0.60156233125 0.2671876875 0.60781233125 0.2734376875 0.6125 0.2734376875 0.61406233125 0.275 0.6156253390625 0.275 0.61718766875 0.27656231249999996 0.61875 0.27656231249999996 0.62031233125 0.278124625 0.6218753390625 0.278124625 0.6234376687500001 0.2796876875 0.6281253390625 0.2796876875 0.6343753390625 0.28593768750000004 0.63593766875 0.28593768750000004 0.6406253390625001 0.290624625 0.64218766875 0.290624625 0.64375 0.2921876875 0.64531233125 0.2921876875 0.6468753390625 0.29375 0.65625 0.29375 0.6578123312499999 0.2921876875 0.66406233125 0.2921876875 0.6656253390625 0.290624625 0.66718766875 0.290624625 0.6718753390625001 0.28593768750000004 0.67656233125 0.28593768750000004 0.6781253390625 0.284375375 0.67968766875 0.284375375 0.68281233125 0.28125 0.6843753390625 0.28125 0.6859376687500001 0.2796876875 0.6890623312499999 0.2796876875 0.6968753390625 0.27187462500000004 0.6968753390625 0.2703123125 0.69843766875 0.26875 0.69843766875 0.2609376875 0.7 0.259374625 0.7 0.253125375 0.70156233125 0.2515623125 0.70156233125 0.25 0.7031253390625001 0.2484376875 0.7031253390625001 0.24687462500000001 0.70468766875 0.2453123125 0.70468766875 0.23906231249999998 0.71093766875 0.23281231249999998 0.71093766875 0.23125 0.7125 0.22968768750000002 0.7125 0.22812462500000003 0.7156253390625 0.225 0.7156253390625 0.2234376875 0.7171876687500001 0.22187537499999999 0.7171876687500001 0.17812462499999998 0.7156253390625 0.1765623125 0.7156253390625 0.1734376875 0.71406233125 0.171875375 0.71406233125 0.1703123125 0.71093766875 0.1671876875 0.71093766875 0.165624625 0.7031253390625001 0.1578123125 0.70156233125 0.1578123125 0.7 0.15625 0.69843766875 0.15625 0.6968753390625 0.1546876875 0.69531233125 0.1546876875 0.6906253390625 0.15 0.6875 0.15 0.6843753390625 0.14687462499999998 0.68281233125 0.14687462499999998 0.67968766875 0.14375 0.67656233125 0.14375 0.6718753390625001 0.1390623125 0.67031233125 0.1390623125 0.66875 0.1375 0.66718766875 0.1375 0.6656253390625 0.1359376875 0.66406233125 0.1359376875 0.6593753390625 0.13125 0.6578123312499999 0.13125 0.6546876687500001 0.128124625 0.6406253390625001 0.128124625 0.63906233125 0.12968768749999998 0.6375 0.12968768749999998 0.63593766875 0.13125 0.6343753390625 0.13125
34 0.70625 0.23593768750000002 0.70468766875 0.2375 0.70468766875 0.23906231249999998 0.7031253390625001 0.240624625 0.7031253390625001 0.2734376875 0.70625 0.27656231249999996 0.70625 0.278124625 0.70781233125 0.2796876875 0.73906233125 0.2796876875 0.7468753390625 0.27187462500000004 0.7468753390625 0.2515623125 0.74531233125 0.25 0.74531233125 0.2484376875 0.74375 0.24687462500000001 0.74375 0.24218768750000003 0.74218766875 0.240624625 0.74218766875 0.234375375 0.7343753390625001 0.22656231249999997 0.71406233125 0.22656231249999997 0.7093753390625 0.23125 0.70781233125 0.23125 0.70625 0.23281231249999998 0.70625 0.23593768750000002
34 0.7125 0.521875375 0.7093753390625 0.525 0.70781233125 0.525 0.70625 0.5265623125000001 0.70625 0.528124625 0.70468766875 0.5296876875 0.70468766875 0.565624625 0.70625 0.565624625 0.70781233125 0.5671876874999999 0.7093753390625 0.5671876874999999 0.71093766875 0.56875 0.7125 0.56875 0.71406233125 0.5703123125 0.7343753390625001 0.5703123125 0.73593766875 0.56875 0.7375 0.56875 0.73906233125 0.5671876874999999 0.7406253390625 0.5671876874999999 0.74218766875 0.565624625 0.74218766875 0.5640623125 0.74375 0.5625 0.74375 0.5609376875 0.74531233125 0.559374625 0.74531233125 0.546875375 0.74375 0.5453123125 0.74375 0.5421876875 0.74218766875 0.540624625 0.74218766875 0.5296876875 0.7406253390625 0.528124625 0.7406253390625 0.5265623125000001 0.73593766875 0.521875375 0.73593766875 0.5203123125 0.7343753390625001 0.51875 0.73281233125 0.51875 0.73125 0.5171876875 0.7171876687500001 0.5171876875 0.7156253390625 0.51875 0.71406233125 0.51875 0.7125 0.5203123125 0.7125 0.521875375
0 0.32656233125 0.43593768749999995 0.325 0.4375 0.31718766875000004 0.4375 0.3156253390625 0.43906231250000005 0.3125 0.43906231250000005 0.31093766875 0.440624625 0.3093753390625 0.440624625 0.30625 0.44375 0.30468766875000003 0.44375 0.3031253390625 0.44531231250000003 0.30156233125 0.44531231250000003 0.3 0.44687462499999997 0.3 0.44843768749999996 0.29843766875 0.45 0.29687533906249997 0.45 0.29531233125 0.4515623125 0.29531233125 0.45937537500000003 0.29375 0.46093768749999997 0.29375 0.47031231250000005 0.28906233124999997 0.475 0.2875 0.475 0.27968766875 0.4828123125 0.27968766875 0.48437537500000005 0.2781253390625 0.4859376875 0.2781253390625 0.553125375 0.28593766875000004 0.5609376875 0.2875 0.5609376875 0.28906233124999997 0.5625 0.2906253390625 0.5625 0.29531233125 0.5671876874999999 0.29843766875 0.5671876874999999 0.3 0.56875 0.30156233125 0.56875 0.30468766875000003 0.571874625 0.30625 0.571874625 0.30781233124999996 0.5734376875 0.31093766875 0.5734376875 0.3125 0.575 0.31406233125 0.575 0.31718766875000004 0.578125375 0.31875 0.578125375 0.32031233124999997 0.5796876875 0.3218753390625 0.5796876875 0.32343766875 0.58125 0.325 0.58125 0.32812533906249997 0.584375375 0.32968766875 0.584375375 0.33125 0.5859376875 0.3343753390625 0.5859376875 0.33593766875000003 0.5875 0.33906233124999996 0.5875 0.34218766875 0.590624625 0.34843766875000004 0.590624625 0.35 0.5890623125000001 0.35156233124999997 0.5890623125000001 0.3531253390625 0.5875 0.35468766875 0.5875 0.35625 0.5859376875 0.35937533906249997 0.5859376875 0.36093766875 0.584375375 0.3625 0.584375375 0.3656253390625 0.58125 0.36718766875000003 0.58125 0.36875 0.5796876875 0.3718753390625 0.5796876875 0.37656233125 0.575 0.3781253390625 0.575 0.37968766875000004 0.5734376875 0.38281233124999997 0.5734376875 0.3843753390625 0.571874625 0.38593766875 0.571874625 0.38593766875 0.5703123125 0.38906233125 0.5671876874999999 0.39062533906249997 0.5671876874999999 0.39218766875 0.565624625 0.39218766875 0.5546876875 0.39375 0.553125375 0.39375 0.5484376875 0.39531233125 0.546875375 0.39531233125 0.5453123125 0.3968753390625 0.54375 0.3968753390625 0.5421876875 0.39843766875000003 0.540624625 0.39843766875000003 0.53125 0.4 0.5296876875 0.4 0.528124625 0.40468766875 0.5234376875 0.40468766875 0.521875375 0.41093766875000004 0.515625375 0.41093766875000004 0.5109376875 0.4125 0.509374625 0.4125 0.47812462499999997 0.41093766875000004 0.47656231250000003 0.41093766875000004 0.4640623125 0.40468766875 0.45781231250000004 0.40312533906250003 0.45781231250000004 0.40156233124999996 0.45625 0.39843766875000003 0.45625 0.39531233125 0.45312537500000005 0.39375 0.45312537500000005 0.39062533906249997 0.45 0.3875 0.45 0.38281233124999997 0.44531231250000003 0.37968766875000004 0.44531231250000003 0.3781253390625 0.44375 0.37656233125 0.44375 0.37031233124999996 0.4375 0.36875 0.4375 0.36406233125 0.4328123125 0.36093766875 0.4328123125 0.35937533906249997 0.43125 0.33593766875000003 0.43125 0.3343753390625 0.4328123125 0.33125 0.4328123125 0.32812533906249997 0.43593768749999995 0.32656233125 0.43593768749999995
37 0.33593766875000003 0.7171876875 0.3343753390625 0.71875 0.33125 0.71875 0.32968766875 0.7203123125 0.32812533906249997 0.7203123125 0.325 0.7234376874999999 0.32343766875 0.7234376874999999 0.3218753390625 0.725 0.32031233124999997 0.725 0.31875 0.7265623125 0.3156253390625 0.7265623125 0.31406233125 0.728124625 0.3125 0.728124625 0.31093766875 0.7296876875 0.3093753390625 0.7296876875 0.30781233124999996 0.73125 0.30468766875000003 0.73125 0.3031253390625 0.7328123125 0.30156233125 0.7328123125 0.3 0.734375375 0.3 0.7359376875 0.29531233125 0.7406246249999999 0.29531233125 0.7515623125 0.29843766875 0.7546876874999999 0.3 0.7546876874999999 0.30156233125 0.75625 0.3031253390625 0.75625 0.30468766875000003 0.7578123125 0.30468766875000003 0.759374625 0.30625 0.7609376875 0.30625 0.7625 0.30781233124999996 0.7640623125 0.30781233124999996 0.765625375 0.3125 0.7703123125 0.3125 0.7765623125000001 0.31406233125 0.778125375 0.31406233125 0.7796876875 0.3156253390625 0.7796876875 0.31875 0.7828123125 0.31875 0.7859376874999999 0.3218753390625 0.7890623125 0.3218753390625 0.796875375 0.32031233124999997 0.7984376875 0.32031233124999997 0.8 0.31406233125 0.80625 0.31093766875 0.80625 0.3093753390625 0.8078123125 0.30781233124999996 0.8078123125 0.30468766875000003 0.8109376875000001 0.3 0.8109376875000001 0.29687533906249997 0.8078123125 0.29531233125 0.8078123125 0.29375 0.80625 0.29218766875 0.80625 0.2906253390625 0.8046876875000001 0.28906233124999997 0.8046876875000001 0.2875 0.803124625 0.28593766875000004 0.803124625 0.2843753390625 0.8015623125 0.28281233125 0.8015623125 0.2781253390625 0.796875375 0.2781253390625 0.8453123124999999 0.27968766875 0.8453123124999999 0.28125 0.8468746250000001 0.2843753390625 0.8468746250000001 0.28593766875000004 0.8484376875 0.2906253390625 0.8484376875 0.29375 0.8515623124999999 0.29375 0.8531246250000001 0.29531233125 0.8546876875 0.29843766875 0.8546876875 0.3 0.85625 0.3031253390625 0.85625 0.30781233124999996 0.8609376875000001 0.31406233125 0.8609376875000001 0.3156253390625 0.8625 0.3218753390625 0.8625 0.32343766875 0.8609376875000001 0.32812533906249997 0.8609376875000001 0.32968766875 0.8593753749999999 0.33281233125 0.8593753749999999 0.3343753390625 0.8578123124999999 0.33593766875000003 0.8578123124999999 0.3375 0.85625 0.35 0.85625 0.35156233124999997 0.8578123124999999 0.35468766875 0.8578123124999999 0.35625 0.8593753749999999 0.3625 0.8593753749999999 0.36406233125 0.8609376875000001 0.37656233125 0.8609376875000001 0.3781253390625 0.8593753749999999 0.37968766875000004 0.8593753749999999 0.3843753390625 0.8546876875 0.39218766875 0.8546876875 0.39375 0.8531246250000001 0.39531233125 0.8531246250000001 0.39843766875000003 0.85 0.4 0.85 0.40156233124999996 0.8484376875 0.40312533906250003 0.8484376875 0.4125 0.8390623125 0.41093766875000004 0.8375 0.41093766875000004 0.8328123125 0.4125 0.83125 0.4125 0.7734376875 0.41093766875000004 0.7718746249999999 0.41093766875000004 0.7703123125 0.39843766875000003 0.7578123125 0.39843766875000003 0.75 0.3968753390625 0.7484376875 0.3968753390625 0.7453123125000001 0.39218766875 0.7406246249999999 0.39218766875 0.7390623125 0.39062533906249997 0.7390623125 0.38906233125 0.7375 0.38593766875 0.7375 0.3843753390625 0.7359376875 0.38281233124999997 0.7359376875 0.37968766875000004 0.7328123125 0.3781253390625 0.7328123125 0.37656233125 0.73125 0.37343766875 0.73125 0.3718753390625 0.7296876875 0.37031233124999996 0.7296876875 0.36718766875000003 0.7265623125 0.3656253390625 0.7265623125 0.36406233125 0.725 0.3625 0.725 0.35781233125 0.7203123125 0.35625 0.7203123125 0.35468766875 0.71875 0.35156233124999997 0.71875 0.35 0.7171876875 0.34843766875000004 0.7171876875 0.34531233125 0.7140623125000001 0.34375 0.715624625 0.33906233124999996 0.715624625 0.3375 0.7171876875 0.33593766875000003 0.7171876875
36 0.4843753390625 0.13437537500000002 0.48125 0.1375 0.47968766875 0.1375 0.47812533906250004 0.1390623125 0.47656233124999997 0.1390623125 0.47343766875000004 0.1421876875 0.4718753390625 0.1421876875 0.47031233125 0.14375 0.46718766875 0.14375 0.4625 0.1484376875 0.46093766875000003 0.1484376875 0.45781233125 0.15156231250000002 0.45625 0.15156231250000002 0.45625 0.153124625 0.4531253390625 0.15625 0.45 0.15625 0.44843766875 0.1578123125 0.44687533906250004 0.1578123125 0.43593766875 0.16875 0.43437533906250003 0.16875 0.43125 0.171875375 0.43125 0.17812462499999998 0.42968766875000003 0.1796876875 0.42968766875000003 0.184374625 0.42812533906250005 0.1859376875 0.42812533906250005 0.259374625 0.43125 0.2625 0.43125 0.2640623125 0.43281233124999996 0.265625375 0.43437533906250003 0.265625375 0.4375 0.26875 0.43906233125 0.26875 0.44375 0.2734376875 0.44687533906250004 0.2734376875 0.45156233125 0.278124625 0.4531253390625 0.278124625 0.45468766875 0.2796876875 0.45781233125 0.2796876875 0.45937533906250005 0.28125 0.46093766875000003 0.28125 0.46562533906250003 0.28593768750000004 0.46718766875 0.28593768750000004 0.46875 0.2875 0.47031233125 0.2875 0.475 0.2921876875 0.47656233124999997 0.2921876875 0.47812533906250004 0.29375 0.47968766875 0.29375 0.48125 0.2953123125 0.48125 0.296875375 0.48281233125 0.296875375 0.4843753390625 0.2984376875 0.48593766875 0.2984376875 0.4875 0.3 0.48906233125 0.3 0.49062533906250005 0.3015623125 0.49218766875000003 0.3015623125 0.49375 0.30312462500000004 0.49843766875 0.30312462500000004 0.5015623312499999 0.3 0.5031253390625 0.3 0.50468766875 0.2984376875 0.50781233125 0.2984376875 0.51406233125 0.2921876875 0.51718766875 0.2921876875 0.51875 0.290624625 0.52031233125 0.290624625 0.52343766875 0.2875 0.525 0.2875 0.52656233125 0.28593768750000004 0.5296876687500001 0.28593768750000004 0.5328123312499999 0.2828123125 0.5343753390625 0.2828123125 0.5375 0.2796876875 0.53906233125 0.2796876875 0.54218766875 0.27656231249999996 0.54218766875 0.275 0.54375 0.2734376875 0.54375 0.27187462500000004 0.5468753390625001 0.26875 0.5468753390625001 0.2671876875 0.54843766875 0.265625375 0.54843766875 0.24687462500000001 0.5531253390625 0.24218768750000003 0.5531253390625 0.240624625 0.55468766875 0.23906231249999998 0.55468766875 0.23593768750000002 0.55625 0.234375375 0.55625 0.23281231249999998 0.5609376687500001 0.22812462500000003 0.5609376687500001 0.22656231249999997 0.56718766875 0.2203123125 0.56718766875 0.1765623125 0.5656253390625 0.175 0.5656253390625 0.1734376875 0.5609376687500001 0.16875 0.5593753390625 0.16875 0.55156233125 0.16093768749999998 0.55 0.16093768749999998 0.54531233125 0.15625 0.54375 0.15625 0.54218766875 0.1546876875 0.5406253390625 0.1546876875 0.5375 0.15156231250000002 0.53593766875 0.15156231250000002 0.5343753390625 0.15 0.5328123312499999 0.15 0.52656233125 0.14375 0.52343766875 0.14375 0.51875 0.1390623125 0.51718766875 0.1390623125 0.5156253390625001 0.1375 0.51406233125 0.1375 0.5125 0.1359376875 0.51093766875 0.1359376875 0.50781233125 0.1328123125 0.5031253390625 0.1328123125 0.5015623312499999 0.13125 0.49531233124999996 0.13125 0.49375 0.1328123125 0.4875 0.1328123125 0.48593766875 0.13437537500000002 0.4843753390625 0.13437537500000002
31 0.7031253390625001 0.85625 0.70781233125 0.8609376875000001 0.7406253390625 0.8609376875000001 0.74218766875 0.8593753749999999 0.74218766875 0.8578123124999999 0.7468753390625 0.8531246250000001 0.7468753390625 0.8375 0.74375 0.834374625 0.74375 0.8218746250000001 0.74218766875 0.8203123124999999 0.74218766875 0.8156246250000001 0.7343753390625001 0.8078123125 0.7125 0.8078123125 0.70625 0.8140623124999999 0.70625 0.8156246250000001 0.7031253390625001 0.81875 0.7031253390625001 0.85625
36 0.48593766875 0.4375 0.48281233125 0.440624625 0.48125 0.43906231250000005 0.47656233124999997 0.43906231250000005 0.475 0.440624625 0.47343766875000004 0.440624625 0.4718753390625 0.4421876875 0.46718766875 0.4421876875 0.46562533906250003 0.44375 0.45937533906250005 0.44375 0.45781233125 0.44531231250000003 0.45625 0.44531231250000003 0.4531253390625 0.44843768749999996 0.45156233125 0.44843768749999996 0.45 0.45 0.44687533906250004 0.45 0.44531233124999997 0.4515623125 0.44375 0.4515623125 0.44375 0.45312537500000005 0.44218766875000004 0.4546876875 0.4406253390625 0.4546876875 0.43906233125 0.45625 0.43593766875 0.45625 0.43437533906250003 0.45781231250000004 0.43281233124999996 0.45781231250000004 0.43281233124999996 0.45937537500000003 0.42968766875000003 0.4625 0.42968766875000003 0.4640623125 0.42812533906250005 0.46562462499999996 0.42812533906250005 0.5125 0.42968766875000003 0.5140623125 0.42968766875000003 0.515625375 0.43125 0.5171876875 0.43125 0.5203123125 0.4375 0.5265623125000001 0.4375 0.528124625 0.44375 0.534374625 0.44375 0.55 0.44531233124999997 0.5515623125 0.44531233124999997 0.553125375 0.44843766875 0.55625 0.44843766875 0.5578123125000001 0.45156233125 0.5609376875 0.4531253390625 0.5609376875 0.45625 0.5640623125 0.45625 0.565624625 0.45781233125 0.565624625 0.45937533906250005 0.5671876874999999 0.46562533906250003 0.5671876874999999 0.46718766875 0.56875 0.46875 0.56875 0.4718753390625 0.571874625 0.47343766875000004 0.571874625 0.475 0.5734376875 0.47968766875 0.5734376875 0.48125 0.575 0.48281233125 0.575 0.4843753390625 0.5765623125 0.48593766875 0.5765623125 0.48906233125 0.5796876875 0.49062533906250005 0.5796876875 0.49375 0.5828123125 0.5 0.5828123125 0.5015623312499999 0.58125 0.5031253390625 0.58125 0.50468766875 0.5796876875 0.50781233125 0.5796876875 0.5125 0.575 0.51406233125 0.575 0.5156253390625001 0.5734376875 0.51875 0.5734376875 0.52031233125 0.571874625 0.5218753390625 0.571874625 0.5218753390625 0.5703123125 0.52343766875 0.56875 0.525 0.56875 0.52656233125 0.5671876874999999 0.5296876687500001 0.5671876874999999 0.53125 0.565624625 0.5328123312499999 0.565624625 0.53593766875 0.5625 0.5375 0.5625 0.53906233125 0.5609376875 0.54218766875 0.5609376875 0.54375 0.559374625 0.54531233125 0.559374625 0.55 0.5546876875 0.5531253390625 0.5546876875 0.55468766875 0.553125375 0.55468766875 0.5515623125 0.55625 0.55 0.55781233125 0.55 0.5593753390625 0.5484376875 0.5625 0.5484376875 0.5640623312499999 0.546875375 0.5656253390625 0.546875375 0.5656253390625 0.5453123125 0.56718766875 0.54375 0.56718766875 0.4828123125 0.5593753390625 0.475 0.55781233125 0.475 0.54843766875 0.46562462499999996 0.54843766875 0.4640623125 0.5468753390625001 0.4625 0.5468753390625001 0.46093768749999997 0.54375 0.45781231250000004 0.54375 0.4546876875 0.54218766875 0.45312537500000005 0.54218766875 0.4515623125 0.5343753390625 0.44375 0.5296876687500001 0.44375 0.5281253390625 0.4421876875 0.52656233125 0.4421876875 0.5218753390625 0.4375 0.51875 0.4375 0.51718766875 0.43593768749999995 0.5156253390625001 0.43593768749999995 0.51406233125 0.43437462499999996 0.5125 0.43437462499999996 0.51093766875 0.4328123125 0.49375 0.4328123125 0.49218766875000003 0.43437462499999996 0.49062533906250005 0.43437462499999996 0.4875 0.4375 0.48593766875 0.4375
32 0.5531253390625 0.278124625 0.55468766875 0.278124625 0.55625 0.2796876875 0.58906233125 0.2796876875 0.5921876687500001 0.27656231249999996 0.5921876687500001 0.23906231249999998 0.5906253390625 0.2375 0.5906253390625 0.23593768750000002 0.5843753390625 0.22968768750000002 0.58281233125 0.22968768750000002 0.57968766875 0.22656231249999997 0.5609376687500001 0.22656231249999997 0.55625 0.23125 0.55625 0.23281231249999998 0.5531253390625 0.23593768750000002 0.5531253390625 0.278124625
35 0.7031253390625001 0.2890623125 0.7 0.2921876875 0.6968753390625 0.2921876875 0.69375 0.2953123125 0.69218766875 0.2953123125 0.6906253390625 0.296875375 0.6890623312499999 0.296875375 0.6875 0.2984376875 0.6859376687500001 0.2984376875 0.6843753390625 0.3 0.68281233125 0.3 0.6781253390625 0.3046876875 0.675 0.3046876875 0.67343766875 0.30625 0.67031233125 0.30625 0.66406233125 0.3125 0.6625 0.3125 0.66093766875 0.3140623125 0.6593753390625 0.3140623125 0.6578123312499999 0.315624625 0.6578123312499999 0.31718768750000004 0.65625 0.31875 0.65625 0.4125 0.6578123312499999 0.41406231250000003 0.6578123312499999 0.41562462499999997 0.6593753390625 0.41562462499999997 0.66093766875 0.41718768749999996 0.66406233125 0.41718768749999996 0.6656253390625 0.41875 0.66718766875 0.41875 0.67031233125 0.42187537500000005 0.6718753390625001 0.42187537500000005 0.67343766875 0.4234376875 0.6781253390625 0.4234376875 0.67968766875 0.425 0.68125 0.425 0.6843753390625 0.42812537500000003 0.6859376687500001 0.42812537500000003 0.6875 0.42968768749999997 0.6906253390625 0.42968768749999997 0.69218766875 0.43125 0.69375 0.43125 0.6968753390625 0.43437462499999996 0.69843766875 0.43437462499999996 0.7 0.43593768749999995 0.7031253390625001 0.43593768749999995 0.70468766875 0.4375 0.70625 0.4375 0.70781233125 0.43906231250000005 0.7093753390625 0.43906231250000005 0.71093766875 0.440624625 0.7156253390625 0.440624625 0.7171876687500001 0.4421876875 0.7218753390625 0.4421876875 0.72343766875 0.440624625 0.725 0.440624625 0.72656233125 0.43906231250000005 0.7281253390625 0.43906231250000005 0.73125 0.43593768749999995 0.7343753390625001 0.43593768749999995 0.73593766875 0.43437462499999996 0.7375 0.43437462499999996 0.7406253390625 0.43125 0.74218766875 0.43125 0.74375 0.42968768749999997 0.7468753390625 0.42968768749999997 0.75 0.42656231250000004 0.7515623312499999 0.42656231250000004 0.7531253390625 0.425 0.75468766875 0.425 0.75625 0.4234376875 0.7593753390625 0.4234376875 0.76093766875 0.42187537500000005 0.7625 0.42187537500000005 0.76406233125 0.4203123125 0.7656253390625001 0.4203123125 0.76875 0.41718768749999996 0.77031233125 0.41718768749999996 0.77343766875 0.41406231250000003 0.77343766875 0.4109376875 0.775 0.409374625 0.775 0.4015623125 0.77656233125 0.4 0.77656233125 0.3984376875 0.7781253390625 0.396875375 0.7781253390625 0.39375 0.7796876687500001 0.3921876875 0.7796876687500001 0.3875 0.78125 0.3859376875 0.78125 0.384374625 0.7828123312499999 0.3828123125 0.7828123312499999 0.38125 0.78593766875 0.378124625 0.78593766875 0.3765623125 0.7875 0.375 0.7875 0.3734376875 0.78906233125 0.371874625 0.78906233125 0.3328123125 0.7875 0.33125 0.7875 0.3234376875 0.78593766875 0.321874625 0.78593766875 0.3140623125 0.7828123312499999 0.3109376875 0.78125 0.3109376875 0.7796876687500001 0.309374625 0.7796876687500001 0.30781231249999996 0.7781253390625 0.30625 0.7718753390625 0.30625 0.7656253390625001 0.3 0.7625 0.3 0.76093766875 0.2984376875 0.7593753390625 0.2984376875 0.75625 0.2953123125 0.75468766875 0.2953123125 0.7531253390625 0.29375 0.7515623312499999 0.29375 0.74531233125 0.2875 0.73281233125 0.2875 0.73125 0.28593768750000004 0.72656233125 0.28593768750000004 0.725 0.284375375 0.72343766875 0.284375375 0.7218753390625 0.2828123125 0.7125 0.2828123125 0.71093766875 0.284375375 0.7093753390625 0.284375375 0.70468766875 0.2890623125 0.7031253390625001 0.2890623125
36 0.40625 0.28593768750000004 0.40468766875 0.2875 0.3968753390625 0.2875 0.39531233125 0.2890623125 0.39375 0.2890623125 0.39062533906249997 0.2921876875 0.38906233125 0.2921876875 0.3875 0.29375 0.38281233124999997 0.29375 0.37656233125 0.3 0.375 0.3 0.37343766875 0.3015623125 0.3718753390625 0.3015623125 0.37031233124999996 0.30312462500000004 0.37031233124999996 0.3046876875 0.36875 0.30625 0.36875 0.3203123125 0.36718766875000003 0.321874625 0.36718766875000003 0.3234376875 0.3656253390625 0.325 0.36406233125 0.325 0.3625 0.3265623125 0.3625 0.328125375 0.36093766875 0.3296876875 0.35937533906249997 0.3296876875 0.35625 0.3328123125 0.35625 0.409374625 0.35781233125 0.4109376875 0.35937533906249997 0.4109376875 0.36406233125 0.41562462499999997 0.3656253390625 0.41562462499999997 0.36718766875000003 0.41718768749999996 0.3718753390625 0.41718768749999996 0.37656233125 0.42187537500000005 0.3781253390625 0.42187537500000005 0.37968766875000004 0.4234376875 0.38281233124999997 0.4234376875 0.38906233125 0.42968768749999997 0.39062533906249997 0.42968768749999997 0.39218766875 0.43125 0.39375 0.43125 0.39843766875000003 0.43593768749999995 0.40156233124999996 0.43593768749999995 0.40625 0.440624625 0.40781233125 0.440624625 0.4093753390625 0.4421876875 0.41093766875000004 0.4421876875 0.4125 0.44375 0.41406233124999997 0.44375 0.41718766875 0.44687462499999997 0.42343766875 0.44687462499999997 0.42656233125 0.44375 0.42812533906250005 0.44375 0.42968766875000003 0.4421876875 0.43125 0.4421876875 0.43437533906250003 0.43906231250000005 0.43593766875 0.43906231250000005 0.43906233125 0.43593768749999995 0.4406253390625 0.43593768749999995 0.44218766875000004 0.43437462499999996 0.44375 0.43437462499999996 0.44687533906250004 0.43125 0.44843766875 0.43125 0.45 0.42968768749999997 0.4531253390625 0.42968768749999997 0.45625 0.42656231250000004 0.45781233125 0.42656231250000004 0.45937533906250005 0.425 0.46093766875000003 0.425 0.4625 0.4234376875 0.46562533906250003 0.4234376875 0.46718766875 0.42187537500000005 0.46875 0.42187537500000005 0.4718753390625 0.41875 0.47343766875000004 0.41875 0.475 0.41718768749999996 0.47812533906250004 0.41718768749999996 0.49062533906250005 0.40468768749999995 0.49062533906250005 0.3234376875 0.48906233125 0.321874625 0.48906233125 0.3203123125 0.48593766875 0.31718768750000004 0.48593766875 0.315624625 0.48281233125 0.3125 0.48125 0.3125 0.47656233124999997 0.30781231249999996 0.475 0.30781231249999996 0.47343766875000004 0.30625 0.47031233125 0.30625 0.46875 0.3046876875 0.46718766875 0.3046876875 0.46406233124999996 0.3015623125 0.4625 0.3015623125 0.46093766875000003 0.3 0.45781233125 0.3 0.4531253390625 0.2953123125 0.45156233125 0.2953123125 0.45 0.29375 0.44843766875 0.29375 0.44375 0.2890623125 0.44218766875000004 0.2890623125 0.4406253390625 0.2875 0.43906233125 0.2875 0.4375 0.28593768750000004 0.43593766875 0.28593768750000004 0.43281233124999996 0.2828123125 0.41406233124999997 0.2828123125 0.4125 0.284375375 0.41093766875000004 0.284375375 0.4093753390625 0.28593768750000004 0.40625 0.28593768750000004
16 0.4093753390625 0.715624625 0.41406233124999997 0.7109376875 0.425 0.7109376875 0.42656233125 0.7125 0.42812533906250005 0.7125 0.43125 0.715624625 0.44218766875000004 0.715624625 0.44843766875 0.7093746249999999 0.44843766875 0.6546876875 0.44687533906250004 0.653124625 0.44687533906250004 0.6515623125000001 0.39375 0.6515623125000001 0.39375 0.7125 0.39531233125 0.7140623125000001 0.39531233125 0.715624625 0.4093753390625 0.715624625
34 0.40312533906250003 0.525 0.40156233124999996 0.525 0.4 0.5265623125000001 0.4 0.565624625 0.40156233124999996 0.5671876874999999 0.40468766875 0.5671876874999999 0.40625 0.56875 0.40781233125 0.56875 0.4093753390625 0.5703123125 0.41093766875000004 0.5703123125 0.4125 0.571874625 0.43437533906250003 0.571874625 0.43906233125 0.5671876874999999 0.4406253390625 0.5671876874999999 0.44218766875000004 0.565624625 0.44218766875000004 0.5328123125 0.4406253390625 0.53125 0.4406253390625 0.5296876875 0.43906233125 0.5296876875 0.4375 0.528124625 0.4375 0.5265623125000001 0.43593766875 0.525 0.43437533906250003 0.525 0.42968766875000003 0.5203123125 0.42968766875000003 0.51875 0.42812533906250005 0.5171876875 0.41093766875000004 0.5171876875 0.4093753390625 0.51875 0.40781233125 0.51875 0.40781233125 0.5203123125 0.40312533906250003 0.525
0 0.7031253390625001 0.5828123125 0.70156233125 0.584375375 0.70156233125 0.5859376875 0.6968753390625 0.590624625 0.6968753390625 0.5921876875 0.69375 0.5953123125 0.69218766875 0.5953123125 0.6906253390625 0.596874625 0.6875 0.596874625 0.6859376687500001 0.5984376874999999 0.68125 0.5984376874999999 0.67968766875 0.6 0.6718753390625001 0.6 0.67031233125 0.6015623125 0.66875 0.6015623125 0.66406233125 0.60625 0.66093766875 0.60625 0.65625 0.6109376875 0.65625 0.6640623125 0.6625 0.6703123125 0.6625 0.6734376875 0.66406233125 0.675 0.66406233125 0.6765623125 0.66718766875 0.6796876875 0.66718766875 0.68125 0.66875 0.6828123125000001 0.66875 0.6890623125 0.67031233125 0.690624625 0.67031233125 0.6921876874999999 0.67343766875 0.6953123125 0.67343766875 0.696874625 0.675 0.6984376875 0.675 0.703125375 0.6781253390625 0.70625 0.67968766875 0.70625 0.68125 0.7078123125 0.68125 0.7093746249999999 0.68281233125 0.7109376875 0.6859376687500001 0.7109376875 0.6890623312499999 0.7140623125000001 0.6906253390625 0.7140623125000001 0.69218766875 0.715624625 0.69531233125 0.715624625 0.6968753390625 0.7171876875 0.7031253390625001 0.7171876875 0.70468766875 0.71875 0.70625 0.71875 0.7093753390625 0.721874625 0.71093766875 0.721874625 0.7125 0.7234376874999999 0.71406233125 0.7234376874999999 0.7156253390625 0.725 0.7171876687500001 0.725 0.7218753390625 0.7296876875 0.73906233125 0.7296876875 0.7406253390625 0.728124625 0.74218766875 0.728124625 0.74531233125 0.725 0.7468753390625 0.725 0.7484376687500001 0.7234376874999999 0.7531253390625 0.7234376874999999 0.7593753390625 0.7171876875 0.76406233125 0.7171876875 0.77031233125 0.7109376875 0.77343766875 0.7109376875 0.775 0.7093746249999999 0.77656233125 0.7093746249999999 0.7796876687500001 0.70625 0.78125 0.70625 0.7828123312499999 0.7046876875 0.7843753390625 0.7046876875 0.7906253390625 0.6984376875 0.7906253390625 0.6140623125 0.78906233125 0.6125 0.78906233125 0.6109376875 0.7843753390625 0.60625 0.7828123312499999 0.60625 0.78125 0.6046876875 0.7796876687500001 0.6046876875 0.77656233125 0.6015623125 0.775 0.6015623125 0.7718753390625 0.5984376874999999 0.77031233125 0.5984376874999999 0.76875 0.596874625 0.76718766875 0.596874625 0.7656253390625001 0.5953123125 0.76406233125 0.5953123125 0.7625 0.596874625 0.7625 0.6046876875 0.7593753390625 0.6078123125 0.7531253390625 0.6015623125 0.7531253390625 0.6 0.75 0.6 0.7468753390625 0.596874625 0.7468753390625 0.5953123125 0.7515623312499999 0.590624625 0.7515623312499999 0.5890623125000001 0.75 0.5890623125000001 0.7484376687500001 0.5875 0.7468753390625 0.5875 0.74375 0.584375375 0.7406253390625 0.584375375 0.73906233125 0.5828123125 0.7375 0.5828123125 0.73593766875 0.58125 0.7343753390625001 0.58125 0.73125 0.578125375 0.72968766875 0.578125375 0.7281253390625 0.5765623125 0.7093753390625 0.5765623125 0.70625 0.5796876875 0.70625 0.58125 0.70468766875 0.5828123125 0.7031253390625001 0.5828123125
36 0.61718766875 0.7296876875 0.6156253390625 0.73125 0.61406233125 0.73125 0.60781233125 0.7375 0.6031253390625 0.7375 0.5968753390625 0.74375 0.59375 0.74375 0.5875 0.75 0.58593766875 0.75 0.58281233125 0.753124625 0.58281233125 0.8093753749999999 0.5875 0.8140623124999999 0.5875 0.8171876875 0.58906233125 0.81875 0.58906233125 0.8203123124999999 0.5921876687500001 0.8234376875 0.5921876687500001 0.825 0.59375 0.8265623124999999 0.59375 0.8375 0.5953123312499999 0.8390623125 0.5953123312499999 0.8406253749999999 0.59843766875 0.84375 0.59843766875 0.8453123124999999 0.6 0.8468746250000001 0.6 0.85 0.60156233125 0.8515623124999999 0.60156233125 0.8531246250000001 0.6031253390625 0.8531246250000001 0.6093753390625001 0.8593753749999999 0.61093766875 0.8593753749999999 0.6125 0.8609376875000001 0.61406233125 0.8609376875000001 0.6156253390625 0.8625 0.61718766875 0.8625 0.62031233125 0.865624625 0.6218753390625 0.865624625 0.6234376687500001 0.8671876875000001 0.625 0.8671876875000001 0.6265623312499999 0.86875 0.6281253390625 0.86875 0.63125 0.8718753749999999 0.63281233125 0.8718753749999999 0.6343753390625 0.8734376875000001 0.63593766875 0.8734376875000001 0.6406253390625001 0.8781246250000001 0.64218766875 0.8781246250000001 0.64375 0.8796876875 0.6578123312499999 0.8796876875 0.6593753390625 0.8781246250000001 0.66093766875 0.8781246250000001 0.6656253390625 0.8734376875000001 0.66718766875 0.8734376875000001 0.66875 0.8718753749999999 0.67031233125 0.8718753749999999 0.675 0.8671876875000001 0.67656233125 0.8671876875000001 0.6781253390625 0.865624625 0.67968766875 0.865624625 0.6843753390625 0.8609376875000001 0.6859376687500001 0.8609376875000001 0.6875 0.8593753749999999 0.6890623312499999 0.8593753749999999 0.69375 0.8546876875 0.69531233125 0.8546876875 0.69843766875 0.8515623124999999 0.69843766875 0.8359376875000001 0.7 0.834374625 0.7 0.83125 0.70156233125 0.8296876875000001 0.70156233125 0.8281253749999999 0.7031253390625001 0.8265623124999999 0.7031253390625001 0.8234376875 0.70468766875 0.8218746250000001 0.70468766875 0.81875 0.70625 0.8171876875 0.70625 0.8156246250000001 0.71093766875 0.8109376875000001 0.71093766875 0.8093753749999999 0.7125 0.8078123125 0.7125 0.8046876875000001 0.71406233125 0.803124625 0.71406233125 0.7625 0.7125 0.7609376875 0.7125 0.75625 0.71093766875 0.7546876874999999 0.71093766875 0.7515623125 0.7093753390625 0.75 0.70781233125 0.75 0.7031253390625001 0.7453123125000001 0.70156233125 0.7453123125000001 0.7 0.74375 0.69531233125 0.74375 0.6906253390625 0.7390623125 0.6890623312499999 0.7390623125 0.6875 0.7375 0.6843753390625 0.7375 0.68281233125 0.7359376875 0.68125 0.7359376875 0.67968766875 0.734375375 0.67968766875 0.7328123125 0.6781253390625 0.7328123125 0.67656233125 0.73125 0.67343766875 0.73125 0.6718753390625001 0.7296876875 0.67031233125 0.7296876875 0.66718766875 0.7265623125 0.6656253390625 0.7265623125 0.66406233125 0.725 0.6625 0.725 0.6578123312499999 0.7203123125 0.65625 0.7203123125 0.6546876687500001 0.71875 0.63281233125 0.71875 0.6265623312499999 0.725 0.6234376687500001 0.725 0.61875 0.7296876875 0.61718766875 0.7296876875
6 0.325 0.1359376875 0.32343766875 0.1375 0.3218753390625 0.1375 0.32031233124999997 0.1390623125 0.31875 0.1390623125 0.3156253390625 0.1421876875 0.31406233125 0.1421876875 0.3125 0.14375 0.31093766875 0.14375 0.3093753390625 0.1453123125 0.30781233124999996 0.1453123125 0.3031253390625 0.15 0.30156233125 0.15 0.29687533906249997 0.1546876875 0.29531233125 0.1546876875 0.29375 0.15625 0.29218766875 0.15625 0.2906253390625 0.1578123125 0.28906233124999997 0.1578123125 0.28125 0.165624625 0.28125 0.1671876875 0.2781253390625 0.1703123125 0.2781253390625 0.253125375 0.27968766875 0.25468768750000004 0.27968766875 0.25625 0.28125 0.2578123125 0.28125 0.259374625 0.2875 0.265625375 0.28906233124999997 0.265625375 0.2906253390625 0.2671876875 0.29375 0.2671876875 0.29531233125 0.26875 0.29687533906249997 0.26875 0.3 0.27187462500000004 0.30156233125 0.27187462500000004 0.3031253390625 0.2734376875 0.30781233124999996 0.2734376875 0.31406233125 0.2796876875 0.32968766875 0.2796876875 0.33125 0.278124625 0.33281233125 0.278124625 0.3343753390625 0.27656231249999996 0.33593766875000003 0.27656231249999996 0.3375 0.275 0.33906233124999996 0.275 0.3406253390625 0.2734376875 0.3468753390625 0.2734376875 0.34843766875000004 0.275 0.35156233124999997 0.275 0.35625 0.2796876875 0.35937533906249997 0.2796876875 0.36406233125 0.284375375 0.37343766875 0.284375375 0.375 0.2828123125 0.37656233125 0.2828123125 0.3781253390625 0.28125 0.37968766875000004 0.28125 0.38125 0.2796876875 0.38593766875 0.2796876875 0.3875 0.278124625 0.38906233125 0.278124625 0.39218766875 0.275 0.39375 0.275 0.39531233125 0.2734376875 0.3968753390625 0.2734376875 0.40156233124999996 0.26875 0.40312533906250003 0.26875 0.40468766875 0.2671876875 0.40625 0.2671876875 0.41093766875000004 0.2625 0.41093766875000004 0.2609376875 0.4125 0.259374625 0.4125 0.2578123125 0.41406233124999997 0.25625 0.41406233124999997 0.18281231250000002 0.4125 0.18125 0.4125 0.175 0.41093766875000004 0.1734376875 0.41093766875000004 0.171875375 0.40156233124999996 0.1625 0.4 0.1625 0.39843766875000003 0.16093768749999998 0.3968753390625 0.16093768749999998 0.39375 0.1578123125 0.39218766875 0.1578123125 0.39062533906249997 0.15625 0.38906233125 0.15625 0.3875 0.1546876875 0.38593766875 0.1546876875 0.3843753390625 0.153124625 0.3843753390625 0.15156231250000002 0.38281233124999997 0.15156231250000002 0.38125 0.15 0.3781253390625 0.15 0.37343766875 0.1453123125 0.3718753390625 0.1453123125 0.37031233124999996 0.14375 0.36875 0.14375 0.3656253390625 0.140625375 0.36406233125 0.140625375 0.36093766875 0.1375 0.35937533906249997 0.1375 0.35468766875 0.1328123125 0.3531253390625 0.1328123125 0.35156233124999997 0.13125 0.34843766875000004 0.13125 0.3468753390625 0.12968768749999998 0.3343753390625 0.12968768749999998 0.33281233125 0.13125 0.33125 0.13125 0.32656233125 0.1359376875 0.325 0.1359376875
17 0.47812533906250004 0.71875 0.47343766875000004 0.7234376874999999 0.4718753390625 0.7234376874999999 0.46562533906250003 0.7296876875 0.46406233124999996 0.7296876875 0.46093766875000003 0.7328123125 0.45937533906250005 0.7328123125 0.45625 0.7359376875 0.45625 0.7375 0.45468766875 0.7390623125 0.45468766875 0.7406246249999999 0.45 0.7453123125000001 0.45 0.7484376875 0.44843766875 0.75 0.44843766875 0.7515623125 0.44531233124999997 0.7546876874999999 0.44531233124999997 0.75625 0.44375 0.7578123125 0.44375 0.759374625 0.43437533906250003 0.76875 0.43281233124999996 0.76875 0.43125 0.7703123125 0.43125 0.8421876875000001 0.43281233124999996 0.8421876875000001 0.43906233125 0.8484376875 0.4406253390625 0.8484376875 0.44218766875000004 0.85 0.44375 0.85 0.44687533906250004 0.8531246250000001 0.44843766875 0.8531246250000001 0.45 0.8546876875 0.4531253390625 0.8546876875 0.45468766875 0.85625 0.45625 0.85625 0.45937533906250005 0.8593753749999999 0.46093766875000003 0.8593753749999999 0.4625 0.8609376875000001 0.46718766875 0.8609376875000001 0.46875 0.8625 0.47031233125 0.8625 0.4718753390625 0.8640623125 0.47343766875000004 0.8640623125 0.475 0.865624625 0.47656233124999997 0.865624625 0.47812533906250004 0.8671876875000001 0.47968766875 0.8671876875000001 0.48281233125 0.8703123125 0.4843753390625 0.8703123125 0.48593766875 0.8718753749999999 0.4875 0.8718753749999999 0.48906233125 0.8734376875000001 0.49062533906250005 0.8734376875000001 0.49375 0.8765623124999999 0.49531233124999996 0.8765623124999999 0.49687533906250003 0.8781246250000001 0.50781233125 0.8781246250000001 0.51093766875 0.875 0.5125 0.875 0.51406233125 0.8734376875000001 0.5156253390625001 0.8734376875000001 0.52031233125 0.86875 0.5218753390625 0.86875 0.52343766875 0.8671876875000001 0.525 0.8671876875000001 0.52656233125 0.865624625 0.5281253390625 0.865624625 0.5328123312499999 0.8609376875000001 0.53593766875 0.8609376875000001 0.5375 0.8593753749999999 0.53906233125 0.8593753749999999 0.54531233125 0.8531246250000001 0.54531233125 0.8515623124999999 0.5468753390625001 0.85 0.5468753390625001 0.8468746250000001 0.54843766875 0.8453123124999999 0.54843766875 0.8265623124999999 0.55 0.825 0.55 0.8218746250000001 0.5531253390625 0.81875 0.5531253390625 0.8171876875 0.55468766875 0.8156246250000001 0.55468766875 0.8140623124999999 0.5593753390625 0.8093753749999999 0.5593753390625 0.8078123125 0.5609376687500001 0.80625 0.5609376687500001 0.7546876874999999 0.5593753390625 0.753124625 0.5593753390625 0.7515623125 0.55156233125 0.74375 0.55 0.74375 0.54375 0.7375 0.54218766875 0.7375 0.5375 0.7328123125 0.53593766875 0.7328123125 0.5343753390625 0.73125 0.5328123312499999 0.73125 0.52031233125 0.71875 0.51875 0.71875 0.51718766875 0.7171876875 0.5156253390625001 0.7171876875 0.5125 0.7140623125000001 0.5125 0.7125 0.51093766875 0.7125 0.5093753390625 0.7109376875 0.48906233125 0.7109376875 0.4843753390625 0.715624625 0.48281233125 0.715624625 0.47968766875 0.71875 0.47812533906250004 0.71875
32 0.40625 0.71875 0.40468766875 0.7203123125 0.40468766875 0.721874625 0.40312533906250003 0.7234376874999999 0.40156233124999996 0.7234376874999999 0.40156233124999996 0.7609376875 0.40312533906250003 0.7609376875 0.40625 0.7640623125 0.40625 0.765625375 0.40781233125 0.7671876875 0.43437533906250003 0.7671876875 0.44218766875000004 0.759374625 0.44218766875000004 0.7265623125 0.43593766875 0.7203123125 0.43593766875 0.71875 0.43437533906250003 0.71875 0.42656233125 0.7109376875 0.4125 0.7109376875 0.41093766875000004 0.7125 0.4093753390625 0.7125 0.40625 0.715624625 0.40625 0.71875
33 0.2531253390625 0.43125 0.25156233125 0.43125 0.25 0.4328123125 0.25 0.440624625 0.24843766875 0.4421876875 0.24843766875 0.46718768749999995 0.25 0.46875 0.25 0.47031231250000005 0.2531253390625 0.4734376875 0.2843753390625 0.4734376875 0.28593766875000004 0.471874625 0.2875 0.471874625 0.2906253390625 0.46875 0.2906253390625 0.46718768749999995 0.29218766875 0.46562462499999996 0.29218766875 0.4375 0.2906253390625 0.43593768749999995 0.2906253390625 0.43437462499999996 0.28593766875000004 0.42968768749999997 0.28593766875000004 0.42812537500000003 0.2781253390625 0.4203123125 0.25781233124999997 0.4203123125 0.25781233124999997 0.4234376875 0.25625 0.425 0.25625 0.42812537500000003 0.2531253390625 0.43125
34 0.78125 0.384374625 0.7781253390625 0.3875 0.7781253390625 0.41718768749999996 0.78125 0.4203123125 0.78125 0.42187537500000005 0.7828123312499999 0.4234376875 0.8156253390625 0.4234376875 0.8171876687499999 0.42187537500000005 0.8171876687499999 0.4203123125 0.82031233125 0.41718768749999996 0.8218753390625 0.41718768749999996 0.8218753390625 0.396875375 0.81875 0.39375 0.81875 0.3921876875 0.8171876687499999 0.390625375 0.8171876687499999 0.3828123125 0.8156253390625 0.38125 0.81406233125 0.38125 0.81093766875 0.378124625 0.81093766875 0.3765623125 0.8093753390625 0.375 0.8078123312500001 0.375 0.80468766875 0.371874625 0.79218766875 0.371874625 0.78906233125 0.375 0.7875 0.375 0.78125 0.38125 0.78125 0.384374625
7 0.70156233125 0.7140623125000001 0.70625 0.7140623125000001 0.70781233125 0.7125 0.71406233125 0.7125 0.7156253390625 0.7109376875 0.725 0.7109376875 0.72656233125 0.7125 0.7281253390625 0.7125 0.72968766875 0.7109376875 0.73593766875 0.7109376875 0.7375 0.7125 0.7406253390625 0.7125 0.74218766875 0.7109376875 0.75 0.7109376875 0.7515623312499999 0.7093746249999999 0.7515623312499999 0.65625 0.75 0.6546876875 0.75 0.653124625 0.7484376687500001 0.6515623125000001 0.6968753390625 0.6515623125000001 0.6968753390625 0.7109376875 0.69843766875 0.7125 0.7 0.7125 0.70156233125 0.7140623125000001
31 0.62968766875 0.675 0.6265623312499999 0.6781246249999999 0.6265623312499999 0.7109376875 0.6281253390625 0.7109376875 0.6343753390625 0.7171876875 0.6656253390625 0.7171876875 0.66718766875 0.715624625 0.66718766875 0.7125 0.6718753390625001 0.7078123125 0.6718753390625001 0.6953123125 0.66718766875 0.690624625 0.66718766875 0.6765623125 0.6625 0.671875375 0.6625 0.6703123125 0.66093766875 0.66875 0.66093766875 0.6671876875 0.65625 0.6625 0.63906233125 0.6625 0.63125 0.6703123125 0.63125 0.671875375 0.62968766875 0.6734376875 0.62968766875 0.675
31 0.55468766875 0.42656231250000004 0.55468766875 0.42812537500000003 0.5531253390625 0.42968768749999997 0.55156233125 0.42968768749999997 0.55156233125 0.43125 0.55 0.4328123125 0.55 0.46562462499999996 0.55156233125 0.46718768749999995 0.55156233125 0.46875 0.5531253390625 0.46875 0.55468766875 0.47031231250000005 0.55468766875 0.471874625 0.55625 0.471874625 0.55781233125 0.4734376875 0.5843753390625 0.4734376875 0.5921876687500001 0.46562462499999996 0.5921876687500001 0.43125 0.5906253390625 0.42968768749999997 0.5906253390625 0.42812537500000003 0.58593766875 0.4234376875 0.58593766875 0.42187537500000005 0.5843753390625 0.4203123125 0.5843753390625 0.41875 0.55781233125 0.41875 0.55781233125 0.4203123125 0.55625 0.42187537500000005 0.55625 0.425 0.55468766875 0.42656231250000004
28 0.58125 0.571874625 0.58281233125 0.5734376875 0.58593766875 0.5734376875 0.5875 0.575 0.58906233125 0.575 0.59375 0.5796876875 0.5968753390625 0.5796876875 0.6 0.5828123125 0.6 0.584375375 0.60156233125 0.5859376875 0.60625 0.5859376875 0.60781233125 0.5875 0.6093753390625001 0.5875 0.61093766875 0.5890623125000001 0.61093766875 0.590624625 0.6125 0.590624625 0.61406233125 0.5921876875 0.6156253390625 0.5921876875 0.6218753390625 0.5984376874999999 0.6234376687500001 0.5984376874999999 0.6281253390625 0.603124625 0.62968766875 0.603124625 0.63125 0.6046876875 0.6406253390625001 0.6046876875 0.64375 0.6015623125 0.64375 0.6 0.64531233125 0.5984376874999999 0.64531233125 0.5890623125000001 0.64218766875 0.5859376875 0.64218766875 0.584375375 0.63906233125 0.58125 0.63281233125 0.58125 0.62968766875 0.578125375 0.62968766875 0.5765623125 0.6281253390625 0.575 0.6234376687500001 0.575 0.6218753390625 0.5734376875 0.62031233125 0.5734376875 0.6156253390625 0.56875 0.61406233125 0.56875 0.60781233125 0.5625 0.60468766875 0.5625 0.6 0.5578123125000001 0.59843766875 0.5578123125000001 0.5968753390625 0.55625 0.5953123312499999 0.55625 0.5921876687500001 0.553125375 0.57656233125 0.553125375 0.57656233125 0.5671876874999999 0.5781253390625001 0.5671876874999999 0.58125 0.5703123125 0.58125 0.571874625
31 0.58906233125 0.8609376875000001 0.5921876687500001 0.8578123124999999 0.5921876687500001 0.85625 0.59375 0.8546876875 0.59375 0.8421876875000001 0.5921876687500001 0.8406253749999999 0.5921876687500001 0.8203123124999999 0.5906253390625 0.81875 0.58906233125 0.81875 0.58593766875 0.8156246250000001 0.58593766875 0.8140623124999999 0.57968766875 0.8078123125 0.5625 0.8078123125 0.55156233125 0.81875 0.55156233125 0.8546876875 0.55781233125 0.8609376875000001 0.58906233125 0.8609376875000001
28 0.45156233125 0.5859376875 0.4531253390625 0.5859376875 0.45468766875 0.5875 0.45625 0.5875 0.45937533906250005 0.590624625 0.46093766875000003 0.590624625 0.4625 0.5921876875 0.46562533906250003 0.5921876875 0.46875 0.5953123125 0.46875 0.596874625 0.47031233125 0.5984376874999999 0.4718753390625 0.5984376874999999 0.47656233124999997 0.603124625 0.47812533906250004 0.603124625 0.47968766875 0.6046876875 0.49218766875000003 0.6046876875 0.49531233124999996 0.6015623125 0.49531233124999996 0.590624625 0.49375 0.5890623125000001 0.49375 0.5875 0.49218766875000003 0.5859376875 0.49218766875000003 0.584375375 0.48906233125 0.58125 0.48281233125 0.58125 0.47968766875 0.578125375 0.47968766875 0.5765623125 0.47812533906250004 0.575 0.475 0.575 0.47343766875000004 0.5734376875 0.4718753390625 0.5734376875 0.46718766875 0.56875 0.46406233124999996 0.56875 0.46093766875000003 0.565624625 0.46093766875000003 0.5640623125 0.4375 0.5640623125 0.4375 0.5734376875 0.44375 0.5796876875 0.44531233124999997 0.5796876875 0.45156233125 0.5859376875
28 0.53593766875 0.5625 0.5343753390625 0.5640623125 0.5328123312499999 0.5640623125 0.5281253390625 0.56875 0.525 0.56875 0.52343766875 0.5703123125 0.5218753390625 0.5703123125 0.51875 0.5734376875 0.51718766875 0.5734376875 0.5156253390625001 0.575 0.51406233125 0.575 0.5125 0.5765623125 0.51093766875 0.5765623125 0.50781233125 0.5796876875 0.50625 0.5796876875 0.50468766875 0.58125 0.5031253390625 0.58125 0.5015623312499999 0.5828123125 0.5015623312499999 0.6015623125 0.51718766875 0.6015623125 0.52031233125 0.5984376874999999 0.5218753390625 0.5984376874999999 0.52656233125 0.59375 0.5281253390625 0.59375 0.53125 0.590624625 0.5328123312499999 0.590624625 0.53593766875 0.5875 0.5375 0.5875 0.53906233125 0.5859376875 0.5406253390625 0.5859376875 0.5468753390625001 0.5796876875 0.5531253390625 0.5796876875 0.5593753390625 0.5734376875 0.5625 0.5734376875 0.5640623312499999 0.571874625 0.5656253390625 0.571874625 0.57031233125 0.5671876874999999 0.5718753390625 0.5671876874999999 0.5718753390625 0.553125375 0.55 0.553125375 0.5468753390625001 0.55625 0.54531233125 0.55625 0.53906233125 0.5625 0.53593766875 0.5625
27 0.27656233124999996 0.2796876875 0.2781253390625 0.2796876875 0.28125 0.2828123125 0.28125 0.284375375 0.28281233125 0.28593768750000004 0.28906233124999997 0.28593768750000004 0.29531233125 0.2921876875 0.29687533906249997 0.2921876875 0.3 0.2953123125 0.3 0.296875375 0.30156233125 0.2984376875 0.30625 0.2984376875 0.30781233124999996 0.3 0.3093753390625 0.3 0.31406233125 0.3046876875 0.32031233124999997 0.3046876875 0.3218753390625 0.30312462500000004 0.3218753390625 0.2875 0.32031233124999997 0.2875 0.31718766875000004 0.284375375 0.31718766875000004 0.2828123125 0.3156253390625 0.28125 0.3125 0.28125 0.31093766875 0.2796876875 0.3093753390625 0.2796876875 0.30468766875000003 0.275 0.30156233125 0.275 0.29843766875 0.27187462500000004 0.29843766875 0.2703123125 0.29687533906249997 0.26875 0.2906253390625 0.26875 0.28593766875000004 0.2640623125 0.2718753390625 0.2640623125 0.2718753390625 0.2734376875 0.275 0.27656231249999996 0.275 0.278124625 0.27656233124999996 0.2796876875
26 0.43125 0.865624625 0.43281233124999996 0.8671876875000001 0.43437533906250003 0.8671876875000001 0.43906233125 0.8718753749999999 0.4406253390625 0.8718753749999999 0.44218766875000004 0.8734376875000001 0.44375 0.8734376875000001 0.44531233124999997 0.875 0.44687533906250004 0.875 0.45156233125 0.8796876875 0.4531253390625 0.8796876875 0.45468766875 0.88125 0.45625 0.88125 0.45937533906250005 0.8843746250000001 0.46093766875000003 0.8843746250000001 0.4625 0.8859376875 0.46562533906250003 0.8859376875 0.46875 0.8890623124999999 0.46875 0.8906253749999999 0.47031233125 0.8921876875000001 0.47343766875000004 0.8921876875000001 0.475 0.89375 0.47656233124999997 0.89375 0.47968766875 0.896874625 0.49062533906250005 0.896874625 0.49218766875000003 0.8953123125 0.49218766875000003 0.8765623124999999 0.49062533906250005 0.875 0.48906233125 0.875 0.4843753390625 0.8703123125 0.48281233125 0.8703123125 0.48125 0.86875 0.47812533906250004 0.86875 0.47656233124999997 0.8671876875000001 0.475 0.8671876875000001 0.47343766875000004 0.865624625 0.47343766875000004 0.8640623125 0.4718753390625 0.8625 0.47031233125 0.8625 0.46875 0.8609376875000001 0.46718766875 0.8609376875000001 0.46406233124999996 0.8578123124999999 0.4625 0.8578123124999999 0.46093766875000003 0.85625 0.45781233125 0.85625 0.45468766875 0.8531246250000001 0.45468766875 0.8515623124999999 0.4531253390625 0.85 0.45 0.85 0.44843766875 0.8484376875 0.44687533906250004 0.8484376875 0.44375 0.8453123124999999 0.42656233125 0.8453123124999999 0.42656233125 0.8609376875000001 0.42812533906250005 0.8609376875000001 0.43125 0.8640623125 0.43125 0.865624625
15 0.2593753390625 0.4234376875 0.26093766875 0.42187537500000005 0.26093766875 0.4203123125 0.26406233125 0.41718768749999996 0.2718753390625 0.41718768749999996 0.27656233124999996 0.42187537500000005 0.2781253390625 0.42187537500000005 0.27968766875 0.4234376875 0.2906253390625 0.4234376875 0.29843766875 0.41562462499999997 0.29843766875 0.3671876875 0.29687533906249997 0.36562462500000004 0.29687533906249997 0.3640623125 0.29531233125 0.3625 0.29218766875 0.3625 0.2906253390625 0.3609376875 0.24375 0.3609376875 0.24218766875000003 0.3625 0.24218766875000003 0.42187537500000005 0.24375 0.4234376875 0.2593753390625 0.4234376875
25 0.60781233125 0.41875 0.60625 0.4203123125 0.60625 0.42187537500000005 0.6031253390625 0.425 0.60156233125 0.425 0.6 0.42656231250000004 0.59843766875 0.42656231250000004 0.59843766875 0.42812537500000003 0.5968753390625 0.42968768749999997 0.5953123312499999 0.42968768749999997 0.59375 0.43125 0.59375 0.44843768749999996 0.60468766875 0.44843768749999996 0.60625 0.44687462499999997 0.60781233125 0.44687462499999997 0.6125 0.4421876875 0.6156253390625 0.4421876875 0.61718766875 0.440624625 0.61718766875 0.43906231250000005 0.62031233125 0.43593768749999995 0.625 0.43593768749999995 0.6265623312499999 0.43437462499999996 0.6281253390625 0.43437462499999996 0.6281253390625 0.4328123125 0.62968766875 0.43125 0.63125 0.43125 0.63281233125 0.42968768749999997 0.6343753390625 0.42968768749999997 0.63593766875 0.42812537500000003 0.63593766875 0.42656231250000004 0.63906233125 0.4234376875 0.6406253390625001 0.4234376875 0.64375 0.4203123125 0.64375 0.41875 0.64531233125 0.41718768749999996 0.64531233125 0.40781231250000005 0.6265623312499999 0.40781231250000005 0.6218753390625 0.4125 0.62031233125 0.4125 0.61406233125 0.41875 0.60781233125 0.41875
25 0.675 0.7296876875 0.6781253390625 0.7296876875 0.68125 0.7328123125 0.68125 0.734375375 0.68281233125 0.7359376875 0.6859376687500001 0.7359376875 0.6875 0.7375 0.6890623312499999 0.7375 0.69218766875 0.7406246249999999 0.69375 0.7406246249999999 0.69531233125 0.7421876875 0.6968753390625 0.7421876875 0.7 0.7453123125000001 0.7 0.746874625 0.70156233125 0.7484376875 0.70468766875 0.7484376875 0.70625 0.75 0.7093753390625 0.75 0.71093766875 0.7515623125 0.7171876687500001 0.7515623125 0.7203123312499999 0.7484376875 0.7218753390625 0.7484376875 0.7218753390625 0.7359376875 0.71875 0.7328123125 0.7171876687500001 0.7328123125 0.7156253390625 0.73125 0.71406233125 0.73125 0.71093766875 0.728124625 0.71093766875 0.7265623125 0.7093753390625 0.725 0.70781233125 0.725 0.70156233125 0.71875 0.6968753390625 0.71875 0.6906253390625 0.7125 0.6890623312499999 0.7125 0.6875 0.7109376875 0.6859376687500001 0.7109376875 0.6843753390625 0.7093746249999999 0.6625 0.7093746249999999 0.6625 0.71875 0.6718753390625001 0.728124625 0.67343766875 0.728124625 0.675 0.7296876875
25 0.59375 0.8703123125 0.59375 0.8718753749999999 0.5953123312499999 0.8734376875000001 0.5968753390625 0.8734376875000001 0.6 0.8765623124999999 0.6 0.8781246250000001 0.60156233125 0.8781246250000001 0.6031253390625 0.8796876875 0.60625 0.8796876875 0.60781233125 0.88125 0.6093753390625001 0.88125 0.61406233125 0.8859376875 0.6156253390625 0.8859376875 0.6218753390625 0.8921876875000001 0.6234376687500001 0.8921876875000001 0.625 0.89375 0.6265623312499999 0.89375 0.62968766875 0.896874625 0.64218766875 0.896874625 0.6468753390625 0.8921876875000001 0.6468753390625 0.8828123124999999 0.64375 0.8796876875 0.64375 0.8781246250000001 0.6406253390625001 0.875 0.63906233125 0.875 0.6343753390625 0.8703123125 0.63281233125 0.8703123125 0.63125 0.86875 0.6265623312499999 0.86875 0.6234376687500001 0.865624625 0.6234376687500001 0.8640623125 0.6218753390625 0.8625 0.62031233125 0.8625 0.61406233125 0.85625 0.6093753390625001 0.85625 0.60625 0.8531246250000001 0.58593766875 0.8531246250000001 0.58593766875 0.8640623125 0.5875 0.865624625 0.58906233125 0.865624625 0.59375 0.8703123125
28 0.7531253390625 0.4234376875 0.75 0.42656231250000004 0.75 0.42812537500000003 0.7484376687500001 0.42968768749999997 0.7468753390625 0.42968768749999997 0.74531233125 0.43125 0.7406253390625 0.43125 0.7343753390625001 0.4375 0.73281233125 0.4375 0.7281253390625 0.4421876875 0.7281253390625 0.45625 0.72968766875 0.45781231250000004 0.73906233125 0.45781231250000004 0.7406253390625 0.45625 0.74218766875 0.45625 0.74375 0.4546876875 0.7468753390625 0.4546876875 0.7484376687500001 0.45312537500000005 0.75 0.45312537500000005 0.7531253390625 0.45 0.75468766875 0.45 0.75625 0.44843768749999996 0.7593753390625 0.44843768749999996 0.76093766875 0.44687462499999997 0.76093766875 0.44531231250000003 0.76406233125 0.4421876875 0.76875 0.4421876875 0.77031233125 0.440624625 0.7718753390625 0.440624625 0.77656233125 0.43593768749999995 0.7781253390625 0.43593768749999995 0.7796876687500001 0.43437462499999996 0.7796876687500001 0.4328123125 0.7828123312499999 0.42968768749999997 0.7843753390625 0.42968768749999997 0.7843753390625 0.41875 0.76093766875 0.41875 0.7593753390625 0.4203123125 0.75781233125 0.4203123125 0.75468766875 0.4234376875 0.7531253390625 0.4234376875
12 0.4718753390625 0.2796876875 0.5218753390625 0.2796876875 0.52343766875 0.278124625 0.52343766875 0.26875 0.525 0.2671876875 0.525 0.2484376875 0.52343766875 0.24687462500000001 0.52343766875 0.21875 0.51875 0.2140623125 0.47031233125 0.2140623125 0.47031233125 0.21562462500000001 0.46875 0.2171876875 0.46875 0.27656231249999996 0.4718753390625 0.2796876875
27 0.30781233124999996 0.41875 0.30625 0.4203123125 0.30625 0.42187537500000005 0.3031253390625 0.425 0.30156233125 0.425 0.29531233125 0.43125 0.29375 0.43125 0.29218766875 0.4328123125 0.29218766875 0.45 0.3 0.45 0.30156233125 0.44843768749999996 0.3031253390625 0.44843768749999996 0.3093753390625 0.4421876875 0.31406233125 0.4421876875 0.32031233124999997 0.43593768749999995 0.3218753390625 0.43593768749999995 0.32343766875 0.43437462499999996 0.32343766875 0.4328123125 0.32656233125 0.42968768749999997 0.32812533906249997 0.42968768749999997 0.32968766875 0.42812537500000003 0.33125 0.42812537500000003 0.33593766875000003 0.4234376875 0.3375 0.4234376875 0.33906233124999996 0.42187537500000005 0.3406253390625 0.42187537500000005 0.3406253390625 0.4203123125 0.34218766875 0.41875 0.34218766875 0.40781231250000005 0.32656233125 0.40781231250000005 0.3218753390625 0.4125 0.32031233124999997 0.4125 0.31406233125 0.41875 0.30781233124999996 0.41875
28 0.74531233125 0.2875 0.74531233125 0.2890623125 0.7468753390625 0.290624625 0.7484376687500001 0.290624625 0.75 0.2921876875 0.7515623312499999 0.2921876875 0.75781233125 0.2984376875 0.7593753390625 0.2984376875 0.7656253390625001 0.3046876875 0.7718753390625 0.3046876875 0.775 0.30781231249999996 0.775 0.309374625 0.77656233125 0.3109376875 0.7781253390625 0.3109376875 0.7828123312499999 0.315624625 0.79218766875 0.315624625 0.7968753390625001 0.3109376875 0.7968753390625001 0.3 0.7906253390625 0.29375 0.78906233125 0.29375 0.78593766875 0.290624625 0.78593766875 0.2890623125 0.7843753390625 0.2875 0.78125 0.2875 0.7796876687500001 0.28593768750000004 0.7781253390625 0.28593768750000004 0.77343766875 0.28125 0.7718753390625 0.28125 0.76406233125 0.2734376875 0.7625 0.2734376875 0.76093766875 0.27187462500000004 0.7406253390625 0.27187462500000004 0.7406253390625 0.2796876875 0.74375 0.2828123125 0.74375 0.28593768750000004 0.74531233125 0.2875
26 0.5953123312499999 0.2921876875 0.5968753390625 0.2921876875 0.59843766875 0.29375 0.6 0.29375 0.6031253390625 0.296875375 0.60468766875 0.296875375 0.60625 0.2984376875 0.6093753390625001 0.2984376875 0.6125 0.3015623125 0.6125 0.30312462500000004 0.61406233125 0.30312462500000004 0.6156253390625 0.3046876875 0.61875 0.3046876875 0.62031233125 0.30625 0.6218753390625 0.30625 0.6265623312499999 0.3109376875 0.6281253390625 0.3109376875 0.63125 0.3140623125 0.64218766875 0.3140623125 0.64218766875 0.3125 0.64531233125 0.309374625 0.64531233125 0.2984376875 0.64375 0.296875375 0.64375 0.2953123125 0.64218766875 0.29375 0.64218766875 0.2921876875 0.63906233125 0.2890623125 0.6375 0.2890623125 0.63593766875 0.2875 0.63281233125 0.2875 0.62968766875 0.284375375 0.62968766875 0.2828123125 0.6281253390625 0.28125 0.625 0.28125 0.6234376687500001 0.2796876875 0.6218753390625 0.2796876875 0.61718766875 0.275 0.61406233125 0.275 0.61093766875 0.27187462500000004 0.5875 0.27187462500000004 0.5875 0.2828123125 0.59375 0.2890623125 0.59375 0.290624625 0.5953123312499999 0.2921876875
25 0.60625 0.7125 0.60468766875 0.7140623125000001 0.6031253390625 0.7140623125000001 0.6 0.7171876875 0.59843766875 0.7171876875 0.5968753390625 0.71875 0.5953123312499999 0.71875 0.58906233125 0.725 0.58281233125 0.725 0.58125 0.7265623125 0.58125 0.728124625 0.5781253390625001 0.73125 0.57656233125 0.73125 0.575 0.7328123125 0.575 0.746874625 0.57656233125 0.7484376875 0.5921876687500001 0.7484376875 0.5968753390625 0.74375 0.59843766875 0.74375 0.60156233125 0.7406246249999999 0.6031253390625 0.7406246249999999 0.6031253390625 0.7390623125 0.60468766875 0.7375 0.60625 0.7375 0.60781233125 0.7359376875 0.6093753390625001 0.7359376875 0.61406233125 0.73125 0.6156253390625 0.73125 0.61718766875 0.7296876875 0.62031233125 0.7296876875 0.6265623312499999 0.7234376874999999 0.6281253390625 0.7234376874999999 0.62968766875 0.721874625 0.62968766875 0.7203123125 0.63281233125 0.7171876875 0.63281233125 0.7078123125 0.6156253390625 0.7078123125 0.6125 0.7109376875 0.61093766875 0.7109376875 0.6093753390625001 0.7125 0.60625 0.7125
26 0.31875 0.7046876875 0.31718766875000004 0.70625 0.31406233125 0.70625 0.30781233124999996 0.7125 0.30156233125 0.7125 0.29687533906249997 0.7171876875 0.29531233125 0.7171876875 0.29375 0.71875 0.29375 0.7406246249999999 0.30468766875000003 0.7406246249999999 0.30468766875000003 0.7390623125 0.30781233124999996 0.7359376875 0.3093753390625 0.7359376875 0.31093766875 0.734375375 0.3125 0.734375375 0.3156253390625 0.73125 0.31718766875000004 0.73125 0.31875 0.7296876875 0.32031233124999997 0.7296876875 0.32656233125 0.7234376874999999 0.32812533906249997 0.7234376874999999 0.33281233125 0.71875 0.3343753390625 0.71875 0.33593766875000003 0.7171876875 0.33906233124999996 0.7171876875 0.34218766875 0.7140623125000001 0.34218766875 0.7 0.325 0.7 0.32343766875 0.7015623125 0.32343766875 0.703125375 0.3218753390625 0.7046876875 0.31875 0.7046876875
27 0.34843766875000004 0.40312462499999996 0.35 0.40312462499999996 0.3531253390625 0.4 0.3531253390625 0.3375 0.35 0.33437462500000004 0.35 0.3328123125 0.3375 0.3328123125 0.3375 0.40312462499999996 0.33906233124999996 0.40468768749999995 0.3468753390625 0.40468768749999995 0.34843766875000004 0.40312462499999996
25 0.57968766875 0.7515623125 0.56718766875 0.7515623125 0.56718766875 0.80625 0.5781253390625001 0.80625 0.57968766875 0.8046876875000001 0.57968766875 0.7515623125
26 0.27656233124999996 0.8609376875000001 0.2781253390625 0.8609376875000001 0.28125 0.8640623125 0.28125 0.865624625 0.28281233125 0.8671876875000001 0.2843753390625 0.8671876875000001 0.2875 0.8703123125 0.2875 0.8718753749999999 0.28906233124999997 0.8734376875000001 0.2906253390625 0.8734376875000001 0.29218766875 0.875 0.29375 0.875 0.29531233125 0.8765623124999999 0.29531233125 0.8781246250000001 0.29687533906249997 0.8781246250000001 0.29843766875 0.8796876875 0.30156233125 0.8796876875 0.3031253390625 0.88125 0.30468766875000003 0.88125 0.30625 0.8828123124999999 0.30625 0.8843746250000001 0.30781233124999996 0.8859376875 0.3093753390625 0.8859376875 0.31093766875 0.8875 0.32031233124999997 0.8875 0.3218753390625 0.8859376875 0.3218753390625 0.8625 0.31875 0.8625 0.3156253390625 0.8593753749999999 0.31406233125 0.8593753749999999 0.31093766875 0.85625 0.30781233124999996 0.85625 0.30156233125 0.85 0.29843766875 0.85 0.29687533906249997 0.8484376875 0.29531233125 0.8484376875 0.2906253390625 0.84375 0.28281233125 0.84375 0.28125 0.8421876875000001 0.27343766875000003 0.8421876875000001 0.27343766875000003 0.85625 0.275 0.8578123124999999 0.275 0.8593753749999999 0.27656233124999996 0.8609376875000001
25 0.73125 0.7546876874999999 0.72968766875 0.753124625 0.72968766875 0.7515623125 0.7171876687500001 0.7515623125 0.7171876687500001 0.8078123125 0.71875 0.8093753749999999 0.73125 0.8093753749999999 0.73125 0.7546876874999999
16 0.8281253390625001 0.565624625 0.8281253390625001 0.5078123125 0.8265623312500001 0.50625 0.77343766875 0.50625 0.77343766875 0.5640623125 0.77656233125 0.5671876874999999 0.8265623312500001 0.5671876874999999 0.8281253390625001 0.565624625
13 0.67343766875 0.5609376875 0.675 0.559374625 0.675 0.546875375 0.67343766875 0.5453123125 0.67343766875 0.5078123125 0.6718753390625001 0.50625 0.6218753390625 0.50625 0.6218753390625 0.5671876874999999 0.6718753390625001 0.5671876874999999 0.67343766875 0.565624625 0.67343766875 0.5609376875
26 0.35 0.7109376875 0.35 0.7140623125000001 0.35781233125 0.721874625 0.35937533906249997 0.721874625 0.36093766875 0.7234376874999999 0.3656253390625 0.7234376874999999 0.36875 0.7265623125 0.36875 0.728124625 0.37031233124999996 0.7296876875 0.3718753390625 0.7296876875 0.37656233125 0.734375375 0.3781253390625 0.734375375 0.37968766875000004 0.7359376875 0.3843753390625 0.7359376875 0.3875 0.7390623125 0.3875 0.7406246249999999 0.3968753390625 0.7406246249999999 0.3968753390625 0.7234376874999999 0.39218766875 0.71875 0.38906233125 0.71875 0.38593766875 0.715624625 0.38593766875 0.7140623125000001 0.3843753390625 0.7125 0.38281233124999997 0.7125 0.37968766875000004 0.7093746249999999 0.37968766875000004 0.7078123125 0.3781253390625 0.70625 0.3718753390625 0.70625 0.3656253390625 0.7 0.3468753390625 0.7 0.3468753390625 0.70625 0.34843766875000004 0.7078123125 0.34843766875000004 0.7093746249999999 0.35 0.7109376875
26 0.3875 0.8531246250000001 0.38593766875 0.8546876875 0.3843753390625 0.8546876875 0.38281233124999997 0.85625 0.3781253390625 0.85625 0.37656233125 0.8578123124999999 0.375 0.8578123124999999 0.37031233124999996 0.8625 0.36718766875000003 0.8625 0.36718766875000003 0.8875 0.375 0.8875 0.37656233125 0.8859376875 0.3781253390625 0.8859376875 0.37968766875000004 0.8843746250000001 0.38125 0.8843746250000001 0.3843753390625 0.88125 0.38593766875 0.88125 0.3875 0.8796876875 0.39062533906249997 0.8796876875 0.3968753390625 0.8734376875000001 0.39843766875000003 0.8734376875000001 0.40312533906250003 0.86875 0.40468766875 0.86875 0.40625 0.8671876875000001 0.40781233125 0.8671876875000001 0.41406233124999997 0.8609376875000001 0.41562533906250004 0.8609376875000001 0.41718766875 0.8593753749999999 0.41718766875 0.8453123124999999 0.4 0.8453123124999999 0.39531233125 0.85 0.38906233125 0.85 0.3875 0.8515623124999999 0.3875 0.8531246250000001
28 0.7968753390625001 0.36875 0.8031253390625 0.36875 0.80625 0.36562462500000004 0.80625 0.315624625 0.80468766875 0.3140623125 0.79218766875 0.3140623125 0.79218766875 0.36562462500000004 0.79375 0.3671876875 0.79531233125 0.3671876875 0.7968753390625001 0.36875
7 0.3718753390625 0.5671876874999999 0.37343766875 0.565624625 0.37343766875 0.5078123125 0.3718753390625 0.50625 0.32031233124999997 0.50625 0.31875 0.5078123125 0.31875 0.565624625 0.32031233124999997 0.5671876874999999 0.3718753390625 0.5671876874999999
8 0.52343766875 0.565624625 0.52343766875 0.5078123125 0.46875 0.5078123125 0.46875 0.565624625 0.47031233125 0.5671876874999999 0.5218753390625 0.5671876874999999 0.52343766875 0.565624625
10 0.24375 0.7109376875 0.24531233125 0.7109376875 0.24687533906249998 0.7125 0.25 0.7125 0.25156233125 0.7140623125000001 0.2531253390625 0.7140623125000001 0.25468766875000004 0.7125 0.25625 0.7125 0.25781233124999997 0.7109376875 0.2781253390625 0.7109376875 0.27968766875 0.7125 0.28125 0.7125 0.28281233125 0.7140623125000001 0.2906253390625 0.7140623125000001 0.29375 0.7109376875 0.29687533906249997 0.7109376875 0.29687533906249997 0.6546876875 0.29375 0.6515623125000001 0.24218766875000003 0.6515623125000001 0.2406253390625 0.653124625 0.2406253390625 0.70625 0.24375 0.7093746249999999 0.24375 0.7109376875
14 0.5609376687500001 0.42187537500000005 0.5625 0.42187537500000005 0.5656253390625 0.41875 0.57343766875 0.41875 0.57656233125 0.42187537500000005 0.5781253390625001 0.42187537500000005 0.57968766875 0.4234376875 0.5968753390625 0.4234376875 0.59843766875 0.42187537500000005 0.59843766875 0.3640623125 0.5953123312499999 0.3609376875 0.54531233125 0.3609376875 0.54531233125 0.42187537500000005 0.5468753390625001 0.4234376875 0.5593753390625 0.4234376875 0.5609376687500001 0.42187537500000005
26 0.42812533906250005 0.7734376875 0.42656233125 0.7718746249999999 0.42656233125 0.7703123125 0.41562533906250004 0.7703123125 0.41562533906250004 0.8421876875000001 0.42656233125 0.8421876875000001 0.42812533906250005 0.8406253749999999 0.42812533906250005 0.7734376875
14 0.31875 0.803124625 0.31718766875000004 0.8046876875000001 0.31718766875000004 0.8453123124999999 0.31875 0.8468746250000001 0.31875 0.8578123124999999 0.32031233124999997 0.8593753749999999 0.36875 0.8593753749999999 0.3718753390625 0.85625 0.3718753390625 0.8546876875 0.37343766875 0.8531246250000001 0.37343766875 0.8015623125 0.37031233124999996 0.7984376875 0.36875 0.7984376875 0.36718766875000003 0.796875375 0.3218753390625 0.796875375 0.32031233124999997 0.7984376875 0.32031233124999997 0.8 0.31875 0.8015623125 0.31875 0.803124625
11 0.51875 0.8609376875000001 0.52031233125 0.8593753749999999 0.5218753390625 0.8593753749999999 0.5218753390625 0.8578123124999999 0.52343766875 0.85625 0.52343766875 0.8015623125 0.51875 0.796875375 0.47031233125 0.796875375 0.47031233125 0.8593753749999999 0.47343766875000004 0.8593753749999999 0.475 0.8609376875000001 0.51875 0.8609376875000001
29 0.2875 0.765625375 0.28593766875000004 0.7671876875 0.28593766875000004 0.7703123125 0.28125 0.775 0.28125 0.7765623125000001 0.27968766875 0.778125375 0.27968766875 0.796875375 0.2875 0.8046876875000001 0.2875 0.80625 0.28906233124999997 0.8078123125 0.28906233124999997 0.8093753749999999 0.29218766875 0.8093753749999999 0.29375 0.8109376875000001 0.30781233124999996 0.8109376875000001 0.31093766875 0.8078123125 0.31093766875 0.80625 0.31718766875000004 0.8 0.31875 0.8 0.3218753390625 0.796875375 0.32343766875 0.796875375 0.32343766875 0.7890623125 0.31718766875000004 0.7828123125 0.31718766875000004 0.778125375 0.31093766875 0.7718746249999999 0.31093766875 0.765625375 0.3093753390625 0.7640623125 0.3093753390625 0.7625 0.30781233124999996 0.7625 0.30156233125 0.75625 0.3 0.75625 0.29843766875 0.7546876874999999 0.29218766875 0.7546876874999999 0.28906233124999997 0.7578123125 0.28906233124999997 0.7609376875 0.2875 0.7625 0.2875 0.765625375
26 0.26718766875 0.8421876875000001 0.26875 0.84375 0.2718753390625 0.84375 0.27343766875000003 0.8421876875000001 0.27656233124999996 0.8421876875000001 0.2781253390625 0.8406253749999999 0.2781253390625 0.8046876875000001 0.27656233124999996 0.803124625 0.27656233124999996 0.796875375 0.2781253390625 0.7953123125 0.2781253390625 0.7765623125000001 0.27656233124999996 0.7765623125000001 0.2718753390625 0.7718746249999999 0.2718753390625 0.76875 0.27343766875000003 0.7671876875 0.2625 0.7671876875 0.2625 0.8406253749999999 0.26406233125 0.8421876875000001 0.26718766875 0.8421876875000001
11 0.39375 0.3640623125 0.39375 0.4203123125 0.3968753390625 0.4234376875 0.44687533906250004 0.4234376875 0.44843766875 0.42187537500000005 0.44843766875 0.3640623125 0.44687533906250004 0.3625 0.44531233124999997 0.3625 0.44218766875000004 0.359375375 0.40468766875 0.359375375 0.40312533906250003 0.3609376875 0.39531233125 0.3609376875 0.39531233125 0.3625 0.39375 0.3640623125
28 0.72968766875 0.5140623125 0.72968766875 0.45937537500000003 0.71875 0.45937537500000003 0.71875 0.5140623125 0.7203123312499999 0.515625375 0.7281253390625 0.515625375 0.72968766875 0.5140623125
15 0.625 0.8593753749999999 0.6718753390625001 0.8593753749999999 0.67343766875 0.8578123124999999 0.67343766875 0.85625 0.67656233125 0.8531246250000001 0.67656233125 0.8171876875 0.675 0.8156246250000001 0.675 0.8140623124999999 0.67656233125 0.8125 0.67656233125 0.8046876875000001 0.675 0.803124625 0.675 0.8015623125 0.67343766875 0.8 0.6718753390625001 0.8 0.66875 0.796875375 0.625 0.796875375 0.6234376687500001 0.7984376875 0.6218753390625 0.7984376875 0.6218753390625 0.85625 0.625 0.8593753749999999
12 0.59843766875 0.7125 0.59843766875 0.70625 0.6 0.7046876875 0.6 0.6953123125 0.59843766875 0.69375 0.59843766875 0.6515623125000001 0.54531233125 0.6515623125000001 0.54531233125 0.7109376875 0.54843766875 0.7140623125000001 0.5968753390625 0.7140623125000001 0.59843766875 0.7125
8 0.6735982390624999 0.275 0.6735982390624999 0.265625375 0.675161246875 0.2640623125 0.675161246875 0.21875 0.6735982390624999 0.2171876875 0.6735982390624999 0.21562462500000001 0.6235982390625 0.21562462500000001 0.6220359078125 0.2171876875 0.6220359078125 0.27656231249999996 0.6720359078125 0.27656231249999996 0.6735982390624999 0.275
9 0.7 0.42187537500000005 0.70156233125 0.4234376875 0.7468753390625 0.4234376875 0.7484376687500001 0.42187537500000005 0.75 0.42187537500000005 0.7531253390625 0.41875 0.7531253390625 0.3640623125 0.7515623312499999 0.3625 0.75 0.3625 0.7484376687500001 0.3609376875 0.69843766875 0.3609376875 0.6968753390625 0.3625 0.6968753390625 0.4203123125 0.69843766875 0.42187537500000005 0.7 0.42187537500000005
13 0.21409214062499998 0.5705705703125 0.2228997296875 0.5668168171875 0.22357723593749998 0.5142642640624999 0.220867209375 0.5075075078125 0.17479674843749998 0.5052552546875 0.16802167968749998 0.5075075078125 0.165311653125 0.5135135140625 0.164634146875 0.5442942937499999 0.16802167968749998 0.56831831875 0.1863143625 0.572072071875 0.21409214062499998 0.5705705703125
22 0.9171876687499999 0.440624625 0.9171876687499999 0.521875375 0.9734376687499999 0.521875375 0.9734376687499999 0.440624625 0.9171876687499999 0.440624625
18 0.8218753390625 0.23281231249999998 0.8218753390625 0.153124625 0.7625 0.153124625 0.7625 0.234375375 0.81875 0.234375375 0.82031233125 0.23281231249999998 0.8218753390625 0.23281231249999998
21 0.59375 0.0515623125 0.59375 0.00625 0.5375 0.00625 0.5375 0.0828123125 0.5921876687500001 0.0828123125 0.5921876687500001 0.053124625 0.59375 0.0515623125
23 0.13125 0.6671876875 0.13281233125 0.66875 0.13437533906250002 0.6671876875 0.13593766875 0.6671876875 0.1375 0.665624625 0.1375 0.6421876875 0.13906233125 0.640625375 0.13906233125 0.5875 0.08281233125000001 0.5875 0.08281233125000001 0.66875 0.0968753390625 0.66875 0.09843766875 0.6671876875 0.13125 0.6671876875
18 0.5921876687500001 0.9203123124999999 0.59375 0.91875 0.59375 0.88125 0.53906233125 0.88125 0.53906233125 0.959374625 0.5906253390625 0.959374625 0.5921876687500001 0.9578123125 0.5921876687500001 0.9203123124999999
18 0.7656253390625001 0.734375375 0.7656253390625001 0.8156246250000001 0.8218753390625 0.8156246250000001 0.8218753390625 0.734375375 0.7656253390625001 0.734375375
20 0.13906233125 0.38125 0.14062533906250002 0.37968768750000004 0.14062533906250002 0.2921876875 0.07968766875 0.2921876875 0.07968766875 0.3828123125 0.09218766874999999 0.3828123125 0.09375 0.38125 0.13906233125 0.38125
18 0.2343753390625 0.8796876875 0.2343753390625 0.959374625 0.2906253390625 0.959374625 0.2906253390625 0.8796876875 0.2343753390625 0.8796876875
19 0.28906233124999997 0.0125 0.2875 0.0109376875 0.2875 0.00625 0.2343753390625 0.00625 0.2343753390625 0.0828123125 0.28593766875000004 0.0828123125 0.28906233124999997 0.0796876875 0.28906233124999997 0.0125