37 0.3765626609375 0.259374821875 0.375 0.2609374109375 0.375 0.2625 0.3734373390625 0.2640625890625 0.3734373390625 0.26562517812499997 0.3703126609375 0.26875035625 0.36875 0.26875035625 0.3671873390625 0.2703122328125 0.3625 0.2703122328125 0.3593753234375 0.2734374109375 0.35781266093749997 0.2734374109375 0.35625 0.275 0.35625 0.2765625890625 0.35312532343749997 0.2796877671875 0.3515626609375 0.2796877671875 0.35 0.28125035625 0.3468753234375 0.28125035625 0.34375 0.284374821875 0.34375 0.2921877671875 0.3421873390625 0.29375035625 0.3421873390625 0.35 0.34375 0.3515625890625 0.34375 0.3578122328125 0.3468753234375 0.3609374109375 0.3484373390625 0.3609374109375 0.35312532343749997 0.365625178125 0.3546873390625 0.365625178125 0.36093733906250003 0.371874821875 0.36093733906250003 0.375 0.3625 0.3765625890625 0.3625 0.3875 0.3640626609375 0.3890625890625 0.3640626609375 0.39062517812499997 0.36562467656250003 0.3921877671875 0.3671873390625 0.3921877671875 0.3703126609375 0.3953122328125 0.37187532343749996 0.3953122328125 0.3734373390625 0.396874821875 0.375 0.396874821875 0.3765626609375 0.3984374109375 0.3796873390625 0.3984374109375 0.38125 0.4 0.3828126609375 0.4 0.3859373390625 0.403125178125 0.3875 0.403125178125 0.38906266093749997 0.40468776718750005 0.3906253234375 0.40468776718750005 0.3953126609375 0.409374821875 0.39687467656250003 0.409374821875 0.3984373390625 0.41093741093749997 0.41406266093750005 0.41093741093749997 0.41875 0.40625035625 0.4203126609375 0.40625035625 0.4218753234375 0.40468776718750005 0.425 0.40468776718750005 0.42656266093750006 0.403125178125 0.42812467656250003 0.403125178125 0.43125 0.4 0.43281266093750004 0.4 0.43437532343749996 0.3984374109375 0.4375 0.3984374109375 0.4390626609375 0.396874821875 0.4406253234375 0.396874821875 0.44375 0.39375035625 0.44531266093750005 0.39375035625 0.44843733906249994 0.39062517812499997 0.44843733906249994 0.3484374109375 0.45 0.346874821875 0.45 0.3453122328125 0.4515626609375 0.34375035625 0.4531253234375 0.34375035625 0.45625 0.340625178125 0.45781266093750006 0.340625178125 0.4625 0.3359374109375 0.46406266093750004 0.3359374109375 0.46562532343749996 0.334374821875 0.46562532343749996 0.3328122328125 0.4671873390625 0.33125035625 0.4671873390625 0.29375035625 0.46562532343749996 0.2921877671875 0.46562532343749996 0.2890625890625 0.45781266093750006 0.28125035625 0.4546873390625 0.28125035625 0.4531253234375 0.2796877671875 0.4515626609375 0.2796877671875 0.44687532343749997 0.275 0.44531266093750005 0.275 0.44375 0.2734374109375 0.44218733906249996 0.2734374109375 0.4406253234375 0.271874821875 0.4406253234375 0.2703122328125 0.4390626609375 0.2703122328125 0.4375 0.26875035625 0.43437532343749996 0.26875035625 0.43281266093750004 0.2671877671875 0.43125 0.2671877671875 0.42656266093750006 0.2625 0.425 0.2625 0.4218753234375 0.259374821875 0.4218753234375 0.2578122328125 0.4203126609375 0.2578122328125 0.41875 0.25625035625 0.40625 0.25625035625 0.4046873390625 0.25468776718749997 0.40156266093750004 0.25468776718749997 0.4 0.25625035625 0.3781253234375 0.25625035625 0.3765626609375 0.2578122328125 0.3765626609375 0.259374821875
30 0.7453126609375 0.5671877671875001 0.7468746765625001 0.5671877671875001 0.75 0.5703122328125 0.75 0.571874821875 0.7515626609375 0.5734374109375 0.78125 0.5734374109375 0.7828126609375 0.571874821875 0.7843753234374999 0.571874821875 0.7843753234374999 0.5703122328125 0.7859373390625 0.56875035625 0.7859373390625 0.5390625890625 0.7718753234375 0.525 0.7718753234375 0.5234374109375 0.7578126609375 0.5234374109375 0.75 0.5312503562499999 0.75 0.5328122328125 0.7453126609375 0.5375 0.7453126609375 0.5671877671875001
4 0.30625 0.38125035625 0.3078126609375 0.3828122328125 0.3078126609375 0.384374821875 0.3156253234375 0.3921877671875 0.3515626609375 0.3921877671875 0.3593753234375 0.384374821875 0.3593753234375 0.3828122328125 0.36093733906250003 0.38125035625 0.36093733906250003 0.37031223281250003 0.35312532343749997 0.3625 0.3468753234375 0.3625 0.3421873390625 0.3578122328125 0.3421873390625 0.3515625890625 0.3359373390625 0.3453122328125 0.3359373390625 0.34375035625 0.33125 0.3390625890625 0.3140626609375 0.3390625890625 0.30937532343749996 0.34375035625 0.3078126609375 0.34375035625 0.30625 0.3453122328125 0.30625 0.38125035625
35 0.7406253234375 0.403125178125 0.7390626609375001 0.40468776718750005 0.7359373390624999 0.40468776718750005 0.7343753234375 0.40625035625 0.73125 0.40625035625 0.7296873390624999 0.40781223281249995 0.7281253234375 0.40781223281249995 0.7265626609375 0.409374821875 0.7265626609375 0.41093741093749997 0.725 0.4125 0.725 0.428125178125 0.7156246765625001 0.4375 0.7109373390625 0.4375 0.7093753234375 0.43906258906250006 0.7078126609375001 0.43906258906250006 0.7078126609375001 0.440625178125 0.7046873390624999 0.44375035625 0.7046873390624999 0.5109374109375 0.7078126609375001 0.5109374109375 0.7140626609375 0.5171877671875 0.7171873390625 0.5171877671875 0.71875 0.51875035625 0.7203126609375 0.51875035625 0.7234373390625 0.521874821875 0.725 0.521874821875 0.7265626609375 0.5234374109375 0.7296873390624999 0.5234374109375 0.73125 0.525 0.7328126609375001 0.525 0.7359373390624999 0.528125178125 0.7375 0.528125178125 0.7390626609375001 0.5296877671875 0.7484373390625 0.5296877671875 0.75 0.528125178125 0.7515626609375 0.528125178125 0.7546873390625 0.525 0.75625 0.525 0.7578126609375 0.5234374109375 0.7718753234375 0.5234374109375 0.7734373390625 0.525 0.775 0.525 0.7781246765625001 0.528125178125 0.7796873390625 0.528125178125 0.7843753234374999 0.5328122328125 0.7859373390625 0.5328122328125 0.7875 0.534374821875 0.7921873390624999 0.534374821875 0.7953126609375001 0.5312503562499999 0.7968753234375 0.5312503562499999 0.7984373390624999 0.5296877671875 0.8031253234375001 0.5296877671875 0.8046873390625 0.528125178125 0.80625 0.528125178125 0.8093746765625 0.525 0.8109373390625001 0.525 0.8125 0.5234374109375 0.8156253234375 0.5234374109375 0.8218753234375 0.5171877671875 0.825 0.5171877671875 0.8265626609375 0.515625178125 0.8281253234375001 0.515625178125 0.8281253234375001 0.5140625890625 0.83125 0.5109374109375 0.83125 0.509374821875 0.8328126609375 0.5078122328125 0.8328126609375 0.43593741093749994 0.83125 0.434374821875 0.83125 0.43125035624999997 0.8296873390625 0.4296877671875 0.8296873390625 0.42656258906250005 0.8218753234375 0.41875035625 0.81875 0.41875035625 0.8171873390625001 0.41718776718750006 0.8156253234375 0.41718776718750006 0.8125 0.41406258906250004 0.8109373390625001 0.41406258906250004 0.8093746765625 0.4125 0.8078126609374999 0.4125 0.80625 0.41093741093749997 0.8031253234375001 0.41093741093749997 0.8 0.40781223281249995 0.7984373390624999 0.40781223281249995 0.7968753234375 0.40625035625 0.79375 0.40625035625 0.7921873390624999 0.40468776718750005 0.7906253234375 0.40468776718750005 0.7890626609375 0.403125178125 0.7859373390625 0.403125178125 0.7843753234374999 0.40156258906250003 0.7734373390625 0.40156258906250003 0.7718753234375 0.4 0.7671873390624999 0.40468776718750005 0.75625 0.40468776718750005 0.7546873390625 0.403125178125 0.7406253234375 0.403125178125
35 0.675 0.2671877671875 0.6703126609375001 0.271874821875 0.66875 0.271874821875 0.6671873390624999 0.2734374109375 0.6625 0.2734374109375 0.6609373390625 0.275 0.6578126609375 0.275 0.65625 0.2765625890625 0.6531253234375 0.2765625890625 0.6515626609375 0.278125178125 0.65 0.278125178125 0.6484373390625 0.2796877671875 0.6468753234375 0.2796877671875 0.6453126609375001 0.28125035625 0.6421873390624999 0.28125035625 0.6406253234375 0.2828122328125 0.6390626609375001 0.2828122328125 0.6343753234375 0.2875 0.6328126609375 0.2875 0.6296873390625 0.290625178125 0.6296873390625 0.29375035625 0.6265626609375 0.29687482187500003 0.6265626609375 0.36875035624999997 0.6375 0.37968776718749997 0.6406253234375 0.37968776718749997 0.6468753234375 0.3859374109375 0.6484373390625 0.3859374109375 0.65 0.3875 0.6515626609375 0.3875 0.6531253234375 0.3890625890625 0.6546873390625 0.3890625890625 0.6578126609375 0.3921877671875 0.6640626609375 0.3921877671875 0.6703126609375001 0.3859374109375 0.6953126609375 0.3859374109375 0.6968753234375 0.3875 0.6984373390624999 0.3875 0.7015626609375001 0.39062517812499997 0.7031253234375 0.39062517812499997 0.7046873390624999 0.3921877671875 0.7156246765625001 0.3921877671875 0.7171873390625 0.39062517812499997 0.71875 0.39062517812499997 0.7218753234374999 0.3875 0.7234373390625 0.3875 0.725 0.3859374109375 0.7343753234375 0.3859374109375 0.7359373390624999 0.384374821875 0.7390626609375001 0.384374821875 0.7421873390625 0.38125035625 0.74375 0.38125035625 0.7453126609375 0.37968776718749997 0.75 0.37968776718749997 0.7515626609375 0.378125178125 0.7531253234374999 0.378125178125 0.7531253234374999 0.3765625890625 0.7578126609375 0.371874821875 0.7578126609375 0.30781223281250003 0.75625 0.30625035624999997 0.75625 0.3 0.7546873390625 0.2984374109375 0.7546873390625 0.2875 0.7531253234374999 0.2859374109375 0.7531253234374999 0.284374821875 0.7515626609375 0.2828122328125 0.75 0.2828122328125 0.7484373390625 0.28125035625 0.7468746765625001 0.28125035625 0.7453126609375 0.2796877671875 0.74375 0.2796877671875 0.7390626609375001 0.275 0.73125 0.275 0.7296873390624999 0.2734374109375 0.7281253234375 0.2734374109375 0.725 0.2703122328125 0.7234373390625 0.2703122328125 0.7218753234374999 0.26875035625 0.71875 0.26875035625 0.7171873390625 0.2671877671875 0.7156246765625001 0.2671877671875 0.7140626609375 0.26562517812499997 0.69375 0.26562517812499997 0.6906253234374999 0.2625 0.6906253234374999 0.2609374109375 0.6890626609375 0.259374821875 0.6859373390625 0.259374821875 0.6843746765625001 0.2578122328125 0.6781253234375 0.2640625890625 0.6765626609375001 0.2640625890625 0.675 0.26562517812499997 0.675 0.2671877671875
37 0.46406266093750004 0.1125 0.4625 0.1140625890625 0.46093733906249995 0.1140625890625 0.45781266093750006 0.11718776718749999 0.45625 0.11718776718749999 0.4546873390625 0.11875035625000001 0.4515626609375 0.11875035625000001 0.44687532343749997 0.1234374109375 0.44531266093750005 0.1234374109375 0.44375 0.125 0.4406253234375 0.125 0.43437532343749996 0.13125035625 0.43125 0.13125035625 0.42656266093750006 0.1359374109375 0.425 0.1359374109375 0.4234373390625 0.1375 0.4218753234375 0.1375 0.4125 0.146874821875 0.4125 0.1515625890625 0.41093733906249996 0.15312517812499998 0.41093733906249996 0.203125178125 0.4125 0.20468776718749998 0.4125 0.209374821875 0.41406266093750005 0.21093741093750001 0.41562532343749997 0.21093741093750001 0.425 0.2203122328125 0.425 0.234374821875 0.42656266093750006 0.2359374109375 0.42656266093750006 0.2375 0.42968733906249995 0.240625178125 0.42968733906249995 0.24218776718749999 0.43125 0.24375035625 0.43125 0.2453122328125 0.43437532343749996 0.2484374109375 0.4406253234375 0.2484374109375 0.44531266093750005 0.253125178125 0.44687532343749997 0.253125178125 0.44843733906249994 0.25468776718749997 0.4546873390625 0.25468776718749997 0.45625 0.25625035625 0.45781266093750006 0.25625035625 0.4625 0.2609374109375 0.46562532343749996 0.2609374109375 0.46875 0.2640625890625 0.46875 0.26562517812499997 0.4703126609375 0.2671877671875 0.47343733906249996 0.2671877671875 0.475 0.26875035625 0.47656266093750005 0.26875035625 0.47812532343749997 0.2703122328125 0.4828126609375 0.2703122328125 0.4843753234375 0.26875035625 0.4859373390625 0.26875035625 0.4875 0.2671877671875 0.49218733906249995 0.2671877671875 0.49687532343749996 0.2625 0.4984373390625 0.2625 0.5 0.2609374109375 0.5031253234374999 0.2609374109375 0.5046873390625 0.259374821875 0.5046873390625 0.2578122328125 0.50625 0.25625035625 0.5078126609375 0.25625035625 0.5093753234375 0.25468776718749997 0.5109373390624999 0.25468776718749997 0.5125 0.253125178125 0.5140626609375001 0.253125178125 0.5156253234375 0.2515625890625 0.5156253234375 0.25 0.5171873390624999 0.2484374109375 0.5171873390624999 0.22187482187500002 0.51875 0.2203122328125 0.51875 0.21875035625 0.5234373390625 0.2140625890625 0.5234373390625 0.209374821875 0.5406253234375 0.1921877671875 0.5406253234375 0.1515625890625 0.5375 0.14843741093750001 0.5375 0.146874821875 0.5281253234375 0.1375 0.5265626609375 0.1375 0.525 0.1359374109375 0.5234373390625 0.1359374109375 0.51875 0.13125035625 0.5171873390624999 0.13125035625 0.5156253234375 0.1296877671875 0.5140626609375001 0.1296877671875 0.5093753234375 0.125 0.5078126609375 0.125 0.50625 0.1234374109375 0.5046873390625 0.1234374109375 0.5031253234374999 0.12187482187500001 0.5031253234374999 0.1203122328125 0.5015626609375 0.1203122328125 0.5 0.11875035625000001 0.49687532343749996 0.11875035625000001 0.49062467656250003 0.1125 0.48906266093750006 0.1125 0.4875 0.11093741093750001 0.4843753234375 0.11093741093750001 0.4828126609375 0.109374821875 0.47656266093750005 0.109374821875 0.475 0.11093741093750001 0.4703126609375 0.11093741093750001 0.46875 0.1125 0.46406266093750004 0.1125
6 0.4390626609375 0.40781223281249995 0.4359373390625 0.41093741093749997 0.43437532343749996 0.41093741093749997 0.42812467656250003 0.41718776718750006 0.42656266093750006 0.41718776718750006 0.425 0.41875035625 0.4203126609375 0.41875035625 0.4125 0.42656258906250005 0.4125 0.50625035625 0.41406266093750005 0.5078122328125 0.41406266093750005 0.509374821875 0.41562532343749997 0.5109374109375 0.41718733906249994 0.5109374109375 0.4234373390625 0.5171877671875 0.425 0.5171877671875 0.42656266093750006 0.51875035625 0.42812467656250003 0.51875035625 0.43281266093750004 0.5234374109375 0.43437532343749996 0.5234374109375 0.4406253234375 0.5296877671875 0.44218733906249996 0.5296877671875 0.44375 0.5312503562499999 0.44531266093750005 0.5312503562499999 0.45 0.5359374109374999 0.4531253234375 0.5359374109374999 0.45937467656250003 0.5421877671875001 0.46406266093750004 0.5421877671875001 0.46875 0.546874821875 0.4843753234375 0.546874821875 0.4875 0.54375035625 0.48906266093750006 0.54375035625 0.49062467656250003 0.5421877671875001 0.49218733906249995 0.5421877671875001 0.49375 0.540625178125 0.49531266093750004 0.540625178125 0.4984373390625 0.5375 0.5 0.5375 0.5015626609375 0.5359374109374999 0.5031253234374999 0.5359374109374999 0.5078126609375 0.5312503562499999 0.5093753234375 0.5312503562499999 0.5109373390624999 0.5296877671875 0.5140626609375001 0.5296877671875 0.5156253234375 0.528125178125 0.5171873390624999 0.528125178125 0.5218746765625 0.5234374109375 0.5265626609375 0.5234374109375 0.5281253234375 0.521874821875 0.5296873390625 0.521874821875 0.5296873390625 0.5203122328124999 0.53125 0.51875035625 0.5328126609375 0.51875035625 0.5343753234374999 0.5171877671875 0.5359373390625 0.5171877671875 0.5406253234375 0.5125 0.5406253234375 0.5109374109375 0.5421873390624999 0.509374821875 0.5421873390624999 0.43125035624999997 0.5406253234375 0.4296877671875 0.5406253234375 0.42656258906250005 0.5343753234374999 0.42031223281249996 0.5328126609375 0.42031223281249996 0.53125 0.41875035625 0.5296873390625 0.41875035625 0.5234373390625 0.4125 0.5203126609375001 0.4125 0.5156253234375 0.40781223281249995 0.5140626609375001 0.40781223281249995 0.5125 0.40625035625 0.5093753234375 0.40625035625 0.5078126609375 0.40468776718750005 0.5046873390625 0.40468776718750005 0.5031253234374999 0.403125178125 0.4984373390625 0.403125178125 0.49687532343749996 0.40468776718750005 0.49375 0.40468776718750005 0.49218733906249995 0.40625035625 0.4828126609375 0.40625035625 0.48125 0.40781223281249995 0.47968733906249994 0.40781223281249995 0.47812532343749997 0.409374821875 0.475 0.409374821875 0.47343733906249996 0.40781223281249995 0.46406266093750004 0.40781223281249995 0.4625 0.40625035625 0.46093733906249995 0.40625035625 0.45937467656250003 0.40468776718750005 0.45625 0.40468776718750005 0.4546873390625 0.403125178125 0.44687532343749997 0.403125178125 0.44531266093750005 0.40468776718750005 0.44375 0.40468776718750005 0.4406253234375 0.40781223281249995 0.4390626609375 0.40781223281249995
4 0.5265626609375 0.20625035625 0.525 0.2078122328125 0.525 0.209374821875 0.5218746765625 0.2125 0.5218746765625 0.2390625890625 0.5234373390625 0.240625178125 0.5234373390625 0.24218776718749999 0.525 0.24375035625 0.525 0.246874821875 0.5328126609375 0.25468776718749997 0.5656253234374999 0.25468776718749997 0.5671873390625 0.253125178125 0.56875 0.253125178125 0.5781253234375 0.24375035625 0.5781253234375 0.23125035624999998 0.5718753234375 0.225 0.5656253234374999 0.225 0.5609373390625 0.2203122328125 0.5609373390625 0.21562517812499998 0.5546873390625 0.209374821875 0.5546873390625 0.2078122328125 0.5531246765625 0.20625035625 0.5531246765625 0.20468776718749998 0.55 0.2015625890625 0.55 0.2 0.5328126609375 0.2 0.53125 0.2015625890625 0.53125 0.203125178125 0.5281253234375 0.20625035625 0.5265626609375 0.20625035625
30 0.675 0.2140625890625 0.675 0.246874821875 0.6765626609375001 0.2484374109375 0.6875 0.2484374109375 0.6890626609375 0.25 0.6968753234375 0.25 0.6984373390624999 0.2515625890625 0.7015626609375001 0.2515625890625 0.7031253234375 0.253125178125 0.7046873390624999 0.2515625890625 0.7093753234375 0.2515625890625 0.7109373390625 0.25 0.7125 0.25 0.7140626609375 0.2484374109375 0.7156246765625001 0.2484374109375 0.7156246765625001 0.22187482187500002 0.7125 0.21875035625 0.7125 0.2171877671875 0.7109373390625 0.21562517812499998 0.7109373390625 0.209374821875 0.70625 0.20468776718749998 0.7046873390624999 0.20468776718749998 0.7031253234375 0.203125178125 0.7031253234375 0.2015625890625 0.6843746765625001 0.2015625890625 0.6843746765625001 0.203125178125 0.68125 0.20625035625 0.68125 0.2078122328125 0.675 0.2140625890625
35 0.3156253234375 0.6703122328125 0.3125 0.6734374109375 0.3109373390625 0.6734374109375 0.30937532343749996 0.675 0.3078126609375 0.675 0.30625 0.6765625890625 0.3046873390625 0.6765625890625 0.3015626609375 0.6796877671875 0.3 0.6796877671875 0.29843733906250003 0.68125035625 0.2968753234375 0.68125035625 0.29062532343749997 0.6875 0.2890626609375 0.6875 0.2890626609375 0.6890625890625001 0.2875 0.690625178125 0.2875 0.6953122328125 0.2828126609375 0.7 0.2828126609375 0.7015625890625 0.28125 0.703125178125 0.28125 0.7046877671875 0.2718753234375 0.7140625890625001 0.2718753234375 0.7859374109374999 0.27812532343749996 0.7859374109374999 0.28437467656250004 0.7921877671875001 0.2859373390625 0.7921877671875001 0.2875 0.79375035625 0.2890626609375 0.79375035625 0.2921873390625 0.796874821875 0.29375 0.796874821875 0.29531266093749997 0.7984374109375 0.2968753234375 0.7984374109375 0.3031253234375 0.8046877671875 0.3171873390625 0.8046877671875 0.31875 0.8031251781250001 0.32187532343749997 0.8031251781250001 0.32187532343749997 0.8015625890625 0.3234373390625 0.8 0.325 0.8 0.32656266093749997 0.7984374109375 0.34062532343749996 0.7984374109375 0.3453126609375 0.8031251781250001 0.3484373390625 0.8031251781250001 0.35 0.8046877671875 0.3546873390625 0.8046877671875 0.35625 0.8031251781250001 0.3593753234375 0.8031251781250001 0.3625 0.8 0.3640626609375 0.8 0.36562467656250003 0.7984374109375 0.37187532343749996 0.7984374109375 0.3734373390625 0.796874821875 0.375 0.796874821875 0.3765626609375 0.7953122328125 0.3781253234375 0.7953122328125 0.38125 0.7921877671875001 0.38437532343749997 0.7921877671875001 0.3859373390625 0.790625178125 0.3875 0.790625178125 0.3906253234375 0.7875 0.39218733906250003 0.7875 0.39375 0.7859374109374999 0.3953126609375 0.7859374109374999 0.3984373390625 0.7828122328125 0.3984373390625 0.778125178125 0.4 0.7765625890625001 0.4 0.721874821875 0.39687467656250003 0.7187503562499999 0.3953126609375 0.7187503562499999 0.3906253234375 0.7140625890625001 0.38906266093749997 0.7140625890625001 0.3875 0.7125 0.3828126609375 0.7125 0.3796873390625 0.709374821875 0.3796873390625 0.70625035625 0.3781253234375 0.7046877671875 0.3781253234375 0.703125178125 0.375 0.7 0.375 0.6984374109375 0.3734373390625 0.696874821875 0.3734373390625 0.6890625890625001 0.36562467656250003 0.68125035625 0.3640626609375 0.68125035625 0.3625 0.6796877671875 0.36093733906250003 0.6796877671875 0.35781266093749997 0.6765625890625 0.35625 0.6765625890625 0.3546873390625 0.675 0.3515626609375 0.675 0.3468753234375 0.6703122328125 0.3453126609375 0.6703122328125 0.34375 0.66875035625 0.3359373390625 0.66875035625 0.33437467656250003 0.6671877671875001 0.32656266093749997 0.6671877671875001 0.325 0.66875035625 0.31875 0.66875035625 0.3171873390625 0.6703122328125 0.3156253234375 0.6703122328125
37 0.53125 0.5312503562499999 0.5265626609375 0.5359374109374999 0.525 0.5359374109374999 0.5234373390625 0.5375 0.5218746765625 0.5375 0.5203126609375001 0.5390625890625 0.51875 0.5390625890625 0.5156253234375 0.5421877671875001 0.5140626609375001 0.5421877671875001 0.5125 0.54375035625 0.5093753234375 0.54375035625 0.5031253234374999 0.55 0.5015626609375 0.55 0.5 0.5515625890625 0.4984373390625 0.5515625890625 0.49218733906249995 0.5578122328124999 0.49062467656250003 0.5578122328124999 0.4859373390625 0.5625 0.4859373390625 0.6484374109375 0.4875 0.65 0.4875 0.6515625890625001 0.48906266093750006 0.653125178125 0.49062467656250003 0.653125178125 0.49218733906249995 0.6546877671875 0.49531266093750004 0.6546877671875 0.5015626609375 0.6609374109374999 0.5046873390625 0.6609374109374999 0.5093753234375 0.665625178125 0.5125 0.665625178125 0.5140626609375001 0.6671877671875001 0.5203126609375001 0.6671877671875001 0.5265626609375 0.6609374109374999 0.5296873390625 0.6609374109374999 0.53125 0.659374821875 0.5328126609375 0.659374821875 0.5343753234374999 0.6578122328125 0.5359373390625 0.6578122328125 0.5375 0.6562503562499999 0.5421873390624999 0.6562503562499999 0.5453126609375001 0.659374821875 0.5484373390624999 0.659374821875 0.55 0.6609374109374999 0.55625 0.6609374109374999 0.5578126609375 0.6625 0.5593753234375 0.6625 0.5609373390625 0.6640625890625 0.5625 0.6640625890625 0.5640626609375 0.665625178125 0.5671873390625 0.665625178125 0.56875 0.6671877671875001 0.5734373390624999 0.6671877671875001 0.575 0.665625178125 0.5781253234375 0.665625178125 0.5828126609375001 0.6609374109374999 0.5875 0.6609374109374999 0.5890626609375 0.659374821875 0.5906253234375 0.659374821875 0.59375 0.6562503562499999 0.5953126609375 0.6562503562499999 0.5968753234374999 0.6546877671875 0.6 0.6546877671875 0.6015626609375 0.653125178125 0.6031253234375 0.653125178125 0.6078126609375001 0.6484374109375 0.6093753234375 0.6484374109375 0.6109373390624999 0.646874821875 0.6109373390624999 0.5984374109374999 0.6125 0.596874821875 0.6125 0.5890625890625001 0.6109373390624999 0.5875 0.6109373390624999 0.5765625890625 0.6093753234375 0.575 0.6078126609375001 0.575 0.5984373390625 0.565625178125 0.5984373390625 0.5546877671875 0.5968753234374999 0.553125178125 0.5968753234374999 0.5515625890625 0.5890626609375 0.54375035625 0.5859373390625 0.54375035625 0.5843746765625 0.5421877671875001 0.5828126609375001 0.5421877671875001 0.5781253234375 0.5375 0.5765626609375001 0.5375 0.575 0.5359374109374999 0.5734373390624999 0.5359374109374999 0.5703126609375 0.5328122328125 0.56875 0.5328122328125 0.5671873390625 0.5312503562499999 0.5656253234374999 0.5312503562499999 0.5640626609375 0.5296877671875 0.5625 0.5296877671875 0.5609373390625 0.528125178125 0.5609373390625 0.5265625890625001 0.5593753234375 0.5265625890625001 0.5578126609375 0.525 0.54375 0.525 0.5421873390624999 0.5265625890625001 0.5390626609375 0.5265625890625001 0.5343753234374999 0.5312503562499999 0.53125 0.5312503562499999
36 0.5296873390625 0.2640625890625 0.5281253234375 0.2640625890625 0.5265626609375 0.26562517812499997 0.5218746765625 0.26562517812499997 0.5203126609375001 0.2671877671875 0.51875 0.2671877671875 0.5171873390624999 0.26875035625 0.5125 0.26875035625 0.5109373390624999 0.2703122328125 0.5093753234375 0.2703122328125 0.5 0.2796877671875 0.49687532343749996 0.2796877671875 0.49531266093750004 0.28125035625 0.49218733906249995 0.28125035625 0.49062467656250003 0.2828122328125 0.48906266093750006 0.2828122328125 0.48906266093750006 0.3546877671875 0.49062467656250003 0.3546877671875 0.49375 0.3578122328125 0.49375 0.35937482187500003 0.49531266093750004 0.3609374109375 0.5015626609375 0.3609374109375 0.50625 0.365625178125 0.50625 0.3671877671875 0.5078126609375 0.36875035624999997 0.5078126609375 0.3734374109375 0.5093753234375 0.375 0.5093753234375 0.3828122328125 0.5109373390624999 0.384374821875 0.5109373390624999 0.3890625890625 0.5156253234375 0.39375035625 0.5171873390624999 0.39375035625 0.5218746765625 0.3984374109375 0.525 0.3984374109375 0.5265626609375 0.4 0.5281253234375 0.4 0.53125 0.403125178125 0.5328126609375 0.403125178125 0.5343753234374999 0.40468776718750005 0.5359373390625 0.40468776718750005 0.5375 0.40625035625 0.5406253234375 0.40625035625 0.5421873390624999 0.40781223281249995 0.54375 0.40781223281249995 0.5453126609375001 0.409374821875 0.5515626609375001 0.409374821875 0.5546873390625 0.40625035625 0.55625 0.40625035625 0.5578126609375 0.40468776718750005 0.5593753234375 0.40468776718750005 0.5640626609375 0.4 0.5656253234374999 0.4 0.5671873390625 0.3984374109375 0.56875 0.3984374109375 0.5703126609375 0.396874821875 0.5718753234375 0.396874821875 0.5765626609375001 0.3921877671875 0.5828126609375001 0.3921877671875 0.5875 0.3875 0.5890626609375 0.3875 0.5906253234375 0.3859374109375 0.5953126609375 0.3859374109375 0.5968753234374999 0.384374821875 0.5984373390625 0.384374821875 0.6015626609375 0.38125035625 0.6031253234375 0.38125035625 0.6046873390624999 0.37968776718749997 0.6078126609375001 0.37968776718749997 0.6171873390625 0.37031223281250003 0.6171873390625 0.29687482187500003 0.6156253234375 0.2953122328125 0.6156253234375 0.2921877671875 0.60625 0.2828122328125 0.6046873390624999 0.2828122328125 0.6031253234375 0.28125035625 0.6015626609375 0.28125035625 0.5968753234374999 0.2765625890625 0.5953126609375 0.2765625890625 0.59375 0.275 0.5906253234375 0.275 0.5890626609375 0.2734374109375 0.5875 0.2734374109375 0.5734373390624999 0.259374821875 0.5718753234375 0.259374821875 0.5703126609375 0.2578122328125 0.54375 0.2578122328125 0.5421873390624999 0.259374821875 0.5328126609375 0.259374821875 0.5328126609375 0.2609374109375 0.5296873390625 0.2640625890625
17 0.6765626609375001 0.5312503562499999 0.675 0.5328122328125 0.6734373390624999 0.5328122328125 0.6703126609375001 0.5359374109374999 0.66875 0.5359374109374999 0.6671873390624999 0.5375 0.6656253234375 0.5375 0.6640626609375 0.5390625890625 0.6625 0.5390625890625 0.6578126609375 0.54375035625 0.65625 0.54375035625 0.6515626609375 0.5484374109375 0.6515626609375 0.55 0.65 0.5515625890625 0.65 0.55625035625 0.6484373390625 0.5578122328124999 0.6484373390625 0.559374821875 0.6468753234375 0.5609374109374999 0.6468753234375 0.5625 0.6453126609375001 0.5640625890625001 0.6453126609375001 0.565625178125 0.64375 0.5671877671875001 0.64375 0.5703122328125 0.6390626609375001 0.575 0.6359373390624999 0.575 0.6343753234375 0.5765625890625 0.6328126609375 0.5765625890625 0.6328126609375 0.6484374109375 0.6359373390624999 0.6484374109375 0.6375 0.65 0.6406253234375 0.65 0.64375 0.653125178125 0.6453126609375001 0.653125178125 0.6468753234375 0.6546877671875 0.65 0.6546877671875 0.6515626609375 0.6562503562499999 0.6531253234375 0.6562503562499999 0.65625 0.659374821875 0.6578126609375 0.659374821875 0.6593753234374999 0.6609374109374999 0.6609373390625 0.6609374109374999 0.6625 0.6625 0.6640626609375 0.6625 0.6671873390624999 0.665625178125 0.66875 0.665625178125 0.6703126609375001 0.6671877671875001 0.6718753234375 0.6671877671875001 0.6734373390624999 0.665625178125 0.6765626609375001 0.665625178125 0.68125 0.6609374109374999 0.6859373390625 0.6609374109374999 0.6875 0.659374821875 0.7015626609375001 0.659374821875 0.7031253234375 0.6609374109374999 0.7046873390624999 0.6609374109374999 0.70625 0.6625 0.7078126609375001 0.6625 0.7140626609375 0.66875035625 0.7234373390625 0.66875035625 0.725 0.6671877671875001 0.7281253234375 0.6671877671875001 0.7328126609375001 0.6625 0.7343753234375 0.6625 0.7359373390624999 0.6609374109374999 0.7390626609375001 0.6609374109374999 0.7406253234375 0.659374821875 0.7421873390625 0.659374821875 0.7421873390625 0.6578122328125 0.74375 0.6562503562499999 0.7453126609375 0.6562503562499999 0.7468746765625001 0.6546877671875 0.7484373390625 0.6546877671875 0.75 0.653125178125 0.7515626609375 0.653125178125 0.75625 0.6484374109375 0.7578126609375 0.6484374109375 0.7593753234375 0.646874821875 0.7593753234375 0.6453122328124999 0.7609373390624999 0.64375035625 0.7609373390624999 0.58125035625 0.75625 0.5765625890625 0.7546873390625 0.5765625890625 0.7531253234374999 0.575 0.75 0.575 0.74375 0.56875035625 0.74375 0.5671877671875001 0.7421873390625 0.565625178125 0.7421873390625 0.559374821875 0.7406253234375 0.5578122328124999 0.7406253234375 0.55625035625 0.7390626609375001 0.5546877671875 0.7390626609375001 0.553125178125 0.7359373390624999 0.55 0.7343753234375 0.55 0.7296873390624999 0.5453122328125 0.7281253234375 0.5453122328125 0.7265626609375 0.54375035625 0.7203126609375 0.54375035625 0.7156246765625001 0.5390625890625 0.7140626609375 0.5390625890625 0.7125 0.5375 0.7109373390625 0.5375 0.7093753234375 0.5359374109374999 0.7078126609375001 0.5359374109374999 0.7031253234375 0.5312503562499999 0.7 0.5312503562499999 0.6968753234375 0.528125178125 0.6875 0.528125178125 0.6859373390625 0.5296877671875 0.68125 0.5296877671875 0.6796873390625 0.5312503562499999 0.6765626609375001 0.5312503562499999
37 0.1718753234375 0.39062517812499997 0.16875 0.39375035625 0.1656253234375 0.39375035625 0.16093733906250002 0.3984374109375 0.1593753234375 0.3984374109375 0.1578126609375 0.4 0.15625 0.4 0.1546873390625 0.40156258906250003 0.15312532343750002 0.40156258906250003 0.15 0.40468776718750005 0.1484373390625 0.40468776718750005 0.1468753234375 0.40625035625 0.1453126609375 0.40625035625 0.14375 0.40781223281249995 0.1421873390625 0.40781223281249995 0.1375 0.4125 0.1359373390625 0.4125 0.13125 0.41718776718750006 0.12968733906250002 0.41718776718750006 0.1265626609375 0.42031223281249996 0.125 0.42031223281249996 0.1218753234375 0.4234374109375 0.1218753234375 0.5125 0.1265626609375 0.5171877671875 0.12968733906250002 0.5171877671875 0.13125 0.51875035625 0.1328126609375 0.51875035625 0.1359373390625 0.521874821875 0.1375 0.521874821875 0.1390626609375 0.5234374109375 0.1406253234375 0.5234374109375 0.1453126609375 0.528125178125 0.1468753234375 0.528125178125 0.1484373390625 0.5296877671875 0.15156266093749998 0.5296877671875 0.15312532343750002 0.5312503562499999 0.1546873390625 0.5312503562499999 0.15625 0.5328122328125 0.15625 0.534374821875 0.1578126609375 0.534374821875 0.1593753234375 0.5359374109374999 0.16093733906250002 0.5359374109374999 0.1625 0.5375 0.1640626609375 0.5375 0.1671873390625 0.540625178125 0.16875 0.540625178125 0.1703126609375 0.5421877671875001 0.1718753234375 0.5421877671875001 0.1765626609375 0.546874821875 0.1781253234375 0.546874821875 0.1796873390625 0.5484374109375 0.19375 0.5484374109375 0.1953126609375 0.546874821875 0.1968753234375 0.546874821875 0.2 0.54375035625 0.2015626609375 0.54375035625 0.20312532343749998 0.5421877671875001 0.2046873390625 0.5421877671875001 0.20937532343749998 0.5375 0.2109373390625 0.5375 0.2125 0.5359374109374999 0.2156253234375 0.5359374109374999 0.2203126609375 0.5312503562499999 0.2218746765625 0.5312503562499999 0.22343733906250002 0.5296877671875 0.22812532343749997 0.5296877671875 0.2328126609375 0.525 0.23437532343749998 0.525 0.2359373390625 0.5234374109375 0.24062532343749998 0.5234374109375 0.2468753234375 0.5171877671875 0.2484373390625 0.5171877671875 0.2484373390625 0.515625178125 0.2546873390625 0.509374821875 0.2546873390625 0.42656258906250005 0.2468753234375 0.41875035625 0.24531266093749998 0.41875035625 0.24375 0.41718776718750006 0.2421873390625 0.41718776718750006 0.2390626609375 0.41406258906250004 0.2375 0.41406258906250004 0.2359373390625 0.4125 0.2328126609375 0.4125 0.23125 0.41093741093749997 0.2296873390625 0.41093741093749997 0.2265626609375 0.40781223281249995 0.2218746765625 0.40781223281249995 0.2203126609375 0.40625035625 0.21875 0.40625035625 0.2171873390625 0.40468776718750005 0.2156253234375 0.40468776718750005 0.20937532343749998 0.3984374109375 0.2078126609375 0.3984374109375 0.1968753234375 0.3875 0.19218733906250002 0.3875 0.19062467656249998 0.3859374109375 0.18437532343750002 0.3859374109375 0.18281266093749998 0.3875 0.1765626609375 0.3875 0.1734373390625 0.39062517812499997 0.1718753234375 0.39062517812499997
35 0.32656266093749997 0.11093741093750001 0.325 0.1125 0.3203126609375 0.1125 0.31875 0.1140625890625 0.3171873390625 0.1140625890625 0.3140626609375 0.11718776718749999 0.3125 0.11718776718749999 0.3109373390625 0.11875035625000001 0.3078126609375 0.11875035625000001 0.30625 0.1203122328125 0.3046873390625 0.1203122328125 0.3015626609375 0.1234374109375 0.3 0.1234374109375 0.29843733906250003 0.125 0.2968753234375 0.125 0.29062532343749997 0.13125035625 0.2875 0.13125035625 0.2859373390625 0.13281223281250001 0.28437467656250004 0.13281223281250001 0.2796873390625 0.1375 0.27812532343749996 0.1375 0.2718753234375 0.14375035625000002 0.2703126609375 0.14375035625000002 0.26875 0.1453122328125 0.26875 0.23125035624999998 0.2703126609375 0.23281223281250002 0.2703126609375 0.234374821875 0.2718753234375 0.234374821875 0.2734373390625 0.2359374109375 0.2765626609375 0.2359374109375 0.2828126609375 0.24218776718749999 0.2859373390625 0.24218776718749999 0.2875 0.24375035625 0.2890626609375 0.24375035625 0.2921873390625 0.246874821875 0.29375 0.246874821875 0.29531266093749997 0.2484374109375 0.29843733906250003 0.2484374109375 0.3 0.25 0.3015626609375 0.25 0.3046873390625 0.253125178125 0.30625 0.253125178125 0.3078126609375 0.25468776718749997 0.30937532343749996 0.25468776718749997 0.3109373390625 0.25625035625 0.3125 0.25625035625 0.3140626609375 0.2578122328125 0.3140626609375 0.259374821875 0.3156253234375 0.259374821875 0.3171873390625 0.2609374109375 0.3203126609375 0.2609374109375 0.32656266093749997 0.2671877671875 0.3281253234375 0.2671877671875 0.3328126609375 0.271874821875 0.3359373390625 0.271874821875 0.3390626609375 0.26875035625 0.3421873390625 0.26875035625 0.34375 0.2671877671875 0.3484373390625 0.2671877671875 0.3515626609375 0.2640625890625 0.35312532343749997 0.2640625890625 0.3546873390625 0.2625 0.35625 0.2625 0.35781266093749997 0.2609374109375 0.36093733906250003 0.2609374109375 0.3640626609375 0.2578122328125 0.36562467656250003 0.2578122328125 0.3671873390625 0.25625035625 0.36875 0.25625035625 0.3703126609375 0.25468776718749997 0.37187532343749996 0.25468776718749997 0.3796873390625 0.246874821875 0.3796873390625 0.240625178125 0.38125 0.2390625890625 0.38125 0.2359374109375 0.3828126609375 0.234374821875 0.3828126609375 0.23281223281250002 0.38437532343749997 0.23125035624999998 0.38437532343749997 0.228125178125 0.3859373390625 0.22656258906249999 0.3859373390625 0.21875035625 0.3875 0.2171877671875 0.3875 0.21562517812499998 0.39375 0.209374821875 0.39375 0.2078122328125 0.3984373390625 0.203125178125 0.3984373390625 0.1515625890625 0.39687467656250003 0.15 0.39687467656250003 0.14843741093750001 0.39218733906250003 0.14375035625000002 0.3906253234375 0.14375035625000002 0.38906266093749997 0.14218776718749998 0.3875 0.14218776718749998 0.3859373390625 0.140625178125 0.3859373390625 0.1390625890625 0.38437532343749997 0.1390625890625 0.3828126609375 0.1375 0.38125 0.1375 0.3765626609375 0.13281223281250001 0.375 0.13281223281250001 0.3734373390625 0.13125035625 0.37187532343749996 0.13125035625 0.36562467656250003 0.125 0.3625 0.125 0.35781266093749997 0.1203122328125 0.35625 0.1203122328125 0.3546873390625 0.11875035625000001 0.3515626609375 0.11875035625000001 0.3468753234375 0.1140625890625 0.3453126609375 0.1140625890625 0.34375 0.1125 0.3421873390625 0.1125 0.34062532343749996 0.11093741093750001 0.3390626609375 0.11093741093750001 0.3375 0.109374821875 0.3359373390625 0.109374821875 0.33437467656250003 0.1078122328125 0.3328126609375 0.1078122328125 0.33125 0.109374821875 0.32968733906250003 0.109374821875 0.3281253234375 0.11093741093750001 0.32656266093749997 0.11093741093750001
36 0.39218733906250003 0.534374821875 0.3906253234375 0.5359374109374999 0.38906266093749997 0.5359374109374999 0.3875 0.5375 0.38437532343749997 0.5375 0.3828126609375 0.5390625890625 0.38125 0.5390625890625 0.3796873390625 0.540625178125 0.3781253234375 0.540625178125 0.3765626609375 0.5421877671875001 0.375 0.5421877671875001 0.3734373390625 0.54375035625 0.3703126609375 0.54375035625 0.3640626609375 0.55 0.3640626609375 0.5515625890625 0.35781266093749997 0.5578122328124999 0.35781266093749997 0.559374821875 0.35625 0.5609374109374999 0.35625 0.5671877671875001 0.3484373390625 0.575 0.3468753234375 0.575 0.34375 0.578125178125 0.34375 0.646874821875 0.3453126609375 0.6484374109375 0.3468753234375 0.6484374109375 0.3484373390625 0.65 0.35 0.65 0.3515626609375 0.6515625890625001 0.3515626609375 0.653125178125 0.3546873390625 0.653125178125 0.35625 0.6546877671875 0.36093733906250003 0.6546877671875 0.3640626609375 0.6578122328125 0.36562467656250003 0.6578122328125 0.3671873390625 0.659374821875 0.36875 0.659374821875 0.3703126609375 0.6609374109374999 0.38437532343749997 0.6609374109374999 0.3859373390625 0.659374821875 0.3953126609375 0.659374821875 0.39687467656250003 0.6609374109374999 0.4078126609375 0.6609374109374999 0.41406266093750005 0.6671877671875001 0.41718733906249994 0.6671877671875001 0.41875 0.66875035625 0.4203126609375 0.66875035625 0.4218753234375 0.6703122328125 0.4234373390625 0.66875035625 0.42812467656250003 0.66875035625 0.42968733906249995 0.6671877671875001 0.43437532343749996 0.6671877671875001 0.4390626609375 0.6625 0.4406253234375 0.6625 0.44218733906249996 0.6609374109374999 0.4515626609375 0.6609374109374999 0.45625 0.6562503562499999 0.45781266093750006 0.6562503562499999 0.45937467656250003 0.6546877671875 0.46093733906249995 0.6546877671875 0.4625 0.653125178125 0.46406266093750004 0.653125178125 0.4718753234375 0.6453122328124999 0.4718753234375 0.578125178125 0.4703126609375 0.5765625890625 0.4703126609375 0.575 0.46875 0.5734374109375 0.46875 0.56875035625 0.4671873390625 0.5671877671875001 0.4671873390625 0.565625178125 0.46562532343749996 0.5640625890625001 0.46562532343749996 0.5625 0.46406266093750004 0.5625 0.45937467656250003 0.5578122328124999 0.45781266093750006 0.5578122328124999 0.45625 0.55625035625 0.4531253234375 0.55625035625 0.4515626609375 0.5546877671875 0.45 0.5546877671875 0.44531266093750005 0.55 0.4406253234375 0.55 0.4390626609375 0.5484374109375 0.4375 0.5484374109375 0.43437532343749996 0.5453122328125 0.43125 0.5453122328125 0.42968733906249995 0.54375035625 0.42656266093750006 0.54375035625 0.4203126609375 0.5375 0.41718733906249994 0.5375 0.41406266093750005 0.534374821875 0.4125 0.534374821875 0.41093733906249996 0.5328122328125 0.4078126609375 0.5328122328125 0.40625 0.5312503562499999 0.4 0.5312503562499999 0.3984373390625 0.5328122328125 0.3953126609375 0.5328122328125 0.39375 0.534374821875 0.39218733906250003 0.534374821875
36 0.2421873390625 0.2578122328125 0.2390626609375 0.2609374109375 0.2375 0.2609374109375 0.2359373390625 0.2625 0.2328126609375 0.2625 0.23125 0.2640625890625 0.23125 0.26562517812499997 0.2296873390625 0.2671877671875 0.22812532343749997 0.2671877671875 0.2265626609375 0.26875035625 0.22343733906250002 0.26875035625 0.2218746765625 0.2703122328125 0.2203126609375 0.2703122328125 0.2156253234375 0.275 0.21406266093749998 0.275 0.20937532343749998 0.2796877671875 0.2078126609375 0.2796877671875 0.20625 0.28125035625 0.2046873390625 0.28125035625 0.1984373390625 0.2875 0.1968753234375 0.2875 0.1953126609375 0.2890625890625 0.1953126609375 0.371874821875 0.20312532343749998 0.37968776718749997 0.20625 0.37968776718749997 0.2078126609375 0.38125035625 0.20937532343749998 0.38125035625 0.2125 0.384374821875 0.21406266093749998 0.384374821875 0.2156253234375 0.3859374109375 0.21875 0.3859374109375 0.2203126609375 0.3875 0.2218746765625 0.3875 0.225 0.39062517812499997 0.2265626609375 0.39062517812499997 0.22812532343749997 0.3921877671875 0.2296873390625 0.3921877671875 0.23125 0.39375035625 0.2328126609375 0.39375035625 0.2375 0.3984374109375 0.2390626609375 0.3984374109375 0.24531266093749998 0.40468776718750005 0.2484373390625 0.40468776718750005 0.25 0.40625035625 0.2515626609375 0.40625035625 0.2546873390625 0.409374821875 0.25625 0.409374821875 0.2578126609375 0.41093741093749997 0.2625 0.41093741093749997 0.26406266093749997 0.409374821875 0.2656253234375 0.409374821875 0.2703126609375 0.40468776718750005 0.2765626609375 0.40468776718750005 0.2828126609375 0.3984374109375 0.2890626609375 0.3984374109375 0.29062532343749997 0.396874821875 0.2921873390625 0.396874821875 0.29531266093749997 0.39375035625 0.2968753234375 0.39375035625 0.29843733906250003 0.3921877671875 0.3 0.3921877671875 0.3015626609375 0.39062517812499997 0.3015626609375 0.3890625890625 0.3031253234375 0.3875 0.3031253234375 0.384374821875 0.3015626609375 0.3828122328125 0.3015626609375 0.38125035625 0.3 0.37968776718749997 0.3 0.375 0.29843733906250003 0.3734374109375 0.29843733906250003 0.365625178125 0.3 0.3640625890625 0.3 0.35937482187500003 0.3031253234375 0.35625035625 0.3031253234375 0.3546877671875 0.3046873390625 0.353125178125 0.3046873390625 0.346874821875 0.3109373390625 0.340625178125 0.3109373390625 0.3390625890625 0.3140626609375 0.3359374109375 0.3156253234375 0.3359374109375 0.3171873390625 0.334374821875 0.3171873390625 0.3328122328125 0.3203126609375 0.3296877671875 0.32187532343749997 0.3296877671875 0.32187532343749997 0.32812517812499997 0.3234373390625 0.3265625890625 0.3234373390625 0.29375035625 0.32187532343749997 0.2921877671875 0.32187532343749997 0.2890625890625 0.3203126609375 0.2890625890625 0.3140626609375 0.2828122328125 0.3125 0.2828122328125 0.3109373390625 0.28125035625 0.3078126609375 0.28125035625 0.3015626609375 0.275 0.29531266093749997 0.275 0.2921873390625 0.271874821875 0.2921873390625 0.2703122328125 0.29062532343749997 0.26875035625 0.2875 0.26875035625 0.2859373390625 0.2671877671875 0.28437467656250004 0.2671877671875 0.28125 0.2640625890625 0.2796873390625 0.2640625890625 0.27812532343749996 0.2625 0.2765626609375 0.2625 0.2718753234375 0.2578122328125 0.2703126609375 0.2578122328125 0.26875 0.25625035625 0.26406266093749997 0.25625035625 0.2625 0.25468776718749997 0.2578126609375 0.25468776718749997 0.25625 0.25625035625 0.24531266093749998 0.25625035625 0.24375 0.2578122328125 0.2421873390625 0.2578122328125
0 0.46562532343749996 0.6671877671875001 0.46406266093750004 0.66875035625 0.46093733906249995 0.66875035625 0.45937467656250003 0.6703122328125 0.45781266093750006 0.6703122328125 0.4531253234375 0.675 0.45 0.675 0.44531266093750005 0.6796877671875 0.44375 0.6796877671875 0.44218733906249996 0.68125035625 0.4406253234375 0.68125035625 0.4390626609375 0.6828122328124999 0.4390626609375 0.684374821875 0.4375 0.6859374109374999 0.4375 0.703125178125 0.43125 0.709374821875 0.43125 0.7109374109375 0.42968733906249995 0.7125 0.42812467656250003 0.7125 0.42656266093750006 0.7140625890625001 0.425 0.7140625890625001 0.4203126609375 0.7187503562499999 0.41718733906249994 0.7187503562499999 0.41406266093750005 0.721874821875 0.41406266093750005 0.784374821875 0.41562532343749997 0.7859374109374999 0.41718733906249994 0.7859374109374999 0.41875 0.7875 0.4203126609375 0.7875 0.4234373390625 0.790625178125 0.425 0.790625178125 0.42656266093750006 0.7921877671875001 0.42968733906249995 0.7921877671875001 0.43125 0.79375035625 0.43281266093750004 0.79375035625 0.4359373390625 0.796874821875 0.4375 0.796874821875 0.4390626609375 0.7984374109375 0.44531266093750005 0.7984374109375 0.44687532343749997 0.8 0.44843733906249994 0.8 0.4515626609375 0.8031251781250001 0.45937467656250003 0.8031251781250001 0.46406266093750004 0.7984374109375 0.4875 0.7984374109375 0.48906266093750006 0.8 0.49062467656250003 0.8 0.49531266093750004 0.8046877671875 0.5046873390625 0.8046877671875 0.50625 0.8031251781250001 0.5078126609375 0.8031251781250001 0.5109373390624999 0.8 0.5125 0.8 0.5140626609375001 0.7984374109375 0.5203126609375001 0.7984374109375 0.5218746765625 0.796874821875 0.5234373390625 0.796874821875 0.5234373390625 0.7953122328125 0.525 0.79375035625 0.5265626609375 0.79375035625 0.5281253234375 0.7921877671875001 0.53125 0.7921877671875001 0.5328126609375 0.790625178125 0.5343753234374999 0.790625178125 0.5343753234374999 0.7890625890625 0.5375 0.7859374109374999 0.5375 0.7265625890625 0.5359373390625 0.725 0.5359373390625 0.721874821875 0.5234373390625 0.709374821875 0.5234373390625 0.7078122328124999 0.51875 0.703125178125 0.51875 0.7 0.5171873390624999 0.6984374109375 0.5171873390624999 0.6890625890625001 0.5078126609375 0.6796877671875 0.50625 0.6796877671875 0.5046873390625 0.678125178125 0.5046873390625 0.6765625890625 0.5031253234374999 0.675 0.5015626609375 0.675 0.49531266093750004 0.66875035625 0.49375 0.66875035625 0.49218733906249995 0.6671877671875001 0.49062467656250003 0.6671877671875001 0.4875 0.6640625890625 0.4843753234375 0.6640625890625 0.4828126609375 0.6625 0.475 0.6625 0.47343733906249996 0.6640625890625 0.4703126609375 0.6640625890625 0.4671873390625 0.6671877671875001 0.46562532343749996 0.6671877671875001
36 0.3390626609375 0.403125178125 0.3375 0.40468776718750005 0.3203126609375 0.40468776718750005 0.31875 0.403125178125 0.3171873390625 0.403125178125 0.3156253234375 0.40156258906250003 0.3078126609375 0.40156258906250003 0.30625 0.403125178125 0.3046873390625 0.403125178125 0.3031253234375 0.40468776718750005 0.3015626609375 0.40468776718750005 0.3 0.40625035625 0.2968753234375 0.40625035625 0.29062532343749997 0.4125 0.2890626609375 0.4125 0.2875 0.41406258906250004 0.2859373390625 0.41406258906250004 0.2828126609375 0.41718776718750006 0.28125 0.41718776718750006 0.2796873390625 0.41875035625 0.27812532343749996 0.41875035625 0.2765626609375 0.42031223281249996 0.275 0.42031223281249996 0.26875 0.42656258906250005 0.26875 0.428125178125 0.26718733906250003 0.4296877671875 0.26718733906250003 0.43593741093749994 0.2656253234375 0.4375 0.2656253234375 0.49843741093749994 0.26718733906250003 0.5 0.26718733906250003 0.5046877671875001 0.26875 0.50625035625 0.26875 0.509374821875 0.2718753234375 0.5125 0.2734373390625 0.5125 0.275 0.5140625890625 0.275 0.515625178125 0.2765626609375 0.5171877671875 0.2796873390625 0.5171877671875 0.28437467656250004 0.521874821875 0.2859373390625 0.521874821875 0.2875 0.5234374109375 0.29062532343749997 0.5234374109375 0.2921873390625 0.525 0.29375 0.525 0.29531266093749997 0.5265625890625001 0.2968753234375 0.5265625890625001 0.29843733906250003 0.528125178125 0.3 0.528125178125 0.3015626609375 0.5296877671875 0.3109373390625 0.5296877671875 0.3125 0.528125178125 0.3140626609375 0.528125178125 0.3171873390625 0.525 0.31875 0.525 0.3203126609375 0.5234374109375 0.3453126609375 0.5234374109375 0.3515626609375 0.5296877671875 0.3671873390625 0.5296877671875 0.36875 0.528125178125 0.3703126609375 0.528125178125 0.3734373390625 0.525 0.375 0.525 0.3765626609375 0.5234374109375 0.3781253234375 0.5234374109375 0.38437532343749997 0.5171877671875 0.3859373390625 0.5171877671875 0.3875 0.515625178125 0.38906266093749997 0.515625178125 0.39687467656250003 0.5078122328125 0.39687467656250003 0.50625035625 0.3984373390625 0.5046877671875001 0.3984373390625 0.42656258906250005 0.39218733906250003 0.42031223281249996 0.3906253234375 0.42031223281249996 0.38906266093749997 0.41875035625 0.38437532343749997 0.41875035625 0.37187532343749996 0.40625035625 0.36875 0.40625035625 0.36093733906250003 0.3984374109375 0.35 0.3984374109375 0.3484373390625 0.4 0.3453126609375 0.4 0.3421873390625 0.403125178125 0.3390626609375 0.403125178125
0 0.6109373390624999 0.6671877671875001 0.6093753234375 0.66875035625 0.60625 0.66875035625 0.6015626609375 0.6734374109375 0.6 0.6734374109375 0.5984373390625 0.675 0.5953126609375 0.675 0.5906253234375 0.6796877671875 0.5890626609375 0.6796877671875 0.5875 0.68125035625 0.5875 0.6828122328124999 0.5859373390625 0.684374821875 0.5859373390625 0.6859374109374999 0.5828126609375001 0.6890625890625001 0.5828126609375001 0.69375035625 0.58125 0.6953122328125 0.58125 0.703125178125 0.5718753234375 0.7125 0.5703126609375 0.7125 0.56875 0.7140625890625001 0.56875 0.715625178125 0.5656253234374999 0.7187503562499999 0.5640626609375 0.7187503562499999 0.5609373390625 0.721874821875 0.5609373390625 0.7234374109374999 0.5593753234375 0.725 0.5593753234375 0.7859374109374999 0.5656253234374999 0.7859374109374999 0.56875 0.7890625890625 0.56875 0.790625178125 0.5703126609375 0.7921877671875001 0.5734373390624999 0.7921877671875001 0.575 0.79375035625 0.5765626609375001 0.79375035625 0.5796873390624999 0.796874821875 0.58125 0.796874821875 0.5828126609375001 0.7984374109375 0.5859373390625 0.7984374109375 0.5875 0.8 0.5906253234375 0.8 0.59375 0.8031251781250001 0.5984373390625 0.8031251781250001 0.6 0.8046877671875 0.6031253234375 0.8046877671875 0.6046873390624999 0.8031251781250001 0.60625 0.8031251781250001 0.6078126609375001 0.8015625890625 0.6093753234375 0.8015625890625 0.6125 0.7984374109375 0.6296873390625 0.7984374109375 0.63125 0.8 0.6328126609375 0.8 0.6359373390624999 0.8031251781250001 0.6375 0.8031251781250001 0.6390626609375001 0.8046877671875 0.65625 0.8046877671875 0.6578126609375 0.8031251781250001 0.6593753234374999 0.8031251781250001 0.6640626609375 0.7984374109375 0.6703126609375001 0.7984374109375 0.6765626609375001 0.7921877671875001 0.6781253234375 0.7921877671875001 0.6859373390625 0.784374821875 0.6859373390625 0.7328122328125 0.6875 0.73125035625 0.6875 0.7234374109374999 0.6859373390625 0.721874821875 0.6859373390625 0.7203122328125 0.6781253234375 0.7125 0.6765626609375001 0.7125 0.6734373390624999 0.709374821875 0.6734373390624999 0.7078122328124999 0.6703126609375001 0.7046877671875 0.6703126609375001 0.703125178125 0.66875 0.7015625890625 0.66875 0.7 0.6671873390624999 0.6984374109375 0.6671873390624999 0.690625178125 0.6656253234375 0.6890625890625001 0.6656253234375 0.6875 0.6640626609375 0.6875 0.6625 0.6859374109374999 0.6609373390625 0.6859374109374999 0.6578126609375 0.6828122328124999 0.65625 0.6828122328124999 0.6546873390625 0.68125035625 0.6515626609375 0.68125035625 0.6453126609375001 0.675 0.6421873390624999 0.675 0.6359373390624999 0.66875035625 0.6343753234375 0.66875035625 0.6328126609375 0.6671877671875001 0.63125 0.6671877671875001 0.6281253234374999 0.6640625890625 0.6171873390625 0.6640625890625 0.6156253234375 0.665625178125 0.6140626609375001 0.665625178125 0.6125 0.6671877671875001 0.6109373390624999 0.6671877671875001
17 0.5921873390625 0.1296877671875 0.5906253234375 0.13125035625 0.5890626609375 0.13125035625 0.5875 0.13281223281250001 0.5859373390625 0.13281223281250001 0.58125 0.1375 0.5796873390624999 0.1375 0.575 0.14218776718749998 0.5734373390624999 0.14218776718749998 0.5718753234375 0.14375035625000002 0.5703126609375 0.14375035625000002 0.56875 0.1453122328125 0.5671873390625 0.1453122328125 0.5656253234374999 0.146874821875 0.5656253234374999 0.14843741093750001 0.5640626609375 0.15 0.5640626609375 0.15312517812499998 0.5781253234375 0.15312517812499998 0.5796873390624999 0.1546877671875 0.5843746765625 0.1546877671875 0.5890626609375 0.15937482187500002 0.5890626609375 0.1609374109375 0.5921873390625 0.16406258906249999 0.5921873390625 0.1671877671875 0.59375 0.16875035625 0.59375 0.1734374109375 0.5953126609375 0.175 0.5953126609375 0.1765625890625 0.5984373390625 0.17968776718749999 0.5984373390625 0.18125035625000002 0.6 0.1828122328125 0.6 0.1859374109375 0.5984373390625 0.1875 0.5984373390625 0.1890625890625 0.5953126609375 0.1921877671875 0.5953126609375 0.19375035625 0.5890626609375 0.2 0.5875 0.2 0.5828126609375001 0.20468776718749998 0.5796873390624999 0.20468776718749998 0.5781253234375 0.20625035625 0.5765626609375001 0.20625035625 0.575 0.20468776718749998 0.5718753234375 0.20468776718749998 0.56875 0.2015625890625 0.5671873390625 0.2015625890625 0.5656253234374999 0.2 0.5593753234375 0.2 0.5578126609375 0.2015625890625 0.5578126609375 0.20625035625 0.5609373390625 0.209374821875 0.5609373390625 0.2125 0.5625 0.2140625890625 0.5625 0.21562517812499998 0.5703126609375 0.2234374109375 0.5718753234375 0.2234374109375 0.575 0.22656258906249999 0.575 0.228125178125 0.5796873390624999 0.23281223281250002 0.5796873390624999 0.234374821875 0.58125 0.2359374109375 0.58125 0.2515625890625 0.5843746765625 0.25468776718749997 0.5859373390625 0.25468776718749997 0.5875 0.25625035625 0.5906253234375 0.25625035625 0.5953126609375 0.2609374109375 0.5984373390625 0.2609374109375 0.6 0.2625 0.6015626609375 0.2625 0.6046873390624999 0.26562517812499997 0.60625 0.26562517812499997 0.6078126609375001 0.2671877671875 0.6093753234375 0.2671877671875 0.6109373390624999 0.26875035625 0.6125 0.26875035625 0.6140626609375001 0.2703122328125 0.6281253234374999 0.2703122328125 0.6296873390625 0.26875035625 0.63125 0.26875035625 0.6328126609375 0.2671877671875 0.6359373390624999 0.2671877671875 0.6375 0.26562517812499997 0.6390626609375001 0.26562517812499997 0.6421873390624999 0.2625 0.64375 0.2625 0.6453126609375001 0.2609374109375 0.6468753234375 0.2609374109375 0.6531253234375 0.25468776718749997 0.6578126609375 0.25468776718749997 0.6640626609375 0.2484374109375 0.6656253234375 0.2484374109375 0.6671873390624999 0.246874821875 0.6671873390624999 0.2453122328125 0.6718753234375 0.240625178125 0.6718753234375 0.2375 0.6734373390624999 0.2359374109375 0.6734373390624999 0.21562517812499998 0.6796873390625 0.209374821875 0.6796873390625 0.2078122328125 0.68125 0.20625035625 0.68125 0.20468776718749998 0.6859373390625 0.2 0.6859373390625 0.196874821875 0.6875 0.19531223281250001 0.6875 0.1578122328125 0.6859373390625 0.15625035625 0.6859373390625 0.1515625890625 0.6781253234375 0.14375035625000002 0.6765626609375001 0.14375035625000002 0.6703126609375001 0.1375 0.6671873390624999 0.1375 0.6625 0.13281223281250001 0.6609373390625 0.13281223281250001 0.6593753234374999 0.13125035625 0.6578126609375 0.13125035625 0.65 0.1234374109375 0.6484373390625 0.1234374109375 0.6453126609375001 0.1203122328125 0.64375 0.1203122328125 0.6421873390624999 0.11875035625000001 0.6093753234375 0.11875035625000001 0.6015626609375 0.1265625890625 0.6 0.1265625890625 0.5968753234374999 0.1296877671875 0.5921873390625 0.1296877671875
0 0.2468753234375 0.5265625890625001 0.2421873390625 0.5312503562499999 0.24062532343749998 0.5312503562499999 0.23437532343749998 0.5375 0.2328126609375 0.5375 0.23125 0.5390625890625 0.23125 0.540625178125 0.2296873390625 0.5421877671875001 0.22812532343749997 0.5421877671875001 0.2265626609375 0.54375035625 0.2218746765625 0.54375035625 0.2203126609375 0.5453122328125 0.21875 0.5453122328125 0.2156253234375 0.5484374109375 0.21406266093749998 0.5484374109375 0.2125 0.55 0.2109373390625 0.55 0.20937532343749998 0.5515625890625 0.2078126609375 0.5515625890625 0.2078126609375 0.553125178125 0.2046873390625 0.55625035625 0.20312532343749998 0.55625035625 0.2015626609375 0.5578122328124999 0.2 0.5578122328124999 0.1968753234375 0.5609374109374999 0.1968753234375 0.6484374109375 0.20312532343749998 0.6546877671875 0.2078126609375 0.6546877671875 0.20937532343749998 0.6562503562499999 0.2109373390625 0.6562503562499999 0.2125 0.6578122328125 0.2125 0.659374821875 0.21406266093749998 0.659374821875 0.2156253234375 0.6609374109374999 0.2203126609375 0.6609374109374999 0.2265626609375 0.6671877671875001 0.24375 0.6671877671875001 0.24531266093749998 0.665625178125 0.2468753234375 0.665625178125 0.2515626609375 0.6609374109374999 0.275 0.6609374109374999 0.2765626609375 0.6625 0.28125 0.6625 0.2828126609375 0.6640625890625 0.28437467656250004 0.6640625890625 0.2859373390625 0.6625 0.2875 0.6625 0.2890626609375 0.6609374109374999 0.2968753234375 0.6609374109374999 0.29843733906250003 0.659374821875 0.3015626609375 0.659374821875 0.3046873390625 0.6562503562499999 0.30625 0.6562503562499999 0.3078126609375 0.6546877671875 0.3109373390625 0.6546877671875 0.3125 0.653125178125 0.3140626609375 0.653125178125 0.31875 0.6484374109375 0.3203126609375 0.6484374109375 0.32187532343749997 0.646874821875 0.32187532343749997 0.5765625890625 0.3203126609375 0.5765625890625 0.31875 0.575 0.3156253234375 0.575 0.3109373390625 0.5703122328125 0.3109373390625 0.5671877671875001 0.30937532343749996 0.565625178125 0.30937532343749996 0.5625 0.30625 0.559374821875 0.30625 0.5578122328124999 0.3046873390625 0.55625035625 0.3046873390625 0.55 0.3031253234375 0.5484374109375 0.3031253234375 0.546874821875 0.3 0.54375035625 0.29843733906250003 0.54375035625 0.29375 0.5390625890625 0.2921873390625 0.5390625890625 0.29062532343749997 0.5375 0.2890626609375 0.5375 0.2828126609375 0.5312503562499999 0.28125 0.5312503562499999 0.2796873390625 0.5296877671875 0.27812532343749996 0.5296877671875 0.275 0.5265625890625001 0.2734373390625 0.5265625890625001 0.2718753234375 0.525 0.26875 0.525 0.26718733906250003 0.5234374109375 0.2656253234375 0.5234374109375 0.26406266093749997 0.521874821875 0.25312467656250004 0.521874821875 0.2515626609375 0.5234374109375 0.2484373390625 0.5234374109375 0.2468753234375 0.525 0.2468753234375 0.5265625890625001
17 0.61875 0.3921877671875 0.6171873390625 0.39375035625 0.6156253234375 0.39375035625 0.6140626609375001 0.3953122328125 0.60625 0.3953122328125 0.6046873390624999 0.396874821875 0.6031253234375 0.396874821875 0.6 0.4 0.5984373390625 0.4 0.59375 0.40468776718750005 0.5921873390625 0.40468776718750005 0.5906253234375 0.40625035625 0.5890626609375 0.40625035625 0.5875 0.40781223281249995 0.5843746765625 0.40781223281249995 0.58125 0.41093741093749997 0.58125 0.4125 0.5765626609375001 0.41718776718750006 0.5718753234375 0.41718776718750006 0.5703126609375 0.41875035625 0.56875 0.41875035625 0.5640626609375 0.4234374109375 0.5625 0.4234374109375 0.5609373390625 0.425 0.5593753234375 0.425 0.5578126609375 0.42656258906250005 0.5578126609375 0.509374821875 0.5609373390625 0.5125 0.5625 0.5125 0.5640626609375 0.5140625890625 0.5640626609375 0.515625178125 0.5656253234374999 0.515625178125 0.5671873390625 0.5171877671875 0.5718753234375 0.5171877671875 0.5765626609375001 0.521874821875 0.5781253234375 0.521874821875 0.5796873390624999 0.5234374109375 0.5843746765625 0.5234374109375 0.5890626609375 0.528125178125 0.5921873390625 0.528125178125 0.59375 0.5296877671875 0.6015626609375 0.5296877671875 0.6078126609375001 0.5234374109375 0.6343753234375 0.5234374109375 0.6375 0.5265625890625001 0.6375 0.528125178125 0.6390626609375001 0.5296877671875 0.6578126609375 0.5296877671875 0.6593753234374999 0.528125178125 0.6609373390625 0.528125178125 0.6640626609375 0.525 0.6656253234375 0.525 0.6671873390624999 0.5234374109375 0.66875 0.5234374109375 0.6703126609375001 0.521874821875 0.6718753234375 0.521874821875 0.6765626609375001 0.5171877671875 0.6781253234375 0.5171877671875 0.6859373390625 0.509374821875 0.6859373390625 0.4515625890625 0.6843746765625001 0.45 0.6843746765625001 0.446874821875 0.6828126609375 0.4453122328125 0.68125 0.4453122328125 0.6796873390625 0.44375035625 0.6781253234375 0.44375035625 0.6765626609375001 0.4421877671875 0.675 0.4421877671875 0.6734373390624999 0.440625178125 0.6734373390624999 0.43906258906250006 0.6718753234375 0.43906258906250006 0.6671873390624999 0.434374821875 0.6671873390624999 0.4328122328125 0.6656253234375 0.43125035624999997 0.6656253234375 0.4296877671875 0.6625 0.42656258906250005 0.6625 0.425 0.6609373390625 0.4234374109375 0.6609373390625 0.415625178125 0.6593753234374999 0.41406258906250004 0.6593753234374999 0.41093741093749997 0.65625 0.40781223281249995 0.65625 0.40625035625 0.6546873390625 0.40468776718750005 0.6531253234375 0.40468776718750005 0.6468753234375 0.3984374109375 0.6453126609375001 0.3984374109375 0.6406253234375 0.39375035625 0.6390626609375001 0.39375035625 0.6375 0.3921877671875 0.6359373390624999 0.3921877671875 0.6328126609375 0.3890625890625 0.6265626609375 0.3890625890625 0.625 0.39062517812499997 0.6218753234375 0.39062517812499997 0.6203126609375 0.3921877671875 0.61875 0.3921877671875
31 0.45625 0.846874821875 0.45781266093750006 0.8484374109375 0.49218733906249995 0.8484374109375 0.4984373390625 0.8421877671875 0.4984373390625 0.8093748218749999 0.49218733906249995 0.8031251781250001 0.49218733906249995 0.8015625890625 0.49062467656250003 0.8 0.48906266093750006 0.8 0.4859373390625 0.796874821875 0.46875 0.796874821875 0.46562532343749996 0.8 0.4625 0.8 0.45625 0.80625035625 0.45625 0.846874821875
34 0.6765626609375001 0.66875035625 0.675 0.6703122328125 0.675 0.6765625890625 0.6734373390624999 0.678125178125 0.6734373390624999 0.7015625890625 0.675 0.703125178125 0.675 0.7078122328124999 0.6781253234375 0.7109374109375 0.6859373390625 0.7109374109375 0.6875 0.7125 0.6953126609375 0.7125 0.6968753234375 0.7109374109375 0.7093753234375 0.7109374109375 0.7109373390625 0.709374821875 0.7125 0.709374821875 0.7156246765625001 0.70625035625 0.7156246765625001 0.7046877671875 0.7171873390625 0.703125178125 0.7171873390625 0.6796877671875 0.7156246765625001 0.678125178125 0.7156246765625001 0.6765625890625 0.7109373390625 0.671874821875 0.7109373390625 0.6703122328125 0.7093753234375 0.66875035625 0.7078126609375001 0.66875035625 0.7046873390624999 0.665625178125 0.7046873390624999 0.6640625890625 0.7031253234375 0.6625 0.7015626609375001 0.6625 0.7 0.6609374109374999 0.6875 0.6609374109374999 0.6859373390625 0.6625 0.6843746765625001 0.6625 0.6781253234375 0.66875035625 0.6765626609375001 0.66875035625
34 0.6109373390624999 0.8484374109375 0.6125 0.85 0.6156253234375 0.85 0.6171873390625 0.8515625890624999 0.6328126609375 0.8515625890624999 0.6343753234375 0.85 0.6359373390624999 0.85 0.6375 0.8484374109375 0.6390626609375001 0.8484374109375 0.6421873390624999 0.8453122328125 0.6421873390624999 0.8093748218749999 0.6328126609375 0.8 0.6125 0.8 0.6015626609375 0.8109374109375 0.6015626609375 0.8421877671875 0.6078126609375001 0.8484374109375 0.6109373390624999 0.8484374109375
34 0.6078126609375001 0.525 0.60625 0.5265625890625001 0.60625 0.528125178125 0.6046873390624999 0.5296877671875 0.6046873390624999 0.5312503562499999 0.6031253234375 0.5328122328125 0.6015626609375 0.5328122328125 0.6015626609375 0.5671877671875001 0.6031253234375 0.5671877671875001 0.60625 0.5703122328125 0.60625 0.571874821875 0.6078126609375001 0.5734374109375 0.6359373390624999 0.5734374109375 0.6375 0.571874821875 0.6390626609375001 0.571874821875 0.6406253234375 0.5703122328125 0.6406253234375 0.56875035625 0.6421873390624999 0.5671877671875001 0.6421873390624999 0.534374821875 0.6359373390624999 0.528125178125 0.6359373390624999 0.5265625890625001 0.6343753234375 0.525 0.6328126609375 0.525 0.6296873390625 0.521874821875 0.6140626609375001 0.521874821875 0.6125 0.5234374109375 0.6109373390624999 0.5234374109375 0.6093753234375 0.525 0.6078126609375001 0.525
31 0.31875 0.528125178125 0.3156253234375 0.5312503562499999 0.3140626609375 0.5312503562499999 0.3125 0.5328122328125 0.3125 0.565625178125 0.3203126609375 0.5734374109375 0.3468753234375 0.5734374109375 0.3484373390625 0.571874821875 0.3484373390625 0.5703122328125 0.3515626609375 0.5671877671875001 0.35312532343749997 0.5671877671875001 0.3546873390625 0.565625178125 0.3546873390625 0.5390625890625 0.35312532343749997 0.5375 0.35312532343749997 0.5359374109374999 0.3515626609375 0.5359374109374999 0.35 0.534374821875 0.35 0.5328122328125 0.3484373390625 0.5312503562499999 0.3484373390625 0.528125178125 0.3453126609375 0.525 0.34375 0.525 0.3421873390625 0.5234374109375 0.3234373390625 0.5234374109375 0.32187532343749997 0.525 0.3203126609375 0.525 0.31875 0.5265625890625001 0.31875 0.528125178125
33 0.6015626609375 0.109374821875 0.6031253234375 0.11093741093750001 0.6046873390624999 0.11093741093750001 0.6078126609375001 0.1140625890625 0.6093753234375 0.1140625890625 0.6109373390624999 0.11562517812499999 0.6328126609375 0.11562517812499999 0.6359373390624999 0.1125 0.6375 0.1125 0.6390626609375001 0.11093741093750001 0.6406253234375 0.11093741093750001 0.6421873390624999 0.109374821875 0.6421873390624999 0.078125178125 0.6359373390624999 0.071874821875 0.6359373390624999 0.0703122328125 0.6343753234375 0.06875035625 0.6328126609375 0.06875035625 0.6296873390625 0.065625178125 0.6125 0.065625178125 0.60625 0.071874821875 0.60625 0.0734374109375 0.6015626609375 0.078125178125 0.6015626609375 0.109374821875
28 0.55625 0.8015625890625 0.55625 0.8031251781250001 0.5578126609375 0.8046877671875 0.5609373390625 0.8046877671875 0.5656253234374999 0.8093748218749999 0.5671873390625 0.8093748218749999 0.56875 0.8109374109375 0.5718753234375 0.8109374109375 0.575 0.8140625890625 0.575 0.8156251781250001 0.5765626609375001 0.8171877671875001 0.5781253234375 0.8171877671875001 0.5796873390624999 0.81875035625 0.58125 0.81875035625 0.5859373390625 0.8234374109375 0.5906253234375 0.8234374109375 0.5921873390625 0.825 0.59375 0.825 0.5953126609375 0.8265625890624999 0.5968753234374999 0.8265625890624999 0.5968753234374999 0.825 0.5984373390625 0.8234374109375 0.5984373390625 0.8078122328124999 0.5906253234375 0.8 0.5890626609375 0.8 0.5843746765625 0.7953122328125 0.5828126609375001 0.7953122328125 0.58125 0.79375035625 0.5765626609375001 0.79375035625 0.5734373390624999 0.790625178125 0.5734373390624999 0.7890625890625 0.5718753234375 0.7875 0.55 0.7875 0.55 0.796874821875 0.5515626609375001 0.7984374109375 0.5531246765625 0.7984374109375 0.55625 0.8015625890625
31 0.3859373390625 0.21875035625 0.38437532343749997 0.2203122328125 0.38437532343749997 0.2453122328125 0.3875 0.2484374109375 0.38906266093749997 0.2484374109375 0.3906253234375 0.25 0.39218733906250003 0.25 0.3953126609375 0.253125178125 0.41875 0.253125178125 0.4234373390625 0.2484374109375 0.4234373390625 0.2453122328125 0.425 0.24375035625 0.425 0.240625178125 0.42656266093750006 0.2390625890625 0.425 0.2375 0.425 0.2359374109375 0.4234373390625 0.234374821875 0.4234373390625 0.2140625890625 0.4218753234375 0.2125 0.4203126609375 0.2125 0.41718733906249994 0.209374821875 0.41718733906249994 0.2078122328125 0.41562532343749997 0.20625035625 0.41406266093750005 0.20625035625 0.41093733906249996 0.203125178125 0.41093733906249996 0.2015625890625 0.4093753234375 0.2 0.40156266093750004 0.2 0.3875 0.2140625890625 0.3875 0.21562517812499998 0.3859373390625 0.2171877671875 0.3859373390625 0.21875035625
8 0.42968733906249995 0.659374821875 0.42968733906249995 0.6359374109375 0.43125 0.634374821875 0.43125 0.609374821875 0.42968733906249995 0.6078122328125 0.42968733906249995 0.60625035625 0.42812467656250003 0.6046877671875001 0.3796873390625 0.6046877671875001 0.3781253234375 0.60625035625 0.3781253234375 0.6609374109374999 0.42812467656250003 0.6609374109374999 0.42968733906249995 0.659374821875
13 0.6015626609375 0.8031251781250001 0.6093753234375 0.8031251781250001 0.6140626609375001 0.7984374109375 0.6281253234374999 0.7984374109375 0.6328126609375 0.8031251781250001 0.6421873390624999 0.8031251781250001 0.6421873390624999 0.8015625890625 0.6453126609375001 0.7984374109375 0.6468753234375 0.7984374109375 0.6484373390625 0.796874821875 0.6484373390625 0.7453122328124999 0.6468753234375 0.74375035625 0.6453126609375001 0.74375035625 0.64375 0.7421877671875 0.6 0.7421877671875 0.5984373390625 0.74375035625 0.5968753234374999 0.74375035625 0.5968753234374999 0.7984374109375 0.6015626609375 0.8031251781250001
27 0.2718753234375 0.25468776718749997 0.275 0.2578122328125 0.275 0.259374821875 0.2765626609375 0.2609374109375 0.28437467656250004 0.2609374109375 0.2875 0.2640625890625 0.2875 0.26562517812499997 0.2890626609375 0.2671877671875 0.29062532343749997 0.2671877671875 0.2968753234375 0.2734374109375 0.3031253234375 0.2734374109375 0.30625 0.2765625890625 0.30625 0.278125178125 0.3078126609375 0.2796877671875 0.3109373390625 0.2796877671875 0.3156253234375 0.284374821875 0.3171873390625 0.284374821875 0.31875 0.2859374109375 0.3281253234375 0.2859374109375 0.32968733906250003 0.284374821875 0.32968733906250003 0.2703122328125 0.3281253234375 0.26875035625 0.32656266093749997 0.26875035625 0.3234373390625 0.26562517812499997 0.3234373390625 0.2640625890625 0.32187532343749997 0.2625 0.3140626609375 0.2625 0.3109373390625 0.259374821875 0.3109373390625 0.2578122328125 0.30937532343749996 0.25625035625 0.30625 0.25625035625 0.3046873390625 0.25468776718749997 0.3031253234375 0.25468776718749997 0.3 0.2515625890625 0.29843733906250003 0.2515625890625 0.2968753234375 0.25 0.29531266093749997 0.25 0.2921873390625 0.246874821875 0.2921873390625 0.2453122328125 0.29062532343749997 0.24375035625 0.2890626609375 0.24375035625 0.2875 0.24218776718749999 0.2859373390625 0.24218776718749999 0.28437467656250004 0.240625178125 0.28437467656250004 0.2390625890625 0.2828126609375 0.2390625890625 0.28125 0.2375 0.27812532343749996 0.2375 0.2765626609375 0.2359374109375 0.2656253234375 0.2359374109375 0.26406266093749997 0.2375 0.26406266093749997 0.2484374109375 0.2703126609375 0.25468776718749997 0.2718753234375 0.25468776718749997
25 0.43125 0.2640625890625 0.43125 0.26562517812499997 0.43281266093750004 0.2671877671875 0.43437532343749996 0.2671877671875 0.4359373390625 0.26875035625 0.4375 0.26875035625 0.4406253234375 0.271874821875 0.44218733906249996 0.271874821875 0.44375 0.2734374109375 0.44687532343749997 0.2734374109375 0.45 0.2765625890625 0.45 0.278125178125 0.4515626609375 0.2796877671875 0.4531253234375 0.2796877671875 0.45625 0.2828122328125 0.45625 0.284374821875 0.45781266093750006 0.2859374109375 0.4718753234375 0.2859374109375 0.47343733906249996 0.284374821875 0.47343733906249996 0.2828122328125 0.475 0.28125035625 0.475 0.2734374109375 0.47343733906249996 0.271874821875 0.47343733906249996 0.2703122328125 0.4718753234375 0.26875035625 0.4703126609375 0.26875035625 0.4671873390625 0.26562517812499997 0.4671873390625 0.2640625890625 0.46562532343749996 0.2625 0.45937467656250003 0.2625 0.4531253234375 0.25625035625 0.4515626609375 0.25625035625 0.44843733906249994 0.253125178125 0.44843733906249994 0.2515625890625 0.44687532343749997 0.25 0.44531266093750005 0.25 0.44375 0.2484374109375 0.44218733906249996 0.2484374109375 0.4390626609375 0.2453122328125 0.4203126609375 0.2453122328125 0.4203126609375 0.25468776718749997 0.42656266093750006 0.2609374109375 0.42812467656250003 0.2609374109375 0.43125 0.2640625890625
25 0.275 0.8078122328124999 0.275 0.8093748218749999 0.2765626609375 0.8109374109375 0.27812532343749996 0.8109374109375 0.2828126609375 0.8156251781250001 0.28437467656250004 0.8156251781250001 0.2859373390625 0.8171877671875001 0.29062532343749997 0.8171877671875001 0.29375 0.8203122328125 0.29375 0.8218748218749999 0.29531266093749997 0.8234374109375 0.2968753234375 0.8234374109375 0.3015626609375 0.8281251781250001 0.3109373390625 0.8281251781250001 0.3109373390625 0.8078122328124999 0.30937532343749996 0.80625035625 0.3078126609375 0.80625035625 0.3015626609375 0.8 0.29843733906250003 0.8 0.2968753234375 0.7984374109375 0.29531266093749997 0.7984374109375 0.29062532343749997 0.79375035625 0.2890626609375 0.79375035625 0.2859373390625 0.790625178125 0.2859373390625 0.7890625890625 0.28437467656250004 0.7875 0.27812532343749996 0.7875 0.2765626609375 0.7859374109374999 0.2703126609375 0.7859374109374999 0.26875 0.784374821875 0.2625 0.784374821875 0.2625 0.796874821875 0.2703126609375 0.8046877671875 0.2718753234375 0.8046877671875 0.275 0.8078122328124999
31 0.31875 0.8031251781250001 0.3140626609375 0.8078122328124999 0.3125 0.8078122328124999 0.3125 0.846874821875 0.3140626609375 0.8484374109375 0.3468753234375 0.8484374109375 0.3484373390625 0.846874821875 0.35 0.846874821875 0.35312532343749997 0.8437503562499999 0.35312532343749997 0.8421877671875 0.3546873390625 0.840625178125 0.3546873390625 0.8156251781250001 0.35312532343749997 0.8140625890625 0.35312532343749997 0.8125 0.35 0.8093748218749999 0.35 0.80625035625 0.3484373390625 0.8046877671875 0.3484373390625 0.8015625890625 0.3468753234375 0.8 0.3453126609375 0.8 0.3421873390625 0.796874821875 0.325 0.796874821875 0.32187532343749997 0.8 0.3203126609375 0.8 0.31875 0.8015625890625 0.31875 0.8031251781250001
25 0.4125 0.8015625890625 0.4218753234375 0.8109374109375 0.425 0.8109374109375 0.42656266093750006 0.8125 0.42812467656250003 0.8125 0.42968733906249995 0.8140625890625 0.42968733906249995 0.8156251781250001 0.43125 0.8156251781250001 0.43281266093750004 0.8171877671875001 0.43437532343749996 0.8171877671875001 0.4375 0.8203122328125 0.4375 0.8218748218749999 0.4390626609375 0.8234374109375 0.4406253234375 0.8234374109375 0.44218733906249996 0.825 0.44375 0.825 0.44687532343749997 0.8281251781250001 0.4546873390625 0.8281251781250001 0.4546873390625 0.8078122328124999 0.44687532343749997 0.8 0.44531266093750005 0.8 0.4406253234375 0.7953122328125 0.4390626609375 0.7953122328125 0.4375 0.79375035625 0.43281266093750004 0.79375035625 0.42656266093750006 0.7875 0.4125 0.7875 0.41093733906249996 0.7890625890625 0.41093733906249996 0.796874821875 0.4125 0.7984374109375 0.4125 0.8015625890625
25 0.37187532343749996 0.7953122328125 0.36875 0.7984374109375 0.3671873390625 0.7984374109375 0.36562467656250003 0.8 0.3640626609375 0.8 0.35781266093749997 0.80625035625 0.3546873390625 0.80625035625 0.3546873390625 0.8265625890624999 0.3625 0.8265625890624999 0.3640626609375 0.825 0.36562467656250003 0.825 0.3671873390625 0.8234374109375 0.3703126609375 0.8234374109375 0.3765626609375 0.8171877671875001 0.3781253234375 0.8171877671875001 0.38437532343749997 0.8109374109375 0.38906266093749997 0.8109374109375 0.3953126609375 0.8046877671875 0.39687467656250003 0.8046877671875 0.4046873390625 0.796874821875 0.4046873390625 0.7890625890625 0.40312532343749996 0.7875 0.38437532343749997 0.7875 0.3781253234375 0.79375035625 0.375 0.79375035625 0.3734373390625 0.7953122328125 0.37187532343749996 0.7953122328125
28 0.63125 0.665625178125 0.6328126609375 0.6671877671875001 0.6343753234375 0.6671877671875001 0.6375 0.6703122328125 0.6375 0.671874821875 0.6390626609375001 0.6734374109375 0.6406253234375 0.6734374109375 0.6421873390624999 0.675 0.64375 0.675 0.6453126609375001 0.6765625890625 0.6453126609375001 0.678125178125 0.6468753234375 0.678125178125 0.6484373390625 0.6796877671875 0.6531253234375 0.6796877671875 0.65625 0.6828122328124999 0.65625 0.684374821875 0.6578126609375 0.6859374109374999 0.6593753234374999 0.6859374109374999 0.6640626609375 0.690625178125 0.6671873390624999 0.690625178125 0.6703126609375001 0.6875 0.6718753234375 0.6875 0.6718753234375 0.671874821875 0.6703126609375001 0.6703122328125 0.66875 0.6703122328125 0.6671873390624999 0.66875035625 0.6640626609375 0.66875035625 0.6609373390625 0.665625178125 0.6609373390625 0.6640625890625 0.6593753234374999 0.6625 0.6578126609375 0.6625 0.6546873390625 0.659374821875 0.6546873390625 0.6578122328125 0.6531253234375 0.6562503562499999 0.6453126609375001 0.6562503562499999 0.6421873390624999 0.653125178125 0.6421873390624999 0.6515625890625001 0.6406253234375 0.65 0.625 0.65 0.625 0.6609374109374999 0.6281253234374999 0.6609374109374999 0.63125 0.6640625890625 0.63125 0.665625178125
28 0.6281253234374999 0.6484374109375 0.6296873390625 0.646874821875 0.6296873390625 0.5828122328124999 0.625 0.578125178125 0.625 0.5765625890625 0.6171873390625 0.5765625890625 0.6171873390625 0.646874821875 0.61875 0.646874821875 0.6203126609375 0.6484374109375 0.6281253234374999 0.6484374109375
25 0.2578126609375 0.7859374109374999 0.2656253234375 0.7859374109374999 0.26718733906250003 0.784374821875 0.26718733906250003 0.7828122328125 0.26875 0.7812503562499999 0.26875 0.7140625890625001 0.2546873390625 0.7140625890625001 0.2546873390625 0.7796877671875 0.25625 0.7812503562499999 0.25625 0.784374821875 0.2578126609375 0.7859374109374999
16 0.5328126609375 0.6609374109374999 0.5343753234374999 0.659374821875 0.5359373390625 0.659374821875 0.5390626609375 0.6562503562499999 0.5406253234375 0.6562503562499999 0.54375 0.659374821875 0.5453126609375001 0.659374821875 0.5468753234375 0.6609374109374999 0.5515626609375001 0.6609374109374999 0.5531246765625 0.6625 0.5546873390625 0.6625 0.55625 0.6640625890625 0.55625 0.665625178125 0.5656253234374999 0.665625178125 0.56875 0.6625 0.5703126609375 0.6625 0.575 0.6578122328125 0.575 0.6562503562499999 0.5765626609375001 0.6546877671875 0.5765626609375001 0.609374821875 0.575 0.6078122328125 0.5734373390624999 0.6078122328125 0.5718753234375 0.60625035625 0.56875 0.60625035625 0.5671873390625 0.6046877671875001 0.5328126609375 0.6046877671875001 0.53125 0.60625035625 0.525 0.60625035625 0.525 0.6609374109374999 0.5328126609375 0.6609374109374999
28 0.5875 0.659374821875 0.5843746765625 0.6625 0.5828126609375001 0.6625 0.5765626609375001 0.66875035625 0.5718753234375 0.66875035625 0.5671873390625 0.6734374109375 0.5671873390625 0.6828122328124999 0.56875 0.684374821875 0.5718753234375 0.684374821875 0.5734373390624999 0.6859374109374999 0.5859373390625 0.6859374109374999 0.5875 0.684374821875 0.5906253234375 0.684374821875 0.5906253234375 0.6828122328124999 0.5921873390625 0.68125035625 0.59375 0.68125035625 0.5968753234374999 0.678125178125 0.5984373390625 0.678125178125 0.5984373390625 0.6765625890625 0.6015626609375 0.6734374109375 0.6046873390624999 0.6734374109375 0.6093753234375 0.66875035625 0.6109373390624999 0.66875035625 0.6125 0.6671877671875001 0.6140626609375001 0.6671877671875001 0.61875 0.6625 0.61875 0.6609374109374999 0.6203126609375 0.659374821875 0.6203126609375 0.65 0.6015626609375 0.65 0.5953126609375 0.6562503562499999 0.5890626609375 0.6562503562499999 0.5875 0.6578122328125 0.5875 0.659374821875
27 0.58125 0.11562517812499999 0.5781253234375 0.11875035625000001 0.5703126609375 0.11875035625000001 0.56875 0.1203122328125 0.56875 0.12187482187500001 0.5656253234374999 0.125 0.5640626609375 0.125 0.5578126609375 0.13125035625 0.55625 0.13125035625 0.5531246765625 0.134374821875 0.5531246765625 0.1453122328125 0.5671873390625 0.1453122328125 0.5703126609375 0.14218776718749998 0.5734373390624999 0.14218776718749998 0.575 0.140625178125 0.5765626609375001 0.140625178125 0.5796873390624999 0.1375 0.58125 0.1375 0.5828126609375001 0.1359374109375 0.5843746765625 0.1359374109375 0.5859373390625 0.134374821875 0.5859373390625 0.13281223281250001 0.5890626609375 0.1296877671875 0.59375 0.1296877671875 0.5953126609375 0.128125178125 0.5968753234374999 0.128125178125 0.6015626609375 0.1234374109375 0.6031253234375 0.1234374109375 0.6046873390624999 0.12187482187500001 0.6046873390624999 0.11875035625000001 0.60625 0.11718776718749999 0.60625 0.11093741093750001 0.6046873390624999 0.109374821875 0.5875 0.109374821875 0.5843746765625 0.1125 0.5828126609375001 0.1125 0.58125 0.1140625890625 0.58125 0.11562517812499999
25 0.3015626609375 0.6562503562499999 0.3 0.6578122328125 0.3 0.659374821875 0.2968753234375 0.6625 0.29531266093749997 0.6625 0.2890626609375 0.66875035625 0.2828126609375 0.66875035625 0.2828126609375 0.6875 0.2875 0.6875 0.2890626609375 0.6859374109374999 0.29531266093749997 0.6859374109374999 0.3015626609375 0.6796877671875 0.3031253234375 0.6796877671875 0.30937532343749996 0.6734374109375 0.3156253234375 0.6734374109375 0.3171873390625 0.671874821875 0.3171873390625 0.6703122328125 0.3203126609375 0.6671877671875001 0.32187532343749997 0.6671877671875001 0.32968733906250003 0.659374821875 0.32968733906250003 0.65 0.3125 0.65 0.30937532343749996 0.653125178125 0.3078126609375 0.653125178125 0.3046873390625 0.6562503562499999 0.3015626609375 0.6562503562499999
31 0.2421873390625 0.6734374109375 0.2421873390625 0.675 0.24062532343749998 0.6765625890625 0.24062532343749998 0.7046877671875 0.24375 0.7078122328124999 0.24375 0.709374821875 0.24531266093749998 0.7109374109375 0.2718753234375 0.7109374109375 0.2796873390625 0.703125178125 0.2796873390625 0.6953122328125 0.28125 0.69375035625 0.28125 0.6890625890625001 0.2796873390625 0.6875 0.2796873390625 0.671874821875 0.2734373390625 0.665625178125 0.2734373390625 0.6640625890625 0.2703126609375 0.6609374109374999 0.25 0.6609374109374999 0.25 0.6640625890625 0.24375 0.6703122328125 0.24375 0.671874821875 0.2421873390625 0.6734374109375
10 0.6671873390624999 0.609374821875 0.6671873390624999 0.6578122328125 0.6718753234375 0.6625 0.6734373390624999 0.6625 0.675 0.6640625890625 0.6796873390625 0.6640625890625 0.6828126609375 0.6609374109374999 0.6921873390625 0.6609374109374999 0.69375 0.659374821875 0.6968753234375 0.659374821875 0.6984373390624999 0.6609374109374999 0.7203126609375 0.6609374109374999 0.7218753234374999 0.659374821875 0.7218753234374999 0.609374821875 0.7203126609375 0.6078122328125 0.71875 0.6078122328125 0.7171873390625 0.60625035625 0.7125 0.60625035625 0.7109373390625 0.6046877671875001 0.6718753234375 0.6046877671875001 0.6703126609375001 0.60625035625 0.66875 0.60625035625 0.66875 0.6078122328125 0.6671873390624999 0.609374821875
25 0.34062532343749996 0.6421877671875 0.34062532343749996 0.575 0.32656266093749997 0.575 0.32656266093749997 0.6453122328124999 0.3281253234375 0.646874821875 0.3359373390625 0.646874821875 0.34062532343749996 0.6421877671875
28 0.475 0.340625178125 0.47656266093750005 0.3421877671875 0.4828126609375 0.3421877671875 0.4843753234375 0.340625178125 0.4843753234375 0.2875 0.4703126609375 0.2875 0.4703126609375 0.3359374109375 0.4718753234375 0.3359374109375 0.475 0.3390625890625 0.475 0.340625178125
7 0.45781266093750006 0.25 0.45937467656250003 0.2484374109375 0.5031253234374999 0.2484374109375 0.5046873390625 0.246874821875 0.5046873390625 0.19531223281250001 0.5015626609375 0.1921877671875 0.5 0.1921877671875 0.4984373390625 0.190625178125 0.4546873390625 0.190625178125 0.45 0.19531223281250001 0.45 0.2484374109375 0.4515626609375 0.25 0.45781266093750006 0.25
27 0.34062532343749996 0.2875 0.3390626609375 0.2875 0.3375 0.2859374109375 0.3281253234375 0.2859374109375 0.3281253234375 0.3375 0.3328126609375 0.3421877671875 0.34062532343749996 0.3421877671875 0.34062532343749996 0.2875
8 0.21406266093749998 0.5234374109375 0.21406266093749998 0.46875035625 0.2109373390625 0.46875035625 0.20937532343749998 0.46718776718750005 0.1640626609375 0.46718776718750005 0.1625 0.46875035625 0.1625 0.521874821875 0.1640626609375 0.5234374109375 0.21406266093749998 0.5234374109375
15 0.59375 0.246874821875 0.5953126609375 0.2484374109375 0.5984373390625 0.2484374109375 0.6 0.25 0.6046873390624999 0.25 0.60625 0.2484374109375 0.6359373390624999 0.2484374109375 0.6375 0.25 0.6453126609375001 0.25 0.6484373390625 0.246874821875 0.6484373390625 0.19531223281250001 0.6453126609375001 0.1921877671875 0.64375 0.1921877671875 0.6421873390624999 0.190625178125 0.6015626609375 0.190625178125 0.5984373390625 0.19375035625 0.5968753234374999 0.19375035625 0.59375 0.196874821875 0.59375 0.246874821875
5 0.525 0.665625178125 0.5234373390625 0.6671877671875001 0.5234373390625 0.66875035625 0.5218746765625 0.6703122328125 0.5218746765625 0.6984374109375 0.525 0.7015625890625 0.525 0.709374821875 0.5265626609375 0.7109374109375 0.5281253234375 0.7109374109375 0.5328126609375 0.715625178125 0.5656253234374999 0.715625178125 0.5703126609375 0.7109374109375 0.5718753234375 0.7109374109375 0.5734373390624999 0.709374821875 0.5734373390624999 0.7078122328124999 0.5765626609375001 0.7046877671875 0.5781253234375 0.7046877671875 0.5796873390624999 0.703125178125 0.5796873390624999 0.6890625890625001 0.5781253234375 0.6875 0.5765626609375001 0.6875 0.5703126609375 0.68125035625 0.5656253234374999 0.68125035625 0.5609373390625 0.6765625890625 0.5609373390625 0.6734374109375 0.55625 0.66875035625 0.55625 0.6671877671875001 0.55 0.6609374109374999 0.5328126609375 0.6609374109374999 0.53125 0.6625 0.5265626609375 0.6625 0.525 0.6640625890625 0.525 0.665625178125
14 0.74375 0.528125178125 0.7578126609375 0.528125178125 0.7609373390624999 0.525 0.7625 0.525 0.7640626609375001 0.5234374109375 0.7718753234375 0.5234374109375 0.7734373390625 0.525 0.775 0.525 0.7765626609375 0.5265625890625001 0.7781246765625001 0.5265625890625001 0.7796873390625 0.528125178125 0.7843753234374999 0.528125178125 0.7890626609375 0.5234374109375 0.7906253234375 0.5234374109375 0.7921873390624999 0.521874821875 0.7921873390624999 0.47031223281249995 0.7906253234375 0.46875035625 0.7906253234375 0.46718776718750005 0.7421873390625 0.46718776718750005 0.7406253234375 0.46875035625 0.7390626609375001 0.46875035625 0.7390626609375001 0.5234374109375 0.74375 0.528125178125
14 0.3796873390625 0.3859374109375 0.42812467656250003 0.3859374109375 0.42968733906249995 0.384374821875 0.42968733906249995 0.371874821875 0.43125 0.37031223281250003 0.43125 0.340625178125 0.42968733906249995 0.3390625890625 0.42968733906249995 0.3328122328125 0.42656266093750006 0.3296877671875 0.38125 0.3296877671875 0.3796873390625 0.33125035625 0.3781253234375 0.33125035625 0.3781253234375 0.384374821875 0.3796873390625 0.3859374109375
28 0.55625 0.7375 0.55625 0.7203122328125 0.54375 0.7203122328125 0.54375 0.784374821875 0.5546873390625 0.784374821875 0.5546873390625 0.7390625890625 0.55625 0.7375
11 0.3468753234375 0.525 0.3546873390625 0.525 0.35625 0.5234374109375 0.3593753234375 0.5234374109375 0.36093733906250003 0.521874821875 0.36093733906250003 0.47031223281249995 0.3593753234375 0.46875035625 0.35625 0.46875035625 0.3546873390625 0.46718776718750005 0.30625 0.46718776718750005 0.30625 0.521874821875 0.3078126609375 0.5234374109375 0.3453126609375 0.5234374109375 0.3468753234375 0.525
12 0.2375 0.659374821875 0.2390626609375 0.6609374109374999 0.2656253234375 0.6609374109374999 0.26718733906250003 0.6625 0.26875 0.6625 0.2703126609375 0.6640625890625 0.27812532343749996 0.6640625890625 0.2796873390625 0.6625 0.28125 0.6625 0.2828126609375 0.6609374109374999 0.28437467656250004 0.6609374109374999 0.2859373390625 0.659374821875 0.2859373390625 0.6078122328125 0.28437467656250004 0.60625035625 0.2828126609375 0.60625035625 0.28125 0.6046877671875001 0.2375 0.6046877671875001 0.2359373390625 0.60625035625 0.2359373390625 0.6562503562499999 0.2375 0.6578122328125 0.2375 0.659374821875
5 0.4515626609375 0.34375035625 0.45 0.3453122328125 0.45 0.384374821875 0.4515626609375 0.3859374109375 0.4531253234375 0.3859374109375 0.45625 0.3890625890625 0.45625 0.39062517812499997 0.45781266093750006 0.3921877671875 0.5 0.3921877671875 0.5015626609375 0.39062517812499997 0.5031253234374999 0.39062517812499997 0.5031253234374999 0.3890625890625 0.5046873390625 0.3875 0.5046873390625 0.38125035625 0.50625 0.37968776718749997 0.50625 0.3765625890625 0.5078126609375 0.375 0.5078126609375 0.36875035624999997 0.50625 0.3671877671875 0.50625 0.365625178125 0.5031253234374999 0.3625 0.49531266093750004 0.3625 0.4859373390625 0.353125178125 0.4859373390625 0.3515625890625 0.47968733906249994 0.3453122328125 0.47968733906249994 0.34375035625 0.47812532343749997 0.3421877671875 0.47812532343749997 0.340625178125 0.47656266093750005 0.3390625890625 0.46093733906249995 0.3390625890625 0.45937467656250003 0.340625178125 0.45781266093750006 0.340625178125 0.4546873390625 0.34375035625 0.4515626609375 0.34375035625
24 0.34375 0.6671877671875001 0.3453126609375 0.6671877671875001 0.3515626609375 0.6734374109375 0.35312532343749997 0.6734374109375 0.35625 0.6765625890625 0.35625 0.678125178125 0.35781266093749997 0.6796877671875 0.36093733906250003 0.6796877671875 0.3625 0.68125035625 0.3640626609375 0.68125035625 0.3671873390625 0.684374821875 0.3734373390625 0.684374821875 0.375 0.6828122328124999 0.375 0.6796877671875 0.3765626609375 0.678125178125 0.3765626609375 0.66875035625 0.3734373390625 0.665625178125 0.3734373390625 0.6640625890625 0.37187532343749996 0.6625 0.3703126609375 0.6625 0.3640626609375 0.6562503562499999 0.3593753234375 0.6562503562499999 0.35312532343749997 0.65 0.33437467656250003 0.65 0.33437467656250003 0.659374821875 0.34062532343749996 0.665625178125 0.3421873390625 0.665625178125 0.34375 0.6671877671875001
24 0.7343753234375 0.38125035625 0.7281253234375 0.3875 0.7265626609375 0.3875 0.725 0.3890625890625 0.725 0.39062517812499997 0.7218753234374999 0.39375035625 0.7203126609375 0.39375035625 0.7140626609375 0.4 0.7125 0.4 0.7109373390625 0.40156258906250003 0.7093753234375 0.40156258906250003 0.7093753234375 0.40468776718750005 0.7109373390625 0.40625035625 0.7109373390625 0.40781223281249995 0.7125 0.409374821875 0.7140626609375 0.409374821875 0.7156246765625001 0.41093741093749997 0.7281253234375 0.41093741093749997 0.7296873390624999 0.409374821875 0.7296873390624999 0.40781223281249995 0.7328126609375001 0.40468776718750005 0.7390626609375001 0.40468776718750005 0.7453126609375 0.3984374109375 0.7468746765625001 0.3984374109375 0.7531253234374999 0.3921877671875 0.75625 0.3921877671875 0.7609373390624999 0.3875 0.7609373390624999 0.3859374109375 0.7625 0.384374821875 0.7625 0.3828122328125 0.7640626609375001 0.38125035625 0.7640626609375001 0.375 0.7453126609375 0.375 0.74375 0.3765625890625 0.74375 0.378125178125 0.7406253234375 0.38125035625 0.7343753234375 0.38125035625
24 0.6906253234374999 0.509374821875 0.6921873390625 0.5109374109375 0.6968753234375 0.5109374109375 0.6984373390624999 0.509374821875 0.6984373390624999 0.5078122328125 0.7 0.50625035625 0.7 0.503125178125 0.7015626609375001 0.5015625890625001 0.7 0.5 0.7 0.4859374109375 0.6984373390624999 0.48437482187500003 0.6984373390624999 0.471874821875 0.7 0.47031223281249995 0.7 0.45781223281249994 0.7015626609375001 0.45625035625 0.7015626609375001 0.440625178125 0.6875 0.440625178125 0.6875 0.50625035625 0.6890626609375 0.5078122328125 0.6890626609375 0.509374821875 0.6906253234374999 0.509374821875
24 0.7 0.528125178125 0.7015626609375001 0.5296877671875 0.7031253234375 0.5296877671875 0.7093753234375 0.5359374109374999 0.7156246765625001 0.5359374109374999 0.71875 0.5390625890625 0.71875 0.540625178125 0.7203126609375 0.5421877671875001 0.7218753234374999 0.5421877671875001 0.7281253234375 0.5484374109375 0.7343753234375 0.5484374109375 0.7375 0.5515625890625 0.7421873390625 0.5515625890625 0.7421873390625 0.546874821875 0.74375 0.5453122328125 0.74375 0.5359374109374999 0.7421873390625 0.534374821875 0.7421873390625 0.5328122328125 0.7406253234375 0.5312503562499999 0.7390626609375001 0.5312503562499999 0.7359373390624999 0.528125178125 0.7359373390624999 0.5265625890625001 0.7343753234375 0.525 0.73125 0.525 0.7296873390624999 0.5234374109375 0.7281253234375 0.5234374109375 0.7234373390625 0.51875035625 0.7203126609375 0.51875035625 0.7171873390625 0.515625178125 0.7171873390625 0.5140625890625 0.7156246765625001 0.5125 0.7031253234375 0.5125 0.7015626609375001 0.5109374109375 0.6953126609375 0.5109374109375 0.6953126609375 0.5234374109375 0.6968753234375 0.5234374109375 0.7 0.5265625890625001 0.7 0.528125178125
24 0.7125 0.259374821875 0.7140626609375 0.2609374109375 0.7156246765625001 0.2609374109375 0.71875 0.2640625890625 0.71875 0.26562517812499997 0.7203126609375 0.2671877671875 0.7234373390625 0.2671877671875 0.725 0.26875035625 0.7265626609375 0.26875035625 0.7296873390624999 0.271874821875 0.73125 0.271874821875 0.7328126609375001 0.2734374109375 0.7343753234375 0.2734374109375 0.7375 0.2765625890625 0.7375 0.278125178125 0.7390626609375001 0.2796877671875 0.7421873390625 0.2796877671875 0.7468746765625001 0.284374821875 0.7484373390625 0.284374821875 0.75 0.2859374109375 0.7609373390624999 0.2859374109375 0.7625 0.284374821875 0.7625 0.28125035625 0.7640626609375001 0.2796877671875 0.7640626609375001 0.2765625890625 0.7625 0.275 0.7625 0.2734374109375 0.7609373390624999 0.271874821875 0.7609373390624999 0.2703122328125 0.7531253234374999 0.2625 0.7515626609375 0.2625 0.7484373390625 0.259374821875 0.7484373390625 0.2578122328125 0.7468746765625001 0.25625035625 0.74375 0.25625035625 0.7421873390625 0.25468776718749997 0.7406253234375 0.25468776718749997 0.7359373390624999 0.25 0.7343753234375 0.25 0.7281253234375 0.24375035625 0.7078126609375001 0.24375035625 0.7078126609375001 0.25468776718749997 0.7093753234375 0.25468776718749997 0.7125 0.2578122328125 0.7125 0.259374821875
15 0.3234373390625 0.8015625890625 0.32656266093749997 0.8015625890625 0.3281253234375 0.8 0.3328126609375 0.8 0.33437467656250003 0.8015625890625 0.3359373390625 0.8015625890625 0.3375 0.8031251781250001 0.3484373390625 0.8031251781250001 0.3515626609375 0.8 0.35312532343749997 0.8 0.3546873390625 0.7984374109375 0.35781266093749997 0.7984374109375 0.3593753234375 0.796874821875 0.3593753234375 0.74375035625 0.35312532343749997 0.74375035625 0.3515626609375 0.7421877671875 0.3078126609375 0.7421877671875 0.3078126609375 0.7984374109375 0.3125 0.8031251781250001 0.32187532343749997 0.8031251781250001 0.3234373390625 0.8015625890625
7 0.4531253234375 0.8 0.46562532343749996 0.8 0.4671873390625 0.8015625890625 0.4703126609375 0.8015625890625 0.4718753234375 0.8 0.4843753234375 0.8 0.4859373390625 0.8015625890625 0.4984373390625 0.8015625890625 0.5015626609375 0.7984374109375 0.5031253234374999 0.7984374109375 0.5046873390625 0.796874821875 0.5046873390625 0.7453122328124999 0.5031253234374999 0.74375035625 0.49687532343749996 0.74375035625 0.49531266093750004 0.7421877671875 0.45625 0.7421877671875 0.4546873390625 0.74375035625 0.4515626609375 0.74375035625 0.4515626609375 0.7984374109375 0.4531253234375 0.8
24 0.7718753234375 0.284374821875 0.7578126609375 0.284374821875 0.7578126609375 0.371874821875 0.7671873390624999 0.371874821875 0.7718753234375 0.3671877671875 0.7718753234375 0.284374821875
29 0.5523255812500001 0.1863442390625 0.5568475453125 0.1920341390625 0.561369509375 0.1913229015625 0.5671834625 0.1948790890625 0.569121446875 0.20625889062499997 0.5775193796875 0.208392603125 0.58979328125 0.204836415625 0.5923772609375 0.20056899062500003 0.5923772609375 0.1955903265625 0.6033591734375 0.19061166406250002 0.6052971578124999 0.1856330015625 0.6027131781249999 0.17994310156249999 0.591731265625 0.169985775 0.58979328125 0.1571835 0.580103359375 0.1522048359375 0.576873384375 0.1522048359375 0.5684754515625 0.1571835 0.5665374671875 0.1678520625 0.5568475453125 0.1770981515625 0.5523255812500001 0.1863442390625
27 0.5549095609375 0.205547653125 0.5568475453125 0.20412517812500003 0.55620155 0.1941678515625 0.543281653125 0.1920341390625 0.550387596875 0.18918918906249999 0.5510335921875 0.1849217640625 0.558139534375 0.1742532 0.557493540625 0.1529160734375 0.550387596875 0.14793741093749999 0.5497416015625001 0.1472261734375 0.5419896640624999 0.1543385484375 0.5419896640624999 0.1963015640625 0.5478036171875 0.202702703125 0.5549095609375 0.205547653125
1 0.6686046515624999 0.42460881875 0.671834625 0.4381223328125 0.6744186046875 0.4402560453125 0.688630490625 0.44167852031250004 0.71640826875 0.4402560453125 0.725452196875 0.42958748281250003 0.7248062015625 0.41322901874999995 0.7209302328125 0.40896159374999996 0.7099483203125 0.40896159374999996 0.7060723515625 0.41109530625 0.7009043921875 0.39402560468750003 0.687984496875 0.384779515625 0.6834625328125 0.384779515625 0.67118863125 0.39118065468749996 0.6660206718749999 0.3990042671875 0.6640826875 0.41820768125 0.6686046515624999 0.42460881875
1 0.3798449609375 0.700568990625 0.3837209296875 0.714082503125 0.38695090468750004 0.716216215625 0.42118863125 0.7169274531250001 0.4263565890625 0.714793740625 0.4360465109375 0.704836415625 0.43540051718750006 0.6891891890624999 0.43217054218750006 0.6856330015625 0.41602067187499997 0.6849217640624999 0.41279069843749994 0.6706970125 0.3979328171875 0.6586059750000001 0.3959948328125 0.6586059750000001 0.390180878125 0.6607396875 0.3779069765625 0.67140825 0.375322996875 0.6927453765625 0.3798449609375 0.700568990625
9 0.24095607187499998 0.3897581796875 0.2564599484375 0.3904694171875 0.2861757109375 0.3883357046875 0.288759690625 0.379800853125 0.2881136953125 0.33357041249999997 0.2822997421875 0.32930298750000003 0.24289405625 0.32930298750000003 0.240310078125 0.32930298750000003 0.23449612343749998 0.3349928875 0.23385012968750002 0.3634423890625 0.2364341078125 0.3876244671875 0.24095607187499998 0.3897581796875
16 0.3145994828125 0.25248933125 0.352713178125 0.25248933125 0.35852713125 0.25035561875 0.3611111109375 0.24253200625 0.360465115625 0.1955903265625 0.352713178125 0.1913229015625 0.3217054265625 0.1913229015625 0.319121446875 0.1913229015625 0.31007751875 0.1927453765625 0.30620155 0.19914651562500002 0.307493540625 0.24822190625 0.3145994828125 0.25248933125
11 0.669896640625 0.3876244671875 0.6744186046875 0.3883357046875 0.6821705421875001 0.382645803125 0.688630490625 0.382645803125 0.7028423765625 0.3933143671875 0.70865633125 0.38904694218749997 0.7202842375 0.3876244671875 0.7228682171874999 0.374110953125 0.7235142125 0.3378378375 0.721576228125 0.3321479375 0.7138242890625001 0.32859175 0.6860465109375 0.3278805125 0.6818475453125 0.3278805125 0.669896640625 0.330014225 0.6673126609375 0.3371266 0.66795865625 0.384068278125 0.669896640625 0.3876244671875
13 0.52583979375 0.3883357046875 0.5374677 0.39118065468749996 0.576227390625 0.3876244671875 0.578165375 0.380512090625 0.578165375 0.335704125 0.576227390625 0.3321479375 0.5678294578124999 0.32859175 0.5394056843749999 0.32859175 0.5348837203125 0.32859175 0.52583979375 0.3307254625 0.5239018093750001 0.3349928875 0.52260981875 0.373399715625 0.52583979375 0.3883357046875
12 0.596899225 0.5248933140625 0.6014211890625 0.5277382640625 0.609819121875 0.5277382640625 0.6169250640625 0.5213371265625 0.62273901875 0.5206258890625 0.6298449609375 0.5220483640625 0.6337209296874999 0.5284495015624999 0.6472868218750001 0.5270270265625 0.6498708015625 0.5220483640625 0.6505167953125001 0.509957325 0.64922480625 0.4701280234375 0.643410853125 0.466571834375 0.610465115625 0.466571834375 0.606589146875 0.466571834375 0.5981912140625 0.46799430937500003 0.594961240625 0.4729729734375 0.594961240625 0.5135135140625 0.596899225 0.5248933140625
22 0.2265626609375 0 0.2265626609375 0.0671877671875 0.27812532343749996 0.0671877671875 0.2796873390625 0.065625178125 0.2796873390625 0 0.2265626609375 0
18 0.7859373390625 0.6796877671875 0.7343753234375 0.6796877671875 0.7343753234375 0.753125178125 0.7843753234374999 0.753125178125 0.7859373390625 0.7515625890625001 0.7859373390625 0.6796877671875
18 0.8765626609374999 0.403125178125 0.8765626609374999 0.48281223281249996 0.9328126609374999 0.48281223281249996 0.9328126609374999 0.403125178125 0.8765626609374999 0.403125178125
18 0.5156253234375 0 0.5156253234375 0.06875035625 0.5718753234375 0.06875035625 0.5718753234375 0 0.5156253234375 0
20 0.1343746765625 0.54375035625 0.08437532343750001 0.54375035625 0.08437532343750001 0.61875035625 0.1328126609375 0.61875035625 0.1343746765625 0.6171877671875 0.1343746765625 0.54375035625
19 0.56875 0.81875035625 0.51875 0.81875035625 0.51875 0.8968748218749999 0.5671873390625 0.8968748218749999 0.56875 0.8953122328124999 0.56875 0.81875035625
18 0.28125 0.8203122328125 0.2265626609375 0.8203122328125 0.2265626609375 0.9015625890625 0.2796873390625 0.9015625890625 0.28125 0.9 0.28125 0.8203122328125
21 0.73125 0.1234374109375 0.73125 0.209374821875 0.7875 0.209374821875 0.7875 0.1234374109375 0.73125 0.1234374109375
23 0.1411983203125 0.2631578953125 0.07913759687500001 0.2631578953125 0.07913759687500001 0.3447368421875 0.1411983203125 0.3447368421875 0.1411983203125 0.2631578953125